1738824647955 364.53575143252755 0
1738824648006 251.56871972111128 1
1738824648047 161.6689984568236 2
1738824648102 140.44362419246312 3
1738824648179 162.62464272267707 4
1738824648316 165.899118772909 5
1738824648365 128.77839852037823 6
1738824648440 165.3629925823117 7
1738824648496 220.91306324646695 8
1738824648570 79.60101871598883 9
1738824648630 209.86499482619604 10
1738824648683 181.47627101170787 11
1738824648732 168.5067290064216 12
1738824648788 285.37432815356664 13
1738824648834 247.69488924826558 14
1738824648891 156.04832395745032 15
1738824648943 150.65908058300727 16
1738824648994 210.38925320448314 17
1738824649046 180.29801503448965 18
1738824649107 204.89395598719952 19
1738824649149 153.13475261117355 20
1738824649190 142.27078930682947 21
1738824649232 249.4649993294432 22
1738824649273 168.31097934466874 23
1738824649322 172.611211021652 24
1738824649366 199.74551106080554 25
1738824649407 171.73947337239272 26
1738824649450 95.27648650376474 27
1738824649492 147.52198069058474 28
1738824649533 153.9729846128635 29
1738824649579 166.2924211463958 30
1738824649640 167.3016269326259 31
1738824649692 183.90972605829324 32
1738824649746 121.87652031743214 33
1738824649803 198.8375526965704 34
1738824649859 212.53740569162522 35
1738824649907 196.41239132996398 36
1738824649953 110.55152993618555 37
1738824649992 141.4346080285027 38
1738824650032 136.89412128219632 39
1738824650074 170.59581103415263 40
1738824650119 182.262295131248 41
1738824650160 181.35494504318805 42
1738824650200 204.94759546668115 43
1738824650255 165.4767091147175 44
1738824650295 75.79032353192994 45
1738824650335 250.0332842154179 46
1738824650374 127.14435146980924 47
1738824650418 193.63461822674293 48
1738824650458 176.11311316299617 49
1738824650499 187.51545685600428 50
1738824650539 239.74581583765334 51
1738824650580 161.8392401596011 52
1738824650620 171.14390388245118 53
1738824650659 188.08570052771412 54
1738824650699 189.19609470340802 55
1738824650738 192.48625648742916 56
1738824650778 140.80991288513167 57
1738824650819 148.1845619629731 58
1738824650859 89.44029572890736 59
1738824650898 179.43699806088787 60
1738824650938 159.88834277912315 61
1738824650977 221.48889869904662 62
1738824651016 151.96798539072836 63
1738824651057 183.2112893356213 64
1738824651096 160.46628718383576 65
1738824651137 172.36321119099685 66
1738824651176 174.72474787386145 67
1738824651217 176.82161014261456 68
1738824651257 190.9930846913789 69
1738824651297 174.71853281970832 70
1738824651337 127.70301843716051 71
1738824651376 180.3446985900749 72
1738824651420 177.87903541441887 73
1738824651461 176.63537862943292 74
1738824651500 219.30557233003157 75
1738824651539 152.60661574510544 76
1738824651580 200.97371332646242 77
1738824651621 181.69172642342218 78
1738824651661 164.61820410312868 79
1738824651701 164.40719276854855 80
1738824651741 148.05010220455387 81
1738824651781 133.96140753322445 82
1738824651819 192.45592187013713 83
1738824651858 208.02830175088638 84
1738824651896 200.5289507099802 85
1738824651936 176.24589838658085 86
1738824651975 209.30540143265446 87
1738824652014 213.024091867937 88
1738824652052 132.30814998339363 89
1738824652090 206.74067260774976 90
1738824652130 159.2610043070309 91
1738824652169 149.96722357853267 92
1738824652207 128.3684989314162 93
1738824652245 143.14694110527043 94
1738824652284 169.4187755871025 95
1738824652322 206.00131117176147 96
1738824652361 176.72752179393186 97
1738824652399 210.7569663348337 98
1738824652439 243.2184292539189 99
1738824652478 165.61569134298801 100
1738824652518 203.50148229460922 101
1738824652556 150.83711956533813 102
1738824652594 111.61621160892338 103
1738824652634 220.99325918644143 104
1738824652674 190.59106044593506 105
1738824652713 123.99796677868886 106
1738824652752 148.7260733294431 107
1738824652791 186.94330650800592 108
1738824652830 193.87356374312907 109
1738824652870 184.3885384767601 110
1738824652911 176.99891743068056 111
1738824652950 182.1667677593098 112
1738824652990 214.22960037775275 113
1738824653029 97.93830030153732 114
1738824653068 178.37939377045504 115
1738824653106 145.20120653677031 116
1738824653145 192.31753474037004 117
1738824653184 188.10381871238454 118
1738824653224 153.62578516513324 119
1738824653264 416.7708893743483 120
1738824653303 149.78263156886732 121
1738824653342 159.35216653953577 122
1738824653381 213.2139697083923 123
1738824653423 206.28369248236763 124
1738824653463 230.21173826427892 125
1738824653503 181.07454035668786 126
1738824653542 50.0741076088973 127
1738824653582 184.95008959280221 128
1738824653622 165.06544768895583 129
1738824653661 192.85467533255996 130
1738824653701 164.8009962651959 131
1738824653740 189.13146308511918 132
1738824653780 166.11460129061683 133
1738824653820 259.8217936666888 134
1738824653860 184.92180690925125 135
1738824653899 141.08382301838694 136
1738824653939 150.80697345772322 137
1738824653977 137.55305951804064 138
1738824654016 176.27961274248287 139
1738824654057 177.88192164381118 140
1738824654112 118.77186483500853 141
1738824654156 244.94270430014436 142
1738824654194 217.56335858098348 143
1738824654233 174.7880391147234 144
1738824654275 209.04966520649998 145
1738824654315 180.52290450182676 146
1738824654354 147.75780600989376 147
1738824654393 226.83825481109466 148
1738824654436 214.9414229846348 149
1738824654476 146.28466951771418 150
1738824654514 253.03478346989283 151
1738824654553 208.17464434048293 152
1738824654592 188.8758812917799 153
1738824654630 182.25331336430344 154
1738824654671 140.6001990494748 155
1738824654712 177.60818282302785 156
1738824654754 110.22296622607794 157
1738824654794 174.81228512479873 158
1738824654834 313.4625565107908 159
1738824654873 133.2142333526127 160
1738824654913 190.1938221516605 161
1738824654952 165.07609014337928 162
1738824654990 45.60680116141863 163
1738824655028 233.928622056595 164
1738824655065 180.11207121551237 165
1738824655104 123.77397849951512 166
1738824655147 142.96426343674568 167
1738824655189 151.2453836561691 168
1738824655230 135.49259694054194 169
1738824655273 360.54770046123775 170
1738824655315 120.78487920842373 171
1738824655357 51.572589820891835 172
1738824655398 165.79641685900023 173
1738824655444 280.93600515548366 174
1738824655487 182.3804925417508 175
1738824655534 233.18420945063863 176
1738824655575 159.34496698801652 177
1738824655617 166.7311786329433 178
1738824655659 227.8909420184076 179
1738824655707 133.16019782746923 180
1738824655777 150.85579167830787 181
1738824655828 152.46981199694247 182
1738824655875 141.2120504798597 183
1738824655915 168.9430751096912 184
1738824655955 122.4615840924043 185
1738824656002 163.5254815099227 186
1738824656053 159.41290171744635 187
1738824656095 166.93700343184932 188
1738824656134 140.9421968124321 189
1738824656172 193.28107570295435 190
1738824656210 173.3521546969592 191
1738824656250 199.743741709493 192
1738824656301 168.07539692804255 193
1738824656354 284.38980803148604 194
1738824656398 118.47228488032319 195
1738824656455 148.05637966050503 196
1738824656503 187.63090847052297 197
1738824656560 205.3573052664387 198
1738824656626 155.78172370966655 199
1738824656669 125.41387600724127 200
1738824656714 148.26165551996473 201
1738824656755 158.95730218606846 202
1738824656796 194.19889788156559 203
1738824656838 178.2181256542888 204
1738824656878 155.12601450260956 205
1738824656917 187.47574062481849 206
1738824656957 173.0891039317843 207
1738824656995 171.65157696570984 208
1738824657033 189.86173075389092 209
1738824657071 201.64545157934896 210
1738824657109 136.45032545657875 211
1738824657147 114.52541575711524 212
1738824657185 179.3215566868931 213
1738824657222 285.0345129002614 214
1738824657259 252.09824181139103 215
1738824657297 214.91719577893335 216
1738824657338 197.82423151529974 217
1738824657380 180.73157875891158 218
1738824657426 181.0375980147923 219
1738824657466 177.21029697192483 220
1738824657505 158.79233960544988 221
1738824657544 107.16889920955086 222
1738824657584 157.53492191346953 223
1738824657623 166.78835610716217 224
1738824657660 174.5464368915883 225
1738824657699 157.94867993749855 226
1738824657739 115.47244313401838 227
1738824657779 102.8059679798939 228
1738824657816 154.5664774986341 229
1738824657854 113.07673033342597 230
1738824657892 184.24991045323108 231
1738824657930 185.64383967827033 232
1738824657968 187.1902047499618 233
1738824658004 232.99607888921292 234
1738824658042 158.4020145712648 235
1738824658081 203.84939561859957 236
1738824658122 198.0051307110877 237
1738824658161 141.09380869389543 238
1738824658200 135.50292375033146 239
1738824658238 177.27694740470022 240
1738824658276 205.64119963081836 241
1738824658315 135.3538502825269 242
1738824658352 235.19690818058885 243
1738824658390 221.6790490571069 244
1738824658431 158.25576966219418 245
1738824658470 164.93729285748705 246
1738824658508 198.00869393704212 247
1738824658546 207.32447517040072 248
1738824658583 175.26798886668638 249
1738824658621 163.71930113680432 250
1738824658659 216.20091364162292 251
1738824658697 208.316967355144 252
1738824658735 166.1829991739445 253
1738824658773 185.7955160448923 254
1738824658811 58.422364431657236 255
1738824658850 106.1476481226767 256
1738824658889 220.84907894962632 257
1738824658929 170.23063268014712 258
1738824658970 183.97255873067556 259
1738824659010 250.67275338096857 260
1738824659048 187.0949631926554 261
1738824659087 234.48205920189122 262
1738824659124 217.87125296392477 263
1738824659162 157.3828016824468 264
1738824659200 141.7074960880647 265
1738824659237 196.07918647821455 266
1738824659275 247.3333728822293 267
1738824659312 184.96769248905386 268
1738824659350 158.74138245659145 269
1738824659389 285.73328832201554 270
1738824659431 141.46570639483062 271
1738824659470 134.7516852499045 272
1738824659509 159.8191126825521 273
1738824659547 166.30903418692412 274
1738824659584 180.87271387110565 275
1738824659622 99.58596702143926 276
1738824659660 180.77469659514833 277
1738824659697 173.8600103420425 278
1738824659736 330.6826857236954 279
1738824659775 172.16252383433363 280
1738824659813 151.51261234681928 281
1738824659851 166.55365377094378 282
1738824659889 266.4268968158891 283
1738824659927 200.13344949477494 284
1738824659965 153.48584644126532 285
1738824660003 158.44038479353918 286
1738824660041 212.0578655126282 287
1738824660079 123.40599941908725 288
1738824660117 178.88440269248616 289
1738824660155 158.28171618841446 290
1738824660192 156.617402550546 291
1738824660229 193.21158262233598 292
1738824660268 333.4923746583854 293
1738824660306 177.7923847657386 294
1738824660344 178.51011304359233 295
1738824660382 134.9138927256402 296
1738824660419 87.65555924219242 297
1738824660458 166.1874962718719 298
1738824660496 254.04378186757575 299
1738824660534 173.27398578070674 300
1738824660572 67.12242496467498 301
1738824660609 186.48953538629954 302
1738824660647 176.96011012837567 303
1738824660685 172.5641990766479 304
1738824660723 142.07756168412223 305
1738824660761 163.38938141860254 306
1738824660799 335.4291264558076 307
1738824660838 152.34551233781505 308
1738824660875 144.90216476439858 309
1738824660913 133.31123356554988 310
1738824660951 138.38605465903944 311
1738824660989 166.06924952340069 312
1738824661027 163.660153524847 313
1738824661064 171.8479695385925 314
1738824661102 161.11542004034195 315
1738824661140 166.01260761694053 316
1738824661177 190.8511922495147 317
1738824661215 212.57721682611643 318
1738824661253 134.08569317460373 319
1738824661291 163.07595292566478 320
1738824661329 177.77922801963825 321
1738824661366 134.2419944443377 322
1738824661404 177.70725901087854 323
1738824661441 185.04037678581713 324
1738824661479 164.14946906951005 325
1738824661517 273.5764003794765 326
1738824661554 191.37723559764694 327
1738824661593 178.7456944961028 328
1738824661632 144.55448718211272 329
1738824661670 210.45713235452814 330
1738824661707 154.71392795600696 331
1738824661745 171.5294544370721 332
1738824661782 144.85837709739437 333
1738824661820 228.38698492518225 334
1738824661859 256.22155121020506 335
1738824661896 143.32317386319878 336
1738824661934 173.7660774649433 337
1738824661972 119.79175602542612 338
1738824662010 170.67788022164203 339
1738824662047 142.28559435716318 340
1738824662085 99.08153572169991 341
1738824662123 140.1898925445691 342
1738824662161 140.9810704553508 343
1738824662199 130.61263266991836 344
1738824662236 163.38170333966673 345
1738824662274 158.30996887389512 346
1738824662312 155.39717398270207 347
1738824662349 199.5843859148077 348
1738824662387 164.48167185997582 349
1738824662424 143.95185752708022 350
1738824662462 202.55598183775595 351
1738824662499 126.34379966589401 352
1738824662536 187.22755936133083 353
1738824662574 214.19251742720687 354
1738824662612 171.47019464858187 355
1738824662650 224.378347717344 356
1738824662687 114.04430093138419 357
1738824662725 195.62354912732397 358
1738824662763 179.30680287571076 359
1738824662801 169.6354106313456 360
1738824662840 193.01156227143247 361
1738824662878 183.7937879678291 362
1738824662916 152.9144547956009 363
1738824662954 187.72504443700896 364
1738824662992 168.93925340862097 365
1738824663029 194.2481765147528 366
1738824663066 156.22812325762283 367
1738824663103 173.71719620586617 368
1738824663141 135.71481441607128 369
1738824663178 275.7465057407183 370
1738824663215 160.44671336885168 371
1738824663253 237.6492416302445 372
1738824663292 149.6235599735517 373
1738824663331 81.07751590420888 374
1738824663369 185.15415266702854 375
1738824663407 154.11127167509315 376
1738824663445 190.68056921689248 377
1738824663483 160.1681454318137 378
1738824663521 108.68177214226243 379
1738824663559 186.72953831817537 380
1738824663596 191.43183642561 381
1738824663635 170.97714827119364 382
1738824663673 215.74446776048728 383
1738824663710 178.85447316212228 384
1738824663748 181.20212732612907 385
1738824663785 172.15965064008194 386
1738824663824 136.18221434045648 387
1738824663862 135.38761328827803 388
1738824663899 177.31881607919897 389
1738824663937 170.86395737350992 390
1738824663975 224.10709209494996 391
1738824664013 157.35692833040628 392
1738824664051 136.948927351303 393
1738824664088 166.37232978946798 394
1738824664125 165.45129663946014 395
1738824664162 180.6765974593311 396
1738824664199 128.56856773313845 397
1738824664236 188.653513209734 398
1738824664273 165.84155849971935 399
1738824664311 74.22065433257302 400
1738824664349 159.86554045546973 401
1738824664387 40.498977284004624 402
1738824664424 109.64886055710961 403
1738824664462 201.85939468187826 404
1738824664500 165.5840531310072 405
1738824664538 125.6703538130007 406
1738824664575 108.98427843122967 407
1738824664613 57.16900778825917 408
1738824664651 140.95691181656554 409
1738824664689 172.4389435011733 410
1738824664726 175.09924728766083 411
1738824664764 192.16957560770044 412
1738824664803 79.07517815098451 413
1738824664841 175.21176334663116 414
1738824664879 144.19733008838173 415
1738824664916 153.59219821536624 416
1738824664953 147.22268111239612 417
1738824664991 178.12191700602105 418
1738824665029 212.18316087118626 419
1738824665067 132.65957835160373 420
1738824665104 153.11477718083185 421
1738824665142 73.80880610178131 422
1738824665182 85.662740604408 423
1738824665220 171.87198680891146 424
1738824665259 184.05871074909874 425
1738824665297 177.57576520184887 426
1738824665335 147.39589848578078 427
1738824665373 169.94597453235863 428
1738824665410 172.88586824107733 429
1738824665448 234.62768763254755 430
1738824665485 153.6576598237069 431
1738824665523 151.1887005315514 432
1738824665560 170.6391687362002 433
1738824665597 230.4445292055788 434
1738824665635 154.20939870865232 435
1738824665673 149.1605226305909 436
1738824665710 167.52421874081068 437
1738824665748 193.56754797505903 438
1738824665786 142.55811125365395 439
1738824665824 191.9135642970245 440
1738824665892 202.43770166856788 441
1738824665932 167.01522574793756 442
1738824665973 166.30348179803445 443
1738824666012 155.29198100858534 444
1738824666053 159.9637375860609 445
1738824666094 225.21022119376204 446
1738824666133 82.31017381955874 447
1738824666171 170.92196275419946 448
1738824666208 109.48556833993227 449
1738824666246 180.27686364792416 450
1738824666287 150.44693005049126 451
1738824666326 171.39777847475185 452
1738824666365 138.78131620869183 453
1738824666403 232.72489751071765 454
1738824666440 144.135037738144 455
1738824666477 196.41612497465883 456
1738824666515 246.0864558098948 457
1738824666552 204.7306827615313 458
1738824666589 164.53958541062266 459
1738824666627 187.1802516204699 460
1738824666663 271.2923709224011 461
1738824666701 143.70358958718714 462
1738824666740 158.7067470620383 463
1738824666778 190.14262181063955 464
1738824666815 125.39495619565751 465
1738824666852 173.27533203997174 466
1738824666889 216.59552208979767 467
1738824666926 153.1676505608702 468
1738824666963 161.20172598483853 469
1738824667001 181.55520113950425 470
1738824667037 183.09899142377012 471
1738824667075 124.66959274112183 472
1738824667112 117.24715754787785 473
1738824667149 140.17832381840287 474
1738824667186 93.84343175729795 475
1738824667223 185.1859637318838 476
1738824667260 203.89210396519115 477
1738824667297 164.96238137405774 478
1738824667334 173.56768706974793 479
1738824667372 105.52476217645929 480
1738824667412 319.6877798170896 481
1738824667450 172.32809303857928 482
1738824667488 147.12856207703203 483
1738824667526 146.62743167747539 484
1738824667563 191.2182488727591 485
1738824667601 122.52753873124752 486
1738824667640 74.9808238806228 487
1738824667683 164.98459122490982 488
1738824667720 182.55631656345923 489
1738824667759 142.77743582379836 490
1738824667796 170.93266422027995 491
1738824667834 182.1002561151717 492
1738824667870 144.6840082502775 493
1738824667908 143.23155807440142 494
1738824667945 288.9463383278286 495
1738824667982 169.18603354994156 496
1738824668019 155.54063122828092 497
1738824668056 98.42470987497714 498
1738824668093 141.37506268937187 499
