1738823296626 169.46928671508385 0
1738823296646 169.4510091974909 1
1738823296670 169.416293440799 2
1738823296698 169.36680426215278 3
1738823296719 169.30404764970902 4
1738823296739 169.22938517086126 5
1738823296762 169.14404721537508 6
1738823296779 169.04914513841973 7
1738823296797 168.94568237160865 8
1738823296818 168.83456457118115 9
1738823296835 168.71660887190916 10
1738823296853 168.59255231363096 11
1738823296876 168.46305950483324 12
1738823296894 168.3287295846829 13
1738823296919 168.19010254155285 14
1738823296941 168.04766494254523 15
1738823296961 167.90185512490393 16
1738823296985 167.75306789661755 17
1738823297004 167.60165878999766 18
1738823297031 167.44794790863145 19
1738823297059 167.29222340486865 20
1738823297080 167.13474462194444 21
1738823297105 166.9757449319588 22
1738823297126 166.81543429824512 23
1738823297146 166.6540015881589 24
1738823297169 166.49161665999927 25
1738823297203 166.32843224563865 26
1738823297223 166.1645856484671 27
1738823297244 166.00020027445007 28
1738823297268 165.8353870124449 29
1738823297286 165.6702454784072 30
1738823297304 165.50486513673894 31
1738823297326 165.33932631077107 32
1738823297344 165.17370109322954 33
1738823297365 165.00805416649328 34
1738823297393 164.84244354150704 35
1738823297409 164.67692122335646 36
1738823297426 164.51153381073442 37
1738823297443 164.34632303582586 38
1738823297458 164.18132625049955 39
1738823297479 164.0165768641207 40
1738823297500 163.8521047377773 41
1738823297523 163.6879365392408 42
1738823297551 163.52409606255856 43
1738823297568 163.36060451579002 44
1738823297588 163.19748078005264 45
1738823297604 163.03474164273013 46
1738823297656 162.87240200741377 47
1738823297673 162.71047508289334 48
1738823297699 162.54897255328257 49
1738823297730 162.3879047311608 50
1738823297771 162.2272806954213 51
1738823297788 162.0671084153522 52
1738823297809 161.90739486232314 53
1738823297827 161.74814611031263 54
1738823297844 161.58936742639148 55
1738823297863 161.4310633521625 56
1738823297884 161.27323777706164 57
1738823297902 161.11589400433053 58
1738823297921 160.9590348103942 59
1738823297938 160.8026624983017 60
1738823297959 160.6467789458225 61
1738823297984 160.49138564873306 62
1738823298001 160.3364837597735 63
1738823298018 160.18207412370742 64
1738823298035 160.02815730887409 65
1738823298053 159.87473363558354 66
1738823298069 159.72180320166981 67
1738823298084 159.56936590548705 68
1738823298106 159.4174214666032 69
1738823298127 159.26596944442218 70
1738823298151 159.11500925494096 71
1738823298185 158.96454018582867 72
1738823298200 158.81456140999478 73
1738823298219 158.66507199779795 74
1738823298238 158.5160709280313 75
1738823298254 158.36755709780616 76
1738823298268 158.21952933144493 77
1738823298284 158.0719863884818 78
1738823298301 157.92492697086035 79
1738823298318 157.77834972940911 80
1738823298333 157.63225326966628 81
1738823298353 157.4866361571193 82
1738823298371 157.34149692191812 83
1738823298392 157.19683406311353 84
1738823298410 157.05264605246978 85
1738823298435 156.9089313378924 86
1738823298461 156.76568834651104 87
1738823298481 156.62291548745085 88
1738823298501 156.48061115432438 89
1738823298519 156.33877372747125 90
1738823298543 156.19740157597107 91
1738823298559 156.05649305945278 92
1738823298592 155.91604652971986 93
1738823298607 155.77606033221068 94
1738823298622 155.6365328073099 95
1738823298639 155.49746229152606 96
1738823298656 155.3588471185491 97
1738823298673 155.22068562019885 98
1738823298693 155.08297612727657 99
1738823298707 154.94571697032853 100
1738823298724 154.80890648033034 101
1738823298745 154.67254298930075 102
1738823298770 154.53662483085105 103
1738823298789 154.401150340677 104
1738823298813 154.2661178569993 105
1738823298840 154.13152572095683 106
1738823298857 153.99737227695866 107
1738823298877 153.86365587299787 108
1738823298900 153.73037486093165 109
1738823298923 153.59752759673069 110
1738823298947 153.4651124407013 111
1738823298971 153.33312775768272 112
1738823298985 153.20157191722214 113
1738823299005 153.07044329372968 114
1738823299020 152.93974026661573 115
1738823299039 152.80946122041158 116
1738823299053 152.67960454487587 117
1738823299070 152.55016863508794 118
1738823299085 152.42115189152918 119
1738823299108 152.29255272015385 120
1738823299129 152.16436953245085 121
1738823299151 152.03660074549606 122
1738823299171 151.90924478199793 123
1738823299193 151.7823000703353 124
1738823299214 151.65576504458983 125
1738823299236 151.52963814457206 126
1738823299251 151.4039178158432 127
1738823299266 151.2786025097317 128
1738823299282 151.15369068334655 129
1738823299296 151.02918079958607 130
1738823299312 150.90507132714438 131
1738823299326 150.78136074051415 132
1738823299340 150.65804751998718 133
1738823299359 150.53513015165248 134
1738823299384 150.4126071273924 135
1738823299405 150.2904769448766 136
1738823299430 150.1687381075546 137
1738823299453 150.04738912464651 138
1738823299468 149.9264285111329 139
1738823299485 149.80585478774296 140
1738823299501 149.68566648094188 141
1738823299518 149.56586212291714 142
1738823299535 149.44644025156396 143
1738823299547 149.32739941047012 144
1738823299560 149.20873814889998 145
1738823299572 149.0904550217778 146
1738823299587 148.97254858967082 147
1738823299602 148.8550174187716 148
1738823299622 148.73786008088004 149
1738823299644 148.62107515338522 150
1738823299664 148.50466121924643 151
1738823299689 148.38861686697453 152
1738823299708 148.27294069061264 153
1738823299727 148.15763128971682 154
1738823299754 148.04268726933645 155
1738823299777 147.92810723999455 156
1738823299797 147.81388981766796 157
1738823299815 147.70003362376733 158
1738823299839 147.58653728511703 159
1738823299855 147.47339943393533 160
1738823299869 147.36061870781384 161
1738823299885 147.24819374969744 162
1738823299903 147.1361232078642 163
1738823299918 147.02440573590493 164
1738823299935 146.91303999270295 165
1738823299949 146.8020246424139 166
1738823299964 146.69135835444533 167
1738823299985 146.5810398034366 168
1738823300004 146.4710676692385 169
1738823300026 146.36144063689326 170
1738823300048 146.2521573966142 171
1738823300069 146.14321664376567 172
1738823300088 146.03461707884298 173
1738823300105 145.9263574074523 174
1738823300120 145.81843634029076 175
1738823300135 145.71085259312642 176
1738823300153 145.60360488677844 177
1738823300169 145.49669194709722 178
1738823300184 145.3901125049446 179
1738823300201 145.28386529617416 180
1738823300218 145.17794906161166 181
1738823300246 145.07236254703537 182
1738823300267 144.96710450315646 183
1738823300290 144.8621736855998 184
1738823300327 144.7575688548842 185
1738823300347 144.6532887764035 186
1738823300364 144.54933222040694 187
1738823300378 144.44569796198022 188
1738823300393 144.34238478102623 189
1738823300426 144.23939146224615 190
1738823300447 144.13671679512035 191
1738823300473 144.0343595738895 192
1738823300486 143.93231859753575 193
1738823300501 143.830592669764 194
1738823300520 143.72918059898316 195
1738823300536 143.62808119828745 196
1738823300553 143.52729328543802 197
1738823300569 143.4268156828443 198
1738823300584 143.32664721754568 199
1738823300603 143.2267867211932 200
1738823300621 143.12723303003108 201
1738823300644 143.0279849848788 202
1738823300661 142.92904143111272 203
1738823300676 142.8304012186482 204
1738823300694 142.73206320192153 205
1738823300713 142.634026239872 206
1738823300730 142.5362891959241 207
1738823300750 142.43885093796965 208
1738823300765 142.34171033835023 209
1738823300786 142.24486627383942 210
1738823300803 142.14831762562534 211
1738823300823 142.05206327929295 212
1738823300843 141.95610212480688 213
1738823300869 141.8604330564939 214
1738823300893 141.76505497302566 215
1738823300919 141.6699667774014 216
1738823300943 141.57516737693103 217
1738823300969 141.48065568321775 218
1738823300996 141.3864306121411 219
1738823301020 141.29249108384022 220
1738823301047 141.1988360226966 221
1738823301075 141.10546435731763 222
1738823301101 141.0123750205195 223
1738823301120 140.91956694931082 224
1738823301145 140.8270390848758 225
1738823301168 140.73479037255774 226
1738823301204 140.6428197618426 227
1738823301222 140.55112620634245 228
1738823301246 140.45970866377925 229
1738823301269 140.3685660959685 230
1738823301294 140.27769746880296 231
1738823301318 140.1871017522365 232
1738823301343 140.0967779202681 233
1738823301359 140.0067249509257 234
1738823301373 139.91694182625025 235
1738823301388 139.82742753227984 236
1738823301403 139.7381810590338 237
1738823301419 139.64920140049693 238
1738823301435 139.56048755460384 239
1738823301451 139.47203852322318 240
1738823301468 139.3838533121421 241
1738823301487 139.29593093105078 242
1738823301518 139.20827039352685 243
1738823301536 139.12087071701995 244
1738823301553 139.03373092283667 245
1738823301573 138.94685003612472 246
1738823301597 138.86022708585827 247
1738823301622 138.7738611048225 248
1738823301643 138.68775112959835 249
1738823301663 138.60189620054788 250
1738823301687 138.51629536179885 251
1738823301709 138.43094766123016 252
1738823301735 138.34585215045666 253
1738823301753 138.26100788481457 254
1738823301770 138.17641392334662 255
1738823301793 138.09206932878735 256
1738823301809 138.00797316754858 257
1738823301830 137.92412450970468 258
1738823301853 137.84052242897823 259
1738823301873 137.7571660027254 260
1738823301886 137.67405431192157 261
1738823301901 137.59118644114707 262
1738823301917 137.50856147857286 263
1738823301935 137.42617851594622 264
1738823301952 137.3440366485767 265
1738823301969 137.2621349753219 266
1738823301996 137.1804725985734 267
1738823302018 137.0990486242429 268
1738823302038 137.01786216174804 269
1738823302061 136.93691232399868 270
1738823302088 136.85619822738306 271
1738823302113 136.7757189917538 272
1738823302130 136.69547374041449 273
1738823302153 136.61546160010576 274
1738823302173 136.53568170099177 275
1738823302203 136.45613317664657 276
1738823302221 136.37681516404072 277
1738823302235 136.2977268035277 278
1738823302248 136.21886723883046 279
1738823302264 136.14023561702828 280
1738823302279 136.0618310885433 281
1738823302293 135.98365280712724 282
1738823302307 135.90569992984837 283
1738823302323 135.8279716170782 284
1738823302339 135.7504670324785 285
1738823302363 135.6731853429882 286
1738823302385 135.59612571881047 287
1738823302407 135.51928733339963 288
1738823302424 135.4426693634485 289
1738823302455 135.36627098887536 290
1738823302476 135.2900913928113 291
1738823302494 135.21412976158737 292
1738823302518 135.13838528472206 293
1738823302538 135.06285715490853 294
1738823302564 134.98754456800205 295
1738823302584 134.91244672300752 296
1738823302601 134.83756282206699 297
1738823302619 134.7628920704472 298
1738823302635 134.68843367652715 299
1738823302651 134.61418685178592 300
1738823302664 134.5401508107902 301
1738823302679 134.4663247711822 302
1738823302695 134.39270795366738 303
1738823302715 134.3192995820024 304
1738823302731 134.24609888298286 305
1738823302747 134.17310508643152 306
1738823302762 134.10031742518603 307
1738823302779 134.0277351350872 308
1738823302796 133.95535745496696 309
1738823302811 133.8831836266366 310
1738823302827 133.81121289487493 311
1738823302842 133.73944450741652 312
1738823302868 133.66787771493998 313
1738823302889 133.5965117710563 314
1738823302910 133.52534593229734 315
1738823302929 133.45437945810406 316
1738823302948 133.3836116108151 317
1738823302975 133.31304165565538 318
1738823302989 133.2426688607245 319
1738823303005 133.1724924969855 320
1738823303021 133.10251183825343 321
1738823303044 133.03272616118403 322
1738823303064 132.96313474526264 323
1738823303080 132.89373687279272 324
1738823303112 132.82453182888497 325
1738823303135 132.75551890144607 326
1738823303152 132.68669738116748 327
1738823303169 132.61806656151472 328
1738823303193 132.54962573871614 329
1738823303211 132.48137421175204 330
1738823303226 132.41331128234373 331
1738823303246 132.3454362549428 332
1738823303269 132.27774843672015 333
1738823303285 132.21024713755534 334
1738823303306 132.1429316700258 335
1738823303322 132.0758013493962 336
1738823303338 132.0088554936076 337
1738823303364 131.94209342326724 338
1738823303385 131.87551446163764 339
1738823303406 131.8091179346262 340
1738823303428 131.74290317077467 341
1738823303445 131.67686950124894 342
1738823303469 131.61101625982832 343
1738823303485 131.54534278289543 344
1738823303514 131.47984840942573 345
1738823303537 131.41453248097744 346
1738823303558 131.34939434168112 347
1738823303577 131.2844333382296 348
1738823303597 131.21964881986779 349
1738823303612 131.15504013838262 350
1738823303627 131.0906066480928 351
1738823303646 131.02634770583916 352
1738823303664 130.9622626709742 353
1738823303681 130.89835090535257 354
1738823303697 130.8346117733208 355
1738823303712 130.77104464170776 356
1738823303730 130.70764887981457 357
1738823303747 130.64442385940495 358
1738823303775 130.58136895469545 359
1738823303796 130.51848354234565 360
1738823303823 130.4557670014487 361
1738823303840 130.39321871352138 362
1738823303869 130.33083806249476 363
1738823303888 130.26862443470455 364
1738823303903 130.2065772188816 365
1738823303925 130.14469580614224 366
1738823303944 130.08297958997923 367
1738823303963 130.02142796625193 368
1738823303985 129.9600403331772 369
1738823304008 129.89881609131996 370
1738823304036 129.83775464358385 371
1738823304053 129.77685539520215 372
1738823304078 129.7161177537284 373
1738823304097 129.6555411290272 374
1738823304113 129.5951249332652 375
1738823304128 129.53486858090187 376
1738823304147 129.47477148868043 377
1738823304163 129.4148330756189 378
1738823304178 129.355052763001 379
1738823304195 129.2954299743672 380
1738823304212 129.23596413550584 381
1738823304230 129.17665467444417 382
1738823304250 129.11750102143955 383
1738823304275 129.05850260897054 384
1738823304295 128.99965887172817 385
1738823304314 128.94096924660712 386
1738823304336 128.88243317269723 387
1738823304348 128.82405009127433 388
1738823304369 128.76581944579215 389
1738823304384 128.7077406818733 390
1738823304401 128.64981324730087 391
1738823304415 128.59203659200978 392
1738823304430 128.53441016807832 393
1738823304445 128.47693342971974 394
1738823304461 128.41960583327366 395
1738823304476 128.3624268371977 396
1738823304493 128.30539590205913 397
1738823304518 128.24851249052654 398
1738823304545 128.19177606736147 399
1738823304568 128.1351860994101 400
1738823304595 128.07874205559514 401
1738823304614 128.02244340690743 402
1738823304638 127.96628962639797 403
1738823304660 127.91028018916946 404
1738823304677 127.85441457236854 405
1738823304703 127.79869225517743 406
1738823304723 127.743112718806 407
1738823304740 127.68767544648378 408
1738823304755 127.6323799234518 409
1738823304773 127.57722563695485 410
1738823304790 127.52221207623334 411
1738823304806 127.46733873251561 412
1738823304821 127.4126050990099 413
1738823304835 127.35801067089658 414
1738823304851 127.30355494532034 415
1738823304868 127.24923742138246 416
1738823304881 127.19505760013305 417
1738823304896 127.14101498456324 418
1738823304912 127.08710907959767 419
1738823304932 127.03333939208672 420
1738823304948 126.97970543079892 421
1738823304962 126.92620670641337 422
1738823304986 126.87284273151222 423
1738823305013 126.81961302057307 424
1738823305044 126.76651708996148 425
1738823305069 126.71355445792358 426
1738823305093 126.66072464457858 427
1738823305109 126.6080271719113 428
1738823305126 126.5554615637649 429
1738823305147 126.50302734583347 430
1738823305176 126.45072404565471 431
1738823305197 126.39855119260265 432
1738823305220 126.3465083178804 433
1738823305239 126.29459495451286 434
1738823305263 126.24281063733957 435
1738823305284 126.19115490300757 436
1738823305301 126.13962728996408 437
1738823305322 126.08822733844963 438
1738823305342 126.03695459049074 439
1738823305363 125.98580858989298 440
1738823305385 125.93478888223393 441
1738823305410 125.88389501485614 442
1738823305430 125.83312653686014 443
1738823305455 125.78248299909752 444
1738823305473 125.73196395416399 445
1738823305490 125.68156895639251 446
1738823305507 125.63129756184634 447
1738823305521 125.5811493283123 448
1738823305537 125.5311238152939 449
1738823305553 125.48122058400457 450
1738823305568 125.4314391973609 451
1738823305584 125.3817792199758 452
1738823305601 125.33224021815202 453
1738823305615 125.28282175987529 454
1738823305630 125.23352341480765 455
1738823305648 125.18434475428099 456
1738823305667 125.13528535129026 457
1738823305685 125.08634478048704 458
1738823305708 125.03752261817284 459
1738823305727 124.98881844229281 460
1738823305746 124.94023183242895 461
1738823305767 124.89176236979387 462
1738823305790 124.84340963722421 463
1738823305806 124.79517321917434 464
1738823305826 124.74705270170985 465
1738823305846 124.69904767250122 466
1738823305868 124.65115772081751 467
1738823305893 124.60338243751998 468
1738823305912 124.55572141505588 469
1738823305934 124.50817424745209 470
1738823305952 124.46074053030888 471
1738823305975 124.41341986079385 472
1738823305994 124.36621183763546 473
1738823306013 124.31911606111717 474
1738823306035 124.27213213307103 475
1738823306053 124.2252596568717 476
1738823306076 124.17849823743029 477
1738823306097 124.13184748118842 478
1738823306113 124.08530699611191 479
1738823306136 124.03887639168506 480
1738823306155 123.99255527890446 481
1738823306175 123.94634327027302 482
1738823306195 123.90023997979411 483
1738823306213 123.85424502296553 484
1738823306229 123.8083580167737 485
1738823306246 123.7625785796877 486
1738823306262 123.7169063316534 487
1738823306278 123.67134089408779 488
1738823306294 123.6258818898729 489
1738823306309 123.58052894335023 490
1738823306324 123.53528168031492 491
1738823306338 123.49013972800998 492
1738823306356 123.4451027151205 493
1738823306377 123.40017027176816 494
1738823306395 123.35534202950538 495
1738823306413 123.31061762130969 496
1738823306438 123.26599668157816 497
1738823306462 123.22147884612177 498
1738823306479 123.17706375215977 499
