1738680176766 181.88603858403454 0
1738680176801 184.87060347407433 1
1738680176835 156.68039618119056 2
1738680176872 190.16956987874775 3
1738680176906 161.97752124092625 4
1738680176941 182.45467420897978 5
1738680176992 183.87866484242446 6
1738680177029 165.89507368803322 7
1738680177068 181.8308927496944 8
1738680177106 123.01392339761782 9
1738680177141 147.01080831942866 10
1738680177175 164.59646537325827 11
1738680177208 138.42714679966411 12
1738680177242 169.7819187953639 13
1738680177275 145.8879565426675 14
1738680177308 177.86724784296536 15
1738680177341 173.19226606545945 16
1738680177374 186.58687606497398 17
1738680177407 195.00877995658473 18
1738680177441 155.92250146781814 19
1738680177476 183.70038530596355 20
1738680177509 180.23145658346485 21
1738680177543 184.13463698628033 22
1738680177576 184.91702140551624 23
1738680177609 173.0101819168136 24
1738680177643 194.67803094905955 25
1738680177676 175.71560690520653 26
1738680177709 177.31949120012675 27
1738680177742 181.42226108906294 28
1738680177776 189.19602538550927 29
1738680177809 190.62142588929515 30
1738680177842 147.5561485951295 31
1738680177875 176.49373567971122 32
1738680177908 142.0018426804687 33
1738680177941 173.99203818960584 34
1738680177974 167.25246221298912 35
1738680178007 179.07191411281323 36
1738680178042 229.21790810839735 37
1738680178075 177.12606499169243 38
1738680178108 156.09354501797972 39
1738680178141 145.466699453757 40
1738680178175 178.07561797982933 41
1738680178208 192.21267501080615 42
1738680178242 197.05345476360358 43
1738680178274 187.88202967302368 44
1738680178307 187.50989201622983 45
1738680178340 156.7316946677281 46
1738680178373 174.7979985140379 47
1738680178406 163.60702098609306 48
1738680178440 185.00669335846283 49
1738680178473 167.62710812624607 50
1738680178507 185.51379614421555 51
1738680178540 172.04344051854324 52
1738680178573 144.28748763759083 53
1738680178606 180.5000514179158 54
1738680178639 145.56659635108292 55
1738680178672 302.9736825098633 56
1738680178705 172.7824653102425 57
1738680178738 180.7689004319557 58
1738680178771 188.4243835214549 59
1738680178804 178.63411229657325 60
1738680178837 163.41191991856837 61
1738680178871 199.6150077331697 62
