1738825937063 171.6872131471125 0
1738825937104 181.31695503776726 1
1738825937145 134.09115743886736 2
1738825937185 146.24310406892963 3
1738825937225 144.49298744180413 4
1738825937268 205.9629659809603 5
1738825937309 192.9128753344051 6
1738825937352 194.49271402180057 7
1738825937393 184.07881258679078 8
1738825937434 208.7494322472184 9
1738825937475 180.0931651393813 10
1738825937515 215.43644593202956 11
1738825937556 192.79454211139281 12
1738825937595 106.65783779625545 13
1738825937636 267.75331638961455 14
1738825937676 64.12994455726783 15
1738825937716 231.1680235645176 16
1738825937756 206.27447760194212 17
1738825937796 80.44848223561122 18
1738825937836 212.33179241206201 19
1738825937876 183.68011460091245 20
1738825937916 168.04799087621174 21
1738825937956 209.7200629322979 22
1738825937996 222.30072827113855 23
1738825938037 213.0421999125207 24
1738825938079 159.97639989893548 25
1738825938118 164.9934325534104 26
1738825938159 228.74791917830416 27
1738825938199 165.57724933049533 28
1738825938241 204.24545395095606 29
1738825938282 188.63903695302432 30
1738825938321 103.55751920481524 31
1738825938362 119.04072029266958 32
1738825938402 171.81687101887655 33
1738825938441 169.86217644730417 34
1738825938481 164.78493192574862 35
1738825938521 201.41914879010895 36
1738825938561 179.38628437169015 37
1738825938600 176.962564125391 38
1738825938641 173.06514688886705 39
1738825938681 146.8449589650799 40
1738825938721 193.19290350717506 41
1738825938761 239.68411576383772 42
1738825938803 185.60564062494223 43
1738825938843 108.86349365950657 44
1738825938883 161.05369559581402 45
1738825938923 192.95837085208848 46
1738825938963 158.4983209592485 47
1738825939003 166.421426932837 48
1738825939042 168.14841566209782 49
1738825939083 155.4773267593324 50
1738825939123 160.7126191450632 51
1738825939163 206.6310869508025 52
1738825939204 132.30236188076964 53
1738825939245 194.27648431838634 54
1738825939284 153.06068706943668 55
1738825939325 167.14072047134468 56
1738825939365 165.08280075476307 57
1738825939405 91.94959750847156 58
1738825939446 157.35079657950533 59
1738825939487 150.18965526526307 60
1738825939528 176.76512214804848 61
1738825939568 153.91617024958006 62
1738825939608 193.0004849844612 63
1738825939648 89.34785163069884 64
1738825939687 154.84132759645485 65
1738825939727 236.87043332170745 66
1738825939768 196.60987587757722 67
1738825939809 108.04673368871357 68
1738825939849 207.2847338239676 69
1738825939890 200.53150969625162 70
1738825939931 135.69606758003948 71
1738825939974 185.20401415002473 72
1738825940014 175.31430268019048 73
1738825940055 163.32301862572578 74
1738825940095 78.93684421122296 75
1738825940135 133.9592592361122 76
1738825940174 214.8329506997093 77
1738825940215 230.16965862006901 78
1738825940254 174.9579467786132 79
1738825940294 174.8401361897054 80
1738825940334 174.14424833226178 81
1738825940373 70.28456050027116 82
1738825940413 90.34958311826522 83
1738825940453 207.2715473677896 84
1738825940493 172.2591582952116 85
1738825940541 221.10887573790376 86
1738825940586 330.4684976693947 87
1738825940629 180.04255636637365 88
1738825940673 194.99909297816976 89
1738825940716 167.86148152763263 90
1738825940760 393.8939468087887 91
1738825940803 173.67489925211862 92
1738825940846 215.86718506900456 93
1738825940890 162.7247320496327 94
1738825940934 184.91871128290626 95
1738825940977 129.28564067370758 96
1738825941020 166.87121894899022 97
1738825941063 261.18326757395084 98
1738825941106 268.2263910512875 99
1738825941149 181.0565364173884 100
1738825941192 162.93715540289043 101
1738825941235 178.96196568288573 102
1738825941278 182.80305664861214 103
1738825941321 183.82936435150904 104
1738825941366 137.28311666267672 105
1738825941411 181.38880997351777 106
1738825941456 176.29984420013113 107
1738825941500 126.05983752830836 108
1738825941544 190.34772245248172 109
1738825941587 186.76553807275877 110
1738825941631 200.75852950671296 111
1738825941675 176.6849306378052 112
1738825941719 178.54470232381317 113
1738825941762 163.0087203242811 114
1738825941808 184.46065745992553 115
1738825941854 170.53863466657344 116
1738825941909 171.8189573079213 117
1738825941992 107.21847221702691 118
1738825942036 208.78134388177529 119
1738825942081 142.83457556878597 120
1738825942131 111.07425364938234 121
1738825942179 155.53744933688338 122
1738825942226 244.74476305045562 123
1738825942267 210.49309009876725 124
1738825942307 128.81352698375557 125
1738825942348 249.55941689698355 126
1738825942389 187.64692526502836 127
1738825942430 138.26565607464468 128
1738825942469 159.60923011961054 129
1738825942510 146.7763208501438 130
1738825942553 166.91232165313318 131
1738825942594 173.346160142821 132
1738825942637 241.17642627011543 133
1738825942681 146.85517217522187 134
1738825942724 158.4722918423673 135
1738825942768 160.9046586392266 136
1738825942810 168.01547635657556 137
1738825942853 147.4889853676538 138
1738825942896 166.3631543779146 139
1738825942937 134.83243620179772 140
1738825942977 157.19200715688305 141
1738825943017 197.70059413433475 142
1738825943058 174.89274440218986 143
1738825943098 161.34723904597402 144
1738825943137 180.47474268826807 145
1738825943177 214.36811211937408 146
1738825943217 169.88545686563242 147
1738825943257 209.42852989828955 148
1738825943298 141.4370793071919 149
1738825943338 189.91296280157178 150
1738825943378 175.32455611342178 151
1738825943418 149.6140446369982 152
1738825943459 82.07584606069896 153
1738825943498 89.29718148590338 154
1738825943538 114.80182002012677 155
1738825943578 77.23312532346426 156
1738825943617 180.08293162620254 157
1738825943657 185.59856122354614 158
1738825943699 157.05697048275454 159
1738825943741 129.98717432223742 160
1738825943782 145.00289653172314 161
1738825943822 221.3549537500494 162
1738825943863 175.52645877901926 163
1738825943903 269.9581766633903 164
1738825943943 256.0644041406316 165
1738825943983 263.6249293850358 166
1738825944024 208.68795726087183 167
1738825944065 157.91890951110602 168
1738825944106 188.35487994609213 169
1738825944146 200.55160111316096 170
1738825944186 183.29156642422754 171
1738825944226 174.17098770642266 172
1738825944266 189.55646505678135 173
1738825944306 225.3670942555304 174
1738825944346 123.48011871401663 175
1738825944386 162.70827764414972 176
1738825944425 147.36560653939222 177
1738825944466 165.33938638831953 178
1738825944505 174.63472966830568 179
1738825944551 199.20365500473596 180
1738825944592 203.0406852890718 181
1738825944632 437.2721864927863 182
1738825944672 126.35408039038887 183
1738825944712 102.71469638479377 184
1738825944752 110.8483258582458 185
1738825944792 137.8499862637413 186
1738825944832 149.2349451234583 187
1738825944872 140.75569130501506 188
1738825944912 347.99244690835076 189
1738825944952 185.86539612884803 190
1738825944992 179.49717205847847 191
1738825945032 195.02373969985936 192
1738825945071 163.5935856260863 193
1738825945111 187.0897330319703 194
1738825945151 161.43074736103603 195
1738825945191 150.24787655018866 196
1738825945231 152.37777424930906 197
1738825945271 127.70979836499185 198
1738825945311 142.08011156137414 199
1738825945350 193.25164416738494 200
1738825945391 143.04872333899075 201
1738825945433 178.99614814854058 202
1738825945474 189.06301482895316 203
1738825945514 111.41366383806705 204
1738825945555 186.32121204295723 205
1738825945595 172.29112571194125 206
1738825945635 189.55547557601574 207
1738825945674 120.69358851561451 208
1738825945715 163.4467828196201 209
1738825945756 140.7717325639374 210
1738825945798 302.267016550028 211
1738825945838 136.98889577225563 212
1738825945878 151.23390006461153 213
1738825945918 185.5892211295861 214
1738825945958 162.8323051212553 215
1738825945998 172.794619052053 216
1738825946038 314.03126860076503 217
1738825946078 199.30669948772837 218
1738825946142 149.07572977271965 219
1738825946185 235.07955549481798 220
1738825946228 139.41307505266957 221
1738825946270 232.42590660700148 222
1738825946311 165.3616471672261 223
1738825946352 179.02874159309278 224
1738825946392 176.55704476112726 225
1738825946435 200.2167953323199 226
1738825946476 171.92676404568306 227
1738825946520 191.8440062367697 228
1738825946567 174.96556440762038 229
1738825946610 154.9017306754133 230
1738825946651 228.5952288958732 231
1738825946693 255.86511121247844 232
1738825946734 119.06898102534312 233
1738825946775 169.93633442280594 234
1738825946828 256.0813911066749 235
1738825946876 170.5982201348616 236
1738825946971 142.39776673557674 237
1738825947028 201.22226249009776 238
1738825947071 153.04944162845493 239
1738825947113 199.40406672433804 240
1738825947157 217.53107737351033 241
1738825947199 179.77090053984566 242
1738825947243 169.29689321702247 243
1738825947285 140.6270016022054 244
1738825947327 159.8576204918464 245
1738825947376 194.48181860094962 246
1738825947420 166.4759379613189 247
1738825947463 161.07031943844083 248
1738825947506 181.19503941400248 249
1738825947549 161.77519879271958 250
1738825947598 160.90343319173604 251
1738825947657 165.9124597150477 252
1738825947709 181.80173558009653 253
1738825947762 203.34219390863063 254
1738825947819 151.26507866312602 255
1738825947884 199.77215099848448 256
1738825947948 143.06804725962283 257
1738825948016 188.1167590656622 258
1738825948065 142.56704934066366 259
1738825948139 185.7933583703848 260
1738825948185 154.76777360800622 261
1738825948234 222.9070723172496 262
1738825948279 193.27567480566833 263
1738825948324 157.54956447933708 264
1738825948370 89.7770765697869 265
1738825948414 126.93321767494874 266
1738825948458 170.26518001973201 267
1738825948508 91.40662669495393 268
1738825948562 175.51004849659367 269
1738825948622 218.14965881186419 270
1738825948666 241.9512309553184 271
1738825948709 218.15134429406314 272
1738825948756 190.68291830686792 273
1738825948799 218.59239926332657 274
1738825948842 203.51184510550573 275
1738825948886 195.03823899914732 276
1738825948930 155.02591183165197 277
1738825948974 265.8593537390436 278
1738825949026 120.33830119807041 279
1738825949069 185.7132998750171 280
1738825949120 96.41498069858592 281
1738825949163 231.15550770362393 282
1738825949236 167.7475372468605 283
1738825949281 181.79950531711032 284
1738825949328 209.80091927429112 285
1738825949373 188.51039340986776 286
1738825949417 164.1132219606194 287
1738825949460 167.66124823363026 288
1738825949502 123.28071983827869 289
1738825949544 173.486720432718 290
1738825949585 196.64770064023145 291
1738825949626 185.39716523311554 292
1738825949667 209.6177516877456 293
1738825949707 133.26778378905723 294
1738825949747 114.19366496365572 295
1738825949787 263.43832608182527 296
1738825949846 144.38884700967873 297
1738825949887 168.97310499280212 298
1738825949928 178.11686211838452 299
1738825949968 162.72732902859792 300
1738825950008 99.07622633171468 301
1738825950048 167.70977339665592 302
1738825950088 139.40778295520576 303
1738825950127 326.5129353277422 304
1738825950167 194.18248916286055 305
1738825950207 209.16962667651043 306
1738825950247 225.25081744733936 307
1738825950287 68.31182675379536 308
1738825950326 169.0301718028893 309
1738825950366 144.1300296150802 310
1738825950406 115.21725506169727 311
1738825950447 160.01098068176813 312
1738825950488 137.66899227502384 313
1738825950528 206.89120093862851 314
1738825950569 149.95342895657836 315
1738825950611 143.26733279101236 316
1738825950651 129.18611066368405 317
1738825950691 160.64468951919184 318
1738825950731 174.76155608884585 319
1738825950770 179.5147935072925 320
1738825950810 170.72712179948115 321
1738825950850 174.9970807905319 322
1738825950890 178.01571932620408 323
1738825950930 172.5878588723322 324
1738825950970 149.01150809583442 325
1738825951009 125.72132818312393 326
1738825951049 194.58766568886668 327
1738825951089 208.22687214208466 328
1738825951128 199.8430925438398 329
1738825951169 231.21366617011952 330
1738825951210 320.27745529705095 331
1738825951250 243.80797691372305 332
1738825951290 195.64482565099416 333
1738825951329 204.89354829216464 334
1738825951370 201.16195481328836 335
1738825951410 169.88488075558502 336
1738825951450 185.54694078943012 337
1738825951490 168.02824810135976 338
1738825951530 218.5368167615147 339
1738825951570 70.25064209618223 340
1738825951609 157.10921380036064 341
1738825951649 111.59187722364547 342
1738825951689 198.9973140749993 343
1738825951729 195.07147105848344 344
1738825951769 159.2495133465978 345
1738825951809 142.0401515677617 346
1738825951848 206.25174267015524 347
1738825951888 165.1117425592077 348
1738825951927 182.61998660589853 349
1738825951967 146.86132902021063 350
1738825952006 183.06598962670208 351
1738825952046 187.70850257015687 352
1738825952087 167.95159452166632 353
1738825952126 156.59776389763314 354
1738825952166 110.9042462296979 355
1738825952206 180.40998601675005 356
1738825952246 164.97495221515177 357
1738825952286 179.15784464852004 358
1738825952326 162.1441601002177 359
1738825952366 139.85373295005766 360
1738825952408 183.8362231450002 361
1738825952449 188.06059126725998 362
1738825952489 137.95721384305006 363
1738825952529 188.2951454438916 364
1738825952570 202.53023680169616 365
1738825952610 190.49406320963527 366
1738825952650 193.87503178502845 367
1738825952690 124.09184502092556 368
1738825952730 154.13672645662078 369
1738825952770 134.49403799617423 370
1738825952810 196.44548732106364 371
1738825952850 221.72681244588154 372
1738825952889 200.8885391265942 373
1738825952929 143.53060067789383 374
1738825952969 180.81359268494805 375
1738825953010 128.70264694262073 376
1738825953050 179.1031377972406 377
1738825953090 145.44767493117214 378
1738825953130 135.42541114852818 379
1738825953169 132.01826298999487 380
1738825953210 165.26495590141056 381
1738825953250 87.51727928174871 382
1738825953290 153.80795548187248 383
1738825953330 157.64640076294455 384
1738825953370 196.1479467818611 385
1738825953411 106.42563572176267 386
1738825953452 117.33432362195734 387
1738825953493 178.2291078149887 388
1738825953533 193.30255925249682 389
1738825953573 197.3352494323585 390
1738825953614 180.6363645396157 391
1738825953655 172.05071537331526 392
1738825953695 151.13104737233513 393
1738825953735 176.8913433087299 394
1738825953775 172.6772061285897 395
1738825953814 177.0473346379478 396
1738825953854 145.35093618872622 397
1738825953895 173.715647150397 398
1738825953934 104.12373300949545 399
1738825953974 130.40177269033867 400
1738825954025 165.22399545486124 401
1738825954067 211.8442702162123 402
1738825954109 163.57577623065927 403
1738825954150 96.45453504588173 404
1738825954191 122.34700924273224 405
1738825954232 193.17179770776667 406
1738825954274 121.57509589154805 407
1738825954317 180.1160404254998 408
1738825954360 160.95938401566661 409
1738825954404 179.25081817344707 410
1738825954448 159.60925057701192 411
1738825954492 141.88573040479957 412
1738825954544 234.13278298751223 413
1738825954588 189.72323856706512 414
1738825954631 152.24029987695323 415
1738825954671 256.8714091018433 416
1738825954712 182.02302696663872 417
1738825954754 141.41558207571066 418
1738825954798 206.09716192575056 419
1738825954859 155.5488113106085 420
1738825954907 185.85244863373111 421
1738825954952 179.55871129389485 422
1738825954998 251.17178309071414 423
1738825955044 144.5965313667875 424
1738825955088 210.1870885421619 425
1738825955134 191.32492843377537 426
1738825955177 181.3533173922778 427
1738825955221 204.09976065565664 428
1738825955264 148.99334229085733 429
1738825955308 168.08550734827082 430
1738825955351 165.26064526364783 431
1738825955394 167.99802375918762 432
1738825955437 161.38448700696324 433
1738825955481 195.1263387756726 434
1738825955525 131.13041338318098 435
1738825955569 188.25775331195948 436
1738825955612 181.96507877888342 437
1738825955655 120.01824966176999 438
1738825955698 149.4275268105048 439
1738825955742 184.39646752337387 440
1738825955784 198.0883084618152 441
1738825955828 228.8617723484992 442
1738825955871 201.609774102996 443
1738825955914 245.7128644691176 444
1738825955958 173.07217150063437 445
1738825956001 142.14112630000884 446
1738825956045 85.50813698573828 447
1738825956087 185.34134885878225 448
1738825956131 252.56973105246203 449
1738825956174 190.03293545783887 450
1738825956218 171.17077555632525 451
1738825956262 154.6373155737641 452
1738825956305 168.55810398338434 453
1738825956348 156.61179490013728 454
1738825956390 174.70065677403392 455
1738825956430 177.00963462696356 456
1738825956471 206.69948236854412 457
1738825956510 180.81739632097458 458
1738825956550 160.59458721806206 459
1738825956590 249.93276981104714 460
1738825956630 161.01453721155215 461
1738825956670 194.3358243339936 462
1738825956710 157.57291365477113 463
1738825956749 160.50779959148124 464
1738825956789 131.06278944236752 465
1738825956830 140.20876529602444 466
1738825956871 192.367038710798 467
1738825956911 135.1070684861913 468
1738825956951 93.4525974084255 469
1738825956991 146.93774600399067 470
1738825957031 196.37948776142196 471
1738825957071 129.43455710577527 472
1738825957113 196.43845446123888 473
1738825957156 223.60543023127934 474
1738825957200 186.82187151933556 475
1738825957242 166.8231643766446 476
1738825957283 174.82507546479223 477
1738825957324 140.81038686709266 478
1738825957367 260.19645514964606 479
1738825957409 153.7105658603741 480
1738825957449 162.9625190822133 481
1738825957490 126.86097596653265 482
1738825957531 192.49249921806216 483
1738825957571 81.5521712869291 484
1738825957610 143.43538372720968 485
1738825957650 216.80985820485316 486
1738825957691 163.5054888778242 487
1738825957731 116.23126139519378 488
1738825957771 165.22047935611195 489
1738825957811 214.67894406927581 490
1738825957851 174.62062097279082 491
1738825957891 216.57579025172595 492
1738825957930 181.43454205143124 493
1738825957970 101.24743240257514 494
1738825958010 207.95459779836293 495
1738825958050 169.65176218687878 496
1738825958090 171.61804069337967 497
1738825958129 171.74331924298124 498
1738825958169 197.33733386468313 499
