1738680869056 169.31213782154168 0
1738680869108 169.30007443771183 1
1738680869125 169.2875707329558 2
1738680869156 169.274732712684 3
1738680869175 169.2616557960662 4
1738680869195 169.24842538360483 5
1738680869217 169.23511746673435 6
1738680869235 169.22179925926446 7
1738680869258 169.2085298349395 8
1738680869275 169.1953607590337 9
1738680869290 169.18233670486845 10
1738680869308 169.16949604854403 11
1738680869323 169.1568714371207 12
1738680869337 169.14449032703848 13
1738680869353 169.1323754908036 14
1738680869380 169.12054549094543 15
1738680869401 169.1090151210074 16
1738680869419 169.0977958139227 17
1738680869436 169.08689601856466 18
1738680869454 169.0763215455876 19
1738680869470 169.0660758839058 20
1738680869487 169.0561604893124 21
1738680869504 169.046575046837 22
1738680869519 169.03731770848748 23
1738680869537 169.0283853080341 24
1738680869553 169.01977355447568 25
1738680869574 169.01147720578842 26
1738680869594 169.0034902245044 27
1738680869620 168.99580591659873 28
1738680869647 168.98841705509295 29
1738680869663 168.98131598970005 30
1738680869683 168.97449474376012 31
1738680869704 168.96794509962882 32
1738680869720 168.9616586736046 33
1738680869738 168.95562698139804 34
1738680869757 168.9498414950724 35
1738680869773 168.9442936923098 36
1738680869788 168.93897509878866 37
1738680869804 168.93387732439137 38
1738680869821 168.92899209389986 39
1738680869837 168.9243112727778 40
1738680869850 168.9198268885851 41
1738680869867 168.91553114851934 42
1738680869890 168.9114164535319 43
1738680869907 168.9074754094258 44
1738680869929 168.9037008352991 45
1738680869949 168.90008576966505 46
1738680869968 168.8966234745448 47
1738680869991 168.89330743779837 48
1738680870019 168.89013137393246 49
1738680870042 168.8870892235981 50
1738680870078 168.88417515196832 51
1738680870096 168.8813835461644 52
