1738679034441 166.69125891249308 0
1738679034448 168.60834258939116 1
1738679034455 167.10347296671006 2
1738679034462 170.58388179404227 3
1738679034468 170.17176208489846 4
1738679034474 167.43279077712194 5
1738679034481 167.00455113888665 6
1738679034487 170.57680420990312 7
1738679034493 167.3967211497333 8
1738679034500 174.24952170533402 9
1738679034506 170.98194322308873 10
1738679034512 169.57826612201828 11
1738679034518 167.31333338158782 12
1738679034524 168.75620287148806 13
1738679034531 166.49815900472632 14
1738679034537 171.48165097326256 15
1738679034543 172.54253555480662 16
1738679034549 168.05749428183685 17
1738679034556 166.57954879733538 18
1738679034562 167.28813407997066 19
1738679034568 168.09879915818965 20
1738679034574 165.02350263449026 21
1738679034581 169.16480455202822 22
1738679034587 168.69591556914796 23
1738679034594 170.2406972982476 24
1738679034600 168.3505238169928 25
1738679034606 167.32035749998022 26
1738679034612 168.76368497618273 27
1738679034617 169.40812706193853 28
1738679034623 169.40742271008915 29
1738679034629 167.43105364586762 30
1738679034634 171.86941835824828 31
1738679034640 169.4057000437461 32
1738679034646 167.92643733279652 33
1738679034652 168.55342269676441 34
1738679034658 168.33158325396792 35
1738679034664 170.63573557043637 36
1738679034670 169.14597127121252 37
1738679034676 167.3552407017896 38
1738679034681 170.16238175352046 39
1738679034687 168.7332027508525 40
1738679034692 167.9717605183756 41
1738679034700 167.10605543224938 42
1738679034706 172.48514899825895 43
1738679034711 171.0438791792696 44
1738679034717 172.35181359978344 45
1738679034723 166.10747910876267 46
1738679034729 171.68043914089128 47
1738679034735 168.18121621618207 48
1738679034741 167.73880031432464 49
1738679034746 168.32541910680672 50
1738679034752 168.2972948714009 51
1738679034757 169.85483899866412 52
1738679034763 169.53606538099717 53
1738679034769 168.69482640606344 54
1738679034775 169.79907435264363 55
1738679034781 169.9167936730116 56
1738679034787 166.27127275870197 57
1738679034793 166.3943668367781 58
1738679034800 168.84980137392944 59
1738679034806 168.02942681205212 60
1738679034812 167.54896346490932 61
1738679034817 167.770620938597 62
1738679034823 168.69075157109913 63
1738679034829 169.55913133653505 64
1738679034835 169.39938394984517 65
1738679034841 168.73490765937657 66
1738679034846 167.73434967376505 67
1738679034852 166.96672126473786 68
1738679034858 167.4035045861125 69
1738679034864 170.04904925282253 70
1738679034870 171.2709309755969 71
1738679034876 169.02964603152353 72
1738679034882 170.50166089872505 73
1738679034888 168.78729126243456 74
1738679034894 167.05624210606197 75
1738679034900 168.11832939419833 76
1738679034906 167.57658456305649 77
1738679034911 170.55560872201403 78
1738679034917 167.50120795485066 79
1738679034923 168.76394447379272 80
1738679034930 169.16077687002465 81
1738679034936 170.7280664517797 82
1738679034942 166.42557090488936 83
1738679034949 168.03662667705157 84
1738679034955 169.9878723248116 85
1738679034961 171.33603838652655 86
1738679034966 169.60164740633104 87
1738679034973 171.47959266678987 88
1738679034979 168.30619288715934 89
1738679034985 168.80882968293844 90
1738679034992 174.44057060393467 91
1738679034998 168.22304921765408 92
1738679035004 169.6086974145806 93
1738679035011 170.41034136201637 94
1738679035018 170.02977970080275 95
1738679035024 166.20896284436563 96
1738679035031 168.46991502347487 97
1738679035037 169.72462297087046 98
1738679035043 168.39733242039682 99
1738679035049 167.46454816528114 100
1738679035056 168.99989392737007 101
1738679035062 170.47931433028285 102
1738679035068 170.7023212281413 103
1738679035073 166.74841682348261 104
1738679035079 169.7598113403446 105
1738679035085 168.45954718522003 106
1738679035091 168.81583579813326 107
1738679035097 169.22355183521702 108
1738679035103 171.29519241716724 109
1738679035110 170.94827872746515 110
1738679035115 168.2383707310015 111
1738679035121 168.70836909260322 112
1738679035127 169.37382663749625 113
1738679035133 171.96548003230834 114
1738679035139 167.50271638641604 115
1738679035145 169.5467727934336 116
1738679035152 165.56131180184337 117
1738679035158 167.90579069040413 118
1738679035164 172.71537426229065 119
1738679035169 168.9505737057584 120
1738679035175 172.40716483860814 121
1738679035181 168.73700841535185 122
1738679035187 165.18203387086027 123
1738679035193 169.28323293046384 124
1738679035199 170.10671176029294 125
1738679035205 170.11776656457465 126
1738679035213 170.5559224187186 127
1738679035219 169.8686317393496 128
1738679035225 167.882419257337 129
1738679035232 170.13014706522625 130
1738679035238 171.12950716577552 131
1738679035245 166.3260529063062 132
1738679035252 166.4075311779468 133
1738679035258 169.15979680567898 134
1738679035263 165.23367914180287 135
1738679035269 168.19627751210504 136
1738679035275 168.38579888010847 137
1738679035281 168.91926064462706 138
1738679035287 169.4209113658752 139
1738679035293 166.7824975770226 140
1738679035299 169.82490023964334 141
1738679035305 170.952350753209 142
1738679035311 167.75138393721832 143
1738679035316 171.9362131301807 144
1738679035322 167.9858352980618 145
1738679035328 170.1650665757295 146
1738679035333 170.58642469217986 147
1738679035339 167.6497655245451 148
1738679035345 167.96679346575908 149
1738679035351 167.17325038822418 150
1738679035356 167.0176808263041 151
1738679035362 168.47409822203485 152
1738679035368 168.048440223858 153
1738679035374 169.42949736847615 154
1738679035380 171.0911305967151 155
1738679035385 171.10945807508946 156
1738679035391 167.48674185394154 157
1738679035397 170.59805097795558 158
1738679035403 169.99427674062423 159
1738679035409 167.39011286261393 160
1738679035415 169.24350482339622 161
1738679035421 169.00983404559452 162
1738679035427 172.21645664326874 163
1738679035434 169.2339894882503 164
