1738825204375 168.75753136681624 0
1738825204382 169.35968039856013 1
1738825204388 174.20197322668747 2
1738825204395 172.2851578108005 3
1738825204402 167.15939106757213 4
1738825204409 171.6411491918319 5
1738825204415 174.77862317602495 6
1738825204421 169.96117515054812 7
1738825204427 166.04708161666446 8
1738825204434 170.1015742215886 9
1738825204439 167.3419214742494 10
1738825204446 167.62694483065908 11
1738825204452 170.2275722162964 12
1738825204458 167.80628562422675 13
1738825204464 170.70764585065388 14
1738825204471 170.46174186941238 15
1738825204478 168.55246417244484 16
1738825204487 166.14711343052116 17
1738825204494 170.17049004290737 18
1738825204501 168.68657722714948 19
1738825204507 168.74758604527557 20
1738825204514 167.51203654043542 21
1738825204521 170.0608396367277 22
1738825204527 167.51006385818044 23
1738825204534 170.7627942415975 24
1738825204540 166.331463574355 25
1738825204547 166.53974973109507 26
1738825204553 167.9365790391529 27
1738825204559 168.3750821131753 28
1738825204566 168.49592978155357 29
