1738680196288 159.86337081382194 0
1738680196323 158.32394531953707 1
1738680196358 188.47705534270338 2
1738680196393 174.63349928849007 3
1738680196427 156.0661340754794 4
1738680196461 170.02270214961348 5
1738680196511 159.37747333132154 6
1738680196547 177.69105948472125 7
1738680196586 184.45156002555768 8
1738680196623 168.54433798957467 9
1738680196658 177.12990299791946 10
1738680196692 161.4962681019092 11
1738680196725 168.97556465775142 12
1738680196759 163.0916168949066 13
1738680196793 172.50584953910698 14
1738680196826 165.14694038427385 15
1738680196859 167.42281559846958 16
1738680196893 154.2036415422613 17
