1738823428351 178.86543755185403 0
1738823428376 178.76640372854752 1
1738823428403 178.65648372051658 2
1738823428436 178.53681536481437 3
1738823428461 178.4084262573705 4
1738823428478 178.27224406788764 5
1738823428495 178.12910595599996 6
1738823428510 177.97976715375057 7
1738823428525 177.82490877757905 8
1738823428546 177.66514493046267 9
1738823428562 177.50102915185798 10
1738823428576 177.3330602698165 11
1738823428597 177.16168770623955 12
1738823428620 176.98731628278927 13
1738823428640 176.81031057155982 14
1738823428662 176.63099883129405 15
1738823428684 176.44967656673631 16
1738823428705 176.26660974567608 17
1738823428722 176.0820377053637 18
1738823428736 175.89617577729152 19
1738823428753 175.70921765681848 20
1738823428768 175.52133754178536 21
1738823428784 175.33269206210701 22
1738823428804 175.14342202034032 23
1738823428822 174.95365396139294 24
1738823428853 174.7635015878606 25
1738823428875 174.57306703594418 26
1738823428893 174.38244202549217 27
1738823428919 174.19170889643487 28
1738823428939 174.00094154270906 29
1738823428959 173.8102062537123 30
1738823428973 173.6195624723601 31
1738823428989 173.4290634779457 32
1738823429012 173.23875700120806 33
1738823429030 173.0486857782931 34
1738823429046 172.8588880496454 35
1738823429061 172.6693980092737 36
1738823429076 172.48024620930434 37
1738823429096 172.29145992425296 38
1738823429113 172.10306347900888 39
1738823429134 171.91507854413524 40
1738823429152 171.72752440173048 41
1738823429179 171.54041818477782 42
1738823429197 171.35377509261946 43
1738823429217 171.16760858493117 44
1738823429237 170.98193055633777 45
1738823429264 170.79675149359775 46
1738823429283 170.6120806170937 47
1738823429302 170.4279260081927 48
1738823429321 170.2442947238862 49
1738823429355 170.06119289997707 50
1738823429370 169.87862584395702 51
1738823429385 169.69659811860322 52
1738823429409 169.51511361721964 53
1738823429427 169.33417563135828 54
1738823429442 169.15378691176983 55
1738823429470 168.9739497232609 56
1738823429495 168.79466589406618 57
1738823429516 168.6159368602827 58
1738823429538 168.4377637058602 59
1738823429555 168.2601471985915 60
1738823429572 168.0830878225023 61
1738823429589 167.90658580700014 62
1738823429604 167.73064115310652 63
1738823429623 167.5552536570642 64
1738823429638 167.3804229315807 65
1738823429660 167.20614842494592 66
1738823429678 167.03242943823471 67
1738823429695 166.85926514078756 68
1738823429713 166.68665458413963 69
1738823429735 166.5145967145554 70
1738823429759 166.34309038430612 71
1738823429780 166.1721343618174 72
1738823429798 166.0017273407994 73
1738823429822 165.83186794846108 74
1738823429842 165.66255475290012 75
1738823429864 165.49378626975164 76
1738823429887 165.32556096816904 77
1738823429911 165.15787727620372 78
1738823429934 164.99073358564476 79
1738823429955 164.82412825637124 80
1738823429975 164.65805962026712 81
1738823429993 164.4925259847417 82
1738823430014 164.32752563589528 83
1738823430038 164.1630568413656 84
1738823430060 163.99911785288703 85
1738823430079 163.83570690859113 86
1738823430103 163.67282223507436 87
1738823430123 163.51046204925652 88
1738823430147 163.34862456005047 89
1738823430170 163.18730796986256 90
1738823430194 163.02651047594009 91
1738823430213 162.86623027158134 92
1738823430237 162.70646554722262 93
1738823430259 162.54721449141283 94
1738823430278 162.3884752916892 95
1738823430304 162.23024613536225 96
1738823430326 162.0725252102194 97
1738823430346 161.91531070515632 98
1738823430375 161.75860081074225 99
1738823430402 161.60239371972602 100
1738823430420 161.4466876274893 101
1738823430439 161.29148073245193 102
1738823430458 161.13677123643382 103
1738823430479 160.98255734497872 104
1738823430504 160.8288372676427 105
1738823430519 160.67560921825137 106
1738823430545 160.52287141512892 107
1738823430567 160.37062208130195 108
1738823430587 160.21885944468002 109
1738823430605 160.06758173821632 110
1738823430619 159.9167872000491 111
1738823430635 159.76647407362702 112
1738823430652 159.61664060781945 113
1738823430669 159.46728505701336 114
1738823430684 159.31840568119765 115
1738823430704 159.17000074603732 116
1738823430721 159.02206852293753 117
1738823430743 158.87460728909872 118
1738823430767 158.72761532756394 119
1738823430793 158.58109092725934 120
1738823430814 158.43503238302785 121
1738823430830 158.28943799565744 122
1738823430852 158.14430607190397 123
1738823430867 157.99963492450976 124
1738823430885 157.85542287221764 125
1738823430902 157.7116682397814 126
1738823430918 157.568369357973 127
1738823430937 157.4255245635868 128
1738823430954 157.2831321994406 129
1738823430970 157.14119061437486 130
1738823431001 156.99969816324978 131
1738823431023 156.85865320693964 132
1738823431046 156.71805411232637 133
1738823431073 156.57789925229096 134
1738823431107 156.43818700570375 135
1738823431127 156.29891575741314 136
1738823431152 156.1600838982337 137
1738823431173 156.02168982493282 138
1738823431202 155.88373194021693 139
1738823431218 155.74620865271615 140
1738823431234 155.60911837696932 141
1738823431254 155.47245953340746 142
1738823431269 155.33623054833723 143
1738823431285 155.20042985392365 144
1738823431304 155.06505588817257 145
1738823431322 154.93010709491244 146
1738823431343 154.7955819237762 147
1738823431368 154.66147883018246 148
1738823431393 154.52779627531686 149
1738823431414 154.39453272611243 150
1738823431436 154.26168665523102 151
1738823431457 154.129256541043 152
1738823431472 153.99724086760838 153
1738823431488 153.86563812465658 154
1738823431504 153.73444680756677 155
1738823431518 153.603665417348 156
1738823431536 153.47329246061912 157
1738823431553 153.34332644958891 158
1738823431568 153.2137659020357 159
1738823431593 153.08460934128752 160
1738823431618 152.95585529620215 161
1738823431639 152.82750230114638 162
1738823431662 152.69954889597665 163
1738823431685 152.57199362601847 164
1738823431707 152.44483504204632 165
1738823431729 152.3180717002639 166
1738823431754 152.19170216228375 167
1738823431775 152.06572499510736 168
1738823431794 151.94013877110532 169
1738823431820 151.81494206799712 170
1738823431838 151.6901334688315 171
1738823431864 151.56571156196642 172
1738823431892 151.44167494104946 173
1738823431914 151.31802220499782 174
1738823431938 151.1947519579788 175
1738823431959 151.07186280939018 176
1738823431973 150.94935337384047 177
1738823431995 150.82722227112959 178
1738823432013 150.70546812622922 179
1738823432033 150.5840895692636 180
1738823432052 150.46308523548998 181
1738823432068 150.34245376527952 182
1738823432085 150.22219380409786 183
1738823432110 150.10230400248628 184
1738823432134 149.98278301604236 185
1738823432153 149.86362950540098 186
1738823432169 149.7448421362156 187
1738823432192 149.62641957913905 188
1738823432212 149.50836050980493 189
1738823432232 149.39066360880884 190
1738823432244 149.27332756168957 191
1738823432269 149.15635105891056 192
1738823432292 149.03973279584147 193
1738823432312 148.92347147273938 194
1738823432330 148.80756579473078 195
1738823432352 148.69201447179282 196
1738823432369 148.5768162187354 197
1738823432392 148.4619697551825 198
1738823432412 148.3474738055546 199
1738823432429 148.23332709905017 200
1738823432459 148.11952836962774 201
1738823432485 148.00607635598809 202
1738823432506 147.89296980155612 203
1738823432523 147.78020745446346 204
1738823432542 147.66778806753027 205
1738823432567 147.55571039824773 206
1738823432588 147.44397320876055 207
1738823432608 147.33257526584921 208
1738823432629 147.22151534091267 209
1738823432653 147.1107922099508 210
1738823432676 147.00040465354712 211
1738823432698 146.89035145685145 212
1738823432722 146.78063140956274 213
1738823432744 146.67124330591187 214
1738823432762 146.56218594464463 215
1738823432777 146.45345812900456 216
1738823432794 146.3450586667161 217
1738823432812 146.23698636996772 218
1738823432830 146.12924005539486 219
1738823432852 146.02181854406345 220
1738823432877 145.91472066145298 221
1738823432898 145.80794523744 222
1738823432920 145.70149110628145 223
1738823432944 145.5953571065981 224
1738823432968 145.48954208135814 225
1738823432991 145.3840448778609 226
1738823433009 145.27886434772032 227
1738823433036 145.17399934684877 228
1738823433059 145.06944873544074 229
1738823433080 144.96521137795696 230
1738823433104 144.861286143108 231
1738823433142 144.75767190383831 232
1738823433167 144.65436753731046 233
1738823433188 144.5513719248889 234
1738823433209 144.44868395212444 235
1738823433236 144.34630250873818 236
1738823433263 144.24422648860596 237
1738823433288 144.14245478974263 238
1738823433310 144.04098631428647 239
1738823433336 143.93981996848356 240
1738823433356 143.83895466267236 241
1738823433379 143.73838931126826 242
1738823433409 143.63812283274822 243
1738823433438 143.53815414963537 244
1738823433463 143.43848218848382 245
1738823433482 143.33910587986352 246
1738823433504 143.24002415834494 247
1738823433522 143.14123596248413 248
1738823433538 143.04274023480767 249
1738823433561 142.94453592179755 250
1738823433575 142.84662197387655 251
1738823433596 142.74899734539304 252
1738823433620 142.65166099460637 253
1738823433642 142.55461188367212 254
1738823433669 142.45784897862734 255
1738823433690 142.36137124937594 256
1738823433720 142.26517766967413 257
1738823433745 142.16926721711582 258
1738823433767 142.0736388731182 259
1738823433806 141.9782916229074 260
1738823433836 141.88322445550398 261
1738823433852 141.78843636370866 262
1738823433870 141.6939263440881 263
1738823433886 141.5996933969608 264
1738823433902 141.5057365263827 265
1738823433919 141.4120547401332 266
1738823433936 141.31864704970133 267
1738823433953 141.22551247027138 268
1738823433976 141.13265002070932 269
1738823434000 141.04005872354864 270
1738823434022 140.9477376049767 271
1738823434040 140.85568569482086 272
1738823434063 140.76390202653477 273
1738823434086 140.6723856371848 274
1738823434102 140.5811355674362 275
1738823434117 140.49015086153977 276
1738823434137 140.39943056731815 277
1738823434153 140.30897373615252 278
1738823434169 140.21877942296894 279
1738823434187 140.12884668622533 280
1738823434204 140.0391745878978 281
1738823434219 139.94976219346762 282
1738823434235 139.86060857190785 283
1738823434254 139.77171279567037 284
1738823434269 139.68307394067256 285
1738823434286 139.59469108628434 286
1738823434302 139.50656331531508 287
1738823434318 139.41868971400083 288
1738823434334 139.3310693719911 289
1738823434356 139.2437013823362 290
1738823434376 139.15658484147437 291
1738823434400 139.06971884921896 292
1738823434426 138.98310250874576 293
1738823434443 138.89673492658036 294
1738823434459 138.81061521258542 295
1738823434480 138.7247424799481 296
1738823434506 138.63911584516762 297
1738823434525 138.5537344280427 298
1738823434547 138.46859735165913 299
1738823434573 138.38370374237735 300
1738823434593 138.29905272982023 301
1738823434607 138.21464344686058 302
1738823434622 138.13047502960902 303
1738823434638 138.04654661740182 304
1738823434656 137.96285735278863 305
1738823434675 137.87940638152037 306
1738823434693 137.79619285253722 307
1738823434712 137.7132159179566 308
1738823434739 137.63047473306116 309
1738823434763 137.54796845628684 310
1738823434784 137.46569624921105 311
1738823434803 137.3836572765407 312
1738823434823 137.30185070610054 313
1738823434846 137.22027570882133 314
1738823434863 137.13893145872817 315
1738823434886 137.0578171329288 316
1738823434906 136.97693191160195 317
1738823434922 136.89627497798594 318
1738823434943 136.8158455183669 319
1738823434960 136.73564272206738 320
1738823434978 136.6556657814351 321
1738823434997 136.57591389183114 322
1738823435030 136.49638625161901 323
1738823435057 136.417082062153 324
1738823435077 136.33800052776715 325
1738823435096 136.25914085576386 326
1738823435117 136.18050225640272 327
1738823435140 136.10208394288946 328
1738823435160 136.02388513136478 329
1738823435180 135.94590504089322 330
1738823435203 135.86814289345236 331
1738823435220 135.79059791392154 332
1738823435238 135.7132693300712 333
1738823435256 135.6361563725517 334
1738823435280 135.55925827488286 335
1738823435296 135.4825742734427 336
1738823435310 135.406103607457 337
1738823435325 135.3298455189884 338
1738823435340 135.2537992529258 339
1738823435361 135.17796405697365 340
1738823435378 135.10233918164127 341
1738823435403 135.02692388023252 342
1738823435426 134.951717408835 343
1738823435447 134.87671902630973 344
1738823435464 134.8019279942806 345
1738823435488 134.72734357712403 346
1738823435510 134.65296504195857 347
1738823435530 134.57879165863454 348
1738823435552 134.50482269972375 349
1738823435577 134.43105744050928 350
1738823435597 134.35749515897527 351
1738823435617 134.28413513579665 352
1738823435634 134.21097665432904 353
1738823435655 134.1380190005988 354
1738823435673 134.06526146329264 355
1738823435695 133.99270333374795 356
1738823435718 133.92034390594264 357
1738823435743 133.84818247648508 358
1738823435767 133.77621834460442 359
1738823435785 133.70445081214058 360
1738823435813 133.63287918353444 361
1738823435834 133.561502765818 362
1738823435862 133.49032086860475 363
1738823435879 133.41933280407974 364
1738823435903 133.34853788699007 365
1738823435927 133.2779354346352 366
1738823435947 133.20752476685715 367
1738823435967 133.13730520603124 368
1738823435986 133.06727607705628 369
1738823436011 132.9974367073452 370
1738823436029 132.92778642681554 371
1738823436053 132.85832456787995 372
1738823436073 132.78905046543696 373
1738823436095 132.7199634568614 374
1738823436117 132.65106288199522 375
1738823436143 132.58234808313816 376
1738823436162 132.5138184050385 377
1738823436185 132.44547319488376 378
1738823436208 132.37731180229164 379
1738823436225 132.30933357930076 380
1738823436248 132.24153788036153 381
1738823436273 132.17392406232722 382
1738823436293 132.10649148444463 383
1738823436314 132.03923950834542 384
1738823436337 131.97216749803687 385
1738823436354 131.90527481989298 386
1738823436370 131.83856084264562 387
1738823436384 131.77202493737562 388
1738823436403 131.70566647750385 389
1738823436419 131.63948483878255 390
1738823436443 131.57347939928644 391
1738823436459 131.50764953940399 392
1738823436478 131.44199464182864 393
1738823436504 131.37651409155038 394
1738823436523 131.31120727584673 395
1738823436546 131.2460735842744 396
1738823436564 131.18111240866057 397
1738823436588 131.11632314309446 398
1738823436604 131.05170518391853 399
1738823436620 130.98725792972044 400
1738823436638 130.92298078132424 401
1738823436655 130.858873141782 402
1738823436673 130.79493441636552 403
1738823436688 130.73116401255797 404
1738823436702 130.66756134004544 405
1738823436722 130.60412581070875 406
1738823436754 130.54085683861518 407
1738823436773 130.47775384001017 408
1738823436790 130.41481623330912 409
1738823436813 130.35204343908936 410
1738823436834 130.2894348800818 411
1738823436856 130.226989981163 412
1738823436877 130.16470816934697 413
1738823436901 130.10258887377714 414
1738823436923 130.04063152571837 415
1738823436945 129.97883555854906 416
1738823436970 129.91720040775292 417
1738823436996 129.8557255109113 418
1738823437022 129.79441030769522 419
1738823437045 129.73325423985744 420
1738823437065 129.67225675122467 421
1738823437089 129.61141728768973 422
1738823437105 129.55073529720386 423
1738823437119 129.49021022976882 424
1738823437134 129.4298415374293 425
1738823437157 129.36962867426521 426
1738823437173 129.3095710963839 427
1738823437190 129.2496682619127 428
1738823437205 129.1899196309911 429
1738823437220 129.1303246657635 430
1738823437237 129.07088283037126 431
1738823437253 129.01159359094555 432
1738823437267 128.95245641559958 433
1738823437279 128.89347077442127 434
1738823437295 128.83463613946589 435
1738823437309 128.7759519847484 436
1738823437322 128.7174177862363 437
1738823437336 128.6590330218423 438
1738823437363 128.60079717141681 439
1738823437380 128.54270971674077 440
1738823437424 128.48477014151834 441
1738823437443 128.42697793136966 442
1738823437467 128.36933257382378 443
1738823437484 128.31183355831112 444
1738823437500 128.25448037615675 445
1738823437516 128.19727252057297 446
1738823437534 128.14020948665222 447
1738823437552 128.08329077136017 448
1738823437568 128.02651587352852 449
1738823437586 127.96988429384798 450
1738823437605 127.9133955348614 451
1738823437627 127.85704910095664 452
1738823437652 127.80084449835972 453
1738823437672 127.74478123512789 454
1738823437695 127.68885882114272 455
1738823437718 127.63307676810321 456
1738823437735 127.57743458951904 457
1738823437759 127.52193180070367 458
1738823437780 127.46656791876752 459
1738823437802 127.4113424626113 460
1738823437822 127.35625495291927 461
1738823437848 127.30130491215247 462
1738823437864 127.24649186454205 463
1738823437886 127.19181533608253 464
1738823437913 127.13727485452543 465
1738823437934 127.0828699493723 466
1738823437956 127.02860015186843 467
1738823437975 126.97446499499608 468
1738823437995 126.92046401346806 469
1738823438017 126.86659674372123 470
1738823438042 126.81286272390989 471
1738823438070 126.75926149389943 472
1738823438092 126.70579259525994 473
1738823438113 126.65245557125955 474
1738823438137 126.59924996685834 475
1738823438155 126.5461753287018 476
1738823438179 126.49323120511448 477
1738823438203 126.4404171460938 478
1738823438225 126.38773270330357 479
1738823438247 126.33517743006793 480
1738823438269 126.28275088136493 481
1738823438288 126.23045261382036 482
1738823438310 126.17828218570162 483
1738823438330 126.12623915691147 484
1738823438352 126.07432308898186 485
1738823438372 126.02253354506784 486
1738823438391 125.9708700899415 487
1738823438409 125.91933228998579 488
1738823438430 125.8679197131885 489
1738823438452 125.81663192913625 490
1738823438472 125.76546850900843 491
1738823438488 125.71442902557128 492
1738823438501 125.66351305317177 493
1738823438518 125.61272016773185 494
1738823438534 125.56204994674242 495
1738823438552 125.51150196925732 496
1738823438572 125.46107581588774 497
1738823438587 125.4107710687961 498
1738823438606 125.36058731169024 499
