1738681034214 158.46493392004922 0
1738681034260 216.13711002761036 1
1738681034308 154.37351408455976 2
1738681034353 183.04016941518594 3
1738681034399 172.17976017552937 4
1738681034444 170.8469039448836 5
1738681034489 161.99752720314893 6
1738681034534 134.72481652151896 7
1738681034579 154.73603397083178 8
1738681034624 173.28065688704714 9
1738681034669 169.27470818522647 10
1738681034714 168.53109815093788 11
1738681034759 146.35071521763368 12
1738681034807 167.765678967143 13
1738681034853 198.63570798515673 14
1738681034899 168.94793910986456 15
1738681034943 189.03560909992933 16
1738681034989 185.8486338022771 17
1738681035034 150.69598537605444 18
1738681035079 179.1033421029981 19
1738681035123 211.97236817982002 20
1738681035168 165.26206259862377 21
1738681035213 169.6787521942589 22
1738681035257 167.37128277942807 23
1738681035302 139.21849831198296 24
1738681035348 172.8015633118841 25
1738681035395 180.2619577490334 26
1738681035441 175.81667009924968 27
1738681035487 152.33067250103258 28
1738681035532 160.99366604640556 29
1738681035577 179.5461426065173 30
1738681035622 183.37323194111013 31
1738681035667 174.54103621375262 32
1738681035712 166.19938339617266 33
1738681035757 178.2968578464745 34
1738681035802 182.60580380169856 35
1738681035847 166.1704595858066 36
1738681035893 185.7703023130723 37
1738681035938 177.69885780295365 38
1738681035983 181.84007249885303 39
1738681036028 166.41504401083716 40
1738681036073 159.5678952317929 41
1738681036119 155.71077622739057 42
1738681036163 165.23612597150318 43
1738681036208 174.2755079852445 44
1738681036255 183.93894455489493 45
1738681036301 155.886453376465 46
1738681036347 161.42178226343813 47
1738681036391 161.0626185966873 48
1738681036438 196.5131215821378 49
1738681036483 163.8494179510432 50
1738681036528 173.98535710851803 51
1738681036573 170.33284979935527 52
1738681036618 154.79124674143782 53
1738681036662 163.94889309274035 54
1738681036709 167.68787340253326 55
1738681036755 152.45729388665214 56
1738681036800 166.06686849880566 57
1738681036845 172.47526936773465 58
1738681036891 163.50685596366452 59
1738681036936 166.42736534587675 60
1738681036982 179.34639715140398 61
1738681037027 189.87426784291722 62
1738681037072 174.7269034060851 63
1738681037117 163.3242600764502 64
1738681037162 172.3222897190041 65
1738681037207 168.36978685254118 66
1738681037252 164.41700800036446 67
1738681037297 176.18098969566978 68
1738681037342 180.9015142921278 69
1738681037386 169.7162964963069 70
1738681037433 178.55346189572603 71
1738681037478 183.6127850002334 72
1738681037523 168.8813019666701 73
1738681037568 173.00712631501796 74
1738681037613 170.74190252215647 75
1738681037658 184.38507107933327 76
1738681037703 167.26624428498573 77
1738681037748 167.96608357415138 78
1738681037793 172.3392350202866 79
1738681037838 174.70305048654902 80
1738681037882 147.6463627614155 81
1738681037927 187.7557660901175 82
1738681037972 172.0431828090798 83
1738681038017 172.314498870799 84
1738681038063 170.87456580109165 85
1738681038108 150.41038233207786 86
1738681038152 176.05085744650466 87
1738681038197 129.0963192929716 88
1738681038242 162.26923594230658 89
1738681038287 147.8816130782997 90
1738681038331 170.52026462655633 91
1738681038376 180.55168442535847 92
1738681038421 180.9212281938829 93
1738681038466 188.99317891518498 94
1738681038511 208.3664916203701 95
1738681038556 226.69018583349512 96
1738681038601 172.84028260969293 97
1738681038646 143.24997315962224 98
1738681038691 148.33731265373544 99
1738681038736 176.019411463777 100
1738681038781 161.1868818961441 101
1738681038826 169.19787236949247 102
1738681038870 171.9356363269723 103
1738681038915 168.39326538785687 104
1738681038960 180.64554272355068 105
1738681039005 147.82449927972579 106
1738681039050 169.86305515059905 107
1738681039095 169.78286576795327 108
1738681039141 141.18446441006117 109
1738681039186 166.2189045871801 110
1738681039230 164.30570299793828 111
1738681039275 167.24912584932054 112
1738681039320 207.18097240291513 113
1738681039365 166.47811351600157 114
1738681039410 175.80344095464315 115
1738681039455 156.78372273457484 116
1738681039500 175.7682923145234 117
1738681039545 168.3463371697052 118
1738681039590 270.8520187504752 119
1738681039636 163.06816652534764 120
1738681039681 165.2291320519444 121
1738681039726 168.80369223847023 122
1738681039771 179.52654681963395 123
1738681039816 182.4586712254484 124
1738681039861 170.7720089712025 125
1738681039906 159.36590876396951 126
