1738677868727 110.73982456610105 0
1738677868785 34.000053547760665 1
1738677868845 7.287075433244 2
1738677868917 0.11580956143636122 3
1738677869003 0.19798658746869877 4
1738677869065 0.03167032590698222 5
1738677869124 0.6182264814678711 6
1738677869193 0.6656701216452398 7
1738677869262 1.3764924322917804 8
1738677869330 0.10165429029519801 9
1738677869375 0.005229247349825772 10
1738677869423 0.9313056634211444 11
1738677869478 0.6046099917320377 12
1738677869553 0.2185673139527089 13
1738677869615 0.00041154526145466876 14
1738677869677 0.00973138063552433 15
1738677869741 0.0023779609682139696 16
1738677869797 0.15430290067221591 17
1738677869860 0.016274646334730136 18
1738677869920 0.06650981520397972 19
1738677869986 0.027902621255931185 20
1738677870096 0.19085009782301213 21
1738677870165 0.4214926968440468 22
1738677870246 0.0008485709982082209 23
1738677870353 3.894109516819637e-07 24
1738677870438 0.8038359057958198 25
1738677870511 0.044448892665700235 26
1738677870562 0.36547240659998037 27
1738677870635 0.026003422630238984 28
1738677870711 0.11882981130668492 29
1738677870783 0.11614660403801906 30
1738677870850 0.07182844737503508 31
1738677870907 0.030850907202240378 32
1738677870965 0.0013076835623479534 33
1738677871023 0.0013446188398335702 34
1738677871078 0.010088520498018276 35
1738677871135 0.20385287324001128 36
1738677871200 0.2956183401645111 37
1738677871267 0.09307379187700468 38
1738677871327 0.022275140838783177 39
1738677871390 0.00022584898200331914 40
1738677871450 0.0031947403988307277 41
1738677871512 0.0032110606847347333 42
1738677871575 0.08253576627244878 43
1738677871631 0.023270814133788332 44
1738677871691 0.006542086655888029 45
1738677871750 0.048706067576643794 46
1738677871810 0.1073844251629147 47
1738677871870 0.0045345687231971325 48
1738677871933 0.09557962272209984 49
1738677871992 0.008803037991527495 50
1738677872056 0.03483624989176468 51
1738677872116 0.006303904328592742 52
1738677872189 0.08916816827447596 53
1738677872253 0.0005827737150819684 54
1738677872315 0.09359358357370026 55
1738677872375 0.06417390618656169 56
1738677872442 0.19013498754047423 57
1738677872502 0.1284812390692299 58
1738677872561 0.22304712020377038 59
1738677872623 0.025534504533248428 60
1738677872680 0.009908615684420304 61
1738677872742 0.004574061749185856 62
1738677872797 0.004319295007929313 63
1738677872859 0.03934218044464153 64
1738677872929 0.0017163734311230268 65
1738677872994 0.02644202596016616 66
1738677873063 0.018108029460566638 67
1738677873123 0.0005975890049739228 68
1738677873181 0.014223154760948818 69
1738677873243 0.057120593805482074 70
1738677873309 0.002792242677456721 71
1738677873375 0.0048063380409849605 72
1738677873444 0.03073789560608561 73
1738677873502 0.1928718446037622 74
1738677873561 0.06244112828996212 75
1738677873626 0.2767387262041078 76
1738677873686 0.009494416641214243 77
1738677873753 0.08479053229513728 78
1738677873822 0.0048324773761147174 79
1738677873885 7.588255152780516e-08 80
1738677873948 0.13640411435309216 81
1738677874019 0.12495913032514296 82
1738677874081 0.16503411351882963 83
1738677874139 0.023518786198219455 84
1738677874200 0.07089405612346426 85
1738677874273 0.011177002990514386 86
1738677874334 0.03419367089742511 87
1738677874402 0.0691984220118302 88
1738677874463 0.021125868320949405 89
1738677874521 0.01873888473339348 90
1738677874599 0.0003224229239625719 91
1738677874669 0.32680436754572895 92
1738677874741 7.048368932877358e-05 93
1738677874804 0.12808864784439097 94
1738677874873 0.04474931788272177 95
1738677874935 0.2524305450217774 96
1738677874992 0.11364540198639184 97
1738677875054 0.1279917323995591 98
1738677875113 0.00039546466475825327 99
1738677875177 0.022712117724178776 100
1738677875241 0.004683634844632129 101
1738677875315 0.443180747781935 102
1738677875375 0.052235294400561384 103
1738677875437 0.04452919180177515 104
1738677875497 0.1553616321879593 105
1738677875558 0.12424528351049578 106
1738677875620 0.29972452482720147 107
1738677875682 0.46677050043891016 108
1738677875737 0.014885656906057223 109
1738677875799 0.020681744654771676 110
1738677875871 0.038612272876997214 111
1738677875940 0.02171594770657485 112
1738677875999 0.0016486114353990572 113
1738677876066 0.25151393649474574 114
1738677876128 0.3573214162191785 115
1738677876189 0.2918808512786152 116
1738677876249 0.07947901931494537 117
1738677876313 0.013349635536244072 118
1738677876374 0.00742176930139178 119
1738677876435 0.025782791465139863 120
1738677876503 0.027972427639373465 121
1738677876562 0.00035013171157013316 122
1738677876614 0.4852155346507166 123
1738677876675 0.062214297795559766 124
1738677876731 0.0013241756254272906 125
1738677876794 0.0028265253078237555 126
1738677876855 0.07540845119333033 127
1738677876918 0.10969837762774008 128
1738677876979 0.2790258013418947 129
1738677877037 0.010108871681543787 130
1738677877092 0.02385520463997092 131
1738677877153 0.0018834589716436548 132
1738677877218 0.0784976824185121 133
1738677877280 0.0005872308379442355 134
1738677877340 0.018578425095351337 135
1738677877402 0.4724437130842731 136
1738677877460 0.09121002004558863 137
1738677877524 0.013561389263391434 138
1738677877593 0.00802738606937008 139
1738677877657 0.002342923077335724 140
1738677877717 0.050419291093669646 141
1738677877779 0.04757413494391442 142
1738677877839 0.19880438696881295 143
1738677877899 0.11754446237524892 144
1738677877958 0.034351790082314725 145
1738677878024 0.19833699245921077 146
1738677878084 0.01873757540669094 147
1738677878148 0.034619036808222155 148
1738677878213 0.0010338339917264883 149
1738677878280 0.003723972325222065 150
1738677878348 0.041397026528659314 151
1738677878408 0.046521402171093816 152
1738677878471 0.07035411633038344 153
1738677878529 0.3108580155074199 154
1738677878594 0.0012183806833242314 155
1738677878655 0.038090919780614005 156
1738677878723 0.007962691631601612 157
1738677878781 0.1035994142429888 158
1738677878842 0.000653959121115174 159
1738677878898 0.010718234805681816 160
1738677878959 0.07771563797398003 161
1738677879020 0.11016086604032252 162
1738677879082 0.017140595243680085 163
1738677879144 0.34459341621148043 164
1738677879206 0.05525146477462176 165
1738677879263 0.0511571053425477 166
1738677879332 0.16643006506472013 167
1738677879400 0.0006767465077251312 168
1738677879457 0.07890547708593613 169
1738677879525 0.0005781140072210716 170
1738677879596 0.013696014969825664 171
1738677879660 0.005772419934758233 172
1738677879721 0.008156986071682712 173
1738677879786 0.33876433066783224 174
1738677879845 0.2150946955101796 175
1738677879908 5.770595310882522e-06 176
1738677879969 0.07684303535692927 177
1738677880032 0.04257894444803208 178
1738677880094 0.06818506168083945 179
1738677880154 0.004007341347328563 180
1738677880215 0.023047721370875494 181
1738677880276 0.04950399171685371 182
1738677880341 0.10338009036994779 183
1738677880405 9.772618190505048e-05 184
1738677880473 0.002893072886772284 185
1738677880540 0.0886815563222909 186
1738677880598 0.059759706673413945 187
1738677880663 0.0010620963266180328 188
1738677880722 0.0016439748914439422 189
1738677880784 0.057904047502748586 190
1738677880847 0.09759840576835661 191
1738677880910 0.5372376537888797 192
1738677880977 0.015347535678518494 193
1738677881035 0.0012897313744611356 194
1738677881094 0.09788138958689278 195
1738677881159 0.003878511701024144 196
1738677881221 0.006623856878411094 197
1738677881285 0.009254256627341775 198
1738677881349 0.03061526725327658 199
1738677881409 0.028364265219207967 200
1738677881466 0.06479015899833618 201
1738677881526 0.0033112444804288903 202
1738677881592 0.11488447801830597 203
1738677881650 0.14376838036108544 204
1738677881710 0.11372436012705617 205
1738677881773 0.053280904901034536 206
1738677881834 0.04944852624065568 207
1738677881896 0.020291058143267322 208
1738677881954 0.02561673702685655 209
1738677882010 0.20130339635222586 210
1738677882079 0.306963568564233 211
1738677882135 0.02046952367600652 212
1738677882194 0.14711266941240242 213
1738677882250 0.0006266179715127651 214
1738677882317 0.05462420448309828 215
1738677882369 0.0017082137804683717 216
1738677882426 0.015025221318525237 217
1738677882485 0.059386163811884 218
1738677882544 0.017991681433803124 219
1738677882605 0.34317475509478745 220
1738677882668 0.26985513910637543 221
1738677882728 0.2829649008123818 222
1738677882787 3.7079804156847315e-05 223
1738677882847 0.003106670251362839 224
1738677882907 0.597582995473387 225
1738677882982 0.027283243295750156 226
1738677883042 0.0032001448791272443 227
1738677883105 0.013445788542954341 228
1738677883161 0.06316302016287516 229
1738677883213 0.02784395038455302 230
1738677883271 0.011590322600153004 231
1738677883333 0.013728300202160973 232
1738677883404 0.05993081102011831 233
1738677883461 0.0014007661357773038 234
1738677883525 0.045459698529222804 235
1738677883587 0.0010082548496948014 236
1738677883644 0.13068030720521975 237
1738677883708 0.028175229377239933 238
1738677883773 0.001464938645520799 239
1738677883833 0.002231913576801623 240
1738677883893 0.00016765204270982506 241
1738677883956 0.2171646715883773 242
1738677884013 0.0644428988162951 243
1738677884073 0.005522524733963221 244
1738677884128 0.1293790170374218 245
1738677884196 0.08668031341146218 246
1738677884249 0.03595241068481417 247
1738677884310 0.2035648643821539 248
1738677884370 0.007185764619247714 249
1738677884426 0.0018166430573547778 250
1738677884483 0.030746230496735295 251
1738677884541 7.87053823911403e-05 252
1738677884607 0.03405192319766678 253
1738677884673 0.07046450506256863 254
1738677884726 0.03264320439247045 255
1738677884785 0.01809330911715471 256
1738677884845 0.013718501054587249 257
1738677884904 0.0019855245126401545 258
1738677884964 0.06709838639574676 259
1738677885025 0.012917245338313814 260
1738677885087 0.0749029651651443 261
1738677885142 0.0030177966620046994 262
1738677885211 0.05532130284898188 263
1738677885258 0.004262243933115003 264
1738677885316 0.07537177066175202 265
1738677885376 0.0015625011403444693 266
1738677885439 0.13035108792391298 267
1738677885501 0.016597012086576213 268
1738677885567 0.05366127177247634 269
1738677885671 0.0027532393452428037 270
1738677885730 0.13012446578996315 271
1738677885781 0.018521353863947602 272
1738677885841 0.0010844989578220588 273
1738677885903 0.0006721281960232427 274
1738677885965 0.08820534856459333 275
1738677886032 0.43000489094601624 276
1738677886090 0.00045170584993309027 277
1738677886146 0.1249788235129038 278
1738677886220 0.22040020610130942 279
1738677886278 0.001964839826969277 280
1738677886342 0.05690138017692223 281
1738677886399 0.02909742345201853 282
1738677886456 0.010070196391491969 283
1738677886515 0.009932556709623713 284
1738677886579 0.04833531916138208 285
1738677886624 0.009182293498891273 286
1738677886684 0.0009677597839461107 287
1738677886744 0.08247450327201346 288
1738677886803 0.004711157346471022 289
1738677886852 0.160943869006997 290
1738677886912 0.0005279491757338698 291
1738677886970 0.03375515425662935 292
1738677887026 0.1121946062855584 293
1738677887083 0.0017838076664224206 294
1738677887150 0.276219893058661 295
1738677887206 0.09330096761860888 296
1738677887255 0.09434369180547307 297
1738677887312 2.4623871034373892e-05 298
1738677887372 0.08687591628339768 299
1738677887428 0.05549486623197526 300
1738677887483 0.2853248774189279 301
1738677887537 0.04910540231017905 302
1738677887597 0.021066244971942427 303
1738677887657 0.17854397077789963 304
1738677887722 0.3070352433882211 305
1738677887794 0.005925568360328063 306
1738677887854 0.007052375937012992 307
1738677887912 0.11589603722302716 308
1738677887974 0.20569084826190856 309
1738677888027 0.04277066472147667 310
1738677888089 2.1677427876255724e-05 311
1738677888138 0.7110285393126334 312
1738677888194 0.060315019649346956 313
1738677888254 0.013962053419091347 314
1738677888303 0.3016819053395695 315
1738677888364 0.02404403378126531 316
1738677888426 0.006926141521697281 317
1738677888489 0.012282487521259914 318
1738677888547 0.012513902315485834 319
1738677888604 0.03423545205590979 320
1738677888663 0.013661707765206468 321
1738677888724 0.006057522631776205 322
1738677888784 0.818891691653479 323
1738677888840 0.0025204123276885886 324
1738677888901 0.0010964063050333567 325
1738677888959 0.04667714200971866 326
1738677889018 0.005232026307347843 327
1738677889063 6.78577269840515e-06 328
1738677889118 0.0009759170070179285 329
1738677889177 0.030023889043785005 330
1738677889236 0.24990282928319757 331
1738677889295 0.16326768756318621 332
1738677889355 0.12102357362432865 333
1738677889413 0.07414725512593268 334
1738677889472 0.034931792033160936 335
1738677889532 0.11016882287763706 336
1738677889594 0.06420927983591943 337
1738677889655 0.002170974415949191 338
1738677889717 0.025655688852331306 339
1738677889775 0.0042525103363194715 340
1738677889839 0.04327490316857493 341
1738677889897 0.05174134724463981 342
1738677889947 0.026023974907087834 343
1738677890005 0.26304181161411944 344
1738677890064 0.08756544365163907 345
1738677890122 0.04948698726993885 346
1738677890178 0.07980747715652259 347
1738677890237 0.06617982765713092 348
1738677890294 0.509181535602665 349
1738677890352 0.030636768214127384 350
1738677890413 0.039468712113888194 351
1738677890468 0.031403926644934556 352
1738677890525 0.07484195914839363 353
1738677890579 0.000905395749832406 354
1738677890633 0.06145969284466823 355
1738677890693 0.10658567028631284 356
1738677890753 0.04534415946763665 357
1738677890820 0.027288729894268678 358
1738677890876 0.12782766197870324 359
1738677890934 0.008101748900649597 360
1738677890997 0.06922436869093787 361
1738677891062 0.16544384293494677 362
1738677891128 0.07265078049440431 363
1738677891190 0.014860653791232869 364
1738677891248 0.07989071711753885 365
1738677891305 0.03022234793640396 366
1738677891365 0.002454015571661573 367
1738677891426 0.16126941614101573 368
1738677891549 0.0007337282895492568 369
1738677891640 0.2159401712958433 370
1738677891719 0.0007239624715083532 371
1738677891809 0.09339815940187501 372
1738677891878 0.00017211530162103915 373
1738677891931 0.0017670206915494624 374
1738677891988 0.05188161948065577 375
1738677892048 0.03177573157370931 376
1738677892111 0.0015145409549151324 377
1738677892192 0.009704834138588764 378
1738677892290 0.07726454310272424 379
1738677892345 0.2243168189180113 380
1738677892402 0.01746178423318711 381
1738677892464 0.2577359240949251 382
1738677892527 0.5159343525773433 383
1738677892586 0.009140802655747118 384
1738677892647 0.007432475321353972 385
1738677892709 0.08410669806893922 386
1738677892789 0.04244044141416974 387
1738677892849 0.0003229606696941949 388
1738677892905 0.13357294371868367 389
1738677892963 9.191861363180697e-05 390
1738677893023 0.013936089877252497 391
1738677893077 0.05626037950670044 392
1738677893137 0.0002599979509140976 393
1738677893193 0.01871633235946798 394
1738677893253 0.564836889790369 395
1738677893313 0.16969711891656647 396
1738677893372 0.059139600450799995 397
1738677893440 0.1447920927505191 398
1738677893497 0.0014056570106703945 399
1738677893567 0.04538731868222622 400
1738677893635 0.0021397722200654588 401
1738677893695 0.003605256088381089 402
1738677893755 0.041494456457958094 403
1738677893814 0.0024858722745879558 404
1738677893872 0.00015557038043271406 405
1738677893927 0.004747786609653407 406
1738677893982 0.004422286022087817 407
1738677894035 0.014021158591539651 408
1738677894093 0.01734503816379637 409
1738677894153 0.2007965304081406 410
1738677894211 0.0021312801944583654 411
1738677894269 0.01069751087743221 412
1738677894329 0.04258397326253437 413
1738677894388 0.04201077051972556 414
1738677894448 0.10890195052833854 415
1738677894504 0.02178248742180567 416
1738677894565 0.055497185685141504 417
1738677894631 0.00042026842375704986 418
1738677894692 0.03620469326505837 419
1738677894751 0.08876816737908423 420
1738677894811 0.05690274487169348 421
1738677894870 0.6118655843988514 422
1738677894938 0.01102691228193892 423
1738677894999 0.002204490668601038 424
1738677895048 0.04190289076004629 425
1738677895108 0.3674374854769434 426
1738677895169 0.014373361466573448 427
1738677895231 0.03565021273022205 428
1738677895290 0.04925646357193251 429
1738677895348 0.1946673227633931 430
1738677895412 0.000598924800000902 431
1738677895468 0.17835105797464898 432
1738677895526 0.03463804183138048 433
1738677895592 0.030885383907831496 434
1738677895654 0.1144352560425062 435
1738677895711 0.03724965782990046 436
1738677895770 0.03758786227663544 437
1738677895837 0.0007980521356290278 438
1738677895892 0.05812587575509233 439
1738677895952 0.0008797620362165029 440
1738677896015 0.02444952475361396 441
1738677896077 0.012140090321750353 442
1738677896136 0.0011413060597117615 443
1738677896198 0.1193947568696509 444
1738677896258 0.1414029682673926 445
1738677896313 0.05311593123684917 446
1738677896397 0.010434643806308116 447
1738677896456 0.06468395653445463 448
1738677896556 0.005278053751493588 449
1738677896621 0.11534197521968255 450
1738677896686 0.0031391256163750287 451
1738677896750 0.045746000675461786 452
1738677896807 0.14684885423405686 453
1738677896866 0.006271767586412211 454
1738677896925 0.07309607333355708 455
1738677896994 0.03692068609310335 456
1738677897054 0.005696436158472455 457
1738677897112 0.03529187354463595 458
1738677897170 0.023445808731087585 459
1738677897231 0.3656436998911219 460
1738677897290 0.04506449439149931 461
1738677897348 0.05967229056871594 462
1738677897412 0.2404285362032177 463
1738677897472 0.04314041175623576 464
1738677897529 0.049230586728300864 465
1738677897586 0.11218914550370403 466
1738677897646 0.002323411523260821 467
1738677897713 0.0014817193027558966 468
1738677897773 1.2794351358288713e-05 469
1738677897832 0.10557441907522436 470
1738677897890 0.004130595445502547 471
1738677897944 0.08166441319326037 472
1738677898004 0.022630347597983835 473
1738677898066 1.502110057590248 474
1738677898112 0.021995473587918812 475
1738677898171 0.0004755970945937471 476
1738677898225 0.06723957133915887 477
1738677898287 0.005252596488391546 478
1738677898341 0.13047798686262124 479
1738677898398 0.13648939701282034 480
1738677898458 0.061865489390282156 481
1738677898520 0.005447035040222806 482
1738677898582 0.0037150948050099354 483
1738677898643 0.00020729660548425409 484
1738677898701 0.00458548795751278 485
1738677898770 0.004130223959306672 486
1738677898823 8.964857263351989e-05 487
1738677898888 0.0054286595248901415 488
1738677898947 0.12274747700743 489
1738677899009 0.029545578534144402 490
1738677899061 0.07311538347735115 491
1738677899115 0.009383520923789183 492
1738677899173 0.007349438769119958 493
1738677899232 0.3772852226186833 494
1738677899291 0.016348315355194626 495
1738677899347 0.0023763027726970086 496
1738677899397 0.005857892373300461 497
1738677899453 0.0930896950078709 498
1738677899508 0.0020964112099701475 499
