1738825604410 177.51424271163506 0
1738825604449 157.02837178310025 1
1738825604488 180.82027406253576 2
1738825604527 164.69727793503674 3
1738825604565 172.18315663378002 4
1738825604641 169.2009476700361 5
1738825604681 163.99223446959536 6
1738825604723 162.91468881316385 7
1738825604763 177.413238122496 8
1738825604804 150.01374103587193 9
1738825604846 170.29020580705546 10
1738825604886 244.85407067778016 11
1738825604926 193.48141611250804 12
1738825604966 175.1979988426254 13
1738825605006 180.12205536223055 14
1738825605046 205.84637840107368 15
1738825605086 167.9110693173436 16
1738825605125 162.09605801451792 17
1738825605166 136.76317590367807 18
1738825605206 156.9926101041338 19
1738825605246 156.37164710323975 20
1738825605285 172.44163673458672 21
1738825605325 153.06020557902937 22
1738825605363 155.43117632461733 23
1738825605403 196.8448088318023 24
1738825605441 177.84251154316013 25
1738825605479 158.92535923776202 26
1738825605517 164.87157738821534 27
1738825605555 181.00350161639477 28
1738825605592 166.1031570369359 29
1738825605631 149.99273085981847 30
1738825605669 177.89502887680342 31
1738825605706 157.52467445160076 32
1738825605744 201.3663376466658 33
1738825605782 171.71710662680465 34
1738825605820 181.20074427621606 35
1738825605858 149.9095825895433 36
1738825605897 194.1131620779938 37
1738825605935 156.65120769670781 38
1738825605974 167.33383321999904 39
1738825606012 161.88194759298582 40
1738825606051 178.70263004452258 41
1738825606090 169.72577098806173 42
1738825606129 169.28953296773327 43
1738825606167 169.06628735991546 44
1738825606206 170.1296349999582 45
1738825606244 198.1749098811593 46
1738825606282 163.50621507528322 47
1738825606320 167.31087718889273 48
1738825606358 178.85542099488222 49
1738825606396 141.06783755444036 50
1738825606433 185.72079749787383 51
1738825606471 196.27690750308514 52
1738825606509 162.9738966311264 53
1738825606547 162.54185789602326 54
1738825606585 141.11710206739 55
1738825606625 148.09394006510882 56
1738825606663 149.70943990587236 57
1738825606700 191.83426938446888 58
1738825606738 177.2096938570581 59
1738825606775 177.5463084672481 60
1738825606813 204.73071168805666 61
1738825606851 175.82432815704834 62
1738825606889 194.7957338213938 63
1738825606927 153.44404216302897 64
1738825606965 177.47573120097397 65
1738825607003 196.96000956502678 66
1738825607040 161.98468921129492 67
1738825607078 137.69319943123904 68
1738825607116 180.6916011904748 69
1738825607153 167.3927133414023 70
1738825607194 170.14973403448047 71
1738825607233 149.08795019386858 72
1738825607272 169.15420717644153 73
1738825607312 136.29403901908114 74
1738825607350 155.3682669043273 75
1738825607394 168.77723567760617 76
1738825607432 179.6786756189291 77
1738825607470 146.07342797898346 78
1738825607509 159.76540354760002 79
1738825607547 154.94545531680288 80
1738825607584 176.04148604813278 81
1738825607623 155.91878466705052 82
1738825607660 173.16475021213608 83
1738825607698 175.8477331289521 84
1738825607736 170.6626741242697 85
1738825607775 153.5358187576956 86
1738825607814 160.87861486499182 87
1738825607851 188.80443834187975 88
1738825607889 169.40719629870568 89
1738825607927 163.9138025616997 90
1738825607965 179.52608670765642 91
1738825608002 178.59155737555614 92
1738825608040 141.606014043871 93
1738825608078 157.11114698224878 94
1738825608116 179.14256362259744 95
1738825608153 160.07470838340092 96
1738825608193 192.16142580197052 97
1738825608231 173.3354614655738 98
1738825608269 175.18777076521906 99
1738825608308 152.67493154840798 100
1738825608346 186.39995580274987 101
1738825608384 168.64060339044738 102
1738825608422 162.05446388274214 103
1738825608460 158.60366465892002 104
1738825608498 163.62460041847308 105
1738825608536 155.4775898518106 106
1738825608574 165.77828194769467 107
1738825608612 177.57520527049832 108
1738825608650 172.7670768186376 109
1738825608688 170.56684548770508 110
1738825608725 152.36449264177014 111
1738825608763 159.07042295268252 112
1738825608802 177.96131108005326 113
1738825608841 154.91057438200727 114
1738825608880 177.383649397363 115
1738825608917 160.7522800589765 116
1738825608955 155.6283561207304 117
1738825608993 167.37543328273122 118
1738825609031 152.86823843887268 119
1738825609069 188.00283874474104 120
1738825609107 169.84070492784636 121
1738825609144 170.16806566899737 122
1738825609183 171.05723311951408 123
1738825609220 181.71013146032533 124
1738825609259 162.12299552579194 125
1738825609305 170.87960272305185 126
1738825609346 169.7843890419007 127
1738825609384 173.95919637347566 128
1738825609425 177.29914423786875 129
1738825609465 161.98103049553725 130
1738825609504 187.1121862633124 131
1738825609542 172.85835150896816 132
1738825609581 181.28323413450457 133
1738825609619 167.19432126005034 134
1738825609658 198.91562700792403 135
1738825609696 162.45476803880794 136
1738825609734 174.44494943382293 137
1738825609772 198.22559628271955 138
1738825609811 176.4155025031844 139
1738825609849 172.63641734980177 140
1738825609887 161.39557844942655 141
1738825609925 181.93129700151943 142
1738825609963 152.33743316520219 143
1738825610001 168.72220382275518 144
1738825610039 171.26317615073322 145
1738825610077 158.46826102022783 146
1738825610116 186.28778090809683 147
1738825610154 171.53253118726732 148
1738825610192 175.03388256765243 149
1738825610231 177.21351894128918 150
1738825610271 161.16075037222308 151
1738825610311 158.87542160539957 152
1738825610350 185.34547649740065 153
1738825610389 142.11235662445148 154
1738825610427 217.55182876415404 155
1738825610466 179.1940845776916 156
1738825610504 168.9324822362268 157
1738825610542 184.29685887398043 158
1738825610580 175.7758907647588 159
1738825610618 179.22488271657195 160
1738825610655 168.35566987154166 161
1738825610693 166.4331202786968 162
1738825610733 158.88719129119622 163
1738825610772 158.3642494552542 164
1738825610810 167.29325128069658 165
1738825610849 176.32910414568715 166
1738825610887 208.57711047259164 167
1738825610982 206.71997311457108 168
1738825611026 176.90857089501205 169
1738825611067 202.61217263254736 170
1738825611109 179.58346426076656 171
1738825611150 157.87683507039986 172
1738825611190 170.0317036394991 173
1738825611229 154.05042213743118 174
1738825611269 172.25666654237966 175
1738825611308 163.600705369887 176
1738825611349 163.6975000139155 177
1738825611390 171.89303026548265 178
1738825611431 234.8785968295196 179
1738825611472 178.8029923344223 180
1738825611512 165.19129552163798 181
1738825611553 205.6112749264835 182
1738825611592 150.06529325410838 183
1738825611632 164.29688306993222 184
1738825611672 164.3952759985749 185
1738825611712 180.95164639870487 186
1738825611751 157.22360829578767 187
1738825611789 193.7969605772351 188
1738825611828 181.9435551066176 189
1738825611868 174.39878852850867 190
1738825611908 166.76993305734183 191
1738825611948 163.79712615567735 192
1738825611988 178.33049744382186 193
1738825612028 165.34340451180884 194
1738825612071 170.50833821185282 195
1738825612113 167.094735129739 196
1738825612156 161.76234338624167 197
1738825612198 196.66885744667988 198
1738825612238 170.82679245781137 199
1738825612279 169.3354755553189 200
1738825612318 167.52087892503604 201
1738825612357 166.5648250444901 202
1738825612396 152.08051252332118 203
1738825612434 212.18179373507056 204
1738825612472 163.74496836179563 205
1738825612511 174.32351189028614 206
1738825612552 149.25907373389606 207
1738825612592 160.3854840152979 208
1738825612633 174.494608147554 209
1738825612672 153.06528556238467 210
1738825612710 185.813298622709 211
1738825612748 161.9799355798856 212
1738825612787 156.11679309006058 213
1738825612827 185.35940056776647 214
1738825612868 164.4753990779285 215
1738825612909 175.9509499352378 216
1738825612949 141.64791508716357 217
1738825612990 151.7822625591216 218
1738825613030 169.8127016338003 219
1738825613069 169.87841402082634 220
1738825613109 156.06722584377044 221
1738825613149 175.75209133207602 222
1738825613188 171.83682484780888 223
1738825613228 164.35927170450327 224
1738825613267 142.48052817644677 225
1738825613308 161.19117357116087 226
1738825613348 160.58854416373111 227
1738825613389 162.90996709280336 228
1738825613428 144.034487984757 229
1738825613467 161.9423459933685 230
1738825613505 164.7467272965771 231
1738825613544 181.25389437688605 232
1738825613584 180.4879775454896 233
1738825613623 180.38530380745772 234
1738825613663 154.88477127181082 235
