1738679310257 172.18006386368108 0
1738679310265 167.80086514157156 1
1738679310271 169.8382397193129 2
1738679310278 168.34323841650013 3
1738679310284 168.86428791594014 4
1738679310290 167.67669074915264 5
1738679310296 167.53367357655856 6
1738679310303 172.18333561930146 7
1738679310309 166.97438403195503 8
1738679310315 168.28431429804945 9
1738679310322 169.6081703610249 10
1738679310329 169.76214904243284 11
1738679310335 169.16258892839195 12
1738679310341 168.1654669584917 13
1738679310347 166.62748481537983 14
1738679310354 169.13817102814738 15
1738679310360 171.12711694270243 16
1738679310366 167.83710802302204 17
1738679310372 168.72212704587426 18
1738679310378 171.74094644151418 19
1738679310384 166.774010978226 20
1738679310390 171.4951505434971 21
1738679310396 168.47580282235816 22
1738679310403 169.08122386975458 23
1738679310409 170.11103349816293 24
1738679310417 170.5335795698239 25
1738679310424 169.3395102403049 26
1738679310431 168.75574280107548 27
1738679310437 170.24196517876183 28
1738679310444 169.3981470312875 29
1738679310450 167.7304081967589 30
1738679310457 166.89330368295046 31
1738679310464 171.66450126707886 32
1738679310472 167.87358186889512 33
1738679310479 165.86373967250867 34
1738679310486 167.23611782632068 35
1738679310493 170.89255371420265 36
1738679310501 168.38541334329832 37
1738679310508 165.68949455541994 38
1738679310516 169.81207035480037 39
1738679310522 167.63478953931374 40
1738679310529 170.85080042125176 41
1738679310536 168.7969913154694 42
1738679310543 167.89117754510247 43
1738679310549 168.55005676829023 44
1738679310556 173.66519060303546 45
1738679310563 168.20294104169588 46
1738679310569 170.0611066346412 47
1738679310575 166.46117216504538 48
1738679310581 170.00526060316048 49
1738679310587 171.4422033988744 50
1738679310593 169.74100308484327 51
1738679310600 166.71345823403638 52
1738679310606 169.91851859779132 53
1738679310613 169.85896010489088 54
1738679310620 169.7657314566083 55
1738679310626 168.54844495813836 56
1738679310633 168.9654687383776 57
1738679310639 171.24593304894756 58
1738679310646 170.21609616447805 59
1738679310652 169.528292768007 60
1738679310658 171.57995560189914 61
1738679310665 169.3399476995023 62
1738679310671 168.6290705759849 63
1738679310678 167.78419607247918 64
1738679310684 167.0073996868881 65
1738679310691 166.22119917727858 66
1738679310697 167.51313445577784 67
1738679310704 167.66299314483916 68
1738679310710 167.59786381428503 69
1738679310717 167.4714573852274 70
1738679310724 168.9281797986737 71
1738679310730 169.53661570140375 72
1738679310737 168.89213266663955 73
1738679310743 169.25498473667278 74
1738679310750 170.06118845807762 75
1738679310756 168.20559553708873 76
1738679310762 170.07732089791807 77
1738679310769 168.44415546687154 78
1738679310775 169.00168096377283 79
1738679310781 167.27188720534858 80
1738679310787 169.5969848136856 81
1738679310793 169.01769420552822 82
1738679310800 167.10520457626367 83
1738679310806 168.60099200945166 84
1738679310812 169.19261342880142 85
1738679310819 169.52244060560176 86
1738679310825 169.50119334062555 87
1738679310832 169.16109053188208 88
1738679310838 172.1016860873353 89
1738679310844 168.48917174696973 90
1738679310851 165.7807559633598 91
