1738680068425 169.6610707539996 0
1738680068446 169.63467949014125 1
1738680068468 169.609263443142 2
1738680068485 169.584783490976 3
1738680068507 169.56120212987824 4
1738680068523 169.5384834066665 5
1738680068544 169.51659285390647 6
1738680068560 169.49549742779763 7
1738680068576 169.4751654486677 8
1738680068592 169.45556654396484 9
1738680068615 169.43667159364273 10
1738680068672 169.41845267783856 11
1738680068694 169.4008830267463 12
1738680068715 169.3839369725941 13
1738680068745 169.36758990363708 14
1738680068786 169.35181822007996 15
1738680068820 169.33659929184984 16
1738680068836 169.3219114181399 17
1738680068858 169.30773378865064 18
1738680068874 169.29404644645672 19
1738680068890 169.28083025243117 20
1738680068905 169.268066851162 21
1738680068923 169.25573863829734 22
1738680068942 169.24382872926046 23
1738680068963 169.23232092927603 24
1738680068979 169.22119970465312 25
1738680068998 169.21045015527187 26
1738680069014 169.20005798822302 27
1738680069033 169.19000949255252 28
1738680069051 169.18029151506428 29
1738680069067 169.17089143713628 30
1738680069087 169.1617971525088 31
1738680069103 169.15299704600199 32
1738680069118 169.14447997312539 33
1738680069137 169.13623524054128 34
1738680069154 169.12825258734574 35
1738680069170 169.12052216713357 36
1738680069186 169.11303453081374 37
1738680069201 169.1057806101443 38
