1738823965031 169.4806387665546 0
1738823965053 169.46138600297846 1
1738823965073 169.44624431068053 2
1738823965093 169.43152796132645 3
1738823965113 169.41722317752152 4
1738823965131 169.4033166729515 5
1738823965147 169.38979563384544 6
1738823965162 169.3766477011614 7
1738823965176 169.36386095346532 8
1738823965192 169.35142389047664 9
1738823965208 169.339325417253 10
1738823965234 169.32755482899017 11
1738823965249 169.31610179641177 12
1738823965264 169.3049563517258 13
1738823965278 169.29410887512566 14
1738823965293 169.28355008181444 15
1738823965306 169.27327100953065 16
1738823965318 169.2632630065572 17
1738823965333 169.25351772019326 18
1738823965349 169.24402708567143 19
1738823965362 169.23478331550234 20
1738823965374 169.22577888922999 21
1738823965393 169.21700654358168 22
1738823965408 169.20845926299668 23
1738823965425 169.2001302705194 24
1738823965443 169.19201301904164 25
1738823965458 169.18410118288148 26
1738823965470 169.17638864968444 27
1738823965485 169.16886951263527 28
1738823965502 169.161538062967 29
1738823965518 169.1543887827568 30
1738823965534 169.14741633799645 31
1738823965551 169.1406155719274 32
1738823965566 169.13398149862945 33
1738823965585 169.12750929685333 34
1738823965599 169.12119430408782 35
1738823965617 169.11503201085227 36
1738823965630 169.10901805520496 37
1738823965642 169.10314821746005 38
1738823965655 169.09741841510413 39
1738823965667 169.09182469790474 40
1738823965679 169.0863632432037 41
1738823965692 169.08103035138745 42
1738823965704 169.07582244152846 43
1738823965717 169.07073604718974 44
1738823965730 169.0657678123877 45
1738823965743 169.06091448770536 46
1738823965755 169.05617292655216 47
