1738824644595 171.16503657945896 0
1738824644602 167.37362833279838 1
1738824644612 171.540261097535 2
1738824644618 173.16684137149196 3
1738824644625 171.69706784459112 4
1738824644632 161.36456481900706 5
1738824644639 173.35794638919472 6
1738824644646 166.18191241135816 7
1738824644655 170.7798151862929 8
1738824644662 169.95512807974788 9
1738824644669 170.67931679390102 10
1738824644676 173.996026919942 11
1738824644683 167.78109839240898 12
1738824644691 170.78634351462978 13
1738824644697 168.5715542903213 14
1738824644704 175.46836926383543 15
1738824644711 172.87491258202925 16
1738824644718 162.5321948470125 17
1738824644724 172.63481563963703 18
1738824644731 168.02794305713456 19
1738824644737 171.8211069367743 20
1738824644744 166.30406568471213 21
1738824644750 168.1939163564897 22
1738824644756 165.99766647044459 23
1738824644762 170.14645933282225 24
1738824644768 169.6717584415684 25
1738824644774 171.99304779158473 26
1738824644779 168.29916830238136 27
1738824644786 169.00302666878324 28
1738824644793 170.03491083464598 29
1738824644799 167.1744032928903 30
1738824644807 172.22333681256734 31
1738824644813 171.36742952876742 32
1738824644820 169.3219314945925 33
1738824644826 167.6100177188507 34
1738824644832 166.93024793186055 35
1738824644839 167.34859913389135 36
1738824644845 168.59280005253723 37
1738824644852 170.3111644253375 38
1738824644858 166.38699716153454 39
1738824644864 168.76690530527475 40
1738824644871 171.78342317407433 41
1738824644877 169.6521102734632 42
1738824644883 169.58815260756518 43
1738824644890 170.50772563808118 44
1738824644897 169.17406536456483 45
1738824644903 167.84106751406222 46
1738824644910 171.0600685247938 47
1738824644916 171.19025585126516 48
1738824644922 166.32395706543284 49
1738824644929 168.53555586917574 50
1738824644936 171.47752546425977 51
1738824644943 170.33773262832682 52
1738824644950 173.15950441764642 53
1738824644957 168.21045745920202 54
1738824644964 171.241572791449 55
1738824644972 169.29443662170308 56
1738824644980 172.45582826107582 57
1738824644986 168.584331208536 58
1738824644993 166.97589586525086 59
1738824644999 167.34321058481785 60
1738824645005 171.20582233297358 61
1738824645011 167.81799379644016 62
1738824645017 168.67558407813232 63
1738824645024 170.34663154770104 64
1738824645029 165.64769588983998 65
1738824645035 170.49855139690797 66
1738824645041 168.18347393518516 67
1738824645047 169.04894160195053 68
1738824645056 170.24381648664513 69
1738824645062 164.62226812906943 70
1738824645068 168.701577258795 71
1738824645075 175.07887166480438 72
1738824645081 168.63575589957466 73
1738824645087 167.74642977782173 74
1738824645094 168.2558017035135 75
1738824645099 168.63532944753553 76
1738824645106 168.55919699779278 77
1738824645112 167.17314245770004 78
1738824645118 165.0953573133182 79
1738824645124 172.76127802916295 80
1738824645130 168.3924792218836 81
1738824645136 171.14317718550453 82
1738824645143 167.71001224344593 83
