1738825190466 166.47085213851736 0
1738825190474 170.5595260703103 1
1738825190481 168.968854187222 2
1738825190487 170.15875598160991 3
1738825190494 172.8322306218714 4
1738825190501 164.96518133472642 5
1738825190507 170.04362485806897 6
1738825190514 168.83050045639834 7
1738825190520 170.08271051361072 8
1738825190527 170.10819051569757 9
1738825190533 170.24237956605782 10
1738825190540 168.1773777810587 11
1738825190546 169.59496560817996 12
1738825190553 168.2955695639279 13
1738825190559 169.69042246342033 14
1738825190566 169.16799880959508 15
1738825190572 170.1073116802102 16
1738825190579 168.96175475256868 17
1738825190586 169.0581258189823 18
1738825190592 168.70156821084404 19
1738825190599 169.78857890570362 20
1738825190606 168.27822276521502 21
1738825190613 170.468325013617 22
1738825190619 166.4228008681212 23
1738825190626 168.53042233326067 24
1738825190633 168.16153026303067 25
1738825190639 168.63391286175545 26
1738825190646 166.20151088388235 27
1738825190653 168.25387206467548 28
1738825190660 168.48841590972145 29
1738825190667 167.09316321948148 30
1738825190674 167.32087566249234 31
1738825190682 169.44714129686446 32
1738825190690 169.03515952328206 33
1738825190697 168.26592318930557 34
1738825190704 169.08925684190513 35
1738825190711 169.70579157808302 36
1738825190718 169.7882172288797 37
1738825190725 168.7480749227928 38
1738825190732 167.9704772601755 39
1738825190738 168.87555272332588 40
1738825190745 170.64727995745653 41
1738825190751 169.2097049885141 42
1738825190759 167.9580567079889 43
1738825190766 166.09929422351507 44
1738825190772 170.04368520734124 45
1738825190779 167.51182980824157 46
1738825190786 168.64746897845623 47
