1738678626414 13.058671808810836 0
1738678626475 0.6470868131675632 1
1738678626545 32.07332817494303 2
1738678626621 0.9591188838705449 3
1738678626687 0.001117386144594995 4
1738678626758 4.811385214461129 5
1738678626830 0.20977542144701844 6
1738678626900 0.36827198870571093 7
1738678626979 0.7499340092964785 8
1738678627048 0.12043390172380544 9
1738678627114 0.326884259289338 10
1738678627186 0.5492814429454284 11
1738678627258 0.2432398746645894 12
1738678627331 0.05896032758099745 13
1738678627409 0.10475315129630786 14
1738678627477 0.013729190059915217 15
1738678627557 0.0570003838010703 16
1738678627627 0.5849129558590762 17
1738678627704 0.17513333918849244 18
1738678627788 0.0303622604845864 19
1738678627855 0.0007052687580470053 20
1738678627921 0.001922063757852394 21
1738678627999 0.33383071186647734 22
1738678628054 0.031862888120343553 23
1738678628115 0.06192691677215709 24
1738678628174 0.004075069890246387 25
1738678628235 0.0005546757984585787 26
1738678628309 3.904984531781325e-06 27
1738678628372 0.025386621681312036 28
1738678628430 8.998815331308592e-05 29
1738678628499 0.1562625455067812 30
1738678628567 0.019758087624269467 31
1738678628650 0.08474942498386165 32
1738678628727 7.918262881645126e-05 33
1738678628799 0.09545708080681048 34
1738678628869 0.3249532750020385 35
1738678628944 0.008735271383179461 36
1738678629018 0.433347836150944 37
1738678629082 0.2750405831906854 38
1738678629162 0.09748121820624935 39
1738678629230 0.006216493201433485 40
1738678629294 9.163774157312123e-05 41
1738678629365 0.038089060188346985 42
1738678629436 0.05615895431640466 43
1738678629503 0.15754395395742427 44
1738678629577 0.004836408371677913 45
1738678629660 0.09556946426737101 46
1738678629732 0.006528938186616958 47
1738678629800 0.21214334756286182 48
1738678629870 0.04922417402666785 49
1738678629943 0.004140630843254089 50
1738678630015 0.16412349549938582 51
1738678630088 0.002404383056387418 52
1738678630162 0.10794955589955593 53
1738678630234 0.031236821332164794 54
1738678630305 0.0076974995479805386 55
1738678630382 0.03698578966996762 56
1738678630449 0.0028199913956248176 57
1738678630541 0.13691295187187433 58
1738678630625 0.14201318456113216 59
1738678630699 0.0891610621816303 60
1738678630771 0.0909711659564532 61
1738678630839 0.0764468461947038 62
1738678630909 0.22912986626212203 63
1738678630985 0.049138969712553285 64
1738678631051 0.4199585343681268 65
1738678631126 0.020856693651053776 66
1738678631195 0.13229034134867723 67
1738678631264 0.028229320837564194 68
1738678631333 0.002137715651436967 69
1738678631419 0.027463808979477176 70
1738678631515 0.005860013663778346 71
1738678631585 0.015959902685801306 72
1738678631659 0.21606591958840032 73
1738678631728 0.1326322082082002 74
1738678631799 0.07244441833154905 75
1738678631873 0.09586066645374872 76
1738678631947 0.16192643504601706 77
1738678632017 0.03850888266131079 78
1738678632082 0.3585140076198757 79
1738678632144 0.02939445142795531 80
1738678632217 0.005346923851945779 81
1738678632288 0.09222892650134701 82
1738678632357 1.3482979419205365 83
1738678632436 0.0012715054283984292 84
1738678632510 0.10642778023626584 85
1738678632585 0.0015296117127890998 86
1738678632654 0.12429759855281164 87
1738678632720 1.4821702790513408e-05 88
1738678632791 0.09593516552574238 89
1738678632859 0.10102942021116047 90
1738678632925 0.021459090503025448 91
1738678633003 0.2883737914449372 92
1738678633067 0.00537337016830556 93
1738678633139 0.00024301495710788047 94
1738678633216 0.02172193137398734 95
1738678633286 0.024914501763738835 96
1738678633362 0.05126818267562806 97
1738678633427 0.02891369967960858 98
1738678633500 0.07716923978425995 99
1738678633564 0.03977652180966776 100
1738678633634 0.07284833330880802 101
1738678633702 0.01696508164649235 102
1738678633766 0.007423050669095998 103
1738678633821 0.0006233084416348729 104
1738678633897 0.2640772228948769 105
1738678633965 0.0015801838410023053 106
1738678634049 0.022059512640714946 107
1738678634122 0.0516937638533968 108
1738678634191 0.06139095055972427 109
1738678634252 0.0002977380997890103 110
1738678634321 0.0014298351698568607 111
1738678634386 0.041906536571081204 112
1738678634464 0.11129091626610428 113
1738678634528 0.0012255235643546692 114
1738678634587 0.013278134308782425 115
1738678634647 0.11371557621349154 116
1738678634720 0.019290055558460355 117
1738678634799 0.12972973238740676 118
1738678634874 0.04484692333425616 119
1738678634949 0.03401844270772569 120
1738678635028 0.026623300583525553 121
1738678635093 0.1274304171137993 122
1738678635179 0.21098889776703192 123
1738678635237 0.006442379012949319 124
1738678635315 7.509561085817811e-05 125
1738678635389 0.019902941723631468 126
1738678635455 0.031515982803451456 127
1738678635538 0.037425353170910176 128
1738678635622 0.015738953751597732 129
1738678635692 0.6834519529928373 130
1738678635760 0.040424576890049406 131
1738678635830 0.002106358720292694 132
1738678635902 0.2531372159710855 133
1738678635972 0.02384050328234793 134
1738678636035 0.08870260151310841 135
1738678636105 0.06735902321651621 136
1738678636176 0.11476675427353361 137
1738678636247 0.001788765246481232 138
1738678636318 0.002924164979843798 139
1738678636380 0.09804440958498258 140
1738678636442 0.02898061993139465 141
1738678636502 0.1314125683844386 142
1738678636564 0.007840075804124894 143
1738678636630 0.04097392515437959 144
1738678636710 0.0015677625483680408 145
1738678636784 0.028731627594640326 146
1738678636850 0.13990076568017087 147
1738678636916 0.0012712142406072528 148
1738678636986 0.3054362041602535 149
1738678637051 0.015905650373605994 150
1738678637124 0.020650290137634107 151
1738678637191 0.2071555734315236 152
1738678637261 0.0003810464232420989 153
1738678637331 0.11475547662597325 154
1738678637391 0.014806834725354458 155
1738678637463 0.1265043361913261 156
1738678637536 0.0030261968157074713 157
1738678637604 0.006923963823567695 158
1738678637673 0.11780651623079652 159
1738678637756 0.04398738987695 160
1738678637824 0.03601327047516603 161
1738678637887 0.36230188365604643 162
1738678637955 0.05686859656512746 163
1738678638021 0.06766390238161302 164
1738678638088 0.07968402435454139 165
1738678638164 0.011924304687223193 166
1738678638229 0.05531476133137079 167
1738678638302 6.49303068092465e-05 168
1738678638378 0.008302058656505499 169
1738678638450 0.02592358027962349 170
1738678638520 0.3344265807736737 171
1738678638585 0.00022647277812273765 172
1738678638647 0.0008031326837217119 173
1738678638711 0.07174901229812211 174
1738678638784 0.44603004957096637 175
1738678638846 0.03561100512347373 176
1738678638906 0.0050646562883091785 177
1738678638978 0.01035746505975328 178
1738678639050 0.011317281176193301 179
1738678639121 0.09664846335896035 180
1738678639191 0.024852805768437562 181
1738678639261 0.018677703078134152 182
1738678639329 1.3845303955326718 183
1738678639423 0.1638369087865413 184
1738678639491 0.0157494093372956 185
1738678639564 0.36901848070499466 186
1738678639638 0.00036438245071823515 187
1738678639707 0.014317183708648009 188
1738678639789 0.0001136585797402765 189
1738678639849 0.002880801754985294 190
1738678639915 0.07291488294411813 191
1738678639983 0.04930485176039111 192
1738678640043 0.07949279392863574 193
1738678640105 0.00017006504043590439 194
1738678640181 0.008430321633687511 195
1738678640232 0.05290589004089044 196
1738678640306 0.07931602859393354 197
1738678640388 0.011452236015151582 198
1738678640462 0.06783793883008135 199
1738678640534 0.05341082534610949 200
1738678640599 0.06397531316067269 201
1738678640673 0.01332373662111314 202
1738678640753 0.002381269028004492 203
1738678640820 0.04485398857898724 204
1738678640889 0.00046900300240796506 205
1738678640965 0.0030703200484623818 206
1738678641037 0.051258333079726597 207
1738678641104 0.010809182645642765 208
1738678641169 0.14307661474805322 209
1738678641227 0.011236793658701852 210
1738678641287 0.23119359322740973 211
1738678641344 0.042110736122325715 212
1738678641413 0.032053528083641376 213
1738678641484 0.00345480550145974 214
1738678641568 0.003936583169739207 215
1738678641646 0.00174052110154647 216
1738678641712 0.21056596010143083 217
1738678641786 0.0011159895693058045 218
1738678641861 0.0024903467878764625 219
1738678641933 0.020142561432353597 220
1738678642015 0.0006331595316369257 221
1738678642089 0.00036591601441563994 222
1738678642160 0.11265054299527653 223
1738678642231 0.0666947160336933 224
1738678642314 0.0329423619087884 225
1738678642388 0.9311571318882504 226
1738678642458 0.04308156929560873 227
1738678642536 0.656568717048537 228
1738678642612 0.03238865768236878 229
1738678642677 0.48241370023983315 230
1738678642746 0.00014141483432063246 231
1738678642814 0.3765837216736207 232
1738678642887 0.014180127574141608 233
1738678642950 0.0018888547439256688 234
1738678643020 0.1512815242641408 235
1738678643085 0.03909980996553315 236
1738678643163 0.20239224535156408 237
1738678643232 0.0003676218173747166 238
1738678643296 2.301981508048461e-06 239
1738678643364 0.010497498964364128 240
1738678643436 0.0019569158199030942 241
1738678643512 0.017701114523902006 242
1738678643573 0.02563437444350357 243
1738678643645 0.014877524205662287 244
1738678643709 0.02401729099796054 245
1738678643783 0.000316144278073454 246
1738678643854 0.10432623459926907 247
1738678643929 0.034484116088606194 248
1738678644002 0.46108939410310557 249
1738678644080 0.0018784652202311612 250
1738678644148 0.011136799240301478 251
1738678644211 0.00047683652096716124 252
1738678644281 0.013060794110825162 253
1738678644349 0.005068152922993645 254
1738678644416 0.11189558813549232 255
1738678644493 0.10356665918224707 256
1738678644564 0.05958973523330656 257
1738678644640 0.1915140809296474 258
1738678644712 0.029752574632615755 259
1738678644793 0.0804127012051257 260
1738678644859 0.023452502376246534 261
1738678644957 0.03212578832097197 262
1738678645030 0.019448121931337665 263
1738678645119 0.023056971893553196 264
1738678645200 0.03374314179626564 265
1738678645262 0.008060858155076298 266
1738678645326 0.015642018504374276 267
1738678645443 0.01796715419975011 268
1738678645525 0.028086377351610996 269
1738678645585 0.04184550706684279 270
1738678645656 0.04012517709329793 271
1738678645743 0.4384843946323016 272
1738678645817 0.033657141412972484 273
1738678645895 0.35061270670504374 274
1738678645960 0.14441875803339738 275
1738678646031 0.007365167385786752 276
1738678646106 0.021162675984791934 277
1738678646200 0.03655164591763174 278
1738678646273 0.40974559704328334 279
1738678646336 0.03895949931918949 280
1738678646410 0.0007625162750833238 281
1738678646486 0.08858694397488055 282
1738678646556 0.027333641161572282 283
1738678646629 0.0001038216428505879 284
1738678646705 0.05170763424470226 285
1738678646843 0.0021191344017456267 286
1738678646962 0.13534724087811417 287
1738678647022 0.008822312757291912 288
1738678647074 0.05805163501779937 289
1738678647145 0.012259563739310921 290
1738678647208 0.001989575937110971 291
1738678647284 0.028214328937682383 292
1738678647366 0.0007031927180859807 293
1738678647445 0.00545164616973665 294
1738678647520 0.0018473046151559786 295
1738678647604 0.01531514473396704 296
1738678647686 0.004046011341369693 297
1738678647767 0.003869055652965826 298
1738678647821 0.9236207099756022 299
1738678647877 0.275846094657265 300
1738678647951 0.09277792545764608 301
1738678648018 0.07423847675622694 302
1738678648087 0.479192947262489 303
1738678648169 0.014824082554458622 304
1738678648242 0.04682237502324052 305
1738678648311 7.621205568551582e-05 306
1738678648485 0.04368787215799276 307
1738678648541 0.008991520082799295 308
1738678648613 0.0002560663903664741 309
1738678648752 0.008887000954726488 310
1738678648825 0.022648099112889338 311
1738678648894 0.018650135355040773 312
1738678648954 0.03013013990804325 313
1738678649025 0.15523649240315016 314
1738678649184 0.00311355797349522 315
1738678649283 0.045929306972243594 316
1738678649448 0.05467765919305867 317
1738678649581 0.009785601290194224 318
1738678649651 0.03150166926536955 319
1738678649724 0.002445754327236822 320
1738678649821 0.024500122021960353 321
1738678649902 0.0912287658311685 322
1738678649983 0.07702248773654366 323
1738678650064 0.12849662311698537 324
1738678650137 0.03400912660721507 325
1738678650256 0.007436869081092693 326
1738678650339 0.0027967238832005185 327
1738678650424 0.026941218485793984 328
1738678650521 0.0016386751470192941 329
1738678650619 0.33171957440600885 330
1738678650715 0.05018297057707459 331
1738678650780 0.593533679966499 332
1738678650859 0.08063367964656186 333
1738678650923 0.12368127980096905 334
1738678650996 0.410364238338423 335
1738678651074 0.019144112554023332 336
1738678651137 0.044225793440004574 337
1738678651222 0.34113627936467844 338
1738678651294 0.010915556971762363 339
1738678651367 0.07394811376296762 340
1738678651432 0.10426822757731524 341
1738678651496 0.004198324149969111 342
1738678651564 0.016437180900850577 343
1738678651638 0.11413119766936553 344
1738678651721 0.006543332139845171 345
1738678651797 0.002345507479732994 346
1738678651865 0.010951418405106356 347
1738678651950 0.03369307457886735 348
1738678652033 0.02750612250310282 349
1738678652115 0.30012906368139525 350
1738678652187 0.005087974633855762 351
1738678652245 0.061498387913297765 352
1738678652327 0.05044224279269929 353
1738678652416 0.005863860755159231 354
1738678652492 0.07050897519563881 355
1738678652557 0.0013814745327760353 356
1738678652638 0.04543997926779554 357
1738678652718 0.00015948701081411408 358
1738678652798 0.007262783897631641 359
1738678652864 0.014263766686741149 360
1738678652932 0.00216663751124894 361
1738678653010 0.049114266954485675 362
1738678653083 0.0003831773557752823 363
1738678653158 0.004425415059118992 364
1738678653234 0.6583434945821085 365
1738678653297 0.010110977268548805 366
1738678653377 0.0061492441232448795 367
1738678653449 0.00788216060534928 368
1738678653520 0.04970240253039921 369
1738678653611 4.824246579888399e-06 370
1738678653686 0.10247184213525055 371
1738678653760 0.020421616331919204 372
1738678653837 0.013094374434929446 373
1738678653906 0.012462550400294174 374
1738678653999 0.047351444434551575 375
1738678654082 0.2783051760722734 376
1738678654152 0.00336841309003513 377
1738678654221 7.376309518134995e-06 378
1738678654296 0.01511082578664749 379
1738678654377 0.1325260983928558 380
1738678654450 0.08855737860660004 381
1738678654516 0.004442547104165346 382
1738678654598 0.3757027203803029 383
1738678654676 0.03103121286009842 384
1738678654747 0.012536027304141072 385
1738678654827 0.01597198209847939 386
1738678654905 0.07321986743175013 387
1738678654975 0.04056103112513436 388
1738678655060 0.01898464082614779 389
1738678655137 0.00026517787797255155 390
1738678655225 0.003549798728155256 391
1738678655302 5.278642906008303e-07 392
1738678655375 0.05107037965004911 393
1738678655444 0.061733830154343854 394
1738678655539 0.036816716471996414 395
1738678655621 0.003977171998386714 396
1738678655689 0.06692156510547095 397
1738678655752 0.18079931315279874 398
1738678655825 0.06216676061653887 399
1738678655898 0.04075174019373198 400
1738678655993 0.10305482007155864 401
1738678656070 0.059467682535832185 402
1738678656155 0.6107034119136842 403
1738678656233 0.032168413430609305 404
1738678656312 0.05696730172532315 405
1738678656391 0.0002468473998748448 406
1738678656458 0.015035007413091892 407
1738678656532 0.032114666754234154 408
1738678656602 0.010046355200898121 409
1738678656673 0.027487487378703133 410
1738678656744 0.015148812981252504 411
1738678656813 0.02626115359636191 412
1738678656894 0.00810312585054934 413
1738678656972 0.0227129059479308 414
1738678657044 0.13943870458466415 415
1738678657157 0.060842482092329835 416
1738678657366 0.25156464204815876 417
1738678657430 0.0012084804590463318 418
1738678657492 0.037914464031697945 419
1738678657556 0.14064999287722074 420
1738678657630 0.006371463966786494 421
1738678657756 0.0010030275968413475 422
1738678657838 0.012854338492972349 423
1738678657913 0.13044786442038803 424
1738678658073 0.09176077287263926 425
1738678658201 0.02095078130881111 426
1738678658283 0.02132266995382523 427
1738678658394 0.05861634822653061 428
1738678658512 0.18524936845563514 429
1738678658579 4.103161057942015e-05 430
1738678658642 0.0344725638557156 431
1738678658716 0.05642982444178258 432
1738678658779 0.0015894901688531596 433
1738678658853 0.0005938215526823901 434
1738678658939 0.004067000437259859 435
1738678659019 0.015576274063780671 436
1738678659097 1.7928102490014446e-05 437
1738678659193 0.04926594155918556 438
1738678659274 0.16928466292621291 439
1738678659351 0.15329989883110148 440
1738678659421 0.06056517987323455 441
1738678659499 0.046556472961326374 442
1738678659563 0.03147740392345165 443
1738678659643 0.013230446677785598 444
1738678659721 0.28562863189710613 445
1738678659800 0.02729610986181424 446
1738678659876 0.17987662637727603 447
1738678659953 0.0016542069614917856 448
1738678660015 2.7852272012356836e-05 449
1738678660087 0.26089176350087345 450
1738678660165 0.19504818777208624 451
1738678660219 0.02112883000486784 452
1738678660277 0.024330839194897595 453
1738678660403 0.7885976039690344 454
1738678660594 0.00028860374557209626 455
1738678660657 1.3442550118987933 456
1738678660718 0.054705431527428884 457
1738678660773 0.6817421430312429 458
1738678660838 0.005558719352441973 459
1738678660905 0.18534647668146742 460
1738678660974 0.04150699556069945 461
1738678661043 0.04699218959035701 462
1738678661119 2.3075522759136772e-05 463
1738678661202 0.13680855049347956 464
1738678661278 0.014937228613531339 465
1738678661353 0.1377262995033689 466
1738678661427 6.827381829456852e-06 467
1738678661499 0.10653117974256077 468
1738678661584 0.019912669188476635 469
1738678661653 0.35846457353535066 470
1738678661726 0.04601738264590412 471
1738678661804 0.09699930097413272 472
1738678661879 0.007035818584622833 473
1738678661951 0.04478854964811543 474
1738678662031 0.05301660578128846 475
1738678662102 0.07030871399768863 476
1738678662176 0.004212625014875517 477
1738678662247 0.23144926980430017 478
1738678662310 0.10880251735881624 479
1738678662373 0.024467170606098532 480
1738678662443 0.0464218461933316 481
1738678662516 0.010193997447637113 482
1738678662595 0.0006108084106802127 483
1738678662648 0.059665187414552665 484
1738678662732 0.06264573020095476 485
1738678662791 0.3259782554921255 486
1738678662860 0.35983481999425404 487
1738678662933 0.028864381852235707 488
1738678663002 0.13903774391871931 489
1738678663075 0.19293568423063057 490
1738678663148 0.014955389508270458 491
1738678663226 0.00030619297629268645 492
1738678663289 0.0365107085248019 493
1738678663356 0.030823801418542008 494
1738678663426 0.24586173893526897 495
1738678663500 0.005250914532736472 496
1738678663578 0.0009307554675338508 497
1738678663644 0.06388954976308196 498
1738678663702 0.015173924089146884 499
