1738679842937 169.37300209319733 0
1738679842944 168.31355195493822 1
1738679842951 167.90475064839828 2
1738679842957 169.28605636948504 3
1738679842964 170.03642443641985 4
1738679842970 168.23655039238443 5
1738679842976 168.63425898781372 6
1738679842982 168.47730524252475 7
1738679842988 167.45228124302008 8
1738679842994 169.5947236256762 9
1738679843001 167.61857542947595 10
1738679843006 168.8658478357836 11
1738679843013 170.82602788356243 12
1738679843019 169.30907683640652 13
1738679843025 169.93688554737173 14
1738679843031 169.0760699453609 15
1738679843040 169.78776740916132 16
1738679843046 168.67260748120904 17
1738679843053 167.99031574636402 18
1738679843060 166.73805097951438 19
1738679843067 167.7924611624414 20
1738679843074 166.65076315308488 21
1738679843080 170.28910091452877 22
1738679843087 166.62976494281912 23
1738679843093 169.46454245567782 24
1738679843099 169.50461686414465 25
1738679843105 166.12615893624906 26
1738679843111 170.38992486431886 27
1738679843118 166.7849881213086 28
