1738823332095 154.26326131553327 0
1738823332121 153.04102096242232 1
1738823332153 150.78858041673217 2
1738823332169 147.73128006875234 3
1738823332189 144.10589143908558 4
1738823332209 140.14211144730194 5
1738823332226 136.04810137606435 6
1738823332255 132.00033416085662 7
1738823332272 128.13765424042737 8
1738823332296 124.55916875515885 9
1738823332319 121.32538457796254 10
1738823332346 118.46188232914491 11
1738823332367 115.96477002702062 12
1738823332389 113.80717484960198 13
1738823332405 111.94609835276685 14
1738823332419 110.32906387065985 15
1738823332435 108.90011023270834 16
1738823332454 107.60482000095564 17
1738823332474 106.39420168478344 18
1738823332494 105.22736473105503 19
1738823332519 104.07302702046447 20
1738823332540 102.90997321670964 21
1738823332568 101.72663709022889 22
1738823332588 100.52001239380884 23
1738823332607 99.2941071430016 24
1738823332626 98.05814854296892 25
1738823332640 96.8247242895284 26
1738823332655 95.60801480635973 27
1738823332670 94.422234315043 28
1738823332686 93.28036023652272 29
1738823332703 92.19319346795957 30
1738823332719 91.16875903141305 31
1738823332739 90.21202915516398 32
1738823332759 89.32492998916514 33
1738823332777 88.50657916686009 34
1738823332795 87.75369403552284 35
1738823332813 87.06110887827462 36
1738823332830 86.42234283341197 37
1738823332851 85.83016730152598 38
1738823332868 85.27713118900729 39
1738823332885 84.75601318927325 40
1738823332905 84.26018139985787 41
1738823332924 83.78385104527806 42
1738823332948 83.3222402645162 43
1738823332981 82.87163139004556 44
1738823333009 82.4293506650342 45
1738823333022 81.99368287648353 46
1738823333037 81.56373903911616 47
1738823333053 81.13929527923311 48
1738823333068 80.72061974852052 49
1738823333084 80.30830209392882 50
1738823333111 79.9030970769268 51
1738823333140 79.5057907083925 52
1738823333204 79.11709403719688 53
1738823333228 78.73756673880045 54
1738823333247 78.36757007007827 55
1738823333264 78.00724669973496 56
1738823333279 77.6565234419406 57
1738823333297 77.31513201386069 58
1738823333309 76.98264256291652 59
1738823333326 76.65850479313103 60
1738823333347 76.34209196825068 61
1738823333365 76.03274377984744 62
1738823333381 75.7298049388366 63
1738823333403 75.43265728407374 64
1738823333421 75.14074412042095 65
1738823333440 74.8535863361557 66
1738823333456 74.57079055942133 67
1738823333489 74.29205016745254 68
1738823333510 74.01714034929381 69
1738823333534 73.74590864590154 70
1738823333552 73.47826246562076 71
1738823333572 73.21415502101199 72
1738823333593 72.95357098279445 73
1738823333610 72.6965129281351 74
1738823333630 72.44298940289532 75
1738823333648 72.19300514731417 76
1738823333681 71.94655377440453 77
1738823333703 71.70361295750132 78
1738823333725 71.46414199002744 79
1738823333743 71.2280814335068 80
1738823333763 70.99535447129202 81
1738823333778 70.76586953353004 82
1738823333795 70.5395237486037 83
1738823333810 70.31620680056216 84
1738823333825 70.09580482257603 85
1738823333836 69.87820402454534 86
1738823333852 69.66329383031767 87
1738823333867 69.45096937910175 88
1738823333884 69.24113332042509 89
1738823333909 69.03369689771203 90
1738823333926 68.82858036912529 91
1738823333943 68.6257128540907 92
1738823333957 68.42503171960031 93
1738823333972 68.22648163275699 94
1738823333992 68.03001340670329 95
1738823334005 67.83558275824583 96
1738823334021 67.64314907960488 97
1738823334035 67.45267430630332 98
1738823334054 67.26412194063052 99
1738823334074 67.07745626745258 100
1738823334095 66.8926417780835 101
1738823334112 66.7096427997293 102
1738823334135 66.52842331347044 103
1738823334156 66.34894693323706 104
1738823334186 66.17117701176129 105
1738823334204 65.99507683677278 106
1738823334227 65.82060988122078 107
1738823334247 65.64774007440533 108
1738823334266 65.47643206585929 109
1738823334285 65.30665145991954 110
1738823334303 65.13836500549374 111
1738823334318 64.97154073198908 112
1738823334334 64.8061480282665 113
1738823334352 64.64215766648555 114
1738823334368 64.4795417766122 115
1738823334384 64.31827378009382 116
1738823334396 64.15832829278013 117
1738823334417 63.99968100769344 118
1738823334434 63.84230856788271 119
1738823334452 63.68618843853295 120
1738823334472 63.53129878595381 121
1738823334489 63.3776183692454 122
1738823334512 63.22512644852389 123
1738823334531 63.073802711741834 124
1738823334548 62.92362722048416 125
1738823334569 62.77458037374437 126
1738823334589 62.626642887636734 127
1738823334606 62.479795788295625 128
1738823334628 62.33402041483753 129
1738823334647 62.18929842918295 130
1738823334661 62.0456118297019 131
1738823334679 61.90294296600091 132
1738823334693 61.7612745526494 133
1738823334707 61.62058968019013 134
1738823334722 61.48087182233938 135
1738823334737 61.342104838814016 136
1738823334753 61.20427297369058 137
1738823334767 61.067360849585405 138
1738823334784 60.931353458230035 139
1738823334801 60.796236148203356 140
1738823334815 60.66199461067404 141
1738823334834 60.528614864016795 142
1738823334859 60.39608323810747 143
1738823334874 60.26438635899461 144
1738823334887 60.13351113450356 145
1738823334902 60.00344474117325 146
1738823334913 59.87417461276807 147
1738823334928 59.74568843046036 148
1738823334940 59.61797411465241 149
1738823334954 59.4910198183055 150
1738823334970 59.3648139215703 151
1738823334988 59.23934502746806 152
1738823335003 59.11460195835422 153
1738823335026 58.99057375289967 154
1738823335044 58.86724966334812 155
1738823335063 58.74461915284342 156
1738823335081 58.62267189266439 157
1738823335102 58.50139775925182 158
1738823335117 58.38078683095836 159
1738823335140 58.26082938449457 160
1738823335160 58.14151589108 161
1738823335185 58.022837012336325 162
1738823335210 57.90478359597956 163
1738823335229 57.78734667137966 164
1738823335250 57.670517445060156 165
1738823335271 57.55428729620776 166
1738823335285 57.43864777225529 167
1738823335301 57.32359058458973 168
1738823335319 57.20910760442525 169
1738823335336 57.09519085886694 170
1738823335351 56.981832527178575 171
1738823335364 56.86902493725548 172
1738823335381 56.75676056229459 173
1738823335402 56.64503201764555 174
1738823335422 56.53383205782234 175
1738823335443 56.423153573652044 176
1738823335463 56.312989589536535 177
1738823335486 56.20333326080452 178
1738823335507 56.094177871133326 179
1738823335529 55.98551683002366 180
1738823335557 55.87734367031412 181
1738823335580 55.76965204572639 182
1738823335605 55.66243572843561 183
1738823335623 55.55568860666424 184
1738823335646 55.44940468229964 185
1738823335678 55.3435780685386 186
1738823335703 55.23820298756258 187
1738823335722 55.133273768248706 188
1738823335747 55.02878484392122 189
1738823335769 54.924730750148086 190
1738823335785 54.82110612258652 191
1738823335806 54.71790569488015 192
1738823335825 54.615124296609665 193
1738823335843 54.51275685129772 194
1738823335864 54.41079837446756 195
1738823335888 54.3092439717542 196
1738823335914 54.208088837066356 197
1738823335939 54.107328250796705 198
1738823335963 54.006957578077696 199
1738823335988 53.90697226708005 200
1738823336018 53.807367847351465 201
1738823336036 53.70813992819271 202
1738823336056 53.60928419706883 203
1738823336080 53.51079641805369 204
1738823336103 53.412672430305946 205
1738823336123 53.31490814657546 206
1738823336153 53.217499551739046 207
1738823336172 53.120442701364865 208
1738823336193 53.023733720305195 209
1738823336213 52.927368801317016 210
1738823336244 52.83134420371048 211
1738823336270 52.73565625202495 212
1738823336293 52.64030133473247 213
1738823336314 52.54527590296869 214
1738823336335 52.45057646929066 215
1738823336357 52.356199606461566 216
1738823336376 52.26214194626173 217
1738823336398 52.16840017832554 218
1738823336425 52.07497104900374 219
1738823336443 51.98185136025057 220
1738823336465 51.88903796853487 221
1738823336485 51.79652778377498 222
1738823336510 51.70431776829608 223
1738823336529 51.61240493581012 224
1738823336552 51.52078635041699 225
1738823336575 51.42945912562677 226
1738823336596 51.338420423402304 227
1738823336618 51.24766745322172 228
1738823336639 51.157197471160075 229
1738823336662 51.06700777899014 230
1738823336678 50.97709572330143 231
1738823336697 50.88745869463747 232
1738823336719 50.79809412665066 233
1738823336737 50.70899949527448 234
1738823336757 50.62017231791271 235
1738823336788 50.53161015264537 236
1738823336809 50.443310597450974 237
1738823336824 50.35527128944467 238
1738823336842 50.26748990413242 239
1738823336859 50.17996415468017 240
1738823336876 50.092691791198334 241
1738823336894 50.00567060004098 242
1738823336910 49.91889840311936 243
1738823336927 49.83237305722964 244
1738823336950 49.746092453394354 245
1738823336979 49.66005451621734 246
1738823337007 49.57425720325197 247
1738823337029 49.48869850438201 248
1738823337056 49.40337644121539 249
1738823337075 49.31828906649006 250
1738823337093 49.233434463491946 251
1738823337114 49.14881074548467 252
1738823337137 49.064416055150836 253
1738823337159 48.98024856404455 254
1738823337181 48.89630647205492 255
1738823337209 48.81258800688043 256
1738823337236 48.729091423513836 257
1738823337263 48.64581500373736 258
1738823337285 48.56275705562814 259
1738823337308 48.47991591307343 260
1738823337330 48.397289935295596 261
1738823337356 48.314877506386644 262
1738823337377 48.23267703485191 263
1738823337402 48.150686953163024 264
1738823337422 48.068905717319666 265
1738823337441 47.9873318064201 266
1738823337459 47.90596372224021 267
1738823337482 47.82479998882095 268
1738823337497 47.74383915206393 269
1738823337522 47.66307977933506 270
1738823337552 47.582520459075866 271
1738823337577 47.50215980042278 272
1738823337598 47.421996432833666 273
1738823337614 47.342029005721805 274
1738823337633 47.26225618809709 275
1738823337653 47.182676668214285 276
1738823337673 47.10328915322805 277
1738823337692 47.024092368854895 278
1738823337717 46.94508505904169 279
1738823337737 46.866265985640524 280
1738823337762 46.78763392809011 281
1738823337781 46.709187683103266 282
1738823337797 46.630926064360494 283
1738823337821 46.55284790220957 284
1738823337843 46.474952043370905 285
1738823337862 46.39723735064861 286
1738823337882 46.3197027026472 287
1738823337903 46.24234699349384 288
1738823337925 46.16516913256576 289
1738823337943 46.088168044223046 290
1738823337968 46.01134266754668 291
1738823337990 45.93469195608135 292
1738823338005 45.85821487758353 293
1738823338028 45.78191041377405 294
1738823338045 45.70577756009568 295
1738823338062 45.629815325475256 296
1738823338076 45.55402273209022 297
1738823338093 45.47839881513986 298
1738823338108 45.40294262262073 299
1738823338123 45.327653215106345 300
1738823338145 45.25252966553116 301
1738823338167 45.1775710589786 302
1738823338187 45.10277649247307 303
1738823338220 45.02814507477589 304
1738823338243 44.953675926185234 305
1738823338269 44.87936817833961 306
1738823338303 44.80522097402525 307
1738823338323 44.73123346698701 308
1738823338344 44.65740482174281 309
1738823338367 44.583734213401705 310
1738823338387 44.510220827485114 311
1738823338403 44.43686385975168 312
1738823338423 44.36366251602515 313
1738823338448 44.29061601202562 314
1738823338465 44.21772357320388 315
1738823338484 44.144984434578824 316
1738823338511 44.072397840577935 317
1738823338536 43.99996304488063 318
1738823338557 43.92767931026463 319
1738823338580 43.85554590845507 320
1738823338603 43.78356211997645 321
1738823338626 43.71172723400733 322
1738823338652 43.64004054823761 323
1738823338672 43.56850136872859 324
1738823338690 43.497109009775436 325
1738823338710 43.425862793772275 326
1738823338731 43.354762051079774 327
1738823338754 43.28380611989498 328
1738823338778 43.212994346123814 329
1738823338803 43.142326083255575 330
1738823338825 43.07180069224 331
1738823338847 43.00141754136641 332
1738823338867 42.93117600614504 333
1738823338889 42.86107546919065 334
1738823338922 42.79111532010807 335
1738823338944 42.72129495538001 336
1738823338969 42.65161377825667 337
1738823338988 42.582071198647554 338
1738823339008 42.51266663301508 339
1738823339026 42.443399504270204 340
1738823339044 42.37426924166982 341
1738823339063 42.30527528071613 342
1738823339086 42.236417063057615 343
1738823339109 42.167694036392014 344
1738823339134 42.09910565437085 345
1738823339152 42.03065137650578 346
1738823339173 41.96233066807644 347
1738823339195 41.89414300004017 348
1738823339220 41.82608784894316 349
1738823339240 41.7581646968332 350
1738823339263 41.690373031174005 351
1738823339284 41.62271234476105 352
1738823339319 41.55518213563891 353
1738823339342 41.48778190701994 354
1738823339361 41.42051116720455 355
1738823339381 41.35336942950278 356
1738823339398 41.28635621215725 357
1738823339418 41.219471038267486 358
1738823339436 41.15271343571555 359
1738823339456 41.08608293709301 360
1738823339475 41.01957907962911 361
1738823339496 40.95320140512024 362
1738823339518 40.88694945986062 363
1738823339538 40.82082279457422 364
1738823339559 40.75482096434776 365
1738823339581 40.68894352856495 366
1738823339603 40.62319005084192 367
1738823339628 40.55756009896358 368
1738823339648 40.492053244821236 369
1738823339668 40.42666906435128 370
1738823339689 40.36140713747477 371
1738823339712 40.29626704803826 372
1738823339735 40.231248383755464 373
1738823339754 40.166350736150044 374
1738823339776 40.10157370049925 375
1738823339797 40.03691687577867 376
1738823339828 39.97237986460778 377
1738823339847 39.907962273196496 378
1738823339870 39.84366371129262 379
1738823339889 39.77948379213014 380
1738823339910 39.715422132378464 381
1738823339929 39.65147835209249 382
1738823339954 39.58765207466341 383
1738823339976 39.523942926770594 384
1738823340011 39.46035053833394 385
1738823340053 39.39687454246737 386
1738823340073 39.33351457543286 387
1738823340094 39.270270276595326 388
1738823340120 39.20714128837828 389
1738823340140 39.14412725622016 390
1738823340156 39.08122782853147 391
1738823340173 39.01844265665259 392
1738823340190 38.95577139481228 393
1738823340209 38.89321370008685 394
1738823340223 38.830769232360055 395
1738823340242 38.76843765428365 396
1738823340260 38.706218631238535 397
1738823340285 38.64411183129665 398
1738823340308 38.58211692518331 399
1738823340329 38.520233586240394 400
1738823340351 38.458461490389915 401
1738823340367 38.39680031609839 402
1738823340385 38.33524974434163 403
1738823340401 38.27380945857014 404
1738823340420 38.21247914467518 405
1738823340445 38.15125849095522 406
1738823340468 38.0901471880831 407
1738823340487 38.029144929073624 408
1738823340504 37.96825140925164 409
1738823340524 37.907466326220806 410
1738823340544 37.84678937983265 411
1738823340565 37.78622027215627 412
1738823340581 37.725758707448506 413
1738823340605 37.66540439212449 414
1738823340628 37.60515703472884 415
1738823340646 37.545016345907115 416
1738823340669 37.48498203837791 417
1738823340689 37.42505382690527 418
1738823340712 37.365231428271585 419
1738823340744 37.30551456125098 420
1738823340769 37.24590294658298 421
1738823340785 37.186396306946726 422
1738823340801 37.12699436693555 423
1738823340818 37.067696853031975 424
1738823340834 37.00850349358303 425
1738823340851 36.94941401877604 426
1738823340868 36.89042816061484 427
1738823340885 36.83154565289617 428
1738823340906 36.77276623118663 429
1738823340931 36.714089632799926 430
1738823340965 36.65551559677449 431
1738823340980 36.59704386385139 432
1738823341001 36.53867417645264 433
1738823341022 36.480406278659856 434
1738823341064 36.42223991619321 435
1738823341088 36.36417483639074 436
1738823341106 36.30621078818791 437
1738823341128 36.2483475220976 438
1738823341166 36.19058479019034 439
1738823341186 36.1329223460748 440
1738823341210 36.075359944878706 441
1738823341236 36.01789734322989 442
1738823341259 35.96053429923781 443
1738823341279 35.90327057247519 444
1738823341301 35.84610592396009 445
1738823341327 35.78904011613807 446
1738823341352 35.732072912864794 447
1738823341376 35.67520407938882 448
1738823341396 35.618433382334665 449
1738823341418 35.561760589686116 450
1738823341439 35.50518547076981 451
1738823341463 35.44870779623906 452
1738823341485 35.39232733805793 453
1738823341509 35.336043869485486 454
1738823341529 35.27985716506043 455
1738823341554 35.22376700058581 456
1738823341578 35.167773153114034 457
1738823341597 35.11187540093212 458
1738823341619 35.05607352354713 459
1738823341641 35.00036730167183 460
1738823341664 34.94475651721058 461
1738823341685 34.889240953245455 462
1738823341709 34.833820394022496 463
1738823341731 34.77849462493821 464
1738823341756 34.72326343252634 465
1738823341787 34.668126604444645 466
1738823341806 34.61308392946215 467
1738823341834 34.55813519744627 468
1738823341853 34.503280199350385 469
1738823341869 34.44851872720147 470
1738823341891 34.393850574087885 471
1738823341907 34.33927553414746 472
1738823341922 34.28479340255563 473
1738823341938 34.23040397551382 474
1738823341955 34.176107050238 475
1738823341969 34.12190242494732 476
1738823341987 34.067789898853036 477
1738823342006 34.01376927214748 478
1738823342039 33.95984034599333 479
1738823342064 33.90600292251284 480
1738823342084 33.852256804777426 481
1738823342102 33.79860179679726 482
1738823342130 33.74503770351108 483
1738823342148 33.691564330776174 484
1738823342170 33.63818148535837 485
1738823342193 33.58488897492239 486
1738823342208 33.5316866080221 487
1738823342235 33.47857419409109 488
1738823342260 33.42555154343331 489
1738823342285 33.37261846721381 490
1738823342309 33.3197747774497 491
1738823342327 33.26702028700114 492
1738823342351 33.214354809562515 493
1738823342378 33.16177815965376 494
1738823342397 33.10929015261168 495
1738823342421 33.05689060458162 496
1738823342438 33.004579332508996 497
1738823342454 32.9523561541311 498
1738823342469 32.90022088796904 499
