1738826062279 170.38563228746395 0
1738826062287 169.99670397637934 1
1738826062294 169.36420285229613 2
1738826062301 163.11642198896877 3
1738826062308 164.0276207243912 4
1738826062315 172.8640183159836 5
1738826062322 166.8065571867287 6
1738826062329 168.96152513559025 7
1738826062337 167.65972199439116 8
1738826062344 163.94645254114036 9
1738826062352 173.86255995286984 10
1738826062361 167.92570643107965 11
1738826062368 172.34921478271642 12
1738826062376 170.5749828994736 13
1738826062383 166.1463878722439 14
1738826062390 172.0943363729034 15
1738826062397 175.12290253067462 16
1738826062404 171.6610117514852 17
1738826062411 168.67109545123446 18
1738826062419 167.36316147104165 19
1738826062426 171.95455174702008 20
1738826062433 168.06366653501823 21
1738826062440 170.3457519003537 22
1738826062447 160.50702367551597 23
1738826062454 163.22427719584553 24
1738826062461 170.14372212601796 25
1738826062468 167.70021115049528 26
1738826062474 164.64698509592577 27
1738826062510 171.2221949507596 28
