1738822612009 177.4152195098094 0
1738822612026 175.24545608759001 1
1738822612042 173.14720863811482 2
1738822612058 171.11789690711194 3
1738822612073 169.15503527803958 4
1738822612086 167.2562292883763 5
1738822612099 165.41917227426018 6
1738822612116 163.6416421387461 7
1738822612129 161.92149823912715 8
1738822612155 160.25667838893165 9
1738822612188 158.6451959703704 10
1738822612216 157.08513715316408 11
1738822612235 155.57465821583065 12
1738822612254 154.1119829656572 13
1738822612269 152.69540025371953 14
1738822612286 151.32326158144753 15
1738822612303 149.99397879536232 16
1738822612319 148.70602186673668 17
1738822612335 147.4579167530489 18
1738822612351 146.2482433382162 19
1738822612368 145.07563344870516 20
1738822612382 143.9387689427226 21
1738822612397 142.836379869794 22
1738822612416 141.76724269813698 23
1738822612432 140.7301786073292 24
1738822612447 139.72405184386767 25
1738822612463 138.7477681372995 26
1738822612481 137.80027317469387 27
1738822612497 136.8805511313044 28
1738822612514 135.98762325535202 29
1738822612533 135.12054650493363 30
1738822612550 134.27841223513656 31
1738822612570 133.46034493350794 32
1738822612587 132.66550100209807 33
1738822612601 131.893067584361 34
1738822612615 131.1422614352602 35
1738822612630 130.41232783298625 36
1738822612644 129.70253953075473 37
1738822612657 129.01219574720614 38
1738822612671 128.34062119398618 39
1738822612687 127.68716513913658 40
1738822612708 127.0512005049765 41
1738822612731 126.43212299920394 42
1738822612747 125.82935027799314 43
1738822612763 125.24232113990921 44
1738822612779 124.67049474950412 45
1738822612796 124.1133498895008 46
1738822612808 123.57038424051181 47
1738822612822 123.04111368727835 48
1738822612835 122.52507165045218 49
1738822612847 122.02180844297929 50
1738822612862 121.53089065017951 51
1738822612874 121.05190053264825 52
1738822612887 120.5844354511398 53
1738822612899 120.12810731262279 54
1738822612911 119.68254203672679 55
1738822612927 119.2473790418299 56
1738822612943 118.8222707500627 57
1738822612959 118.40688211053242 58
1738822612976 118.00089014009562 59
1738822612991 117.60398348103308 60
1738822613013 117.21586197500397 61
1738822613029 116.83623625267991 62
1738822613046 116.46482733848094 63
1738822613063 116.10136626985734 64
1738822613082 115.74559373058096 65
1738822613095 115.39725969753074 66
1738822613109 115.05612310047435 67
1738822613129 114.72195149436816 68
1738822613141 114.39452074371344 69
1738822613155 114.0736147185256 70
1738822613168 113.75902500148793 71
1738822613182 113.45055060587812 72
1738822613198 113.1479977038711 73
1738822613228 112.85117936483498 74
1738822613246 112.55991530325333 75
1738822613263 112.27403163591804 76
1738822613285 111.99336064805186 77
1738822613313 111.71774056803177 78
1738822613332 111.44701535039604 79
1738822613346 111.18103446683007 80
1738822613359 110.91965270483722 81
1738822613374 110.6627299738113 82
1738822613386 110.41013111823843 83
1738822613403 110.1617257377655 84
1738822613420 109.91738801388229 85
1738822613447 109.6769965429739 86
1738822613465 109.44043417550864 87
1738822613483 109.2075878611355 88
1738822613502 108.97834849947375 89
1738822613518 108.75261079638477 90
1738822613536 108.53027312552439 91
1738822613555 108.31123739498112 92
1738822613571 108.09540891881345 93
1738822613584 107.88269629330507 94
1738822613600 107.67301127776496 95
1738822613624 107.4662686797047 96
1738822613638 107.26238624423185 97
1738822613654 107.06128454750414 98
1738822613667 106.86288689409513 99
1738822613687 106.66711921812697 100
1738822613704 106.47390998803216 101
1738822613723 106.28319011480993 102
1738822613739 106.09489286364939 103
1738822613757 105.90895376879485 104
1738822613774 105.7253105515343 105
1738822613788 105.54390304119613 106
1738822613805 105.36467309904307 107
1738822613816 105.18756454495698 108
1738822613829 105.01252308681165 109
1738822613843 104.83949625243463 110
1738822613856 104.66843332406299 111
1738822613869 104.49928527520088 112
1738822613882 104.33200470979095 113
1738822613895 104.16654580361404 114
1738822613912 104.00286424783552 115
1738822613932 103.84091719461894 116
1738822613947 103.68066320473119 117
1738822613967 103.52206219706582 118
1738822613984 103.36507540001381 119
1738822614007 103.20966530461409 120
1738822614025 103.05579561941799 121
1738822614041 102.90343122700492 122
1738822614057 102.75253814208826 123
1738822614076 102.60308347115318 124
1738822614092 102.45503537356983 125
1738822614108 102.30836302412787 126
1738822614121 102.16303657693983 127
1738822614136 102.01902713066318 128
1738822614153 101.87630669499244 129
1738822614173 101.7348481583747 130
1738822614186 101.59462525690377 131
1738822614200 101.455612544349 132
1738822614213 101.31778536327796 133
1738822614227 101.181119817232 134
1738822614241 101.04559274391636 135
1738822614255 100.91118168936745 136
1738822614270 100.77786488306141 137
1738822614292 100.64562121392937 138
1738822614311 100.51443020724594 139
1738822614326 100.38427200235918 140
1738822614343 100.25512733123075 141
1738822614358 100.12697749775663 142
1738822614375 99.99980435783992 143
1738822614392 99.87359030018786 144
1738822614409 99.74831822780641 145
1738822614424 99.62397154016702 146
1738822614439 99.50053411602093 147
1738822614452 99.37799029683671 148
1738822614466 99.256324870839 149
1738822614479 99.1355230576254 150
1738822614492 99.01557049334143 151
1738822614505 98.89645321639169 152
1738822614518 98.77815765366918 153
1738822614532 98.66067060728203 154
1738822614545 98.54397924176084 155
1738822614564 98.42807107172834 156
1738822614581 98.31293395001424 157
1738822614596 98.1985560561994 158
1738822614614 98.08492588557333 159
1738822614631 97.97203223848992 160
1738822614655 97.85986421010672 161
1738822614673 97.74841118049385 162
1738822614686 97.63766280509898 163
1738822614702 97.52760900555516 164
1738822614723 97.41823996081918 165
1738822614741 97.30954609862805 166
1738822614756 97.2015180872625 167
1738822614769 97.09414682760547 168
1738822614782 96.9874234454855 169
1738822614796 96.88133928429427 170
1738822614812 96.7758858978682 171
1738822614828 96.67105504362459 172
1738822614845 96.5668386759431 173
1738822614859 96.4632289397832 174
1738822614876 96.3602181645294 175
1738822614893 96.25779885805557 176
1738822614911 96.15596370100077 177
1738822614927 96.05470554124835 178
1738822614941 95.95401738860134 179
1738822614956 95.85389240964666 180
1738822614973 95.75432392280145 181
1738822614987 95.6553053935347 182
1738822615004 95.55683042975807 183
1738822615018 95.45889277737932 184
1738822615034 95.36148631601274 185
1738822615048 95.26460505484081 186
1738822615065 95.16824312862141 187
1738822615079 95.0723947938355 188
1738822615095 94.97705442496998 189
1738822615111 94.8822165109308 190
1738822615127 94.78787565158191 191
1738822615144 94.6940265544049 192
1738822615160 94.60066403127549 193
1738822615174 94.50778299535224 194
1738822615192 94.41537845807365 195
1738822615207 94.32344552625953 196
1738822615222 94.23197939931303 197
1738822615238 94.1409753665195 198
1738822615254 94.05042880443874 199
1738822615268 93.96033517438732 200
1738822615283 93.87069002000766 201
1738822615297 93.78148896492058 202
1738822615312 93.69272771045868 203
1738822615326 93.60440203347702 204
1738822615339 93.51650778423905 205
1738822615353 93.4290408843743 206
1738822615366 93.34199732490596 207
1738822615381 93.25537316434523 208
1738822615392 93.16916452685032 209
1738822615404 93.08336760044793 210
1738822615417 92.99797863531441 211
1738822615433 92.9129939421151 212
1738822615452 92.82840989039919 213
1738822615467 92.74422290704875 214
1738822615486 92.66042947477904 215
1738822615502 92.57702613068925 216
1738822615519 92.49400946486129 217
1738822615533 92.41137611900493 218
1738822615552 92.3291227851479 219
1738822615587 92.24724620436903 220
1738822615604 92.16574316557316 221
1738822615622 92.08461050430596 222
1738822615637 92.00384510160778 223
1738822615657 91.92344388290464 224
1738822615675 91.84340381693521 225
1738822615689 91.7637219147125 226
1738822615705 91.68439522851929 227
1738822615724 91.60542085093536 228
1738822615744 91.52679591389627 229
1738822615760 91.44851758778199 230
1738822615776 91.37058308053464 231
1738822615791 91.29298963680388 232
1738822615808 91.21573453711966 233
1738822615822 91.13881509709056 234
1738822615835 91.0622286666275 235
1738822615849 90.9859726291916 236
1738822615862 90.91004440106515 237
1738822615875 90.83444143064553 238
1738822615888 90.75916119776035 239
1738822615903 90.68420121300409 240
1738822615917 90.60955901709447 241
1738822615932 90.53523218024868 242
1738822615947 90.46121830157843 243
1738822615967 90.38751500850294 244
1738822615983 90.31411995617978 245
1738822616001 90.24103082695241 246
1738822616018 90.16824532981434 247
1738822616032 90.0957611998887 248
1738822616049 90.02357619792338 249
1738822616066 89.95168810980078 250
1738822616082 89.88009474606173 251
1738822616099 89.80879394144307 252
1738822616117 89.73778355442856 253
1738822616134 89.66706146681267 254
1738822616149 89.59662558327649 255
1738822616167 89.52647383097565 256
1738822616181 89.45660415913999 257
1738822616193 89.38701453868394 258
1738822616206 89.31770296182806 259
1738822616222 89.2486674417306 260
1738822616238 89.17990601212949 261
1738822616249 89.11141672699365 262
1738822616263 89.04319766018389 263
1738822616277 88.9752469051228 264
1738822616290 88.90756257447346 265
1738822616305 88.8401427998264 266
1738822616322 88.7729857313951 267
1738822616338 88.70608953771901 268
1738822616364 88.6394524053745 269
1738822616379 88.57307253869298 270
1738822616396 88.50694815948637 271
1738822616413 88.44107750677938 272
1738822616429 88.37545883654839 273
1738822616446 88.31009042146711 274
1738822616462 88.24497055065801 275
1738822616477 88.1800975294502 276
1738822616498 88.11546967914313 277
1738822616521 88.05108533677571 278
1738822616537 87.98694285490126 279
1738822616561 87.92304060136733 280
1738822616584 87.85937695910121 281
1738822616599 87.79595032589998 282
1738822616619 87.73275911422547 283
1738822616636 87.66980175100413 284
1738822616652 87.60707667743111 285
1738822616669 87.54458234877885 286
1738822616688 87.48231723421003 287
1738822616702 87.42027981659437 288
1738822616720 87.35846859232971 289
1738822616741 87.29688207116665 290
1738822616756 87.23551877603728 291
1738822616771 87.1743772428872 292
1738822616784 87.11345602051124 293
1738822616798 87.05275367039258 294
1738822616813 86.99226876654525 295
1738822616827 86.93199989535962 296
1738822616845 86.8719456554512 297
1738822616863 86.81210465751239 298
1738822616880 86.75247552416727 299
1738822616895 86.69305688982904 300
1738822616912 86.63384740056038 301
1738822616926 86.57484571393643 302
1738822616939 86.51605049891049 303
1738822616951 86.45746043568205 304
1738822616968 86.39907421556742 305
1738822616982 86.34089054087282 306
1738822616998 86.28290812476955 307
1738822617011 86.22512569117167 308
1738822617025 86.16754197461583 309
1738822617038 86.110155720143 310
1738822617051 86.05296568318258 311
1738822617065 85.99597062943847 312
1738822617078 85.93916933477688 313
1738822617095 85.88256058511638 314
1738822617112 85.82614317631948 315
1738822617127 85.76991591408637 316
1738822617142 85.7138776138501 317
1738822617167 85.65802710067368 318
1738822617184 85.60236320914882 319
1738822617198 85.54688478329622 320
1738822617213 85.49159067646758 321
1738822617227 85.43647975124894 322
1738822617241 85.38155087936585 323
1738822617254 85.32680294158972 324
1738822617266 85.27223482764575 325
1738822617281 85.21784543612222 326
1738822617298 85.16363367438112 327
1738822617315 85.10959845847024 328
1738822617331 85.05573871303636 329
1738822617346 85.00205337123984 330
1738822617362 84.94854137467044 331
1738822617384 84.89520167326437 332
1738822617400 84.8420332252224 333
1738822617414 84.7890349969292 334
1738822617433 84.73620596287398 335
1738822617454 84.68354510557187 336
1738822617471 84.63105141548665 337
1738822617486 84.5787238909545 338
1738822617503 84.52656153810874 339
1738822617519 84.47456337080547 340
1738822617535 84.42272841055046 341
1738822617554 84.37105568642669 342
1738822617569 84.31954423502316 343
1738822617585 84.26819310036434 344
1738822617603 84.21700133384068 345
1738822617628 84.16596799414002 346
1738822617648 84.11509214717974 347
1738822617664 84.06437286603986 348
1738822617681 84.01380923089695 349
1738822617694 83.963400328959 350
1738822617716 83.91314525440075 351
1738822617732 83.86304310830005 352
1738822617744 83.81309299857509 353
1738822617757 83.76329403992212 354
1738822617775 83.71364535375399 355
1738822617791 83.66414606813966 356
1738822617807 83.61479531774401 357
1738822617824 83.56559224376866 358
1738822617840 83.51653599389341 359
1738822617855 83.46762572221833 360
1738822617870 83.4188605892064 361
1738822617891 83.37023976162708 362
1738822617907 83.32176241250022 363
1738822617924 83.2734277210408 364
1738822617942 83.22523487260426 365
1738822617958 83.17718305863225 366
1738822617971 83.1292714765993 367
1738822617985 83.08149932995981 368
1738822617998 83.0338658280957 369
1738822618009 82.98637018626468 370
1738822618022 82.93901162554907 371
1738822618035 82.89178937280502 372
1738822618048 82.84470266061253 373
1738822618065 82.79775072722576 374
1738822618082 82.75093281652401 375
1738822618099 82.70424817796315 376
1738822618118 82.65769606652765 377
1738822618136 82.61127574268293 378
1738822618151 82.56498647232841 379
1738822618167 82.51882752675087 380
1738822618187 82.47279818257844 381
1738822618216 82.42689772173496 382
1738822618237 82.38112543139482 383
1738822618258 82.33548060393832 384
1738822618275 82.28996253690735 385
1738822618291 82.24457053296169 386
1738822618309 82.19930389983561 387
1738822618329 82.15416195029493 388
1738822618344 82.10914400209454 389
1738822618359 82.06424937793643 390
1738822618393 82.01947740542784 391
1738822618434 81.97482741704017 392
1738822618451 81.93029875006809 393
1738822618463 81.88589074658901 394
1738822618476 81.84160275342319 395
1738822618493 81.79743412209393 396
1738822618507 81.75338420878842 397
1738822618521 81.70945237431866 398
1738822618535 81.6656379840831 399
1738822618552 81.6219404080285 400
1738822618568 81.57835902061188 401
1738822618588 81.5348932007634 402
1738822618605 81.49154233184908 403
1738822618621 81.44830580163415 404
1738822618638 81.40518300224664 405
1738822618661 81.36217333014132 406
1738822618678 81.31927618606406 407
1738822618691 81.27649097501642 408
1738822618703 81.23381710622063 409
1738822618716 81.19125399308483 410
1738822618732 81.14880105316874 411
1738822618745 81.10645770814959 412
1738822618758 81.06422338378833 413
1738822618774 81.02209750989618 414
1738822618788 80.98007952030154 415
1738822618802 80.93816885281714 416
1738822618818 80.89636494920752 417
1738822618835 80.85466725515673 418
1738822618851 80.81307522023648 419
1738822618867 80.77158829787449 420
1738822618883 80.73020594532304 421
1738822618898 80.688927623628 422
1738822618919 80.64775279759799 423
1738822618933 80.60668093577387 424
1738822618947 80.56571151039844 425
1738822618959 80.52484399738667 426
1738822618972 80.48407787629571 427
1738822618984 80.44341263029571 428
1738822618996 80.4028477461406 429
1738822619016 80.362382714139 430
1738822619029 80.32201702812588 431
1738822619041 80.2817501854339 432
1738822619056 80.24158168686544 433
1738822619076 80.20151103666463 434
1738822619097 80.1615377424897 435
1738822619133 80.1216613153857 436
1738822619148 80.08188126975719 437
1738822619164 80.04219712334141 438
1738822619188 80.00260839718163 439
1738822619208 79.96311461560072 440
1738822619224 79.92371530617478 441
1738822619242 79.88440999970737 442
1738822619263 79.84519823020372 443
1738822619281 79.80607953484508 444
1738822619296 79.76705345396354 445
1738822619311 79.728119531017 446
1738822619325 79.68927731256414 447
1738822619338 79.65052634823995 448
1738822619352 79.61186619073116 449
1738822619365 79.57329639575225 450
1738822619378 79.53481652202113 451
1738822619393 79.49642613123567 452
1738822619406 79.45812478804984 453
1738822619421 79.41991206005058 454
1738822619436 79.38178751773444 455
1738822619451 79.34375073448466 456
1738822619470 79.30580128654842 457
1738822619488 79.26793875301423 458
1738822619504 79.23016271578958 459
1738822619525 79.19247275957862 460
1738822619543 79.15486847186038 461
1738822619574 79.1173494428668 462
1738822619589 79.07991526556108 463
1738822619606 79.04256553561639 464
1738822619623 79.00529985139447 465
1738822619640 78.96811781392468 466
1738822619658 78.93101902688299 467
1738822619673 78.8940030965714 468
1738822619688 78.85706963189723 469
1738822619702 78.820218244353 470
1738822619723 78.783448547996 471
1738822619738 78.74676015942848 472
1738822619755 78.71015269777766 473
1738822619773 78.67362578467618 474
1738822619798 78.63717904424246 475
1738822619818 78.60081210306151 476
1738822619850 78.56452459016569 477
1738822619875 78.52831613701565 478
1738822619904 78.49218637748157 479
1738822619921 78.45613494782442 480
1738822619936 78.42016148667744 481
1738822619951 78.38426563502779 482
1738822619968 78.34844703619827 483
1738822619986 78.3127053358294 484
1738822620015 78.27704018186131 485
1738822620034 78.24145122451615 486
1738822620052 78.2059381162804 487
1738822620068 78.17050051188745 488
1738822620083 78.13513806830024 489
1738822620097 78.0998504446942 490
1738822620111 78.06463730244003 491
1738822620129 78.0294983050871 492
1738822620144 77.99443311834646 493
1738822620157 77.95944141007439 494
1738822620169 77.92452285025591 495
1738822620183 77.88967711098849 496
1738822620198 77.85490386646578 497
1738822620213 77.82020279296168 498
1738822620229 77.78557356881439 499
