1738824310848 170.73186178249506 0
1738824310855 167.08524977990606 1
1738824310862 168.7947016713467 2
1738824310868 169.94422977652098 3
1738824310874 168.3063128206137 4
1738824310880 168.5605319128238 5
1738824310886 168.6752518262734 6
1738824310893 169.32009660772195 7
1738824310898 168.61265776692767 8
1738824310904 169.26378579517095 9
1738824310910 170.09261637654862 10
1738824310916 171.1614431347904 11
1738824310922 169.02955016200087 12
1738824310929 169.34498665338612 13
1738824310935 171.98944180234417 14
1738824310940 168.31923944263497 15
1738824310946 166.72748162290213 16
1738824310952 169.4992048941135 17
1738824310958 168.22004340407435 18
1738824310964 170.02437981001313 19
1738824310969 168.53385585163946 20
1738824310975 169.2704451158501 21
1738824310981 169.1572400670739 22
1738824310986 167.45943680741863 23
1738824310992 170.3885557073042 24
1738824310998 171.699148367115 25
