1738680216326 293.1972453386051 0
1738680216362 134.48422833176656 1
1738680216397 194.6873118360542 2
1738680216431 163.48593978208245 3
1738680216464 79.65917510330979 4
1738680216497 210.92096852675354 5
1738680216548 170.82465687115484 6
1738680216585 150.46786703634902 7
1738680216623 169.15022642397798 8
1738680216660 135.15475904137696 9
1738680216696 186.79858393121478 10
1738680216730 179.4588310729139 11
1738680216764 172.63354207544143 12
1738680216797 214.1394409982603 13
1738680216831 191.23651614542354 14
1738680216864 188.23760179770406 15
1738680216897 149.85806265315424 16
1738680216930 106.93468776852356 17
1738680216963 182.4116153189177 18
1738680216997 178.45458372401464 19
1738680217032 168.26989208409145 20
1738680217066 286.72340765964645 21
1738680217100 339.17152622112036 22
1738680217135 136.52317319650876 23
1738680217169 189.64845945710272 24
1738680217202 195.1388460155209 25
1738680217236 166.51101772885633 26
1738680217269 172.5371713423759 27
1738680217303 176.99138014434106 28
1738680217337 197.68070100868073 29
1738680217370 178.44515186814144 30
1738680217403 206.5308081532631 31
1738680217436 128.52449965645016 32
1738680217470 306.61010659641425 33
1738680217503 166.86112374634683 34
1738680217536 165.60854561003597 35
1738680217569 239.94379846448575 36
1738680217603 135.04245125017854 37
1738680217637 154.63203582004633 38
1738680217671 172.4243547914042 39
1738680217705 105.67777440389101 40
1738680217739 151.96165999855467 41
1738680217772 149.5415171928295 42
1738680217805 128.68027800775985 43
1738680217838 168.12228857103608 44
1738680217871 153.79470825370277 45
1738680217905 200.88763094824537 46
1738680217938 186.05996183982137 47
1738680217971 202.93185525219073 48
1738680218005 202.97306622944927 49
1738680218039 156.01736384077648 50
1738680218072 158.38842124632671 51
1738680218105 180.406772951086 52
1738680218139 180.92243646112738 53
1738680218172 151.88825259964102 54
1738680218205 174.72007783157926 55
1738680218239 139.34198019823378 56
1738680218272 167.93286695075028 57
1738680218306 189.21171050920094 58
1738680218339 156.82996207860822 59
1738680218372 145.88564585935492 60
1738680218406 123.69219601096339 61
1738680218439 139.86489093569347 62
1738680218472 142.77517892638255 63
1738680218505 518.8952021323706 64
1738680218538 143.76561920005673 65
1738680218572 196.52509134177095 66
1738680218605 159.30190557214448 67
1738680218638 150.738134869366 68
1738680218671 131.09708097149948 69
1738680218704 177.0274183764034 70
1738680218737 198.82196973981112 71
1738680218770 100.15350760202392 72
1738680218804 214.8090945677008 73
1738680218839 192.69149490289075 74
1738680218873 251.57609895942718 75
1738680218908 150.75252608246467 76
1738680218942 163.37567871936187 77
1738680218975 181.30666281640163 78
1738680219009 185.6995868256707 79
1738680219042 189.03727499462016 80
1738680219075 150.9758668594748 81
1738680219109 173.61410745341456 82
1738680219142 123.62233833560485 83
1738680219175 148.4767491965674 84
1738680219209 146.08691334452737 85
1738680219242 170.5030294367864 86
1738680219276 233.48228013226847 87
1738680219309 175.12251029963323 88
1738680219343 153.54671128164412 89
1738680219377 131.81803661518873 90
1738680219410 100.25252148580061 91
1738680219443 183.78101078206817 92
1738680219477 168.7381558312127 93
1738680219510 184.84932053492076 94
1738680219544 177.69224143171357 95
1738680219577 107.09490872914465 96
1738680219610 140.93317455584182 97
1738680219643 186.67710731218878 98
1738680219677 167.52731746030005 99
1738680219711 133.55653610942895 100
1738680219744 119.09694067364315 101
1738680219777 170.68699083128067 102
1738680219811 193.9257233349516 103
1738680219845 163.96555526471496 104
1738680219879 200.79130170046383 105
1738680219912 184.52460700527675 106
1738680219946 157.5741905519292 107
1738680219980 173.8996525365209 108
1738680220013 159.1877346971341 109
1738680220046 179.50757993374214 110
1738680220080 167.16537063649812 111
1738680220113 134.45549151471104 112
1738680220146 194.7287883590631 113
1738680220180 181.02020634417937 114
1738680220213 196.4312495694644 115
1738680220246 182.9665309275772 116
1738680220279 174.2643807637257 117
1738680220312 222.9110190925889 118
1738680220346 178.7280273508073 119
1738680220379 238.7809001644074 120
1738680220412 88.2639911959089 121
1738680220446 200.18262625714414 122
1738680220480 149.43551458441823 123
1738680220513 157.53683142208996 124
1738680220547 179.5010399965476 125
1738680220580 222.75813011123398 126
1738680220613 219.5128722532745 127
1738680220646 168.91857557228286 128
1738680220679 167.58473214154344 129
1738680220712 130.04077361835252 130
1738680220746 202.39803138237764 131
1738680220779 107.63367104171564 132
1738680220812 161.7883537084867 133
1738680220846 252.0488561552703 134
1738680220879 183.3491399720277 135
1738680220912 47.330441720466894 136
1738680220945 128.50962219633504 137
1738680220979 187.5932395448707 138
1738680221012 144.29566773499093 139
1738680221047 171.6825997261149 140
1738680221081 143.92954344562065 141
1738680221114 300.2533492250975 142
1738680221147 174.64112316354104 143
1738680221180 165.99988097583415 144
1738680221213 174.01387230748492 145
1738680221246 150.127844772848 146
1738680221280 164.13691212256512 147
1738680221313 194.52601856547145 148
1738680221346 199.00514539188035 149
1738680221379 170.07713410090926 150
1738680221412 114.05146528169925 151
1738680221445 112.72984359466408 152
1738680221478 190.11825426463736 153
1738680221512 129.76371924789456 154
1738680221545 172.18324654356311 155
1738680221578 99.71840048197559 156
1738680221612 131.0969921972221 157
1738680221645 129.75054216470144 158
1738680221678 121.67448092447637 159
1738680221712 161.51586230765773 160
1738680221745 142.4646550818191 161
1738680221778 200.88290816893215 162
1738680221811 185.52138939723656 163
1738680221845 378.63198626748624 164
1738680221879 105.401477374356 165
1738680221912 150.72215265554945 166
1738680221945 194.6627187227115 167
1738680221978 239.13371954965663 168
1738680222011 161.91900897401442 169
1738680222045 323.2948521963332 170
1738680222078 49.3106799771166 171
1738680222111 175.24941470189168 172
1738680222145 188.40791637140975 173
1738680222179 197.07928677080827 174
1738680222212 115.46591702362203 175
1738680222245 211.03252894043564 176
1738680222278 157.10448012319563 177
1738680222311 106.83930100114779 178
1738680222344 138.1000859359802 179
1738680222378 179.53330182457051 180
1738680222411 179.60712372741082 181
1738680222444 158.81550192494112 182
1738680222477 187.76961431932043 183
1738680222510 99.91959136692127 184
1738680222544 178.38225898600962 185
1738680222577 135.84331538773085 186
1738680222610 142.83005689889023 187
1738680222643 190.87669221602 188
1738680222676 178.8357719886311 189
1738680222710 167.22821727374327 190
1738680222743 181.58257092276864 191
1738680222777 187.6843421829492 192
1738680222810 119.4800838847207 193
1738680222844 287.4091594953703 194
1738680222877 126.96823816983007 195
1738680222910 201.55639248692208 196
1738680222943 172.66759693258442 197
1738680222978 201.18906701922393 198
1738680223011 152.1617318761811 199
1738680223045 129.52669579385022 200
1738680223078 158.60971074040182 201
1738680223111 205.49810408090542 202
1738680223146 190.06838354692957 203
1738680223180 216.7981472163648 204
1738680223216 168.09436920938765 205
1738680223249 204.25884424268094 206
1738680223283 165.07242638751097 207
1738680223316 210.67527134483313 208
1738680223350 167.884654700869 209
1738680223383 214.20419090586137 210
1738680223416 165.1580786062387 211
1738680223450 151.3362340779223 212
1738680223483 145.62165250903251 213
1738680223516 173.87484152225636 214
1738680223549 154.20043239615347 215
1738680223582 122.1207087080171 216
1738680223616 154.35904557255319 217
1738680223649 166.41763999869875 218
1738680223682 275.73181083779826 219
1738680223715 196.9888221963073 220
1738680223749 188.60771140977198 221
1738680223782 137.6218547640752 222
1738680223815 138.16869957684798 223
1738680223848 165.71805447513697 224
1738680223881 112.13937714424598 225
1738680223913 159.84814069329778 226
1738680223946 168.29362302775667 227
1738680223980 181.40446832346984 228
1738680224013 180.7297539730813 229
1738680224047 239.3324713810199 230
1738680224080 156.77685459498596 231
1738680224113 159.90804820276037 232
1738680224147 199.28007215681666 233
1738680224180 172.92531737248245 234
1738680224215 182.17667246857977 235
1738680224248 175.10646935848342 236
1738680224281 164.14907636537558 237
1738680224314 172.04450891997266 238
1738680224347 159.9551814759271 239
1738680224380 136.86078150915577 240
1738680224413 210.38583410661855 241
1738680224446 183.0194490228943 242
1738680224479 153.02575931414322 243
1738680224513 158.12098544295074 244
1738680224545 131.3885258678304 245
1738680224579 79.0594140853907 246
1738680224612 59.91435168829802 247
1738680224645 75.38585683724973 248
1738680224678 144.94541083113518 249
1738680224711 215.07401319564127 250
1738680224744 141.49958270376874 251
1738680224777 192.8118533734754 252
1738680224810 170.710532600906 253
1738680224843 179.69502741191806 254
1738680224876 199.43420390764138 255
1738680224909 37.8511380955368 256
1738680224943 183.02849765448653 257
1738680224976 261.56761719936304 258
1738680225010 256.13818470066434 259
1738680225043 171.3231487553896 260
1738680225078 162.77414126476734 261
1738680225110 179.18271843264483 262
1738680225144 185.76901945558674 263
1738680225178 98.61198066949774 264
1738680225211 169.6948708503069 265
1738680225244 262.7730797709124 266
1738680225277 180.60720624927708 267
1738680225310 182.2607805771425 268
1738680225343 184.5710309992101 269
1738680225376 81.64667931922531 270
1738680225409 163.63137421538786 271
1738680225442 145.11324552960733 272
1738680225475 165.90059705295133 273
1738680225509 103.43136194590774 274
1738680225542 76.28346623135675 275
1738680225575 282.4364611062673 276
1738680225608 205.21578088178558 277
1738680225642 204.28140488345105 278
1738680225675 203.34497128531484 279
1738680225708 142.00065327245431 280
1738680225741 172.16752234558453 281
1738680225774 194.71780782062686 282
1738680225807 205.59451412493993 283
1738680225840 201.54731293455157 284
1738680225874 163.96134856581165 285
1738680225908 203.74062527603948 286
1738680225943 95.46804779082437 287
1738680225976 176.19731182734063 288
1738680226010 105.31647302276991 289
1738680226044 171.34351980955407 290
1738680226077 124.63430644636027 291
1738680226110 168.3728673805419 292
1738680226143 122.01895514573994 293
1738680226176 67.04713105396974 294
1738680226209 135.59846021158023 295
1738680226242 197.03317181835428 296
1738680226275 142.37631469572744 297
1738680226308 178.15642258305968 298
1738680226341 76.42077677629351 299
1738680226374 172.81907198912145 300
1738680226407 158.29893003774075 301
1738680226441 184.84426110332018 302
1738680226474 149.1800848339076 303
1738680226507 144.93921660662133 304
1738680226540 129.4630512093162 305
1738680226573 155.97882523577078 306
1738680226607 177.05936504829535 307
1738680226640 235.90144081547245 308
1738680226673 110.70891172562794 309
1738680226706 205.27951027451542 310
1738680226739 146.99871091434602 311
1738680226774 163.0292843885593 312
1738680226806 171.8070724599654 313
1738680226840 57.47196796560531 314
1738680226876 198.2423526153549 315
1738680226910 212.17928644553896 316
1738680226944 108.21504065882498 317
1738680226977 137.04855291098164 318
1738680227012 209.46476839777694 319
1738680227045 202.0252904961129 320
1738680227079 297.6493293401657 321
1738680227112 193.63644635489752 322
1738680227146 191.84828651937576 323
1738680227179 165.98514840961403 324
1738680227213 152.3282987406112 325
1738680227246 158.48148385657336 326
1738680227280 269.01627562744125 327
1738680227313 178.196075250215 328
1738680227347 174.21339011873297 329
1738680227381 155.17487472348176 330
1738680227415 170.4297836275506 331
1738680227449 213.5123792888717 332
1738680227482 188.39666220176352 333
1738680227515 190.51317495796394 334
1738680227548 136.9939529451118 335
1738680227582 191.54161917538525 336
1738680227615 355.986716310976 337
1738680227648 179.891650264769 338
1738680227682 194.43646417264137 339
1738680227715 204.08745331873436 340
1738680227748 196.1079994951832 341
1738680227782 244.16760406946298 342
1738680227815 187.83379706579018 343
1738680227848 274.2114352746086 344
1738680227881 209.09812483147192 345
1738680227914 217.9992482124407 346
1738680227948 171.40802381238967 347
1738680227981 205.92854867709548 348
1738680228015 185.6490558832271 349
1738680228048 147.11440746312337 350
1738680228081 120.28113573663482 351
1738680228114 148.19140950427723 352
1738680228147 167.21609219751826 353
1738680228181 138.46910560082028 354
1738680228214 224.2998322742193 355
1738680228247 194.95471677950889 356
1738680228280 192.78190915986508 357
1738680228314 145.8762465711089 358
1738680228348 156.90501796318006 359
1738680228382 216.36136369869476 360
1738680228415 176.37443092463073 361
1738680228448 186.99427226164096 362
1738680228482 194.7992718101073 363
1738680228515 233.33804110101624 364
1738680228549 265.0889528257559 365
1738680228582 152.30716531365576 366
1738680228616 156.54469523504105 367
1738680228649 223.85655247629472 368
1738680228682 313.22474521287927 369
1738680228715 165.68050438666071 370
1738680228749 152.5442657440068 371
1738680228782 225.8583638342055 372
1738680228815 194.68244890975052 373
1738680228848 114.40504857114979 374
1738680228881 319.4000395829926 375
1738680228914 178.31847758790002 376
1738680228948 151.51933234395239 377
1738680228981 108.50147832813308 378
1738680229014 238.79799926285062 379
1738680229047 133.61702105842548 380
1738680229080 184.44898269397947 381
1738680229113 176.5703622995106 382
1738680229146 53.52566439008835 383
1738680229180 189.67664603401855 384
1738680229213 247.1361785879718 385
1738680229247 171.33056009768165 386
1738680229281 355.2028271562683 387
1738680229314 153.94220189685527 388
1738680229347 182.5965158728647 389
1738680229380 169.05590112376038 390
1738680229414 214.8264301471606 391
1738680229447 46.52546404462904 392
1738680229480 228.01211777667336 393
1738680229514 239.2583067659474 394
1738680229548 172.89785025111493 395
1738680229581 103.07006059537791 396
1738680229614 237.21794595817127 397
1738680229647 110.56588111771086 398
1738680229681 177.7825715826961 399
1738680229714 139.78084410536772 400
1738680229746 166.8336536004939 401
1738680229780 169.74083562941436 402
1738680229813 139.5059606498527 403
1738680229847 134.49200939598916 404
1738680229880 148.97176403991995 405
1738680229913 159.4661094683999 406
1738680229947 175.18443715153464 407
1738680229980 268.57559658807105 408
1738680230014 154.94382426171734 409
1738680230048 130.9968705784225 410
1738680230081 153.6540995037069 411
1738680230114 179.5774049017844 412
1738680230148 146.2231365491048 413
1738680230182 146.74568389612776 414
1738680230216 186.48216832318099 415
1738680230249 84.72604330090286 416
1738680230283 99.86698648856087 417
1738680230317 202.40604513249752 418
1738680230350 182.20108886885453 419
1738680230383 194.98614550524115 420
1738680230417 196.20035218214804 421
1738680230451 173.7453490998423 422
1738680230484 230.9660536182497 423
1738680230518 139.877340754123 424
1738680230551 184.80211827873944 425
1738680230585 179.5173948391914 426
1738680230618 209.75961395332857 427
1738680230652 151.63070428319782 428
1738680230685 136.62194899223147 429
1738680230719 185.5078256897966 430
1738680230753 196.35548337448446 431
1738680230787 202.1072684819743 432
1738680230820 148.55583729725 433
1738680230853 226.82835049431637 434
1738680230886 219.6062750421275 435
1738680230919 148.5047738810397 436
1738680230952 228.0150783684344 437
1738680230985 121.62688648944123 438
1738680231019 117.38125466329836 439
1738680231052 203.45948755198043 440
1738680231086 177.24369285877015 441
1738680231120 165.81811353748088 442
1738680231155 185.22968099069513 443
1738680231190 176.95523682534696 444
1738680231223 203.31995866212736 445
1738680231256 132.72454316705347 446
1738680231289 187.87323752127952 447
1738680231323 173.02256441468145 448
1738680231355 176.33388563863514 449
1738680231389 169.87656954104332 450
1738680231422 141.62183053109962 451
1738680231455 173.74162932842853 452
1738680231489 213.8134195697446 453
1738680231522 66.67708579826859 454
1738680231555 198.11210186217605 455
1738680231589 150.47659193135348 456
1738680231622 178.50949688207092 457
1738680231655 158.51764808120208 458
1738680231689 148.2127623586757 459
1738680231723 172.68496922773366 460
1738680231756 214.48192380321532 461
1738680231789 237.65931473333575 462
1738680231822 144.47308780065077 463
1738680231855 77.81718784663757 464
1738680231888 163.14945479175276 465
1738680231921 206.25475935925397 466
1738680231953 98.12022176491179 467
1738680231987 163.02067548388717 468
1738680232021 169.84032218926646 469
1738680232055 200.95972909666528 470
1738680232092 120.87796866689912 471
1738680232129 205.4387679139858 472
1738680232165 169.22328715405564 473
1738680232201 161.7161977396267 474
1738680232237 164.56220557048476 475
1738680232274 136.73352619177777 476
1738680232311 201.76742064806314 477
1738680232347 149.9010203481901 478
1738680232383 143.79223461861434 479
1738680232420 227.13420045409384 480
1738680232455 130.7541140804587 481
1738680232492 227.41363928485657 482
1738680232528 142.2350802285512 483
1738680232564 167.68271005429162 484
1738680232601 191.9277739501156 485
1738680232638 153.6697203644304 486
1738680232675 166.01384008656836 487
1738680232711 113.77823233315733 488
1738680232747 163.84490823941886 489
1738680232782 190.0158609850498 490
1738680232819 179.40330692075585 491
1738680232855 152.31225529009134 492
1738680232891 203.86289717840089 493
1738680232927 111.94606194787087 494
1738680232962 184.01875098365858 495
1738680232998 93.06702875370068 496
1738680233037 108.0539269430196 497
1738680233074 188.98748351643263 498
1738680233111 224.52290693007956 499
