1738824059677 154.94722683934805 0
1738824059717 141.4581092370424 1
1738824059759 189.3821395722096 2
1738824059803 142.26315388915083 3
1738824059846 245.2610576810579 4
1738824059887 166.77479681263935 5
1738824059929 163.50288774072436 6
1738824059970 174.92658779432873 7
1738824060010 114.59660043398922 8
1738824060051 97.5665634952209 9
1738824060096 163.69961466897522 10
1738824060141 137.8666640774622 11
1738824060182 191.32814778736403 12
1738824060221 122.67880238101644 13
1738824060262 190.63929756445486 14
1738824060302 263.31626355971673 15
1738824060342 192.54243021295383 16
1738824060382 160.37372653049724 17
1738824060423 170.80273869884016 18
1738824060463 167.88787692214154 19
1738824060503 153.28171709011255 20
1738824060541 177.39563526041482 21
1738824060581 176.3622416363686 22
1738824060621 104.74273991837904 23
1738824060660 187.81159492881048 24
1738824060699 45.37932586958105 25
1738824060738 203.2113545318908 26
1738824060778 208.77607845749773 27
1738824060818 175.5495419583128 28
1738824060857 177.08171652071022 29
1738824060897 98.47050411510033 30
1738824060936 231.33719605867608 31
1738824060975 156.06917046694542 32
1738824061013 25.736561823628264 33
1738824061052 97.2185072210432 34
1738824061091 143.02592210510892 35
1738824061130 109.08505014551803 36
1738824061170 162.5536752685823 37
1738824061209 247.8512598168642 38
1738824061248 146.50320992275363 39
1738824061288 179.96620726609873 40
1738824061327 182.03207002344342 41
1738824061367 120.01365801911193 42
1738824061408 198.65098383109955 43
1738824061447 214.95818051834985 44
1738824061487 187.01158216786635 45
1738824061526 126.38562088958182 46
1738824061566 255.45501525542244 47
1738824061606 193.06424517592262 48
1738824061645 149.90763730257433 49
1738824061685 130.3900822605009 50
1738824061724 170.46320677868079 51
1738824061764 165.0514577502616 52
1738824061803 158.5325235511522 53
1738824061843 113.59249478488734 54
1738824061883 196.59542523222854 55
1738824061921 130.9962424501708 56
1738824061960 117.07970574713002 57
1738824062000 168.1074560749298 58
1738824062040 156.77188354639998 59
1738824062079 180.644237240659 60
1738824062119 235.2413829903627 61
1738824062158 188.1351578884342 62
1738824062198 154.31398876986646 63
1738824062238 179.11343393632842 64
1738824062277 89.67126547422049 65
1738824062317 231.49171844467108 66
1738824062357 199.36750588595166 67
1738824062396 186.78149913149576 68
1738824062435 143.87754180519212 69
1738824062475 117.55278462410341 70
1738824062515 173.56585038500603 71
1738824062554 142.10904447719224 72
1738824062595 162.64094295229233 73
1738824062634 138.17967145061215 74
1738824062673 159.7586244894366 75
1738824062713 218.15053045741965 76
1738824062753 130.36525635314067 77
1738824062792 228.40369139083356 78
1738824062831 231.43051598739513 79
1738824062871 211.61832258793575 80
1738824062910 149.38000020591255 81
1738824062950 145.01123994263588 82
1738824062989 185.42474079732875 83
1738824063029 169.3033100663913 84
1738824063068 116.25319190896388 85
1738824063108 194.43653198597542 86
1738824063148 205.27520076717985 87
1738824063188 109.47344312107161 88
1738824063226 160.24589199334736 89
1738824063265 232.8213711461641 90
1738824063303 187.71659238426406 91
1738824063341 168.68584358212766 92
1738824063379 175.97351137914325 93
1738824063416 124.06023835888544 94
1738824063454 166.2108912535432 95
1738824063492 258.6941918908501 96
1738824063530 225.50074960825154 97
1738824063569 165.0695575977912 98
1738824063607 145.35798847068958 99
1738824063644 191.3308652778509 100
1738824063682 179.07303892395402 101
1738824063720 181.46510549200306 102
1738824063758 189.06756893278148 103
1738824063797 130.6384640419604 104
1738824063834 167.8568598694586 105
1738824063872 157.68156839133013 106
1738824063910 154.09679647170015 107
1738824063949 153.17920405824114 108
1738824063987 177.85068872800056 109
1738824064025 146.72011051985183 110
1738824064063 198.3662906506074 111
1738824064102 201.77493258001445 112
1738824064141 318.5779478065469 113
1738824064178 156.30452003953573 114
1738824064216 153.07431277387647 115
1738824064255 245.84482523682775 116
1738824064293 150.09808373881617 117
1738824064331 188.39957751909276 118
1738824064371 223.31452441354114 119
1738824064409 182.2888877302859 120
1738824064448 173.09454654617056 121
1738824064485 209.26672339857598 122
1738824064523 97.93917518402853 123
1738824064562 222.16894088888893 124
1738824064600 48.29473221089606 125
1738824064638 275.3325638780473 126
1738824064676 155.22960934280147 127
1738824064714 160.9812196987975 128
1738824064752 125.63254584745756 129
1738824064790 152.28626491559024 130
1738824064828 189.7936010071495 131
1738824064866 137.44208099781898 132
1738824064903 184.05620925201703 133
1738824064941 91.97948435907207 134
1738824064978 195.90502977525463 135
1738824065016 240.20659793064146 136
1738824065053 151.0965370803746 137
1738824065092 215.32223225356776 138
1738824065129 111.50516843194491 139
1738824065167 87.14583674557 140
1738824065204 154.2702813512903 141
1738824065242 202.76120407205593 142
1738824065280 204.56033416136287 143
1738824065319 80.45577261521535 144
1738824065357 140.12597548635202 145
1738824065395 189.169997407034 146
1738824065433 146.166241115265 147
1738824065471 216.9186813660265 148
1738824065509 47.42928643540036 149
1738824065547 212.58317709317603 150
1738824065585 128.45411305286194 151
1738824065623 189.06118244713488 152
1738824065661 200.87071476027216 153
1738824065698 110.59849967681876 154
1738824065736 191.77474185776623 155
1738824065774 174.63774183065442 156
1738824065812 186.5101918486253 157
1738824065850 128.55850363572264 158
1738824065888 196.63363907415211 159
1738824065926 189.35009626532872 160
1738824065963 179.27194724209733 161
1738824066005 182.98866148081802 162
1738824066044 133.8832740774178 163
1738824066084 212.6478502723694 164
1738824066122 153.53986005708495 165
1738824066160 161.329225844912 166
1738824066199 211.11411386033657 167
1738824066237 109.48504252311358 168
1738824066275 170.0483981115135 169
1738824066312 106.32332163421906 170
1738824066350 111.28481190436973 171
1738824066387 154.72062259065174 172
1738824066425 110.66383771975725 173
1738824066462 209.63325320201352 174
1738824066500 261.3779348297808 175
1738824066537 134.59151818821454 176
1738824066575 120.88094984833602 177
1738824066613 168.0329854459166 178
1738824066650 135.085226937335 179
1738824066688 207.72185054833352 180
1738824066726 183.1646260640026 181
1738824066764 116.30267510253773 182
1738824066802 159.19124581343456 183
1738824066840 202.49305773350204 184
1738824066878 143.78226568389562 185
1738824066915 126.92286880330258 186
1738824066953 61.06170851192898 187
1738824066991 140.4068590367181 188
1738824067029 139.31188953828152 189
1738824067067 196.06536625886486 190
1738824067105 164.20364682712616 191
1738824067142 371.4032478311538 192
1738824067180 120.77505565800769 193
1738824067218 126.47015145191932 194
1738824067255 252.91307043976244 195
1738824067293 158.2198772108989 196
1738824067332 199.20506540846745 197
1738824067369 199.61253466753507 198
1738824067407 171.253005719905 199
1738824067444 197.48592629808715 200
1738824067482 178.39302164305283 201
1738824067520 417.21636974348576 202
1738824067557 200.1695547023596 203
1738824067596 134.50733042924406 204
1738824067633 329.6253402116924 205
1738824067671 183.67923242214079 206
1738824067709 169.4459357843309 207
1738824067748 161.3302904529596 208
1738824067786 448.183720423815 209
1738824067823 166.700469387345 210
1738824067861 165.6331189906901 211
1738824067899 209.27839641688763 212
1738824067937 149.29431787637253 213
1738824067975 160.89626639417992 214
1738824068013 176.56848476860992 215
1738824068050 142.9696777956551 216
1738824068088 201.34829817346326 217
1738824068126 168.17071712974368 218
1738824068164 211.12469446425584 219
1738824068202 154.11733513168107 220
1738824068239 176.335638410176 221
1738824068277 215.54041187405508 222
1738824068316 88.39440212989905 223
1738824068354 203.1919814186055 224
1738824068392 190.2875797145557 225
1738824068430 172.40952363688478 226
1738824068469 186.50134312670832 227
1738824068507 149.49545411707277 228
1738824068544 116.34021110636601 229
1738824068583 170.52968033921917 230
1738824068620 178.5196622001439 231
1738824068658 133.85741192966364 232
1738824068696 179.4823280569981 233
1738824068734 138.49377039376841 234
1738824068772 141.7290436722334 235
1738824068810 177.8726785201287 236
1738824068847 157.57441701774601 237
1738824068885 168.46617249699148 238
1738824068922 202.6100999547591 239
1738824068961 205.8432017278791 240
1738824068999 139.2582834262852 241
1738824069036 247.17167565374697 242
1738824069075 118.70342628323476 243
1738824069112 143.04086840902286 244
1738824069150 126.71597925844135 245
1738824069188 200.08284344305315 246
1738824069226 157.6880774381321 247
1738824069264 144.1236717404319 248
1738824069302 202.21967479230491 249
1738824069340 103.36918714138035 250
1738824069378 153.1072133640225 251
1738824069416 162.96089613616027 252
1738824069454 150.34007478650946 253
1738824069492 194.7703763775085 254
1738824069530 147.1553734941348 255
1738824069568 162.04749609328704 256
1738824069606 174.78465076851174 257
1738824069644 122.40092930348607 258
1738824069682 129.9169124935642 259
1738824069719 171.7664374943681 260
1738824069757 193.4411834873462 261
1738824069795 211.8512173505815 262
1738824069834 178.92170174168407 263
1738824069873 217.16560278664963 264
1738824069911 112.51438535118336 265
1738824069950 78.73282345955701 266
1738824069988 143.23145709201034 267
1738824070026 270.7240716168237 268
1738824070065 153.80142372210588 269
1738824070103 195.47949468262104 270
1738824070142 179.22912629321684 271
1738824070181 100.87755716503347 272
1738824070219 131.8227126890402 273
1738824070257 177.23458589930934 274
1738824070296 195.1868205131239 275
1738824070334 178.75891524798462 276
1738824070372 168.3254762331981 277
1738824070410 141.6932553493038 278
1738824070447 183.23223335246385 279
1738824070487 162.73636335129007 280
1738824070525 266.2738982563126 281
1738824070562 190.65843347511503 282
1738824070599 80.0280640114179 283
1738824070636 188.74907701359928 284
1738824070673 130.6061134444392 285
1738824070711 178.27531012651517 286
1738824070748 178.13884420368382 287
1738824070785 96.14238792045914 288
1738824070822 167.95726247018942 289
1738824070859 194.514255201019 290
1738824070896 178.703481984019 291
1738824070933 142.2899288651799 292
1738824070970 328.4407259753109 293
1738824071007 155.32527710498243 294
1738824071044 195.634067182355 295
1738824071081 167.61193768370353 296
1738824071117 139.38360552453537 297
1738824071154 150.40254986206452 298
1738824071191 131.04130929013084 299
1738824071228 211.27192936437845 300
1738824071265 291.2796438144966 301
1738824071302 160.02201598645948 302
1738824071339 371.77124561832755 303
1738824071376 156.13469257298857 304
1738824071413 178.64116175473205 305
1738824071450 111.81217801456526 306
1738824071486 192.0892559700124 307
1738824071523 124.25512843509892 308
1738824071560 152.2920811380199 309
1738824071596 136.0951538149606 310
1738824071633 256.22994781383017 311
1738824071670 156.59154653359371 312
1738824071706 92.65753326009997 313
1738824071743 85.48957341819579 314
1738824071779 170.90997898685512 315
1738824071816 152.49566925088027 316
1738824071852 175.3588488196829 317
1738824071889 168.45528449566206 318
1738824071926 181.4981149527914 319
1738824071962 99.00319550441827 320
1738824071999 131.30380197412333 321
1738824072035 177.06655578630955 322
1738824072072 94.50458763331895 323
1738824072109 245.73260381134756 324
1738824072146 251.50996026605458 325
1738824072183 164.83335926216557 326
1738824072219 184.49234226966428 327
1738824072256 191.53065452770136 328
1738824072293 137.03358593546542 329
1738824072330 153.48605573300335 330
1738824072366 239.62970104029134 331
1738824072403 204.7588293641527 332
1738824072439 112.34760091384726 333
1738824072476 111.73259178825921 334
1738824072513 192.04328211098922 335
1738824072551 191.17985684291307 336
1738824072588 173.62522740323539 337
1738824072625 127.80261901858901 338
1738824072662 166.51843209808914 339
1738824072701 115.4115425272295 340
1738824072739 148.5194972602651 341
1738824072776 145.25870470817716 342
1738824072818 207.93121324378922 343
1738824072859 99.14139475469007 344
1738824072899 187.35744509081545 345
1738824072941 194.05832601021285 346
1738824072983 187.4927282647501 347
1738824073024 123.93771369186187 348
1738824073063 180.78860562856934 349
1738824073101 231.4183934609197 350
1738824073139 176.96483888411285 351
1738824073177 148.65325799857516 352
1738824073215 92.75140048483937 353
1738824073253 189.7182692933867 354
1738824073292 341.13072797660516 355
1738824073330 133.78556775933882 356
1738824073368 98.75858863144866 357
1738824073406 153.21829364980175 358
1738824073443 111.54247717156484 359
1738824073481 183.8386289911171 360
1738824073519 202.28227957133487 361
1738824073558 190.24546196897987 362
1738824073595 176.7846478061879 363
1738824073633 130.696786761841 364
1738824073671 148.19300640109415 365
1738824073708 183.27323388255817 366
1738824073747 29.34612776331608 367
1738824073784 192.15516390865574 368
1738824073822 168.7469716708733 369
1738824073860 166.48352132054245 370
1738824073897 164.4922977037782 371
1738824073934 188.8971574739504 372
1738824073972 198.39946317941832 373
1738824074010 143.73808295338702 374
1738824074047 206.35456246304614 375
1738824074085 187.16709249512698 376
1738824074124 264.3116474511042 377
1738824074161 253.93124429750682 378
1738824074199 185.18194221782542 379
1738824074237 244.51175015051172 380
1738824074275 157.41151336663256 381
1738824074313 122.81579242744617 382
1738824074351 223.74271152510167 383
1738824074389 208.87755509071522 384
1738824074426 115.42033965389182 385
1738824074471 156.04503584158044 386
1738824074511 180.70680407846157 387
1738824074550 169.44243134152 388
1738824074588 183.95523503636122 389
1738824074626 151.39275284975 390
1738824074663 175.55309343436784 391
1738824074702 454.95161986694205 392
1738824074742 149.006322652071 393
1738824074780 136.03442767524277 394
1738824074818 170.79577285388095 395
1738824074857 190.16907399737542 396
1738824074894 159.67326601915198 397
1738824074933 172.88347984709512 398
1738824074971 151.08698973074019 399
1738824075009 160.2335454320879 400
1738824075047 194.5259258864048 401
1738824075085 162.22371466640962 402
1738824075123 169.15340882351802 403
1738824075161 104.4062203513427 404
1738824075199 128.50121021067022 405
1738824075237 178.80846584305334 406
1738824075275 165.25636120531473 407
1738824075312 141.5874790344064 408
1738824075350 188.33468899184356 409
1738824075388 204.99798770628885 410
1738824075426 134.05630131864152 411
1738824075464 184.80808623405176 412
1738824075501 165.0854933184195 413
1738824075539 135.19725875196934 414
1738824075577 96.82623805221105 415
1738824075615 123.73029679414095 416
1738824075652 211.9375801340448 417
1738824075690 169.56811122816794 418
1738824075728 135.92949940762975 419
1738824075766 199.74669199761126 420
1738824075804 183.9935168317804 421
1738824075842 158.4676263759775 422
1738824075879 156.5556284557991 423
1738824075917 203.20426864598318 424
1738824075954 138.22446309617223 425
1738824075992 159.31824290814507 426
1738824076030 220.64611839323382 427
1738824076068 139.0831097007092 428
1738824076106 181.9695051445172 429
1738824076143 182.9334630813361 430
1738824076181 147.98648699853197 431
1738824076218 203.20906280095946 432
1738824076256 141.95879395508396 433
1738824076295 163.07922750190025 434
1738824076333 227.03890314731112 435
1738824076371 167.95289059099468 436
1738824076409 217.53046069944253 437
1738824076447 151.0570476751677 438
1738824076485 184.0895745351648 439
1738824076523 208.4536046637467 440
1738824076560 162.09433664423574 441
1738824076598 111.60017915758822 442
1738824076636 218.31156726623726 443
1738824076674 141.0772327828433 444
1738824076712 190.93321390877963 445
1738824076750 130.50536341416787 446
1738824076787 195.35447943756347 447
1738824076825 383.56690552100366 448
1738824076863 158.04567357257983 449
1738824076902 191.31706753691466 450
1738824076940 192.0922555275858 451
1738824076978 113.66590319084526 452
1738824077016 159.14070906012014 453
1738824077054 147.64193057755833 454
1738824077092 215.57097340314496 455
1738824077129 187.2264209235153 456
1738824077167 140.83209404647604 457
1738824077205 160.27425652423602 458
1738824077243 162.13880754066497 459
1738824077281 151.3308740877036 460
1738824077319 141.30447284640718 461
1738824077357 164.80457295317888 462
1738824077395 187.816323410599 463
1738824077432 312.369140397235 464
1738824077470 175.0324139818936 465
1738824077508 145.13291637508092 466
1738824077546 190.60320480488105 467
1738824077583 140.93581177794422 468
1738824077621 190.39124051287274 469
1738824077658 210.06244783700114 470
1738824077696 173.51111305255156 471
1738824077734 183.32621823252475 472
1738824077771 163.32079393281623 473
1738824077809 164.24123455488407 474
1738824077846 137.88524653139876 475
1738824077884 158.027933933766 476
1738824077921 375.12410379531684 477
1738824077959 165.2502808492878 478
1738824077996 137.3004530706893 479
1738824078034 172.039988734708 480
1738824078072 205.85579761121275 481
1738824078110 208.71041246236277 482
1738824078148 206.3220713126064 483
1738824078186 210.30135194450253 484
1738824078223 197.32936348154743 485
1738824078261 187.36147051444203 486
1738824078300 146.761166945579 487
1738824078338 288.7737027809903 488
1738824078375 171.35853245756226 489
1738824078414 173.43497927992695 490
1738824078452 149.41711494902194 491
1738824078490 229.82092026370475 492
1738824078528 155.3389549458557 493
1738824078565 205.40041077557999 494
1738824078605 144.3641898529314 495
1738824078643 57.160185134881594 496
1738824078680 60.9150451892491 497
1738824078718 138.16586293938707 498
1738824078756 162.2009848521548 499
