1738825491954 170.03050801755805 0
1738825491961 170.98215669513993 1
1738825491968 167.15389599325076 2
1738825491975 170.9813243393685 3
1738825491981 168.50412391801646 4
1738825491988 168.84495934264865 5
1738825491994 170.86452044985734 6
1738825492001 167.30076498868587 7
1738825492008 170.82816132595687 8
1738825492015 168.9338896901536 9
1738825492022 168.69237406439214 10
1738825492028 169.00963536657858 11
1738825492035 167.82395761618173 12
1738825492041 170.59487176782898 13
1738825492048 169.84536887744844 14
1738825492055 169.6029501737322 15
1738825492061 171.0603982977762 16
1738825492068 170.0787183141814 17
1738825492075 169.221072893195 18
1738825492082 168.50550324243125 19
1738825492089 169.96684619000726 20
1738825492096 172.2006090612076 21
1738825492102 168.17732982848645 22
1738825492108 167.4984891337854 23
1738825492115 167.6384208113274 24
1738825492123 167.69764069277832 25
1738825492131 168.6975517363098 26
1738825492137 169.10028545219672 27
1738825492144 169.62073650603818 28
1738825492150 169.06325180811777 29
1738825492157 170.41508061860958 30
1738825492163 170.32267562874446 31
1738825492196 170.75120447565504 32
1738825492209 170.5400735789417 33
1738825492217 167.95023934611964 34
1738825492225 170.20790106330034 35
1738825492232 167.2962012824952 36
1738825492239 169.8214019029861 37
1738825492245 169.97490648487624 38
1738825492252 167.1588348885766 39
1738825492260 168.3868719241727 40
1738825492266 172.9179648919656 41
1738825492273 168.40859173787064 42
1738825492279 170.1984189652464 43
1738825492286 167.68187726181867 44
1738825492292 168.153347315887 45
1738825492300 169.06886870382164 46
1738825492306 167.7084161201608 47
1738825492312 167.90144188125848 48
1738825492318 171.76057011850628 49
1738825492325 167.54128201915452 50
1738825492331 170.39609432819347 51
1738825492337 167.87070271189575 52
1738825492343 169.35115477710286 53
1738825492349 167.35887629031882 54
1738825492355 169.16790075920844 55
1738825492361 170.19319533224453 56
1738825492367 170.8566050391495 57
1738825492374 171.32435747487057 58
1738825492380 168.99258533863656 59
1738825492386 168.66464686533118 60
1738825492392 167.82728652843744 61
1738825492398 169.831947513748 62
1738825492405 167.9070407048915 63
1738825492411 170.1124149057112 64
1738825492417 170.4223037611433 65
1738825492424 169.91630002983646 66
1738825492430 170.66361168934156 67
