1738681045518 178.95930020202687 0
1738681045565 153.39509454621185 1
1738681045613 175.74631092922542 2
1738681045659 171.89516315661882 3
1738681045706 160.20882781471167 4
1738681045756 172.92251522576382 5
1738681045803 170.16505397740082 6
1738681045849 171.340395030602 7
1738681045894 172.60815152595478 8
1738681045940 169.71663913895634 9
1738681045986 167.72804531773824 10
1738681046031 153.94404790514386 11
1738681046076 166.2777194754514 12
1738681046121 154.70450887139927 13
1738681046166 156.84011008994747 14
1738681046211 187.98623423046428 15
1738681046258 170.1455540256271 16
1738681046305 157.51669147993846 17
1738681046350 172.15156030942595 18
1738681046396 164.31586741643684 19
1738681046445 153.84914097376733 20
1738681046490 153.85457781369885 21
1738681046535 151.92217647031745 22
1738681046581 160.59383981515478 23
1738681046625 157.80654180494722 24
1738681046670 166.21344872371802 25
1738681046716 172.53355649722542 26
1738681046761 172.03569644144534 27
1738681046806 198.30079358475612 28
1738681046851 170.09421344660677 29
1738681046896 178.01245577927145 30
1738681046941 166.7515741823926 31
1738681046987 165.88137955977106 32
1738681047032 166.04478869278717 33
1738681047077 171.25088768551203 34
1738681047123 160.79492997224082 35
1738681047170 182.17348906752045 36
1738681047215 168.4123108581968 37
1738681047261 175.72002631053186 38
1738681047307 170.4201283217292 39
1738681047351 156.76640749962453 40
1738681047396 166.84469950355506 41
1738681047441 166.46694550782595 42
1738681047487 169.05622985611956 43
1738681047532 177.49449630345927 44
1738681047577 166.83721968437845 45
1738681047621 168.95824727138876 46
1738681047666 168.63174940319834 47
1738681047711 177.09960333076296 48
1738681047757 169.29155376507705 49
1738681047804 161.8202320742437 50
1738681047850 163.23394381397213 51
1738681047895 160.72920512738355 52
1738681047939 189.19846502628948 53
1738681047984 155.13198314520142 54
1738681048030 164.06997324065534 55
1738681048074 162.33293726434115 56
1738681048119 173.39878639566123 57
1738681048164 160.81849464356642 58
1738681048209 188.3581232711265 59
1738681048254 169.55895247372516 60
1738681048299 179.0675587405257 61
1738681048344 158.09348097198938 62
1738681048389 168.86527468346605 63
1738681048434 172.61659841856945 64
1738681048479 171.64131965290855 65
1738681048524 163.39509268022303 66
1738681048570 166.3376895954243 67
1738681048615 172.43991279998195 68
1738681048660 178.23282645153 69
1738681048705 153.51720359727682 70
1738681048749 158.16158014953004 71
1738681048794 170.51186726776893 72
1738681048839 185.22469216390962 73
1738681048885 163.72502591445266 74
1738681048931 184.71145767819695 75
1738681048978 157.31423847542334 76
