1738680982005 136.77130946071782 0
1738680982051 245.89507658294667 1
1738680982096 177.53784078977938 2
1738680982142 185.9291072372516 3
1738680982188 194.29501772927708 4
1738680982235 162.33277379021084 5
1738680982281 262.13178461462434 6
1738680982327 249.44724945309235 7
1738680982371 118.18909604015835 8
1738680982417 199.3439682839977 9
1738680982462 311.0292504290721 10
1738680982508 160.90947972795297 11
1738680982553 169.84144158004963 12
1738680982600 141.68523924065974 13
1738680982646 146.36138710165278 14
1738680982693 177.40201451970697 15
1738680982738 146.64096582320042 16
1738680982783 160.61156828769126 17
1738680982829 99.38096902085623 18
1738680982874 218.62587597228782 19
1738680982919 147.17223878216893 20
1738680982964 178.05512898433355 21
1738680983009 160.4728935172958 22
1738680983054 185.59946645625482 23
1738680983099 179.2601035405894 24
1738680983144 189.1032360952898 25
1738680983190 153.42979686739207 26
1738680983235 135.67846712250662 27
1738680983281 189.18024947068275 28
1738680983327 110.69548001176311 29
1738680983373 38.9188825316253 30
1738680983417 198.3703720568627 31
1738680983463 200.31557768354295 32
1738680983508 149.34052806383113 33
1738680983553 191.84346418172743 34
1738680983598 166.68662306772168 35
1738680983643 181.98971408355095 36
1738680983687 200.5775798648931 37
1738680983732 133.31440383260065 38
1738680983777 57.18794561683522 39
1738680983822 166.58739195265824 40
1738680983869 151.46134899351136 41
1738680983914 41.58583857235505 42
1738680983959 138.91023516655878 43
1738680984007 132.292762257215 44
1738680984052 167.29546074859562 45
1738680984097 170.91249704682374 46
1738680984142 193.78733137144698 47
1738680984187 111.4737882927582 48
1738680984232 137.11991262897632 49
1738680984277 172.0842164105198 50
1738680984322 160.73515144025026 51
1738680984367 162.65885344970212 52
1738680984413 223.81099675006385 53
1738680984458 143.42224980658548 54
1738680984503 197.79868667988603 55
1738680984548 148.13784826626417 56
1738680984594 237.94288549241338 57
1738680984642 167.9294704698534 58
1738680984691 112.64994167973272 59
1738680984741 192.34356097025687 60
1738680984787 192.98929843416934 61
1738680984833 176.49354108214706 62
1738680984878 173.31662567882464 63
1738680984925 185.4394307139703 64
1738680984970 164.78505425892286 65
1738680985016 355.7285803140358 66
1738680985061 155.70576832821547 67
1738680985106 124.1401785364023 68
1738680985151 207.8922189965476 69
1738680985197 248.19953629940682 70
1738680985242 153.73152941516764 71
1738680985288 194.58689767895135 72
1738680985335 199.84445308581266 73
1738680985380 147.31928005966117 74
1738680985425 185.15190163068098 75
1738680985472 183.7973144254216 76
1738680985516 207.9198891369919 77
1738680985561 196.76309222222383 78
1738680985608 169.64118946354623 79
1738680985653 153.4695265983094 80
1738680985698 214.4297198447861 81
1738680985743 209.99887222242782 82
1738680985788 116.76897508714809 83
1738680985833 263.3955486099056 84
1738680985878 184.94238929970544 85
1738680985923 218.78820223623035 86
1738680985968 136.1267320083659 87
1738680986013 168.6078939380649 88
1738680986059 153.97754350278163 89
1738680986104 201.82041672493241 90
1738680986149 174.7925898881275 91
1738680986195 206.79222831825894 92
1738680986240 156.05405784831862 93
1738680986285 137.69900478035862 94
1738680986330 171.09870957082796 95
1738680986375 221.215733211352 96
1738680986420 173.5511352717552 97
1738680986465 160.06130000857553 98
1738680986510 252.01721351787404 99
1738680986556 166.7461620585589 100
1738680986600 141.53760658705247 101
1738680986645 212.9374469377156 102
1738680986690 196.25162579260186 103
1738680986735 169.84115013366818 104
1738680986780 174.30532984712698 105
1738680986825 89.65691343780273 106
1738680986869 197.95167543609756 107
1738680986914 206.67228523446443 108
1738680986959 190.45055176262397 109
1738680987003 160.64672536841385 110
1738680987050 129.03444015078927 111
1738680987096 121.86772792813713 112
1738680987141 154.24718001341103 113
1738680987185 233.49100203602282 114
1738680987230 100.60870352495444 115
1738680987276 188.2797218818568 116
1738680987321 203.10030407998354 117
1738680987366 126.82538536533261 118
1738680987411 224.2994186452272 119
1738680987457 150.54383803131543 120
1738680987502 177.50652200906768 121
1738680987546 174.37297333636906 122
1738680987591 292.9921471497428 123
1738680987637 131.92180793223454 124
1738680987682 173.71101917830805 125
1738680987728 196.07562589813662 126
1738680987773 174.50303130928495 127
1738680987818 92.80093636067443 128
1738680987863 182.5122536962353 129
1738680987908 107.55085689949435 130
1738680987953 169.9562273363594 131
1738680987999 101.46136215076174 132
1738680988045 186.22919772419863 133
1738680988091 145.99692674209527 134
1738680988137 224.13661203046829 135
1738680988182 118.61272847411506 136
1738680988227 179.9622994502026 137
1738680988272 131.1324318434337 138
1738680988317 155.21040613484493 139
1738680988362 145.8464701085911 140
1738680988407 190.3062943654484 141
1738680988452 237.91776352035313 142
1738680988497 147.04469336569514 143
1738680988542 131.8266586594884 144
1738680988587 175.64968811654649 145
1738680988632 127.57474549771918 146
1738680988678 163.78288649885283 147
1738680988724 220.46346393179616 148
1738680988769 167.09804807705893 149
1738680988814 144.28357937878974 150
1738680988860 175.70773256404019 151
1738680988905 205.12218020112905 152
1738680988949 91.70346993486746 153
1738680988994 234.391916550997 154
1738680989039 179.44385184450144 155
1738680989084 186.64312630477676 156
1738680989129 248.76083769275388 157
1738680989174 166.18285093201317 158
1738680989219 132.2954690521356 159
1738680989264 151.35628982295174 160
1738680989309 141.84105220572525 161
1738680989355 199.35908877678776 162
1738680989399 169.91375106267722 163
1738680989445 203.62964014155358 164
1738680989490 140.74620064174394 165
1738680989535 89.45598501709097 166
1738680989579 199.79509119736525 167
1738680989624 317.4057575971442 168
1738680989670 228.81710573833737 169
1738680989714 235.43671313461007 170
1738680989761 184.47700308746735 171
1738680989806 150.9377762139088 172
1738680989851 99.54511200048515 173
1738680989896 120.62800576047736 174
1738680989942 161.0960642909821 175
1738680989987 79.81474192837901 176
1738680990032 169.3046284853765 177
1738680990077 151.27505848777278 178
1738680990122 175.86257142750512 179
1738680990167 168.34523933147554 180
1738680990212 187.06081729642108 181
1738680990258 176.96486256006318 182
1738680990303 208.24634614070388 183
1738680990348 237.17861401350225 184
1738680990393 162.6174515210407 185
1738680990438 183.8929088331238 186
1738680990483 111.87644559143024 187
1738680990529 191.48098440642872 188
1738680990573 176.2410495735583 189
1738680990618 237.26705514846415 190
1738680990663 162.2262387068201 191
1738680990708 161.70399461262454 192
1738680990753 144.08756559865847 193
1738680990800 155.203044007003 194
1738680990845 274.0979445231787 195
1738680990890 175.9855339504014 196
1738680990935 172.30462201520825 197
1738680990980 167.32211973172707 198
1738680991025 217.12280994639266 199
1738680991070 151.78054452278406 200
1738680991115 146.04932940770692 201
1738680991160 175.8162138653438 202
1738680991205 145.66314693743203 203
1738680991249 166.42475210559155 204
1738680991295 204.83588309459802 205
1738680991341 158.27898324105482 206
1738680991386 192.303813501714 207
1738680991431 153.7111248995822 208
1738680991476 119.7784147821954 209
1738680991521 232.7254364290761 210
1738680991566 196.86100865763547 211
1738680991611 174.68129098256597 212
1738680991656 193.3614540998048 213
1738680991701 166.72001631226192 214
1738680991746 166.46754977364617 215
1738680991791 200.2683245920018 216
1738680991836 204.03597105410643 217
1738680991882 165.707780290018 218
1738680991927 119.72008705303749 219
1738680991972 120.13689934983705 220
1738680992017 164.68873540474405 221
1738680992062 182.08694967193708 222
1738680992107 132.6730185417447 223
1738680992152 135.85920238678477 224
1738680992197 193.03008866223388 225
1738680992243 278.9972866970302 226
1738680992288 292.010889901547 227
1738680992333 175.97198125825977 228
1738680992378 269.37301789044596 229
1738680992424 95.40052793223337 230
1738680992469 281.6987568999941 231
1738680992514 83.85723670090741 232
1738680992559 152.15682615800614 233
1738680992604 161.55923285752834 234
1738680992649 181.80021629416922 235
1738680992694 213.04980024457083 236
1738680992739 164.12223998577858 237
1738680992784 208.06292384191548 238
1738680992829 172.53646250361518 239
1738680992874 102.52356875599038 240
1738680992919 159.02419106760516 241
1738680992964 231.74061517802505 242
1738680993009 122.87947829158045 243
1738680993054 186.15198878156224 244
1738680993100 247.84868896672708 245
1738680993145 147.7582514775651 246
1738680993190 134.12383469419487 247
1738680993235 267.9749626948699 248
1738680993280 164.2640222267791 249
1738680993325 187.72316486577773 250
1738680993370 215.1193362801009 251
1738680993415 169.60173498034888 252
1738680993459 208.47909250929365 253
1738680993504 196.94507613662077 254
1738680993550 163.48011343622557 255
1738680993595 181.27742399061825 256
1738680993639 116.20000497643622 257
1738680993684 135.00362016095877 258
1738680993729 140.5121264529112 259
1738680993775 161.7030547847583 260
1738680993820 163.84098187666092 261
1738680993865 196.94057544396455 262
1738680993909 169.12798061831916 263
1738680993955 197.4550712400956 264
1738680994000 178.71173769779227 265
1738680994044 194.00757862564544 266
1738680994090 179.1347953311375 267
1738680994135 90.02453305127933 268
1738680994180 178.13904904922265 269
1738680994225 179.17444927803575 270
1738680994270 218.80237625885766 271
1738680994315 211.48227721521258 272
1738680994360 212.3115487983463 273
1738680994405 202.0240500985122 274
1738680994450 223.61208406927665 275
1738680994495 273.8676986099718 276
1738680994540 147.5690198529815 277
1738680994586 257.64694070679474 278
1738680994632 149.54136115480637 279
1738680994677 166.38646693069657 280
1738680994722 146.4266394847942 281
1738680994767 346.196063862919 282
1738680994813 219.5755045566257 283
1738680994858 107.39111073332298 284
1738680994903 132.32797557314657 285
1738680994948 150.10162066492217 286
1738680994993 278.0548094979956 287
1738680995038 187.80801628431314 288
1738680995083 201.27769415817255 289
1738680995129 177.97246535272424 290
1738680995174 153.94031328585507 291
1738680995219 150.10130718053617 292
1738680995264 154.84260285938845 293
1738680995309 44.18854969720436 294
1738680995354 136.85503328696095 295
1738680995399 130.97183453987037 296
1738680995444 134.64015550813127 297
1738680995489 181.00198150337962 298
1738680995534 154.01166685757528 299
1738680995579 189.79091133901377 300
1738680995624 161.2422710120985 301
1738680995670 224.5256976297397 302
1738680995715 160.81701503208316 303
1738680995760 160.69610651576156 304
1738680995805 189.03933894656635 305
1738680995849 171.84901101271268 306
1738680995894 159.15752802741667 307
1738680995940 160.49837329225852 308
1738680995984 244.61735132712806 309
1738680996029 145.00664243498014 310
1738680996073 162.87467625440314 311
1738680996118 172.59365449205845 312
1738680996163 113.01499274630551 313
1738680996210 164.5440426266581 314
1738680996256 142.72511986454288 315
1738680996302 147.96076857360922 316
1738680996346 94.47420142371388 317
1738680996391 193.33307108636328 318
1738680996436 247.19402107388288 319
1738680996481 183.3048628952543 320
1738680996526 164.07124421051952 321
1738680996571 132.74073640953904 322
1738680996616 254.4215598399989 323
1738680996661 282.9827168854051 324
1738680996706 197.28909543949024 325
1738680996752 153.35526440924954 326
1738680996797 135.97849120664608 327
1738680996842 221.03258674211077 328
1738680996888 173.10645652877108 329
1738680996933 162.17142681042202 330
1738680996978 137.71514577572236 331
1738680997023 203.41059780530486 332
1738680997068 159.1563963437579 333
1738680997113 208.4840674534748 334
1738680997158 146.99385354798457 335
1738680997203 236.55272315414288 336
1738680997249 168.36712401533268 337
1738680997294 153.44575767959077 338
1738680997339 130.36859045561474 339
1738680997384 153.15373706728306 340
1738680997429 180.56960204859706 341
1738680997475 268.04072242472944 342
1738680997519 248.3780523787775 343
1738680997564 117.682051710192 344
1738680997610 207.54155821827 345
1738680997654 110.30042872902789 346
1738680997699 229.43677932124336 347
1738680997744 217.1001032655121 348
1738680997791 166.1019694532743 349
1738680997835 169.82382961884034 350
1738680997880 126.61942562406033 351
1738680997925 242.91812930916228 352
1738680997970 159.24250938899212 353
1738680998015 180.91436671030897 354
1738680998060 163.4800159165966 355
1738680998106 186.27145417005914 356
1738680998151 130.67354155443445 357
1738680998196 288.3719978504423 358
1738680998241 52.099423484639225 359
1738680998286 146.40680303651916 360
1738680998332 92.69315940931078 361
1738680998377 188.79492524111149 362
1738680998422 174.0695398217716 363
1738680998467 169.15836550324508 364
1738680998512 176.87843310134858 365
1738680998557 205.07312745915956 366
1738680998603 120.2812076376321 367
1738680998648 169.69835974801526 368
1738680998692 69.91314406039315 369
1738680998738 122.31872080680469 370
1738680998783 130.8160295353619 371
1738680998828 118.14542242199038 372
1738680998874 155.0250852869124 373
1738680998919 162.22282906471713 374
1738680998964 175.61377754755955 375
1738680999009 175.75407368258826 376
1738680999054 181.63647271088274 377
1738680999098 198.03057991222758 378
1738680999144 243.62033869878874 379
1738680999189 33.21875166027097 380
1738680999234 96.91407057845328 381
1738680999279 223.7948377963356 382
1738680999324 115.50049691418766 383
1738680999369 199.54049305510662 384
1738680999415 188.63001101788143 385
1738680999460 202.0770495888683 386
1738680999506 183.54417845190088 387
1738680999551 165.5929518391258 388
1738680999595 153.57451642052814 389
1738680999641 186.29329244654272 390
1738680999686 161.16151559555948 391
1738680999731 184.059396451984 392
1738680999777 174.00102017481387 393
1738680999821 171.63386587479008 394
1738680999866 177.23899521614558 395
1738680999911 170.04884096852598 396
1738680999957 178.47393010637822 397
1738681000003 162.08232019418418 398
1738681000048 129.27730506128185 399
1738681000093 214.7375527698223 400
1738681000138 77.18436054703113 401
1738681000183 149.43558347341553 402
1738681000228 153.98353682710476 403
1738681000272 261.4395940055206 404
1738681000318 227.45441146901487 405
1738681000363 160.12082123890391 406
1738681000408 163.538977352192 407
1738681000452 167.07879938565756 408
1738681000498 182.00757770969722 409
1738681000544 169.2778533742376 410
1738681000589 162.12936023277217 411
1738681000633 152.4723184186276 412
1738681000678 183.23249549262712 413
1738681000723 201.0951810376803 414
1738681000768 279.2895494159066 415
1738681000813 192.66227167931703 416
1738681000859 237.9685226635473 417
1738681000904 184.52337316938062 418
1738681000949 172.41104275563745 419
1738681000996 223.48496815325788 420
1738681001041 50.7889619847284 421
1738681001086 172.92595204154006 422
1738681001131 162.36411813158446 423
1738681001176 98.00714479051398 424
1738681001220 178.93211752266345 425
1738681001265 176.4884129951259 426
1738681001310 149.65745180215416 427
1738681001355 163.34022360999913 428
1738681001401 86.9494445615598 429
1738681001446 480.75216099478087 430
1738681001491 131.4569500959528 431
1738681001537 178.59388391281098 432
1738681001582 222.04199316958164 433
1738681001627 267.90203281331736 434
1738681001672 309.9214373580629 435
1738681001717 154.92160913337716 436
1738681001762 71.01836702195205 437
1738681001806 121.06364331817065 438
1738681001852 170.41083748824457 439
1738681001897 165.854671258695 440
1738681001942 157.9314606473637 441
1738681001988 154.97220351829614 442
1738681002033 113.29741514103907 443
1738681002079 136.1312181939559 444
1738681002124 165.59523866617928 445
1738681002169 107.8652367095465 446
1738681002214 162.14883926086898 447
1738681002258 145.70868206135856 448
1738681002303 177.89501035208096 449
1738681002349 84.67238793239825 450
1738681002394 176.4144918020495 451
1738681002440 174.05745885446382 452
1738681002485 207.49245463818272 453
1738681002530 278.5288242679894 454
1738681002575 253.10972357749063 455
1738681002620 171.7704911722299 456
1738681002665 174.99691214692288 457
1738681002710 148.11497383757046 458
1738681002755 165.36356744276688 459
1738681002800 160.2374331396241 460
1738681002845 120.57043998191999 461
1738681002889 181.21818049941996 462
1738681002934 166.8106075471234 463
1738681002982 134.1356191260619 464
1738681003028 241.36747479639214 465
1738681003072 167.32219370270542 466
1738681003117 203.75307210149458 467
1738681003163 27.604003485062474 468
1738681003209 193.95207309354367 469
1738681003253 192.9688545497428 470
1738681003298 219.8842578782513 471
1738681003343 172.10732353292227 472
1738681003388 69.68119842107346 473
1738681003433 93.24410618928536 474
1738681003477 176.33261580699423 475
1738681003522 183.6382795983449 476
1738681003567 95.96910391298184 477
1738681003612 197.3696141947495 478
1738681003658 178.0641099905134 479
1738681003703 147.89670901223909 480
1738681003748 133.76471427309104 481
1738681003794 154.6398432851933 482
1738681003839 198.5324766573325 483
1738681003884 235.6198476533505 484
1738681003928 167.1276006459526 485
1738681003973 194.95441294256557 486
1738681004018 145.79701326115017 487
1738681004062 153.85193428468142 488
1738681004108 166.3725755576386 489
1738681004152 125.09320923257458 490
1738681004199 283.27374269559664 491
1738681004243 165.1762003188947 492
1738681004288 186.28429128980923 493
1738681004333 137.56153856789865 494
1738681004378 104.58759008146019 495
1738681004423 183.651704165244 496
1738681004468 172.53549624637247 497
1738681004513 206.09235748848786 498
1738681004558 166.2010279841935 499
