1738677467244 169.31213782154168 0
1738677467266 152.43041567574946 1
1738677467284 140.94263899949578 2
1738677467302 132.88318816482834 3
1738677467317 127.02139551223638 4
1738677467331 122.585086205656 5
1738677467369 119.08826894017288 6
1738677467383 116.22372494468675 7
1738677467397 113.7960382242961 8
1738677467411 111.67982806336794 9
1738677467438 109.79368837368754 10
1738677467454 108.08391716370234 11
1738677467470 106.51434922391489 12
1738677467483 105.05999449550295 13
1738677467496 103.70305029967054 14
1738677467510 102.43039503411298 15
1738677467524 101.23200707235752 16
1738677467537 100.09996205842226 17
1738677467549 99.02779231740611 18
1738677467561 98.01007345053266 19
1738677467575 97.04215388630537 20
1738677467587 96.11997476691201 21
1738677467601 95.23994725694345 22
1738677467614 94.39886665370538 23
1738677467625 93.59385034880623 24
1738677467638 92.82229148022118 25
1738677467650 92.08182310751047 26
1738677467667 91.37028961634071 27
1738677467681 90.6857232332448 28
1738677467695 90.02632427025083 29
1738677467709 89.39044418530717 30
1738677467724 88.77657084039366 31
1738677467738 88.1833155284902 32
1738677467751 87.6094014628908 33
1738677467764 87.05365350250332 34
1738677467778 86.51498894025275 35
1738677467793 85.99240921821094 36
1738677467808 85.48499245867853 37
1738677467822 84.99188671897177 38
1738677467839 84.51230389151915 39
1738677467871 84.04551418158661 40
1738677467886 83.59084110349137 41
1738677467900 83.14765694317133 42
1738677467913 82.71537864085204 43
1738677467926 82.29346405257691 44
1738677467939 81.8814085537186 45
1738677467952 81.47874195140365 46
1738677467965 81.08502567614948 47
1738677467980 80.69985022600261 48
1738677467996 80.3228328391331 49
1738677468010 79.95361537322319 50
1738677468031 79.59186237212457 51
1738677468044 79.23725930217503 52
1738677468056 78.88951094228709 53
1738677468074 78.54833991346976 54
1738677468086 78.21348533483724 55
1738677468098 77.8847015944119 56
1738677468111 77.56175722415826 57
1738677468123 77.24443386970091 58
1738677468136 76.93252534609621 59
1738677468148 76.62583677185252 60
1738677468162 76.32418377413885 61
1738677468175 76.02739175879242 62
1738677468188 75.73529523934108 63
1738677468204 75.4477372198025 64
1738677468217 75.16456862651519 65
1738677468235 74.88564778470021 66
1738677468252 74.61083993585511 67
1738677468265 74.34001679244284 68
1738677468279 74.07305612666677 69
1738677468296 73.8098413904185 70
1738677468310 73.5502613637524 71
1738677468325 73.29420982948257 72
1738677468340 73.04158527171677 73
1738677468353 72.7922905963392 74
1738677468366 72.54623287163317 75
1738677468378 72.30332308739659 76
1738677468393 72.0634759310502 77
1738677468408 71.82660957937044 78
1738677468424 71.59264550460055 79
1738677468438 71.36150829380144 80
1738677468451 71.13312548040358 81
1738677468465 70.90742738701076 82
1738677468478 70.68434697858812 83
1738677468497 70.46381972524075 84
1738677468509 70.24578347385666 85
1738677468522 70.03017832794892 86
1738677468536 69.81694653508744 87
1738677468548 69.60603238136106 88
1738677468560 69.39738209235762 89
1738677468576 69.19094374019024 90
1738677468588 68.98666715613766 91
1738677468600 68.78450384850022 92
1738677468611 68.58440692530547 93
1738677468625 68.38633102152629 94
1738677468639 68.19023223050064 95
1738677468652 67.99606803926679 96
1738677468665 67.8037972675492 97
1738677468682 67.61338001015156 98
1738677468698 67.42477758253098 99
1738677468711 67.23795246934502 100
1738677468726 67.05286827577844 101
1738677468739 66.86948968147124 102
1738677468753 66.68778239688194 103
1738677468766 66.50771312193314 104
1738677468780 66.3292495067962 105
1738677468792 66.15236011468336 106
1738677468806 65.97701438652406 107
1738677468818 65.80318260741102 108
1738677468830 65.63083587470999 109
1738677468842 65.45994606773394 110
1738677468853 65.29048581888947 111
1738677468865 65.12242848620943 112
1738677468877 64.95574812719147 113
1738677468889 64.7904194738674 114
1738677468900 64.6264179090339 115
1738677468914 64.46371944357846 116
1738677468926 64.30230069483994 117
1738677468937 64.14213886594621 118
1738677468950 63.98321172607531 119
1738677468962 63.82549759158994 120
1738677468975 63.66897530799824 121
1738677468987 63.51362423269652 122
1738677468999 63.35942421845268 123
1738677469012 63.20635559759136 124
1738677469027 63.054399166844235 125
1738677469042 62.90353617283102 126
1738677469052 62.753748298139065 127
1738677469066 62.60501764797094 128
1738677469081 62.45732673733153 129
1738677469094 62.310658478727554 130
1738677469108 62.16499617035428 131
1738677469125 62.02032348474529 132
1738677469136 61.87662445786298 133
1738677469152 61.733883478608135 134
1738677469174 61.592085278728874 135
1738677469193 61.45121492310968 136
1738677469209 61.31125780042272 137
1738677469227 61.17219961412442 138
1738677469241 61.03402637378138 139
1738677469253 60.89672438671035 140
1738677469266 60.76028024991803 141
1738677469279 60.62468084232697 142
1738677469293 60.48991331727496 143
1738677469310 60.35596509527544 144
1738677469326 60.22282385702758 145
1738677469350 60.09047753666512 146
1738677469372 59.95891431523337 147
1738677469388 59.8281226143848 148
1738677469400 59.69809109028367 149
1738677469414 59.568808627711014 150
1738677469426 59.44026433436138 151
1738677469437 59.312447535323464 152
1738677469450 59.18534776773699 153
1738677469461 59.05895477561854 154
1738677469473 58.933258504849675 155
1738677469487 58.80824909832052 156
1738677469498 58.6839168912229 157
1738677469510 58.56025240648679 158
1738677469523 58.43724635035479 159
1738677469537 58.31488960808894 160
1738677469549 58.19317323980497 161
1738677469560 58.072088476429045 162
1738677469573 57.95162671577233 163
1738677469587 57.83177951871899 164
1738677469599 57.71253860552342 165
1738677469613 57.5938958522125 166
1738677469626 57.475843287089326 167
1738677469638 57.3583730873345 168
1738677469652 57.24147757570144 169
1738677469668 57.12514921730264 170
1738677469681 57.00938061648335 171
1738677469695 56.89416451377974 172
1738677469706 56.77949378295872 173
1738677469719 56.66536142813639 174
1738677469732 56.551760580972704 175
1738677469746 56.43868449793937 176
1738677469759 56.326126557659116 177
1738677469773 56.21408025831328 178
1738677469787 56.10253921511616 179
1738677469798 55.99149715785326 180
1738677469810 55.88094792848196 181
1738677469821 55.77088547879227 182
1738677469833 55.6613038681258 183
1738677469845 55.55219726115123 184
1738677469857 55.443559925694444 185
1738677469871 55.335386230621516 186
1738677469883 55.22767064377325 187
1738677469895 55.12040772994931 188
1738677469907 55.01359214894072 189
1738677469918 54.90721865360921 190
1738677469931 54.801282088012016 191
1738677469943 54.69577738557068 192
1738677469957 54.59069956728287 193
1738677469969 54.486043739975585 194
1738677469981 54.381805094598924 195
1738677469993 54.27797890455895 196
1738677470004 54.17456052408877 197
1738677470018 54.071545386656695 198
1738677470036 53.96892900341034 199
1738677470049 53.8667069616559 200
1738677470065 53.764874923371366 201
1738677470080 53.66342862375302 202
1738677470096 53.56236386979407 203
1738677470112 53.4616765388948 204
1738677470129 53.36136257750322 205
1738677470143 53.26141799978546 206
1738677470158 53.1618388863252 207
1738677470174 53.06262138285125 208
1738677470190 52.96376169899268 209
1738677470208 52.865256107060766 210
1738677470229 52.76710094085693 211
1738677470246 52.669292594506274 212
1738677470261 52.5718275213158 213
1738677470274 52.47470223265683 214
1738677470290 52.377913296871206 215
1738677470304 52.281457338200106 216
1738677470317 52.18533103573572 217
1738677470330 52.08953112239456 218
1738677470342 51.994054383912186 219
1738677470353 51.898897657858846 220
1738677470367 51.80405783267542 221
1738677470380 51.709531846729156 222
1738677470392 51.61531668738902 223
1738677470404 51.52140939011968 224
1738677470418 51.42780703759427 225
1738677470446 51.334506758825015 226
1738677470468 51.2415057283116 227
1738677470483 51.14880116520681 228
1738677470505 51.05639033249884 229
1738677470527 50.9642705362103 230
1738677470542 50.87243912461309 231
1738677470557 50.78089348745912 232
1738677470572 50.68963105522637 233
1738677470587 50.59864929837996 234
1738677470603 50.50794572664788 235
1738677470618 50.417517888311096 236
1738677470634 50.327363369507744 237
1738677470648 50.23747979355096 238
1738677470664 50.14786482026022 239
1738677470679 50.05851614530578 240
1738677470691 49.96943149956598 241
1738677470707 49.880608648497066 242
1738677470723 49.792045391515416 243
1738677470736 49.70373956139167 244
1738677470752 49.61568902365672 245
1738677470764 49.527891676019216 246
1738677470779 49.44034544779429 247
1738677470792 49.35304829934341 248
1738677470810 49.26599822152497 249
1738677470825 49.17919323515537 250
1738677470840 49.09263139048072 251
1738677470854 49.006310766658366 252
1738677470868 48.92022947124855 253
1738677470880 48.83438563971567 254
1738677470895 48.74877743493908 255
1738677470909 48.663403046733265 256
1738677470924 48.57826069137708 257
1738677470938 48.4933486111519 258
1738677470953 48.408665073888585 259
1738677470967 48.32420837252299 260
1738677470980 48.239976824659834 261
1738677470998 48.15596877214484 262
1738677471013 48.07218258064492 263
1738677471036 47.98861663923624 264
1738677471051 47.905269360000005 265
1738677471065 47.822139177625864 266
1738677471080 47.73922454902267 267
1738677471099 47.65652395293659 268
1738677471121 47.57403588957627 269
1738677471141 47.49175888024504 270
1738677471159 47.40969146697991 271
1738677471179 47.327832212197315 272
1738677471194 47.246179698345415 273
1738677471208 47.16473252756284 274
1738677471221 47.083489321343734 275
1738677471237 47.002448720208996 276
1738677471249 46.92160938338362 277
1738677471266 46.840969988479905 278
1738677471281 46.76052923118661 279
1738677471294 46.68028582496367 280
1738677471308 46.600238500742634 281
1738677471322 46.5203860066326 282
1738677471339 46.44072710763138 283
1738677471355 46.361260585342194 284
1738677471371 46.281985237695274 285
1738677471389 46.20289987867473 286
1738677471404 46.12400333805034 287
1738677471447 46.045294461114146 288
1738677471467 45.96677210842199 289
1738677471484 45.88843515553956 290
1738677471502 45.81028249279316 291
1738677471516 45.73231302502496 292
1738677471531 45.65452567135268 293
1738677471552 45.57691936493357 294
1738677471566 45.49949305273269 295
1738677471580 45.42224569529534 296
1738677471592 45.34517626652362 297
1738677471612 45.26828375345696 298
1738677471625 45.191567156056614 299
1738677471635 45.115025486993986 300
1738677471647 45.03865777144286 301
1738677471658 44.962463046875094 302
1738677471672 44.88644036286033 303
1738677471688 44.81058878086889 304
1738677471705 44.734907374078496 305
1738677471721 44.659395227184234 306
1738677471739 44.584051436212015 307
1738677471756 44.508875108335246 308
1738677471769 44.43386536169485 309
1738677471783 44.3590213252224 310
1738677471795 44.284342138466435 311
1738677471808 44.20982695142183 312
1738677471820 44.13547492436218 313
1738677471832 44.06128522767504 314
1738677471843 43.98725704170032 315
1738677471856 43.91338955657122 316
1738677471868 43.8396819720582 317
1738677471881 43.76613349741553 318
1738677471894 43.69274335123066 319
1738677471907 43.61951076127607 320
1738677471920 43.546434964363854 321
1738677471934 43.47351520620284 322
1738677471947 43.40075074125806 323
1738677471962 43.328140832612846 324
1738677471977 43.255684751833186 325
1738677471991 43.18338177883455 326
1738677472009 43.111231201750975 327
1738677472030 43.039232316806384 328
1738677472051 42.967384428188204 329
1738677472064 42.89568684792318 330
1738677472076 42.824138895755226 331
1738677472089 42.752739899025556 332
1738677472100 42.68148919255468 333
1738677472122 42.61038611852666 334
1738677472145 42.53943002637513 335
1738677472159 42.46862027267144 336
1738677472172 42.39795622101468 337
1738677472192 42.32743724192357 338
1738677472209 42.25706271273013 339
1738677472228 42.18683201747538 340
1738677472242 42.11674454680658 341
1738677472255 42.04679969787639 342
1738677472268 41.97699687424369 343
1738677472280 41.90733548577603 344
1738677472294 41.83781494855395 345
1738677472308 41.76843468477657 346
1738677472320 41.699194122669205 347
1738677472333 41.63009269639214 348
1738677472346 41.56112984595128 349
1738677472360 41.492305017110105 350
1738677472373 41.423617661303204 351
1738677472387 41.355067235551225 352
1738677472399 41.28665320237726 353
1738677472414 41.21837502972471 354
1738677472429 41.15023219087642 355
1738677472444 41.08222416437526 356
1738677472459 41.01435043394596 357
1738677472473 40.946610488418315 358
1738677472489 40.879003821651736 359
1738677472507 40.811529932460815 360
1738677472527 40.744188324542485 361
1738677472543 40.676978506404055 362
1738677472560 40.609899991292714 363
1738677472575 40.54295229712602 364
1738677472594 40.47613494642363 365
1738677472612 40.409447466240145 366
1738677472632 40.34288938809912 367
1738677472649 40.27646024792801 368
1738677472666 40.21015958599442 369
1738677472683 40.14398694684316 370
1738677472698 40.07794187923459 371
1738677472719 40.01202393608373 372
1738677472738 39.94623267440057 373
1738677472754 39.8805676552313 374
1738677472768 39.81502844360038 375
1738677472783 39.74961460845382 376
1738677472797 39.68432572260306 377
1738677472816 39.619161362670155 378
1738677472834 39.5541211090334 379
1738677472851 39.48920454577433 380
1738677472864 39.424411260625114 381
1738677472881 39.359740844917226 382
1738677472899 39.29519289353056 383
1738677472915 39.23076700484375 384
1738677472929 39.16646278068496 385
1738677472946 39.102279826283684 386
1738677472962 39.038217750223275 387
1738677472974 38.97427616439417 388
1738677472989 38.91045468394794 389
1738677473004 38.84675292725213 390
1738677473023 38.78317051584562 391
1738677473039 38.71970707439497 392
1738677473059 38.6563622306513 393
1738677473074 38.59313561540783 394
1738677473089 38.53002686245826 395
1738677473102 38.467035608555655 396
1738677473115 38.40416149337209 397
1738677473131 38.34140415945887 398
1738677473145 38.27876325220743 399
1738677473159 38.21623841981083 400
1738677473173 38.153829313225906 401
1738677473188 38.091535586135905 402
1738677473203 38.02935689491386 403
1738677473220 37.96729289858647 404
1738677473238 37.90534325879852 405
1738677473257 37.84350763977795 406
1738677473287 37.781785708301356 407
1738677473302 37.72017713366017 408
1738677473319 37.65868158762724 409
1738677473333 37.59729874442403 410
1738677473349 37.536028280688306 411
1738677473362 37.47486987544227 412
1738677473378 37.41382321006132 413
1738677473392 37.352887968243145 414
1738677473405 37.29206383597742 415
1738677473419 37.23135050151595 416
1738677473433 37.170747655343156 417
1738677473447 37.11025499014723 418
1738677473461 37.049872200791604 419
1738677473474 36.98959898428683 420
1738677473490 36.929435039763 421
1738677473502 36.86938006844249 422
1738677473515 36.80943377361328 423
1738677473529 36.749595860602426 424
1738677473544 36.68986603675022 425
1738677473566 36.63024401138454 426
1738677473588 36.57072949579575 427
1738677473614 36.511322203211805 428
1738677473629 36.45202184877393 429
1738677473644 36.39282814951252 430
1738677473659 36.33374082432349 431
1738677473672 36.274759593944985 432
1738677473690 36.21588418093436 433
1738677473705 36.1571143096456 434
1738677473718 36.0984497062071 435
1738677473738 36.03989009849964 436
1738677473751 35.981435216134855 437
1738677473768 35.92308479043393 438
1738677473787 35.86483855440669 439
1738677473809 35.80669624273088 440
1738677473838 35.74865759173194 441
1738677473860 35.69072233936289 442
1738677473880 35.632890225184696 443
1738677473897 35.575160990346745 444
1738677473914 35.51753437756783 445
1738677473929 35.46001013111716 446
1738677473947 35.40258799679592 447
1738677473962 35.3452677219189 448
1738677473976 35.28804905529649 449
1738677473994 35.23093174721696 450
1738677474010 35.173915549428905 451
1738677474028 35.11700021512408 452
1738677474044 35.06018549892038 453
1738677474083 35.00347115684516 454
1738677474110 34.946856946318675 455
1738677474134 34.89034262613792 456
1738677474155 34.83392795646061 457
1738677474182 34.777612698789405 458
1738677474199 34.72139661595636 459
1738677474218 34.66527947210768 460
1738677474240 34.60926103268856 461
1738677474257 34.5533410644284 462
1738677474276 34.4975193353261 463
1738677474298 34.44179561463565 464
1738677474315 34.38616967285191 465
1738677474331 34.33064128169659 466
1738677474351 34.27521021410446 467
1738677474372 34.21987624420967 468
1738677474390 34.1646391473324 469
1738677474409 34.10949869996563 470
1738677474432 34.054454679762024 471
1738677474454 33.999506865521234 472
1738677474473 33.94465503717707 473
1738677474498 33.889898975785165 474
1738677474514 33.83523846351056 475
1738677474531 33.780673283615656 476
1738677474549 33.726203220448234 477
1738677474566 33.67182805942966 478
1738677474582 33.61754758704327 479
1738677474598 33.56336159082293 480
1738677474613 33.509269859341785 481
1738677474625 33.45527218220103 482
1738677474641 33.40136835001905 483
1738677474656 33.347558154420526 484
1738677474677 33.29384138802583 485
1738677474689 33.24021784444046 486
1738677474705 33.18668731824469 487
1738677474720 33.13324960498338 488
1738677474767 33.07990450115584 489
1738677474784 33.02665180420596 490
1738677474800 32.973491312512365 491
1738677474813 32.92042282537876 492
1738677474827 32.86744614302442 493
1738677474841 32.81456106657479 494
1738677474860 32.76176739805221 495
1738677474874 32.709064940366765 496
1738677474891 32.656453497307346 497
1738677474915 32.603932873532685 498
1738677474938 32.551502874562615 499
