1738679005923 169.02808494986087 0
1738679005939 169.01712080440387 1
1738679005955 169.00656621002153 2
1738679005977 168.99640512867293 3
1738679005995 168.9866221693147 4
1738679006013 168.97720256137185 5
1738679006029 168.9681321293061 6
1738679006046 168.95939726823528 7
1738679006062 168.95098492056056 8
1738679006080 168.9428825535596 9
1738679006099 168.93507813790598 10
1738679006132 168.92756012707517 11
1738679006151 168.9203174376022 12
1738679006171 168.91333943015348 13
1738679006191 168.90661589138085 14
1738679006204 168.90013701652435 15
1738679006217 168.89389339273282 16
1738679006239 168.88787598307292 17
1738679006253 168.88207611119736 18
1738679006267 168.87648544664592 19
1738679006282 168.87109599075183 20
1738679006297 168.86590006312983 21
1738679006313 168.86089028872013 22
1738679006325 168.85605958536678 23
1738679006341 168.85140115190757 24
1738679006356 168.8469084567538 25
1738679006372 168.84257522694088 26
1738679006388 168.838395437629 27
1738679006402 168.8343633020358 28
1738679006421 168.83047326178323 29
1738679006436 168.82671997764132 30
1738679006451 168.82309832065226 31
1738679006463 168.81960336361908 32
1738679006476 168.81623037294437 33
1738679006488 168.81297480080374 34
1738679006502 168.80983227764057 35
1738679006522 168.80679860496915 36
1738679006535 168.80386974847238 37
1738679006552 168.80104183138317 38
1738679006573 168.79831112813662 39
1738679006594 168.7956740582826 40
1738679006611 168.79312718064784 41
1738679006628 168.79066718773652 42
1738679006643 168.78829090036038 43
1738679006662 168.78599526248883 44
1738679006675 168.78377733630893 45
1738679006689 168.78163429748793 46
1738679006701 168.77956343062922 47
1738679006714 168.77756212491377 48
1738679006726 168.77562786991948 49
1738679006739 168.77375825161147 50
1738679006753 168.77195094849554 51
1738679006769 168.77020372792853 52
1738679006783 168.76851444257935 53
1738679006796 168.76688102703343 54
1738679006818 168.76530149453663 55
1738679006840 168.76377393386997 56
1738679006856 168.762296506353 57
1738679006872 168.76086744296828 58
1738679006887 168.75948504160232 59
1738679006902 168.7581476643993 60
1738679006917 168.7568537352219 61
1738679006933 168.7556017372147 62
1738679006949 168.75439021046685 63
1738679006966 168.75321774976922 64
1738679006980 168.75208300246237 65
1738679007001 168.75098466637158 66
1738679007021 168.74992148782525 67
1738679007040 168.74889225975366 68
1738679007055 168.74789581986414 69
