1738823980889 169.57935892733715 0
1738823980911 169.54962761843322 1
1738823980943 169.52107068817696 2
1738823980964 169.49364027342838 3
1738823980995 169.46729049773916 4
1738823981019 169.44197738822754 5
1738823981044 169.41765879594325 6
1738823981089 169.3942943195759 7
1738823981109 169.37184523236502 8
1738823981127 169.35027441207922 9
1738823981150 169.32954627393312 10
1738823981164 169.30962670632042 11
1738823981184 169.29048300924367 12
1738823981198 169.27208383532775 13
1738823981222 169.25439913330857 14
1738823981241 169.2374000938924 15
1738823981288 169.22105909788678 16
1738823981307 169.2053496665075 17
1738823981331 169.19024641376953 18
1738823981365 169.17572500087522 19
1738823981398 169.16176209251506 20
1738823981410 169.14833531500133 21
1738823981428 169.13542321615694 22
1738823981451 169.12300522688597 23
1738823981467 169.11106162435556 24
1738823981483 169.0995734967211 25
1738823981501 169.0885227093297 26
1738823981522 169.07789187234036 27
1738823981541 169.067664309701 28
1738823981566 169.05782402942518 29
1738823981606 169.04835569511428 30
1738823981628 169.03924459867278 31
1738823981644 169.03047663416612 32
1738823981655 169.02203827277376 33
1738823981695 169.0139165387907 34
1738823981755 169.00609898663433 35
1738823981783 168.99857367881356 36
1738823981803 168.99132916482034 37
1738823981818 168.98435446090448 38
1738823981839 168.97763903069523 39
1738823981853 168.97117276663317 40
1738823981874 168.96494597217952 41
1738823981893 168.95894934476928 42
1738823981908 168.95317395947734 43
1738823981922 168.94761125336768 44
1738823981935 168.94225301049724 45
1738823981949 168.9370913475462 46
1738823981963 168.93317207905 47
1738823981977 168.92939315828343 48
1738823981991 168.92574918213046 49
1738823982004 168.9222349656105 50
1738823982019 168.91884553287215 51
1738823982031 168.91557610856245 52
1738823982044 168.9124221095564 53
1738823982058 168.90937913703078 54
1738823982071 168.90644296886916 55
1738823982087 168.90360955238273 56
1738823982101 168.9008749973348 57
1738823982114 168.8982355692558 58
1738823982129 168.89568768303678 59
1738823982151 168.89322789678963 60
1738823982165 168.89085290596276 61
1738823982180 168.8885595377019 62
1738823982198 168.88634474544526 63
1738823982215 168.8842056037439 64
1738823982233 168.88213930329712 65
1738823982252 168.88014314619417 66
1738823982278 168.8782145413544 67
1738823982293 168.87635100015586 68
1738823982311 168.8745501322465 69
1738823982332 168.87280964152842 70
1738823982354 168.87112732230955 71
1738823982375 168.86950105561434 72
1738823982391 168.8679288056481 73
1738823982411 168.86640861640765 74
1738823982426 168.8649386084326 75
1738823982442 168.863516975691 76
1738823982458 168.86214198259452 77
1738823982471 168.86081196113676 78
1738823982483 168.85952530815013 79
1738823982495 168.85828048267658 80
1738823982537 168.85707600344654 81
1738823982550 168.8559104464626 82
1738823982564 168.8547824426828 83
1738823982584 168.85369067579944 84
1738823982605 168.85263388011046 85
1738823982629 168.85161083847743 86
1738823982640 168.85062038036887 87
1738823982658 168.84966137998367 88
1738823982674 168.84873275445213 89
1738823982698 168.84783346211114 90
1738823982720 168.84696250085003 91
1738823982740 168.8461189065251 92
1738823982757 168.8453017514388 93
1738823982777 168.84451014288192 94
