1738826068257 168.49932103025546 0
1738826068264 167.13828353534157 1
1738826068272 168.12543101954637 2
1738826068280 169.947261903441 3
1738826068287 170.19573467492202 4
1738826068294 169.315873839631 5
1738826068300 169.40647023036564 6
1738826068308 168.57790823960687 7
1738826068315 169.80872279299635 8
1738826068322 167.18496281057543 9
1738826068329 169.4633052853629 10
1738826068336 171.6034253108803 11
1738826068343 169.34403658846918 12
1738826068351 167.71182053428035 13
1738826068359 170.26909631902194 14
1738826068366 168.92830674993408 15
1738826068374 167.57820350697932 16
1738826068381 170.12805270192493 17
1738826068389 168.17574256739437 18
1738826068397 168.57230721877227 19
1738826068404 169.4936829781372 20
1738826068411 169.22706085870723 21
1738826068419 169.5274114839787 22
1738826068425 169.60372149702505 23
1738826068432 168.37841241503153 24
1738826068439 170.09166538869667 25
1738826068446 168.5488078328324 26
1738826068453 168.1032938444141 27
1738826068486 167.94519330692995 28
1738826068496 169.32975081529412 29
1738826068509 167.83146991011208 30
1738826068516 170.03161228032985 31
1738826068523 168.1203801967099 32
1738826068530 169.05590544610507 33
1738826068536 168.83396186342125 34
1738826068543 168.74188121050747 35
1738826068550 169.41019941910372 36
1738826068557 172.3888583496374 37
1738826068564 170.25192933896452 38
1738826068571 169.42837514208205 39
1738826068578 170.70018341039213 40
1738826068585 169.98092883543714 41
1738826068591 168.60236034160306 42
1738826068599 167.10481213144362 43
1738826068605 166.01147178090653 44
1738826068612 167.11974407755469 45
1738826068620 167.73247190130732 46
1738826068627 164.47043191242932 47
1738826068633 169.19369109539193 48
1738826068641 169.1635779286457 49
1738826068647 172.78716781617337 50
1738826068654 167.88899909338946 51
1738826068664 168.2889983711862 52
1738826068672 168.13065459237666 53
1738826068680 170.13828296930117 54
1738826068688 169.08828526781366 55
1738826068695 165.4095286144333 56
1738826068703 169.24372085770707 57
1738826068709 167.8780245519463 58
1738826068716 165.6136331029877 59
1738826068723 170.44514163876357 60
1738826068730 171.13671495074385 61
1738826068737 171.88525142310434 62
1738826068743 171.0823008304247 63
1738826068750 169.25478934678395 64
1738826068757 169.98627704594438 65
1738826068764 170.71082636144067 66
1738826068771 169.7955417107332 67
1738826068778 167.96850267726722 68
1738826068784 167.4357565754906 69
1738826068791 168.71796607565008 70
1738826068797 169.54827098220758 71
1738826068803 169.5234488162398 72
1738826068810 168.94701467278338 73
1738826068817 169.7863962028982 74
1738826068824 164.25385619110392 75
1738826068831 170.05202961746645 76
1738826068838 172.31458724191697 77
1738826068846 166.81610876840512 78
1738826068853 168.87538312779463 79
1738826068860 169.79248320679753 80
1738826068868 167.7505248395857 81
1738826068875 171.36116893453706 82
1738826068882 168.44318390377146 83
1738826068889 168.5327807043994 84
