1738677511294 169.4806387665546 0
1738677511311 167.774298857952 1
1738677511328 166.12192633390822 2
1738677511341 164.52158941319286 3
1738677511355 162.97142704571218 4
1738677511366 161.46964630988415 5
1738677511382 160.01451990589064 6
1738677511394 158.60438374127486 7
1738677511407 157.23763460547963 8
1738677511420 155.9127279300509 9
1738677511434 154.62817563134806 10
1738677511446 153.38254403272222 11
1738677511460 152.1744518632334 12
1738677511476 151.0025683300864 13
1738677511500 149.86561126206882 14
1738677511514 148.7623453213758 15
1738677511528 147.69158028129974 16
1738677511546 146.65216936736036 17
1738677511558 145.643007659535 18
1738677511576 144.66303055334 19
1738677511594 143.7112122775928 20
1738677511609 142.78656446676752 21
1738677511625 141.8881347859316 22
1738677511640 141.0150056063265 23
1738677511654 140.16629272972602 24
1738677511669 139.3411441597753 25
1738677511682 138.53873891857907 26
1738677511695 137.758285906872 27
1738677511713 136.99902280616556 28
1738677511726 136.26021502132429 29
1738677511739 135.54115466208196 30
1738677511752 134.84115956206318 31
1738677511768 134.1595723339279 32
1738677511780 133.4957594593085 33
1738677511794 132.84911041225703 34
1738677511806 132.21903681496843 35
1738677511818 131.60497162458964 36
1738677511830 131.0063683499705 37
1738677511844 130.42270029725208 38
1738677511855 129.85345984323075 39
1738677511868 129.29815773547415 40
1738677511889 128.75632241820367 41
1738677511908 128.22749938299407 42
1738677511926 127.71125054337585 43
1738677511942 127.20715363245978 44
1738677511955 126.71480162273518 45
1738677511975 126.2338021672255 46
1738677511991 125.76377706121399 47
1738677512009 125.30436172378133 48
1738677512027 124.85520469842623 49
1738677512047 124.41596717206505 50
1738677512062 123.98632251173382 51
1738677512076 123.56595581834037 52
1738677512091 123.15456349683856 53
1738677512103 122.75185284221931 54
1738677512125 122.35754164073619 55
1738677512138 121.97135778580406 56
1738677512150 121.59303890803018 57
1738677512163 121.22233201885749 58
1738677512174 120.85899316731815 59
1738677512188 120.50278710941498 60
1738677512200 120.15348698966505 61
1738677512214 119.81087403435787 62
1738677512228 119.47473725609613 63
1738677512239 119.14487316920436 64
1738677512255 118.82108551560378 65
1738677512267 118.50318500076914 66
1738677512307 118.1909890393956 67
1738677512320 117.88432151041773 68
1738677512337 117.58301252103696 69
1738677512349 117.28689817942471 70
1738677512362 116.99582037578251 71
1738677512375 116.70962657145097 72
1738677512387 116.42816959577078 73
1738677512399 116.15130745041105 74
1738677512411 115.87890312088923 75
1738677512421 115.61082439501817 76
1738677512434 115.34694368802505 77
1738677512448 115.08713787409665 78
1738677512465 114.83128812411385 79
1738677512478 114.57927974934812 80
1738677512493 114.33100205089988 81
1738677512508 114.08634817466756 82
1738677512522 113.84521497164356 83
1738677512535 113.60750286334118 84
1738677512548 113.37311571216344 85
1738677512562 113.14196069653158 86
1738677512578 112.91394819059867 87
1738677512592 112.6889916483788 88
1738677512606 112.46700749212957 89
1738677512623 112.24791500483146 90
1738677512636 112.03163622661299 91
1738677512651 111.81809585497642 92
1738677512664 111.60722114868435 93
1738677512679 111.398941835172 94
1738677512694 111.19319002135585 95
1738677512705 110.98990010771342 96
1738677512720 110.7890087055136 97
1738677512734 110.59045455708186 98
1738677512747 110.39417845898859 99
1738677512761 110.20012318805281 100
1738677512776 110.00823343005773 101
1738677512789 109.81845571107844 102
1738677512801 109.63073833132552 103
1738677512814 109.44503130141192 104
1738677512829 109.26128628095405 105
1738677512843 109.07945651942134 106
1738677512857 108.89949679915097 107
1738677512871 108.72136338044889 108
1738677512884 108.54501394869965 109
1738677512900 108.3704075634117 110
1738677512913 108.19750460912663 111
1738677512926 108.02626674812375 112
1738677512940 107.85665687485442 113
1738677512955 107.6886390720418 114
1738677512967 107.52217856838537 115
1738677512977 107.35724169781103 116
1738677512989 107.19379586020959 117
1738677513002 107.03180948360965 118
1738677513018 106.87125198773127 119
1738677513032 106.71209374887039 120
1738677513045 106.55430606606454 121
1738677513060 106.39786112849323 122
1738677513074 106.24273198406689 123
1738677513088 106.08889250916185 124
1738677513100 105.93631737945778 125
1738677513113 105.78498204183832 126
1738677513132 105.63486268731519 127
1738677513144 105.4859362249382 128
1738677513157 105.33818025665516 129
1738677513169 105.19157305308667 130
1738677513185 105.04609353018208 131
1738677513201 104.9017212267244 132
1738677513217 104.75843628265308 133
1738677513235 104.61621941817413 134
1738677513250 104.4750519136293 135
1738677513266 104.334915590096 136
1738677513282 104.19579279069143 137
1738677513296 104.05766636255456 138
1738677513313 103.92051963948195 139
1738677513328 103.78433642519245 140
1738677513342 103.64910097719833 141
1738677513356 103.51479799126045 142
1738677513369 103.38141258640582 143
1738677513385 103.24893029048724 144
1738677513399 103.11733702626479 145
1738677513415 102.98661909799058 146
1738677513426 102.85676317847755 147
1738677513441 102.72775629663508 148
1738677513455 102.59958582545435 149
1738677513468 102.47223947042663 150
1738677513481 102.34570525837879 151
1738677513497 102.21997152671085 152
1738677513511 102.09502691302063 153
1738677513526 101.9708603451015 154
1738677513540 101.84746103129949 155
1738677513556 101.7248184512165 156
1738677513572 101.60292234674719 157
1738677513588 101.48176271343705 158
1738677513601 101.36132979215006 159
1738677513615 101.24161406103468 160
1738677513630 101.12260622777701 161
1738677513642 101.0042972221308 162
1738677513656 100.88667818871419 163
1738677513670 100.76974048006336 164
1738677513682 100.65347564993371 165
1738677513696 100.53787544683952 166
1738677513709 100.42293180782339 167
1738677513725 100.3086368524472 168
1738677513743 100.19498287699606 169
1738677513755 100.08196234888814 170
1738677513768 99.96956790128226 171
1738677513780 99.85779232787641 172
1738677513792 99.74662857788995 173
1738677513804 99.6360697512231 174
1738677513816 99.526109093787 175
1738677513828 99.41673999299822 176
1738677513841 99.3079559734317 177
1738677513862 99.19975069262654 178
1738677513875 99.09211793703865 179
1738677513894 98.98505161813534 180
1738677513908 98.87854576862654 181
1738677513923 98.77259453882752 182
1738677513936 98.66719219314862 183
1738677513948 98.5623331067071 184
1738677513962 98.45801176205688 185
1738677513975 98.35422274603172 186
1738677513987 98.25096074669794 187
1738677514000 98.14822055041243 188
1738677514016 98.04599703898226 189
1738677514034 97.94428518692247 190
1738677514049 97.84308005880784 191
1738677514062 97.74237680671597 192
1738677514078 97.64217066775787 193
1738677514096 97.54245696169295 194
1738677514113 97.44323108862571 195
1738677514134 97.34448852678074 196
1738677514149 97.24622483035326 197
1738677514162 97.14843562743299 198
1738677514177 97.05111661799786 199
1738677514193 96.95426357197583 200
1738677514208 96.85787232737182 201
1738677514221 96.76193878845767 202
1738677514231 96.66645892402285 203
1738677514246 96.57142876568359 204
1738677514262 96.47684440624856 205
1738677514276 96.38270199813873 206
1738677514287 96.28899775185995 207
1738677514303 96.19572793452578 208
1738677514316 96.10288886842922 209
1738677514329 96.01047692966158 210
1738677514342 95.9184885467763 211
1738677514356 95.82692019949677 212
1738677514368 95.73576841746622 213
1738677514382 95.64502977903815 214
1738677514395 95.55470091010599 215
1738677514407 95.46477848297064 216
1738677514421 95.37525921524423 217
1738677514433 95.28613986878929 218
1738677514446 95.19741724869161 219
1738677514458 95.10908820226587 220
1738677514473 95.02114961809282 221
1738677514487 94.9335984250869 222
1738677514501 94.84643159159307 223
1738677514517 94.75964612451212 224
1738677514531 94.67323906845314 225
1738677514545 94.58720750491246 226
1738677514558 94.50154855147791 227
1738677514570 94.41625936105764 228
1738677514582 94.33133712113253 229
1738677514598 94.24677905303173 230
1738677514613 94.16258241122965 231
1738677514631 94.07874448266486 232
1738677514648 93.99526258607905 233
1738677514661 93.9121340713761 234
1738677514677 93.82935631899998 235
1738677514691 93.74692673933123 236
1738677514707 93.66484277210147 237
1738677514722 93.58310188582463 238
1738677514736 93.50170157724524 239
1738677514749 93.42063937080246 240
1738677514761 93.33991281810967 241
1738677514774 93.25951949744898 242
1738677514790 93.17945701328028 243
1738677514804 93.0997229957641 244
1738677514818 93.0203151002978 245
1738677514835 92.94123100706517 246
1738677514852 92.86246842059815 247
1738677514867 92.7840250693509 248
1738677514882 92.70589870528555 249
1738677514898 92.62808710346928 250
1738677514911 92.55058806168223 251
1738677514922 92.4733994000362 252
1738677514936 92.39651896060327 253
1738677514948 92.31994460705464 254
1738677514963 92.24367422430863 255
1738677514977 92.1677057181882 256
1738677514989 92.09203701508727 257
1738677515003 92.01666606164568 258
1738677515016 91.94159082443234 259
1738677515033 91.86680928963686 260
1738677515052 91.79231946276833 261
1738677515071 91.71811936836225 262
1738677515089 91.64420704969446 263
1738677515105 91.57058056850205 264
1738677515127 91.49723800471138 265
1738677515141 91.42417745617229 266
1738677515155 91.35139703839923 267
1738677515169 91.27889488431809 268
1738677515186 91.20666914401929 269
1738677515199 91.13471798451654 270
1738677515218 91.06303958951135 271
1738677515233 90.99163215916279 272
1738677515247 90.92049390986269 273
1738677515260 90.84962307401581 274
1738677515273 90.77901789982496 275
1738677515289 90.70867665108103 276
1738677515301 90.63859760695749 277
1738677515314 90.56877906180941 278
1738677515327 90.49921932497688 279
1738677515339 90.42991672059283 280
1738677515351 90.3608695873944 281
1738677515362 90.29207627853891 282
1738677515374 90.22353516142326 283
1738677515386 90.15524461750715 284
1738677515398 90.08720304214009 285
1738677515410 90.01940884439168 286
1738677515422 89.9518604468853 287
1738677515435 89.88455628563545 288
1738677515450 89.81749480988786 289
1738677515464 89.75067448196293 290
1738677515479 89.68409377710222 291
1738677515497 89.61775118331778 292
1738677515513 89.55164520124437 293
1738677515533 89.48577434399446 294
1738677515548 89.42013713701597 295
1738677515563 89.35473211795245 296
1738677515590 89.28955783650603 297
1738677515610 89.22461285430269 298
1738677515623 89.15989574476001 299
1738677515638 89.09540509295712 300
1738677515649 89.03113949550719 301
1738677515662 88.96709756043181 302
1738677515676 88.90327790703776 303
1738677515691 88.83967916579579 304
1738677515705 88.7762999782214 305
1738677515719 88.71313899675769 306
1738677515731 88.65019488466004 307
1738677515745 88.58746631588278 308
1738677515760 88.52495197496759 309
1738677515774 88.46265055693375 310
1738677515787 88.40056076717016 311
1738677515801 88.33868132132892 312
1738677515818 88.27701094522071 313
1738677515833 88.21554837471172 314
1738677515848 88.15429235562213 315
1738677515862 88.09324164362623 316
1738677515877 88.03239500415381 317
1738677515890 87.97175121229334 318
1738677515909 87.91130905269623 319
1738677515922 87.85106731948267 320
1738677515936 87.79102481614899 321
1738677515952 87.73118035547586 322
1738677515965 87.67153275943829 323
1738677515977 87.6120808591167 324
1738677515992 87.55282349460904 325
1738677516005 87.49375951494454 326
1738677516018 87.4348877779982 327
1738677516033 87.37620715040671 328
1738677516048 87.31771650748549 329
1738677516062 87.25941473314668 330
1738677516075 87.20130071981838 331
1738677516089 87.14337336836485 332
1738677516103 87.08563158800773 333
1738677516121 87.02807429624842 334
1738677516136 86.97070041879127 335
1738677516150 86.91350888946782 336
1738677516164 86.85649865016214 337
1738677516177 86.79966865073675 338
1738677516192 86.7430178489599 339
1738677516205 86.68654521043331 340
1738677516219 86.63024970852115 341
1738677516231 86.57413032427971 342
1738677516246 86.51818604638784 343
1738677516260 86.46241587107845 344
1738677516273 86.40681880207062 345
1738677516287 86.35139385050259 346
1738677516302 86.29614003486562 347
1738677516316 86.24105638093832 348
1738677516330 86.1861419217222 349
1738677516344 86.13139569737746 350
1738677516360 86.07681675516004 351
1738677516372 86.02240414935879 352
1738677516385 85.96815694123394 353
1738677516399 85.91407419895575 354
1738677516415 85.86015499754424 355
1738677516428 85.80639841880934 356
1738677516441 85.75280355129173 357
1738677516455 85.69936949020455 358
1738677516469 85.64609533737527 359
1738677516482 85.59298020118882 360
1738677516503 85.54002319653074 361
1738677516532 85.48722344473128 362
1738677516545 85.43458007351009 363
1738677516564 85.38209221692127 364
1738677516583 85.3297590152992 365
1738677516598 85.27757961520497 366
1738677516611 85.22555316937311 367
1738677516624 85.17367883665915 368
1738677516637 85.12195578198761 369
1738677516649 85.07038317630051 370
1738677516662 85.01896019650638 371
1738677516675 84.96768602542994 372
1738677516689 84.91655985176206 373
1738677516702 84.86558087001045 374
1738677516715 84.81474828045067 375
1738677516727 84.7640612890778 376
1738677516741 84.7135191075584 377
1738677516754 84.66312095318304 378
1738677516769 84.6128660488195 379
1738677516781 84.56275362286597 380
1738677516793 84.51278290920511 381
1738677516806 84.46295314715849 382
1738677516819 84.41326358144124 383
1738677516832 84.36371346211757 384
1738677516845 84.31430204455614 385
1738677516856 84.26502858938647 386
1738677516868 84.21589236245534 387
1738677516880 84.16689263478375 388
1738677516892 84.11802868252437 389
1738677516909 84.0692997869193 390
1738677516921 84.02070523425816 391
1738677516934 83.97224431583683 392
1738677516946 83.92391632791625 393
1738677516959 83.87572057168192 394
1738677516971 83.8276563532036 395
1738677516986 83.77972298339527 396
1738677517001 83.73191977797595 397
1738677517019 83.6842460574302 398
1738677517035 83.63670114696959 399
1738677517050 83.58928437649418 400
1738677517068 83.54199508055447 401
1738677517080 83.4948325983137 402
1738677517096 83.44779627351046 403
1738677517112 83.4008854544217 404
1738677517134 83.35409949382604 405
1738677517150 83.30743774896743 406
1738677517163 83.26089958151908 407
1738677517181 83.21448435754787 408
1738677517194 83.16819144747893 409
1738677517208 83.12202022606063 410
1738677517220 83.07597007232974 411
1738677517234 83.03004036957724 412
1738677517248 82.98423050531402 413
1738677517262 82.93853987123721 414
1738677517275 82.89296786319659 415
1738677517289 82.84751388116153 416
1738677517303 82.80217732918796 417
1738677517314 82.7569576153859 418
1738677517329 82.71185415188707 419
1738677517343 82.66686635481288 420
1738677517356 82.62199364424274 421
1738677517369 82.57723544418258 422
1738677517381 82.53259118253368 423
1738677517396 82.48806029106174 424
1738677517409 82.44364220536634 425
1738677517424 82.39933636485054 426
1738677517440 82.35514221269072 427
1738677517453 82.31105919580696 428
1738677517467 82.2670867648332 429
1738677517481 82.2232243740882 430
1738677517495 82.1794714815464 431
1738677517512 82.13582754880902 432
1738677517525 82.09229204107577 433
1738677517539 82.04886442711629 434
1738677517553 82.00554417924232 435
1738677517569 81.96233077327983 436
1738677517583 81.91922368854144 437
1738677517596 81.87622240779909 438
1738677517610 81.83332641725706 439
1738677517631 81.79053520652504 440
1738677517648 81.74784826859151 441
1738677517662 81.70526509979753 442
1738677517677 81.66278519981026 443
1738677517694 81.62040807159737 444
1738677517709 81.57813322140119 445
1738677517722 81.53596015871312 446
1738677517734 81.49388839624864 447
1738677517746 81.45191744992198 448
1738677517759 81.41004683882146 449
1738677517773 81.36827608518492 450
1738677517785 81.32660471437504 451
1738677517800 81.2850322548555 452
1738677517814 81.24355823816674 453
1738677517826 81.20218219890224 454
1738677517841 81.16090367468503 455
1738677517855 81.1197222061442 456
1738677517868 81.07863733689172 457
1738677517881 81.0376486134995 458
1738677517893 80.9967555854766 459
1738677517906 80.9559578052467 460
1738677517919 80.9152548281255 461
1738677517931 80.87464621229874 462
1738677517943 80.83413151880002 463
1738677517956 80.79371031148902 464
1738677517968 80.75338215702988 465
1738677517981 80.71314662486964 466
1738677517996 80.67300328721706 467
1738677518009 80.63295171902142 468
1738677518027 80.59299149795172 469
1738677518043 80.5531222043757 470
1738677518057 80.51334342133953 471
1738677518069 80.47365473454724 472
1738677518082 80.4340557323405 473
1738677518097 80.39454600567856 474
1738677518112 80.35512514811855 475
1738677518135 80.3157927557954 476
1738677518149 80.27654842740253 477
1738677518162 80.23739176417244 478
1738677518177 80.19832236985737 479
1738677518190 80.1593398507103 480
1738677518208 80.12044381546602 481
1738677518221 80.08163387532237 482
1738677518235 80.04290964392166 483
1738677518250 80.00427073733222 484
1738677518264 79.96571677403013 485
1738677518278 79.927247374881 486
1738677518292 79.88886216312208 487
1738677518305 79.85056076434441 488
1738677518318 79.81234280647507 489
1738677518334 79.77420791975973 490
1738677518352 79.7361557367452 491
1738677518366 79.69818589226219 492
1738677518382 79.66029802340819 493
1738677518396 79.62249176953054 494
1738677518409 79.58476677220963 495
1738677518423 79.54712267524211 496
1738677518437 79.50955912462445 497
1738677518452 79.4720757685365 498
1738677518466 79.43467225732523 499
