1738680754294 160.4196288682655 0
1738680754335 180.9718794663444 1
1738680754376 147.67021977113615 2
1738680754416 537.9567156056701 3
1738680754456 233.9518011244437 4
1738680754498 177.32477307427754 5
1738680754538 173.53549552608743 6
1738680754578 300.4185006113691 7
1738680754618 238.09442285104157 8
1738680754658 183.77869330619353 9
1738680754698 179.2406976701549 10
1738680754738 180.09090112196898 11
1738680754778 197.04036753595793 12
1738680754819 190.13492939020517 13
1738680754860 128.21774723707318 14
1738680754902 192.84204858594458 15
1738680754944 208.27799599303285 16
1738680754984 177.93735786855288 17
1738680755025 200.3851619317898 18
1738680755066 197.66113782872753 19
1738680755106 156.5515351921359 20
1738680755146 240.364383718218 21
1738680755186 170.13271732728364 22
1738680755226 124.79736301524608 23
1738680755266 127.67745598777849 24
1738680755306 200.641323052297 25
1738680755346 139.71716077700228 26
1738680755386 167.45392690025315 27
1738680755425 221.63500656632533 28
1738680755465 152.69289465567272 29
1738680755505 111.10005874891475 30
1738680755545 272.4258096148935 31
1738680755588 159.71795279373234 32
1738680755630 136.23248831192723 33
1738680755670 167.7053677916228 34
1738680755711 158.62619456262297 35
1738680755751 211.29282227645442 36
1738680755791 186.50403269780398 37
1738680755831 167.5629513686441 38
1738680755871 107.24520705553458 39
1738680755911 142.75238027546496 40
1738680755951 113.66071502818109 41
1738680755991 204.77452360681363 42
1738680756031 181.7656607442587 43
1738680756070 219.71627314583247 44
1738680756112 178.2039591067595 45
1738680756151 152.13564958253409 46
1738680756192 161.62260003858944 47
1738680756231 194.24529445713608 48
1738680756272 177.82824009495533 49
1738680756311 334.10472509732455 50
1738680756352 168.30930796931375 51
1738680756392 168.2383524512837 52
1738680756432 176.25318309218622 53
1738680756472 173.45389846730302 54
1738680756512 182.50710150104018 55
1738680756551 149.42058806883816 56
1738680756591 137.33068351042127 57
1738680756632 154.72951001533025 58
1738680756672 151.97876674607508 59
1738680756712 111.20036915894062 60
1738680756753 172.93086423001432 61
1738680756794 145.26165462525225 62
1738680756834 138.92365051604983 63
1738680756874 184.86291145142093 64
1738680756914 208.01514358651247 65
1738680756954 201.71706851968582 66
1738680756994 171.56588370061772 67
1738680757034 87.08765510410616 68
1738680757074 202.08572293888446 69
1738680757114 91.2976095381071 70
1738680757155 161.3972759839422 71
1738680757195 136.30300311793698 72
1738680757235 153.03684950104048 73
1738680757275 167.33917534514833 74
1738680757315 165.19903190603935 75
1738680757356 123.36029837144083 76
1738680757397 209.0840806588162 77
1738680757437 126.2378192086948 78
1738680757477 225.90175752724534 79
1738680757517 159.24135595510128 80
1738680757557 190.78400332083888 81
1738680757597 205.0414731711276 82
1738680757636 135.55988000806568 83
1738680757677 395.7369905268368 84
1738680757718 116.45699389029717 85
1738680757757 221.23058549751556 86
1738680757797 71.20330329705364 87
1738680757837 158.50018587668947 88
1738680757876 169.31073012375398 89
1738680757916 200.38356562558195 90
1738680757956 190.2381916724971 91
1738680757996 173.40320660634816 92
1738680758036 179.87942414850698 93
1738680758076 235.8793374755591 94
1738680758116 194.98942807203545 95
1738680758155 178.3310494558017 96
1738680758195 206.2083589530984 97
1738680758236 175.4971223392971 98
1738680758277 243.99079599976938 99
1738680758317 193.97244990816955 100
1738680758357 198.85804083810194 101
1738680758396 172.9601194269688 102
1738680758436 194.40723368872918 103
1738680758476 190.98393184296523 104
1738680758516 128.92496726717326 105
1738680758555 185.1203984224688 106
1738680758596 231.1961397566311 107
1738680758635 199.16977102989142 108
1738680758675 178.8042944720041 109
1738680758715 215.130239353732 110
1738680758755 190.95612239804126 111
1738680758795 101.92235388362657 112
1738680758835 193.51364759734435 113
1738680758875 159.71399768192103 114
1738680758915 111.76867856850821 115
1738680758955 212.64181448983948 116
1738680758995 202.00942448117806 117
1738680759034 176.27691752253125 118
1738680759075 164.53247829456436 119
1738680759115 161.70721914990247 120
1738680759155 162.10935566237808 121
1738680759195 94.38987802562802 122
1738680759235 127.90907874946312 123
1738680759275 149.42472739515773 124
1738680759316 117.88440663809583 125
1738680759356 210.65825819650726 126
1738680759396 163.67264652990934 127
1738680759436 199.2436047604842 128
1738680759476 183.57541201235142 129
1738680759515 152.11404605290826 130
1738680759555 175.48906651883695 131
1738680759595 208.95611397786797 132
1738680759636 251.8680551083815 133
1738680759675 165.46932020391205 134
1738680759715 180.0116888766738 135
1738680759755 150.78468599235276 136
1738680759795 149.89996027815192 137
1738680759835 115.25355393549337 138
1738680759875 222.11099393216188 139
1738680759915 175.06652422202538 140
1738680759955 148.0065158731293 141
1738680759995 207.06736136395597 142
1738680760035 129.13609498402093 143
1738680760074 177.91037904475397 144
1738680760115 195.37022933753838 145
1738680760155 198.93706905133666 146
1738680760194 62.58930960905217 147
1738680760234 170.17770516576704 148
1738680760274 182.4159643632321 149
1738680760313 171.44536499197497 150
1738680760353 163.65927380601664 151
1738680760393 146.00004075922456 152
1738680760434 162.73861295157286 153
1738680760474 228.6863810684175 154
1738680760514 132.20127909890283 155
1738680760554 156.96575650653338 156
1738680760595 194.68280171077123 157
1738680760634 156.25677795918352 158
1738680760674 232.34473905550286 159
1738680760714 187.1089800391897 160
1738680760754 196.41386955105267 161
1738680760794 172.00274503470314 162
1738680760834 164.91596084438683 163
1738680760874 180.33549461829585 164
1738680760915 189.50814740040525 165
1738680760954 166.25340401972852 166
1738680760995 107.90636577341265 167
1738680761035 71.0578684899827 168
1738680761075 158.71895291091008 169
1738680761114 173.49550757525506 170
1738680761154 180.40778429425202 171
1738680761194 161.7112034900243 172
1738680761234 113.16382172333677 173
1738680761273 159.60382948497184 174
1738680761314 128.87043288197097 175
1738680761354 156.63309715754198 176
1738680761394 153.29811414610828 177
1738680761435 168.68966022485068 178
1738680761474 194.36523445374524 179
1738680761514 193.95032342004632 180
1738680761554 113.78607123468451 181
1738680761594 244.41847708539038 182
1738680761634 111.43133510913242 183
1738680761673 190.79720442866196 184
1738680761713 187.51484401526366 185
1738680761753 192.8966402364018 186
1738680761794 149.6808220174353 187
1738680761834 107.72485727076382 188
1738680761874 152.28346006889862 189
1738680761914 184.48384616866696 190
1738680761954 98.66008495852374 191
1738680761994 175.17745488737427 192
1738680762034 179.3144930002239 193
1738680762074 196.65099630058768 194
1738680762114 218.28737059093095 195
1738680762154 182.1735428423966 196
1738680762194 201.47266959510034 197
1738680762234 188.96828302039356 198
1738680762274 175.0408935471354 199
1738680762314 162.5833936571505 200
1738680762354 112.9596703250625 201
1738680762394 147.4107628111595 202
1738680762433 111.84285692797066 203
1738680762473 197.64747049997854 204
1738680762514 184.96913885486342 205
1738680762554 179.59678325258017 206
1738680762594 185.70299484104527 207
1738680762634 159.07719575651157 208
1738680762674 223.6813281560686 209
1738680762713 158.09088384264703 210
1738680762753 145.66506968219088 211
1738680762793 100.75709334874423 212
1738680762833 187.86726108449562 213
1738680762872 366.42178657779755 214
1738680762912 168.24921189514035 215
1738680762953 141.82445994112138 216
1738680762993 70.31472989853833 217
1738680763034 185.35533080182128 218
1738680763074 167.0522540943474 219
1738680763114 58.14053174880757 220
1738680763154 151.04653830056134 221
1738680763194 189.33894188549192 222
1738680763234 116.2743667701394 223
1738680763273 184.52960175220764 224
1738680763313 159.1106080141171 225
1738680763353 120.67218279840246 226
1738680763393 127.13347270705472 227
1738680763433 169.99705709708167 228
1738680763472 137.38582139504905 229
1738680763512 166.35168380517206 230
1738680763553 299.8946777001371 231
1738680763594 183.7727383807417 232
1738680763635 206.62093528704838 233
1738680763675 174.30058699736858 234
1738680763714 212.98127974826028 235
1738680763754 366.73619763628204 236
1738680763794 164.73856931538594 237
1738680763834 164.24496349249225 238
1738680763874 180.1031009635617 239
1738680763914 164.7555786499133 240
1738680763953 156.5336176081787 241
1738680763993 118.27046978171364 242
1738680764033 201.14553070601357 243
1738680764073 187.57603500769574 244
1738680764114 171.12270064909742 245
1738680764154 173.05046474723594 246
1738680764194 95.65315892836584 247
1738680764234 120.78468610179621 248
1738680764274 145.7816683498163 249
1738680764314 238.9506714978424 250
1738680764354 180.7724053028076 251
1738680764394 194.447742489072 252
1738680764434 134.7943370157048 253
1738680764474 116.38338955738664 254
1738680764514 143.2170355134244 255
1738680764554 60.565579436567454 256
1738680764595 155.573350453711 257
1738680764635 169.30745542681976 258
1738680764675 210.99362776664657 259
1738680764715 206.22575334617304 260
1738680764755 180.53604044458402 261
1738680764796 156.6988295535169 262
1738680764836 153.10853463571272 263
1738680764876 144.09211205201996 264
1738680764916 213.57448122816746 265
1738680764955 207.9340695208207 266
1738680764995 176.3476266054015 267
1738680765035 90.53327059653901 268
1738680765075 177.8667613821916 269
1738680765115 266.4055420164776 270
1738680765155 142.98393627696151 271
1738680765195 243.59067463218727 272
1738680765235 173.66565741518343 273
1738680765275 244.52746466113948 274
1738680765315 222.521965394227 275
1738680765355 140.40695727118043 276
1738680765395 231.3748815026863 277
1738680765435 210.6784166403666 278
1738680765475 66.53756271191935 279
1738680765514 145.51299600363748 280
1738680765554 142.35125836008604 281
1738680765594 101.42000856644856 282
1738680765634 168.21486193977424 283
1738680765673 157.91653427239984 284
1738680765715 201.44950832948697 285
1738680765754 305.62174202430646 286
1738680765794 128.38827421513824 287
1738680765834 181.8181029300676 288
1738680765874 175.03802736618726 289
1738680765914 166.04031774454538 290
1738680765954 196.55716067818486 291
1738680765994 194.35194828136815 292
1738680766034 185.81630636613082 293
1738680766074 159.48153221323028 294
1738680766114 233.93109326393628 295
1738680766154 180.957526730756 296
1738680766194 147.349405608856 297
1738680766235 158.49760316660755 298
1738680766275 141.93911037912713 299
1738680766315 196.22353223624077 300
1738680766355 175.68666812849366 301
1738680766395 156.91959341851287 302
1738680766436 151.31352852672802 303
1738680766476 172.4113859375965 304
1738680766516 136.41440715471353 305
1738680766556 187.24852267031162 306
1738680766596 182.47083641438877 307
1738680766636 178.7785720251467 308
1738680766676 148.23974095904026 309
1738680766717 168.00989259678008 310
1738680766756 128.34951286782663 311
1738680766798 237.65077598498817 312
1738680766838 145.8380402463836 313
1738680766878 209.4704450786589 314
1738680766918 172.7155845347493 315
1738680766958 183.28557982034945 316
1738680766998 190.5622337189093 317
1738680767038 165.53000134466276 318
1738680767078 217.27332808978935 319
1738680767118 168.39040296802725 320
1738680767158 162.27350034569886 321
1738680767198 123.18631577419494 322
1738680767238 173.9785853970383 323
1738680767278 148.12335612817154 324
1738680767319 102.33227980105333 325
1738680767359 114.76115087107578 326
1738680767399 210.20389871286795 327
1738680767439 120.03536254087493 328
1738680767480 208.038145922707 329
1738680767520 183.79972474417966 330
1738680767560 193.13338090299254 331
1738680767599 147.21192024293558 332
1738680767639 185.9827674293054 333
1738680767679 209.05476204385766 334
1738680767719 133.1191048993007 335
1738680767759 139.77280287923872 336
1738680767799 192.1570063270118 337
1738680767840 90.97498340249014 338
1738680767879 160.93914292894019 339
1738680767919 179.4017846186946 340
1738680767959 188.23329416150793 341
1738680767999 126.26370067716208 342
1738680768039 200.9937777015656 343
1738680768079 166.26655503543404 344
1738680768119 159.09138595312598 345
1738680768159 123.94816728653005 346
1738680768199 142.58544549849768 347
1738680768239 154.84816543634696 348
1738680768279 166.38029392078613 349
1738680768319 135.91191641104803 350
1738680768359 141.69319954768204 351
1738680768400 165.82028622027968 352
1738680768439 153.29832072718446 353
1738680768480 199.95483854214464 354
1738680768519 165.32100065813046 355
1738680768559 190.62843751359244 356
1738680768599 199.37198768726466 357
1738680768639 246.80962069565646 358
1738680768679 217.53862728659996 359
1738680768718 185.2271766274571 360
1738680768758 207.5947620884571 361
1738680768798 144.41982819591712 362
1738680768838 96.18513759955027 363
1738680768878 147.93720526406565 364
1738680768919 186.13649889388583 365
1738680768959 147.87790109504442 366
1738680768999 134.44447652454292 367
1738680769038 233.58509568213566 368
1738680769078 195.07125729485273 369
1738680769119 158.74585814329524 370
1738680769159 159.9334745674479 371
1738680769199 182.86925251062505 372
1738680769238 137.95929719007208 373
1738680769278 158.3835180491635 374
1738680769318 142.68398215160818 375
1738680769359 178.82160843171124 376
1738680769398 191.06214533554862 377
1738680769440 225.48429686545154 378
1738680769480 165.58922608067263 379
1738680769519 188.5178728372364 380
1738680769559 179.36559029861593 381
1738680769599 172.93789783813867 382
1738680769639 177.7257294936833 383
1738680769679 217.63819463473124 384
1738680769719 158.21988721599143 385
1738680769758 203.2032076987047 386
1738680769798 178.89380759525764 387
1738680769838 178.63330056124167 388
1738680769878 170.3852806927388 389
1738680769918 83.49247254871499 390
1738680769959 136.78563878885427 391
1738680770000 214.52230219163474 392
1738680770040 140.3778190028414 393
1738680770080 208.62348036355155 394
1738680770119 99.19097655327688 395
1738680770159 149.5530033674515 396
1738680770199 183.6337380185911 397
1738680770239 171.58442254742377 398
1738680770279 125.47000801223501 399
1738680770318 133.87501917755708 400
1738680770358 215.32492597407617 401
1738680770398 173.71257408827248 402
1738680770437 246.59685610054726 403
1738680770477 180.5028727153129 404
1738680770518 180.44130603805877 405
1738680770558 146.7410160636768 406
1738680770598 140.2098543368815 407
1738680770639 163.41835268663917 408
1738680770679 211.56801300139162 409
1738680770719 71.66086606934196 410
1738680770759 195.51225118650115 411
1738680770799 202.63508983004692 412
1738680770838 189.8293735368111 413
1738680770878 257.09888267874646 414
1738680770918 156.07131286340058 415
1738680770958 156.1349483967685 416
1738680770998 140.80945114667918 417
1738680771039 159.85652026269557 418
1738680771079 146.4616557969221 419
1738680771119 152.90334322876478 420
1738680771158 157.6051520328323 421
1738680771198 175.08525837373224 422
1738680771238 185.42099539379305 423
1738680771278 225.68792322767783 424
1738680771318 183.25980921829154 425
1738680771357 172.88135435766787 426
1738680771397 196.55159900608425 427
1738680771437 158.17808231878604 428
1738680771477 216.6705560185004 429
1738680771516 226.85943550176478 430
1738680771556 211.11040455895554 431
1738680771597 410.91714265297196 432
1738680771637 131.58844713297856 433
1738680771677 173.52863589829633 434
1738680771717 192.37960668154514 435
1738680771757 221.44339231065786 436
1738680771796 178.7457298580655 437
1738680771837 85.10956941757189 438
1738680771877 232.04746930676552 439
1738680771916 123.2079652648053 440
1738680771957 168.10553150945688 441
1738680771996 160.9309022935343 442
1738680772036 206.214220501612 443
1738680772076 81.54619991852422 444
1738680772122 131.924219883416 445
1738680772167 172.1171835829449 446
1738680772211 170.14943224349926 447
1738680772254 174.71480317652222 448
1738680772298 162.86882372366566 449
1738680772342 211.4642421257547 450
1738680772386 159.3404052113264 451
1738680772431 157.4249705687391 452
1738680772475 270.1572235655663 453
1738680772518 171.65803502040293 454
1738680772562 192.41795771676334 455
1738680772605 206.09489928738242 456
1738680772649 185.42472891599087 457
1738680772693 146.9414200964157 458
1738680772737 182.78255879573703 459
1738680772781 209.70603678960956 460
1738680772824 174.9853226080544 461
1738680772868 166.3408438504501 462
1738680772912 203.10682953657798 463
1738680772955 160.92458384054078 464
1738680773000 130.34984349613921 465
1738680773043 178.4986577937684 466
1738680773087 133.6879229594706 467
1738680773130 182.03862285933448 468
1738680773174 174.2990807392864 469
1738680773218 198.18192444534475 470
1738680773262 167.69450982146654 471
1738680773307 112.15571833966669 472
1738680773350 130.24369769563793 473
1738680773394 230.83309720333375 474
1738680773438 192.12536184518262 475
1738680773481 146.09775218482895 476
1738680773525 233.46406179834418 477
1738680773568 194.75433693761792 478
1738680773609 258.40288807954823 479
1738680773649 186.02682566814673 480
1738680773689 158.38226638058586 481
1738680773728 167.69271009655745 482
1738680773768 184.29769655479285 483
1738680773809 358.6318392216675 484
1738680773849 194.3372087988769 485
1738680773889 209.1211672508213 486
1738680773928 168.87618062421478 487
1738680773968 128.20367132673007 488
1738680774008 147.26150542251537 489
1738680774048 164.8549782795355 490
1738680774087 117.19437779267056 491
1738680774127 150.07275313987276 492
1738680774167 124.20134656863837 493
1738680774207 176.09892923688315 494
1738680774251 192.25214546249654 495
1738680774293 182.47005464685657 496
1738680774334 159.41998430493516 497
1738680774374 207.11628432218126 498
1738680774414 140.79387253604534 499
