1738679648093 197.6504514855768 0
1738679648130 188.71333982306425 1
1738679648168 189.06026002848003 2
1738679648205 210.1270326388282 3
1738679648243 159.92915155178017 4
1738679648296 169.6428188774624 5
1738679648340 131.855314992362 6
1738679648379 168.7488790642971 7
1738679648416 177.86415503518637 8
1738679648453 136.2276083543811 9
1738679648490 174.43156301705656 10
1738679648527 167.86809949239588 11
1738679648564 178.12674177660776 12
1738679648600 161.7986750743661 13
1738679648635 126.07383179416783 14
1738679648671 292.0268848967654 15
1738679648707 175.73976510412214 16
1738679648743 157.9094632966777 17
1738679648780 162.29405380249526 18
1738679648816 150.46399478171602 19
1738679648853 61.64610966569293 20
1738679648891 182.56601951831837 21
1738679648927 154.5998294089828 22
1738679648963 138.41663232296827 23
1738679648999 180.58624625166524 24
1738679649035 163.81008960864608 25
1738679649071 195.82915293885048 26
1738679649107 158.18259203992073 27
1738679649143 158.67118962533021 28
1738679649179 178.05961987029116 29
1738679649215 193.38139190829037 30
1738679649251 172.00817787982075 31
1738679649286 66.87195268902205 32
1738679649322 170.3467217042803 33
1738679649359 114.94238531793061 34
1738679649395 161.6747442699289 35
1738679649431 200.32882006567976 36
1738679649467 229.66613974599898 37
1738679649502 205.06388767081964 38
1738679649540 284.3759976281055 39
1738679649578 246.42159455579326 40
1738679649614 175.7336537542122 41
1738679649651 146.92171573380662 42
1738679649687 131.48879889967273 43
1738679649723 147.75538225308478 44
1738679649759 149.63156134836018 45
1738679649795 204.46912932839643 46
1738679649831 216.18755549287465 47
1738679649867 152.8774207145706 48
1738679649903 170.7022180421031 49
1738679649939 173.9493240473373 50
1738679649975 137.62021910799618 51
1738679650011 171.9344958230234 52
1738679650048 293.9861231246958 53
1738679650085 157.70474148189516 54
1738679650120 141.94291367815939 55
1738679650157 155.83791331207493 56
1738679650193 151.11007477495454 57
1738679650230 162.9654204921526 58
1738679650266 204.5346100647479 59
1738679650302 225.09083002151374 60
1738679650339 153.31279492364217 61
1738679650375 88.11686456566152 62
1738679650411 170.80251477954826 63
1738679650447 167.5809523221394 64
1738679650483 188.61193035680353 65
1738679650519 213.5685117451014 66
1738679650557 139.92040843698558 67
1738679650595 113.06682119600438 68
1738679650631 149.06798165498466 69
1738679650667 234.76885802086346 70
1738679650703 187.9873097361586 71
1738679650739 269.950060221551 72
1738679650775 157.81543061155463 73
1738679650811 173.73197776560534 74
1738679650847 144.78456207767448 75
1738679650883 166.5494904566585 76
1738679650919 232.02072953420972 77
1738679650954 168.83013699670667 78
1738679650990 217.26402829674316 79
1738679651028 156.4709539224121 80
1738679651067 153.2995421090854 81
1738679651103 243.60871087705067 82
1738679651138 214.32715391485084 83
1738679651175 182.89818535533703 84
1738679651211 183.0275644095242 85
1738679651247 150.83533481338515 86
1738679651283 132.92184859379367 87
1738679651319 143.11978189725468 88
1738679651355 208.32903534095962 89
1738679651391 245.09935396295435 90
1738679651427 144.0970506732506 91
1738679651463 156.57032844858432 92
1738679651499 173.8531466890535 93
1738679651535 155.41540275612056 94
1738679651571 143.78476175368448 95
1738679651607 206.37613585167364 96
1738679651643 244.9239685886668 97
1738679651680 114.99329457790819 98
1738679651716 151.6221995971486 99
1738679651752 148.37029984630058 100
1738679651788 189.12278319449663 101
1738679651824 197.5283113119092 102
1738679651860 199.7686124187919 103
1738679651896 157.95345550038894 104
1738679651932 208.46660139597353 105
1738679651968 139.60750025770702 106
1738679652003 119.14479161305091 107
1738679652040 94.62885020540183 108
1738679652077 132.86165082470063 109
1738679652113 160.0094482326492 110
1738679652149 163.8181923319421 111
1738679652185 171.09607826740955 112
1738679652221 164.59166220383972 113
1738679652257 162.08013918084666 114
1738679652293 142.34429464512704 115
1738679652330 134.5273470926284 116
1738679652366 118.48799635752715 117
1738679652403 74.00789211612293 118
1738679652438 142.9593626232164 119
1738679652475 184.66067569848082 120
1738679652510 179.7536550446238 121
1738679652547 159.9623794094329 122
1738679652583 231.38236635809443 123
1738679652619 140.98481886514048 124
1738679652655 179.97649474752075 125
1738679652691 139.74533319077233 126
1738679652727 119.59869994845242 127
1738679652763 148.86892174068814 128
1738679652799 102.50746795872949 129
1738679652834 160.0908319936787 130
1738679652870 209.3131778606605 131
1738679652906 141.23018783730802 132
1738679652942 161.3286279821527 133
1738679652978 156.06585389115463 134
1738679653014 178.93102287645019 135
1738679653050 138.05684893906306 136
1738679653086 208.57404846979094 137
1738679653122 266.9299471876913 138
1738679653157 196.53918324354967 139
1738679653193 204.87077432273367 140
1738679653229 71.67652250277175 141
1738679653265 133.24389610259942 142
1738679653301 185.38943409137147 143
1738679653337 171.43750830296585 144
1738679653372 191.86959740454895 145
1738679653408 187.08613281215324 146
1738679653444 198.40600947247435 147
1738679653480 151.88560409218394 148
1738679653516 198.59358495139526 149
1738679653551 208.64850821789426 150
1738679653587 188.842403986747 151
1738679653623 195.36655045322314 152
1738679653659 135.3692053210132 153
1738679653695 162.77025789896544 154
1738679653731 164.37099441079883 155
1738679653767 194.9796622669009 156
1738679653803 202.3051403988746 157
1738679653838 231.61743994322265 158
1738679653875 699.0411457107809 159
1738679653910 346.5565448087853 160
1738679653946 243.81865529610258 161
1738679653982 159.97213972363897 162
1738679654018 83.91844059021058 163
1738679654054 164.99502743149256 164
1738679654090 168.90123660186265 165
1738679654126 205.20984709408538 166
1738679654163 149.2795444275876 167
1738679654199 194.90100286805037 168
1738679654235 128.88300316578622 169
1738679654270 150.25415050549773 170
1738679654306 174.26790892292235 171
1738679654342 191.9246797735028 172
1738679654378 168.43763311141808 173
1738679654414 217.67499345840992 174
1738679654450 190.73852339890274 175
1738679654485 130.993247411821 176
1738679654521 130.4609771980938 177
1738679654557 170.6972251347597 178
1738679654593 135.8944731787963 179
1738679654628 210.32920487980786 180
1738679654664 153.98455532073567 181
1738679654700 138.06572379181148 182
1738679654736 336.6563595210065 183
1738679654773 180.09309231285317 184
1738679654808 113.10103115150581 185
1738679654845 147.18912797255277 186
1738679654883 170.2159705537225 187
1738679654919 138.65405438590912 188
1738679654955 185.40760719588238 189
1738679654991 241.01623400326545 190
1738679655027 170.90904576788432 191
1738679655063 181.24109314397097 192
1738679655099 165.44442263136656 193
1738679655135 203.33936347195467 194
1738679655171 145.37164982982637 195
1738679655207 256.02801264560725 196
1738679655243 240.66064214201927 197
1738679655279 299.4712967292582 198
1738679655314 152.3757635772691 199
1738679655350 116.27995345984608 200
1738679655385 190.6962647757501 201
1738679655421 181.26082943693342 202
1738679655457 168.63739664961236 203
1738679655493 158.27252136220412 204
1738679655529 167.00878572994617 205
1738679655565 379.1856779233674 206
1738679655601 152.43657523369754 207
1738679655637 155.67663743378398 208
1738679655673 157.3755796534268 209
1738679655709 196.73686503163438 210
1738679655745 139.98697675446408 211
1738679655782 128.4782718476124 212
1738679655818 178.72759026641296 213
1738679655854 189.60953690298203 214
1738679655890 161.98872817461793 215
1738679655926 149.65300179466962 216
1738679655962 149.19367626991377 217
1738679655998 122.7351858282164 218
1738679656034 117.11328359415627 219
1738679656070 175.0787307417963 220
1738679656106 173.2476597621947 221
1738679656142 212.81227299711966 222
1738679656178 174.75076615433824 223
1738679656214 174.16809413247063 224
1738679656250 60.64795021460999 225
1738679656286 132.21909734854236 226
1738679656322 197.73336537791036 227
1738679656358 215.10290660155843 228
1738679656395 132.9348435880841 229
1738679656431 191.5888061196714 230
1738679656467 131.14347481236734 231
1738679656503 161.56988995955928 232
1738679656538 161.13917344067443 233
1738679656574 226.1151746519015 234
1738679656610 164.5771990952481 235
1738679656646 171.56594407455563 236
1738679656683 167.89560311555027 237
1738679656718 149.12288285249815 238
1738679656754 150.48249162379088 239
1738679656790 166.6357914945061 240
1738679656826 170.27292840524552 241
1738679656863 144.9288068045918 242
1738679656898 199.10355834823665 243
1738679656934 186.58997929183332 244
1738679656970 121.86061907772111 245
1738679657006 162.40974917450933 246
1738679657042 245.1694552681563 247
1738679657078 182.90518882235406 248
1738679657114 300.7553666691558 249
1738679657150 148.34021611472969 250
1738679657186 228.51758197585667 251
1738679657222 113.70064978343623 252
1738679657257 194.16503577791352 253
1738679657294 149.89213635554916 254
1738679657330 151.2745786755152 255
1738679657366 160.060540644687 256
1738679657402 149.36183310662915 257
1738679657438 116.22514657198609 258
1738679657474 167.06166182635454 259
1738679657510 168.82193989072363 260
1738679657546 155.8279108889596 261
1738679657581 137.33722921441816 262
1738679657617 190.88702574061145 263
1738679657653 146.72352064259982 264
1738679657689 147.71007842937507 265
1738679657725 342.12772777758096 266
1738679657760 111.9351981259313 267
1738679657796 203.49014007662964 268
1738679657831 147.15349778480086 269
1738679657867 165.16074536260376 270
1738679657903 278.4622379073025 271
1738679657939 103.60426504956862 272
1738679657975 185.46655944172542 273
1738679658011 211.0251015661971 274
1738679658047 153.2681181459839 275
1738679658083 199.66117990523935 276
1738679658119 160.22875541235248 277
1738679658155 216.107752415181 278
1738679658191 98.94019459069986 279
1738679658227 138.91484296627732 280
1738679658263 210.25430924144322 281
1738679658298 244.11096656243373 282
1738679658334 140.43186626709308 283
1738679658369 155.01539235753035 284
1738679658405 155.94166184581587 285
1738679658440 80.0936169796547 286
1738679658476 112.68976301006121 287
1738679658512 199.04290807595808 288
1738679658548 188.03790301073695 289
1738679658584 135.74765671371443 290
1738679658620 191.6268785896577 291
1738679658660 151.19956720736377 292
1738679658699 106.10872824557848 293
1738679658738 121.00465940678006 294
1738679658777 147.5751372790902 295
1738679658813 178.50385507693596 296
1738679658849 146.9826929835858 297
1738679658884 198.7381540203603 298
1738679658920 183.76539313243322 299
1738679658956 136.68577325427563 300
1738679658992 118.71488109180434 301
1738679659028 182.01969321077308 302
1738679659064 179.37522441131003 303
1738679659101 76.3160388136226 304
1738679659137 176.7978302615523 305
1738679659173 159.5776405878155 306
1738679659209 159.70844425397803 307
1738679659245 192.62531368794833 308
1738679659281 159.41327605584323 309
1738679659317 193.73249295045977 310
1738679659352 203.68670926974917 311
1738679659388 174.29920297291824 312
1738679659424 213.84532605760137 313
1738679659460 162.19914617338327 314
1738679659496 187.2877490807934 315
1738679659532 167.58833807580254 316
1738679659568 166.9423642263948 317
1738679659604 171.04330261228304 318
1738679659640 150.71659870133632 319
1738679659677 163.4619759372341 320
1738679659712 166.23785485268613 321
1738679659749 271.50591826499556 322
1738679659784 187.62399731492243 323
1738679659820 111.08645633948728 324
1738679659856 165.72046288474706 325
1738679659892 112.10402219772499 326
1738679659927 180.30113412761355 327
1738679659963 154.6945165877797 328
1738679659999 221.3371740588122 329
1738679660035 150.10289221372767 330
1738679660071 185.50688669629517 331
1738679660108 212.16494642506157 332
1738679660144 194.18997747798045 333
1738679660179 108.31162982478132 334
1738679660215 184.6869986621501 335
1738679660251 183.6508378543021 336
1738679660286 156.5395364409876 337
1738679660322 174.86102876173516 338
1738679660357 161.25975775806344 339
1738679660393 177.967662631294 340
1738679660429 182.14496629660235 341
1738679660465 163.62754238441087 342
1738679660501 147.9940081599764 343
1738679660537 547.1539555908653 344
1738679660572 170.22998516999837 345
1738679660608 254.27058796179946 346
1738679660644 200.78465115607727 347
1738679660680 195.13779248488405 348
1738679660716 232.9961184559233 349
1738679660752 208.2913819414545 350
1738679660787 178.87623242704186 351
1738679660823 157.62715148890055 352
1738679660858 188.10452754065562 353
1738679660894 136.15134817779574 354
1738679660930 94.24199033255996 355
1738679660965 148.00019884271595 356
1738679661001 141.3931809560329 357
1738679661038 92.35118590334918 358
1738679661075 188.38952491687937 359
1738679661111 175.98896062768668 360
1738679661146 163.0725971098848 361
1738679661182 196.64214509812297 362
1738679661218 201.4134486904289 363
1738679661254 136.91910420579669 364
1738679661290 160.11331446243648 365
1738679661327 146.64829723173074 366
1738679661363 184.50596155914198 367
1738679661398 158.9427876475243 368
1738679661434 154.78324447035553 369
1738679661470 131.28102601365103 370
1738679661506 161.86750983367298 371
1738679661542 192.1880084799825 372
1738679661578 98.56985803443457 373
1738679661614 214.3894894498987 374
1738679661650 180.54024387215006 375
1738679661686 176.9517427720864 376
1738679661722 177.90231080239113 377
1738679661758 165.65029832635733 378
1738679661794 149.0894311910001 379
1738679661833 168.45109765974712 380
1738679661874 185.69527655836623 381
1738679661910 182.15843551129083 382
1738679661946 202.19373193829352 383
1738679661983 274.9912430327846 384
1738679662019 148.4220914572725 385
1738679662056 218.86059167362535 386
1738679662092 189.40310698264972 387
1738679662128 71.4861764640799 388
1738679662164 230.0133785834704 389
1738679662200 273.7004004317226 390
1738679662236 131.9559872637912 391
1738679662271 189.67916434131513 392
1738679662307 155.3524579017083 393
1738679662343 175.393569068032 394
1738679662379 119.52690676197788 395
1738679662415 221.30808807806164 396
1738679662451 262.50132716097767 397
1738679662487 163.1669388438512 398
1738679662523 198.65900883175343 399
1738679662559 172.94794337671595 400
1738679662594 143.08464304179358 401
1738679662630 179.48385107976674 402
1738679662666 240.63636935005067 403
1738679662702 174.4142176020517 404
1738679662738 121.32971037999756 405
1738679662773 179.2661654049188 406
1738679662809 165.1141124440226 407
1738679662845 204.26087596937435 408
1738679662881 162.531278096253 409
1738679662917 325.49404730174354 410
1738679662952 173.2894589096366 411
1738679662988 149.1220344288588 412
1738679663024 169.78670697918267 413
1738679663060 142.72189651959798 414
1738679663096 168.15223135979653 415
1738679663132 165.55773089689438 416
1738679663168 198.5602569072342 417
1738679663203 222.2609261502554 418
1738679663239 173.57056368619257 419
1738679663275 199.94251928163587 420
1738679663311 164.40495217732428 421
1738679663347 176.65698631089597 422
1738679663382 196.63378782705783 423
1738679663418 205.07928685852542 424
1738679663454 173.90467362165802 425
1738679663490 166.96959648446582 426
1738679663526 176.37412828952915 427
1738679663562 153.0543722663727 428
1738679663598 149.6262325959468 429
1738679663634 241.94888275961625 430
1738679663670 78.1713254937235 431
1738679663707 237.90006983609763 432
1738679663742 169.8772725630129 433
1738679663778 139.08024834342086 434
1738679663815 202.45857833238773 435
1738679663852 151.98707158562033 436
1738679663887 186.35690693990995 437
1738679663924 175.4099367349002 438
1738679663959 128.85485932514376 439
1738679663995 123.74671529426367 440
1738679664032 137.88523064285542 441
1738679664068 187.24202945120925 442
1738679664103 184.5142659408534 443
1738679664139 134.9213841627615 444
1738679664175 167.59077113498142 445
1738679664211 190.3872585584329 446
1738679664247 164.63671975976095 447
1738679664283 201.7615240725106 448
1738679664318 169.41095205799704 449
1738679664354 190.99116599980454 450
1738679664391 156.53268672535472 451
1738679664427 403.8611457935204 452
1738679664462 195.60464914133678 453
1738679664498 170.28397549936062 454
1738679664534 158.08337501721988 455
1738679664569 150.1296123930192 456
1738679664605 169.92123773899678 457
1738679664642 171.7904433287014 458
1738679664678 171.3644939148652 459
1738679664713 124.405821568691 460
1738679664749 155.9142623044651 461
1738679664785 179.2503328381323 462
1738679664821 189.44564030365532 463
1738679664857 156.90654605539248 464
1738679664893 216.54631079627399 465
1738679664930 243.41397432185363 466
1738679664966 173.19008324985342 467
1738679665001 197.58238173955624 468
1738679665038 219.434282627084 469
1738679665074 247.9771487212965 470
1738679665110 108.62844422987332 471
1738679665146 135.30495162537014 472
1738679665181 149.73129981227308 473
1738679665217 248.10280563858433 474
1738679665253 9.520870300003306 475
1738679665288 173.5804563283727 476
1738679665324 190.76307751955588 477
1738679665360 204.82610583341187 478
1738679665396 204.6901734276971 479
1738679665431 183.6357148485403 480
1738679665467 140.75479952568182 481
1738679665503 119.13014515445838 482
1738679665539 260.5277076053998 483
1738679665575 255.69423101429504 484
1738679665610 158.9280566153663 485
1738679665646 181.63382604866462 486
1738679665682 175.46313492732162 487
1738679665718 341.30090787863674 488
1738679665754 187.3341885696766 489
1738679665789 168.12341837683505 490
1738679665825 147.7407734041464 491
1738679665861 166.8930789451745 492
1738679665896 133.12749266175206 493
1738679665932 155.79902079995063 494
1738679665967 172.73494324777974 495
1738679666003 181.39826711797127 496
1738679666039 151.14762642980313 497
1738679666076 124.47576971788453 498
1738679666111 124.31496729215203 499
