1738679603432 175.23070783169146 0
1738679603439 171.38082820606468 1
1738679603445 167.49498750923317 2
1738679603451 166.8561748802769 3
1738679603457 168.20966216981572 4
1738679603464 172.2118709592703 5
1738679603470 164.1940553159559 6
1738679603476 171.51986442803658 7
1738679603482 165.00677277335836 8
1738679603488 166.76972870011025 9
1738679603493 170.0825249135083 10
1738679603499 169.23052956274424 11
1738679603505 169.85129467690265 12
1738679603511 170.20535588159487 13
1738679603516 170.79489910259744 14
1738679603522 169.01071467746235 15
1738679603528 162.77853757515274 16
1738679603534 172.79011036393868 17
1738679603540 170.50929451638396 18
1738679603546 173.23162429874333 19
1738679603552 170.80051413354295 20
1738679603558 169.49978451446594 21
1738679603564 170.58164387082195 22
1738679603571 172.5706983074699 23
1738679603577 168.7263982264603 24
1738679603583 174.52742341911872 25
