1738680534735 168.62163263996337 0
1738680534774 174.67532976240568 1
1738680534813 173.49466166886558 2
1738680534851 148.00416538319814 3
1738680534890 141.68545741284586 4
1738680534930 173.64477361576388 5
1738680534968 205.34467620097294 6
1738680535005 159.9572630396063 7
1738680535043 181.23538384612982 8
1738680535080 171.11504083064142 9
1738680535118 188.03066342459127 10
1738680535156 179.89580243455492 11
1738680535194 155.85831362821412 12
1738680535232 175.1807594460563 13
1738680535270 155.32324643995733 14
1738680535307 198.60430028966667 15
1738680535345 158.4088178901294 16
1738680535383 166.4956386853319 17
1738680535421 159.50913364482494 18
1738680535460 157.60095121097672 19
1738680535500 186.54937451998975 20
1738680535539 185.72086277392134 21
1738680535577 162.60309217185105 22
1738680535614 184.07479785363236 23
1738680535652 154.98947525951036 24
1738680535691 171.94186210567676 25
1738680535728 166.4052604921028 26
1738680535766 194.66562353212768 27
1738680535803 167.9192671819119 28
1738680535841 170.732766712521 29
1738680535878 151.91031550229746 30
1738680535915 170.36574523046545 31
1738680535953 164.44306484966108 32
1738680535990 184.22046175188538 33
1738680536028 182.48220757163838 34
1738680536066 144.5116705147118 35
1738680536104 169.67100679323525 36
1738680536143 174.9284245835102 37
1738680536182 171.53784867947664 38
1738680536220 164.71485357280008 39
1738680536258 134.93165725254156 40
1738680536296 159.28575412425047 41
1738680536336 177.2584332566515 42
1738680536377 169.62232262120358 43
1738680536416 173.14883675094734 44
1738680536454 159.5230505802782 45
1738680536492 135.87609274259265 46
1738680536531 149.85718117210322 47
1738680536572 179.30173991916712 48
1738680536613 174.28634693490983 49
1738680536652 162.20797122393213 50
1738680536690 176.58759338181977 51
1738680536728 168.87448824758712 52
1738680536766 180.28193032582558 53
1738680536804 177.96547923598973 54
1738680536842 151.3933378143385 55
1738680536880 168.6529240836993 56
1738680536917 166.5796433217196 57
1738680536956 170.34882550814126 58
1738680536993 164.7582887797572 59
1738680537031 172.91988815938208 60
1738680537069 162.0523444493412 61
1738680537106 145.68581620257993 62
1738680537144 186.8945506813993 63
1738680537181 144.32565824188717 64
1738680537220 175.09035335505368 65
1738680537260 167.1018647048722 66
1738680537299 170.82821616583848 67
1738680537338 165.24756613704025 68
1738680537376 185.54974732069851 69
1738680537413 172.31659634649395 70
1738680537450 144.40638817171254 71
1738680537487 144.64406442605525 72
1738680537525 201.3087304568004 73
1738680537562 166.53644418145103 74
1738680537600 158.69571402890767 75
1738680537637 161.66007629403558 76
1738680537675 160.0298300784125 77
1738680537712 156.79332317706886 78
1738680537749 175.82361150376397 79
1738680537787 160.42891259568168 80
1738680537825 157.85140798745923 81
1738680537862 135.2362538671126 82
1738680537900 171.69982806866503 83
1738680537938 243.18173496057105 84
1738680537975 180.52115712155359 85
1738680538012 182.48322988392022 86
1738680538050 163.72647167788514 87
1738680538088 210.77186785252158 88
1738680538126 164.67983596643012 89
1738680538163 130.67963254439385 90
1738680538201 168.25649692064945 91
1738680538239 170.7247432450826 92
1738680538276 184.64528430168536 93
1738680538315 164.26403807331627 94
1738680538354 157.58397731501032 95
1738680538392 176.05325348722445 96
