1738679711739 171.29946014224637 0
1738679711776 158.21180581526417 1
1738679711812 174.95476565436073 2
1738679711848 162.92895126021074 3
1738679711885 178.75058366446893 4
1738679711923 181.08562850645822 5
1738679711961 173.4995839813298 6
1738679711999 143.30510231070215 7
1738679712037 174.8773568969471 8
1738679712074 147.0685783257562 9
1738679712110 172.8950599152242 10
1738679712147 143.22813134123638 11
1738679712183 149.33119138733088 12
1738679712222 156.4143225726927 13
1738679712258 143.5206646761234 14
1738679712296 151.73096817693028 15
