1738822519393 169.4806387665546 0
1738822519421 167.774298857952 1
1738822519437 166.1219263339082 2
1738822519455 164.52158941319286 3
1738822519469 162.9714270457122 4
1738822519488 161.46964630988415 5
1738822519510 160.01451990589064 6
1738822519532 158.60438374127486 7
1738822519559 157.23763460547966 8
1738822519602 155.9127279300509 9
1738822519629 154.62817563134806 10
1738822519655 153.38254403272222 11
1738822519679 152.1744518632334 12
1738822519698 151.0025683300864 13
1738822519724 149.86561126206882 14
1738822519746 148.7623453213758 15
1738822519765 147.69158028129976 16
1738822519781 146.65216936736036 17
1738822519802 145.643007659535 18
1738822519823 144.66303055334 19
1738822519839 143.7112122775928 20
1738822519852 142.78656446676752 21
1738822519867 141.8881347859316 22
1738822519883 141.0150056063265 23
1738822519899 140.16629272972602 24
1738822519914 139.34114415977533 25
1738822519930 138.53873891857907 26
1738822519955 137.75828590687198 27
1738822520045 136.99902280616553 28
1738822520066 136.26021502132426 29
1738822520079 135.54115466208196 30
1738822520092 134.84115956206318 31
1738822520108 134.1595723339279 32
1738822520125 133.49575945930846 33
1738822520141 132.84911041225703 34
1738822520155 132.21903681496843 35
1738822520169 131.60497162458964 36
1738822520182 131.00636834997047 37
1738822520198 130.42270029725208 38
1738822520211 129.85345984323075 39
1738822520225 129.29815773547415 40
1738822520238 128.75632241820367 41
1738822520269 128.22749938299407 42
1738822520289 127.71125054337587 43
1738822520306 127.20715363245976 44
1738822520320 126.71480162273515 45
1738822520333 126.23380216722553 46
1738822520346 125.76377706121397 47
1738822520394 125.30436172378133 48
1738822520410 124.85520469842622 49
1738822520423 124.41596717206505 50
1738822520434 123.98632251173382 51
1738822520453 123.56595581834036 52
1738822520482 123.15456349683856 53
1738822520507 122.7518528422193 54
1738822520536 122.35754164073619 55
1738822520560 121.97135778580406 56
1738822520584 121.59303890803018 57
1738822520601 121.22233201885749 58
1738822520617 120.85899316731813 59
1738822520630 120.50278710941498 60
1738822520652 120.15348698966504 61
1738822520675 119.81087403435785 62
1738822520697 119.47473725609613 63
1738822520716 119.14487316920436 64
1738822520736 118.82108551560376 65
1738822520754 118.50318500076914 66
1738822520773 118.19098903939559 67
1738822520788 117.88432151041775 68
1738822520808 117.58301252103696 69
1738822520824 117.2868981794247 70
1738822520838 116.99582037578251 71
1738822520852 116.70962657145097 72
1738822520865 116.4281695957708 73
1738822520879 116.15130745041105 74
1738822520892 115.87890312088923 75
1738822520905 115.61082439501817 76
1738822520918 115.34694368802506 77
1738822520930 115.08713787409665 78
1738822520946 114.83128812411385 79
1738822520969 114.57927974934812 80
1738822520994 114.3310020508999 81
1738822521023 114.08634817466756 82
1738822521052 113.84521497164357 83
1738822521068 113.6075028633412 84
1738822521088 113.37311571216344 85
1738822521102 113.14196069653158 86
1738822521118 112.9139481905987 87
1738822521135 112.6889916483788 88
1738822521152 112.46700749212957 89
1738822521169 112.24791500483147 90
1738822521188 112.03163622661299 91
1738822521206 111.81809585497645 92
1738822521224 111.60722114868437 93
1738822521238 111.398941835172 94
1738822521257 111.19319002135585 95
1738822521273 110.98990010771344 96
1738822521288 110.7890087055136 97
1738822521305 110.59045455708186 98
1738822521321 110.39417845898859 99
1738822521334 110.20012318805281 100
1738822521346 110.00823343005773 101
1738822521358 109.81845571107844 102
1738822521386 109.63073833132552 103
1738822521402 109.4450313014119 104
1738822521415 109.26128628095405 105
1738822521427 109.07945651942134 106
1738822521440 108.89949679915098 107
1738822521458 108.72136338044888 108
1738822521489 108.54501394869965 109
1738822521507 108.3704075634117 110
1738822521522 108.19750460912663 111
1738822521542 108.02626674812376 112
1738822521563 107.85665687485442 113
1738822521580 107.6886390720418 114
1738822521599 107.52217856838537 115
1738822521622 107.35724169781103 116
1738822521640 107.1937958602096 117
1738822521663 107.03180948360965 118
1738822521684 106.87125198773127 119
1738822521705 106.71209374887039 120
1738822521729 106.55430606606456 121
1738822521748 106.39786112849323 122
1738822521776 106.24273198406689 123
1738822521796 106.08889250916185 124
1738822521819 105.93631737945775 125
1738822521838 105.78498204183832 126
1738822521858 105.63486268731519 127
1738822521875 105.4859362249382 128
1738822521892 105.33818025665516 129
1738822521907 105.19157305308667 130
1738822521926 105.04609353018205 131
1738822521945 104.9017212267244 132
1738822521968 104.75843628265308 133
1738822521983 104.61621941817413 134
1738822521997 104.4750519136293 135
1738822522015 104.33491559009602 136
1738822522030 104.19579279069141 137
1738822522045 104.05766636255456 138
1738822522059 103.92051963948195 139
1738822522079 103.78433642519245 140
1738822522105 103.64910097719834 141
1738822522126 103.51479799126047 142
1738822522150 103.38141258640584 143
1738822522167 103.24893029048724 144
1738822522187 103.11733702626479 145
1738822522205 102.98661909799058 146
1738822522220 102.85676317847755 147
1738822522237 102.72775629663506 148
1738822522254 102.59958582545435 149
1738822522270 102.47223947042663 150
1738822522285 102.34570525837879 151
1738822522298 102.21997152671085 152
1738822522313 102.09502691302063 153
1738822522327 101.9708603451015 154
1738822522343 101.8474610312995 155
1738822522363 101.7248184512165 156
1738822522377 101.60292234674719 157
1738822522389 101.48176271343704 158
1738822522403 101.36132979215007 159
1738822522417 101.2416140610347 160
1738822522430 101.12260622777701 161
1738822522445 101.0042972221308 162
1738822522473 100.88667818871419 163
1738822522496 100.76974048006336 164
1738822522512 100.65347564993371 165
1738822522531 100.53787544683952 166
1738822522553 100.42293180782339 167
1738822522571 100.3086368524472 168
1738822522588 100.19498287699606 169
1738822522607 100.08196234888814 170
1738822522622 99.96956790128226 171
1738822522636 99.85779232787641 172
1738822522659 99.74662857788995 173
1738822522675 99.63606975122312 174
1738822522693 99.526109093787 175
1738822522705 99.41673999299822 176
1738822522717 99.3079559734317 177
1738822522731 99.19975069262654 178
1738822522747 99.09211793703865 179
1738822522760 98.98505161813534 180
1738822522775 98.87854576862654 181
1738822522788 98.77259453882752 182
1738822522806 98.66719219314862 183
1738822522822 98.5623331067071 184
1738822522837 98.45801176205688 185
1738822522850 98.35422274603172 186
1738822522863 98.25096074669794 187
1738822522880 98.14822055041242 188
1738822522895 98.04599703898226 189
1738822522909 97.94428518692247 190
1738822522922 97.84308005880784 191
1738822522939 97.74237680671597 192
1738822522960 97.64217066775787 193
1738822522974 97.54245696169295 194
1738822523005 97.44323108862571 195
1738822523030 97.34448852678072 196
1738822523051 97.24622483035326 197
1738822523070 97.14843562743299 198
1738822523090 97.05111661799786 199
1738822523108 96.95426357197586 200
1738822523130 96.85787232737182 201
1738822523146 96.76193878845767 202
1738822523164 96.66645892402285 203
1738822523186 96.57142876568358 204
1738822523202 96.47684440624856 205
1738822523218 96.38270199813873 206
1738822523232 96.28899775185997 207
1738822523245 96.19572793452576 208
1738822523258 96.10288886842923 209
1738822523272 96.01047692966158 210
1738822523286 95.9184885467763 211
1738822523299 95.82692019949677 212
1738822523313 95.73576841746622 213
1738822523326 95.64502977903814 214
1738822523344 95.55470091010599 215
1738822523357 95.46477848297064 216
1738822523372 95.37525921524423 217
1738822523385 95.2861398687893 218
1738822523398 95.19741724869161 219
1738822523416 95.10908820226587 220
1738822523435 95.02114961809282 221
1738822523451 94.93359842508691 222
1738822523470 94.84643159159307 223
1738822523487 94.75964612451212 224
1738822523504 94.67323906845314 225
1738822523519 94.58720750491247 226
1738822523536 94.50154855147792 227
1738822523553 94.41625936105766 228
1738822523567 94.33133712113256 229
1738822523583 94.24677905303173 230
1738822523598 94.16258241122965 231
1738822523624 94.07874448266487 232
1738822523638 93.99526258607908 233
1738822523656 93.91213407137612 234
1738822523669 93.82935631899998 235
1738822523697 93.74692673933124 236
1738822523710 93.66484277210147 237
1738822523723 93.58310188582465 238
1738822523740 93.50170157724526 239
1738822523753 93.42063937080246 240
1738822523766 93.33991281810967 241
1738822523786 93.25951949744899 242
1738822523808 93.1794570132803 243
1738822523826 93.0997229957641 244
1738822523843 93.0203151002978 245
1738822523859 92.94123100706517 246
1738822523875 92.86246842059815 247
1738822523893 92.7840250693509 248
1738822523907 92.70589870528556 249
1738822523922 92.62808710346928 250
1738822523937 92.55058806168223 251
1738822523954 92.47339940003619 252
1738822523972 92.39651896060327 253
1738822523985 92.31994460705462 254
1738822524006 92.24367422430863 255
1738822524028 92.1677057181882 256
1738822524046 92.09203701508727 257
1738822524066 92.01666606164567 258
1738822524084 91.94159082443237 259
1738822524103 91.86680928963686 260
1738822524120 91.79231946276833 261
1738822524142 91.71811936836225 262
1738822524158 91.64420704969449 263
1738822524175 91.57058056850205 264
1738822524190 91.49723800471138 265
1738822524204 91.4241774561723 266
1738822524217 91.35139703839924 267
1738822524233 91.2788948843181 268
1738822524247 91.20666914401927 269
1738822524261 91.13471798451654 270
1738822524275 91.06303958951133 271
1738822524295 90.99163215916279 272
1738822524311 90.92049390986269 273
1738822524328 90.84962307401581 274
1738822524342 90.77901789982496 275
1738822524361 90.70867665108103 276
1738822524377 90.63859760695749 277
1738822524396 90.56877906180941 278
1738822524418 90.4992193249769 279
1738822524439 90.42991672059284 280
1738822524455 90.3608695873944 281
1738822524473 90.29207627853893 282
1738822524492 90.22353516142326 283
1738822524513 90.15524461750717 284
1738822524529 90.0872030421401 285
1738822524549 90.01940884439168 286
1738822524569 89.95186044688529 287
1738822524587 89.88455628563545 288
1738822524609 89.81749480988786 289
1738822524630 89.75067448196295 290
1738822524654 89.68409377710222 291
1738822524677 89.6177511833178 292
1738822524698 89.55164520124437 293
1738822524719 89.48577434399448 294
1738822524733 89.42013713701597 295
1738822524753 89.35473211795245 296
1738822524770 89.28955783650603 297
1738822524787 89.22461285430269 298
1738822524804 89.15989574476 299
1738822524823 89.09540509295714 300
1738822524839 89.03113949550719 301
1738822524863 88.96709756043181 302
1738822524887 88.90327790703776 303
1738822524908 88.83967916579579 304
1738822524930 88.7762999782214 305
1738822524958 88.71313899675769 306
1738822524980 88.65019488466004 307
1738822525005 88.58746631588279 308
1738822525029 88.52495197496759 309
1738822525048 88.46265055693377 310
1738822525071 88.40056076717016 311
1738822525095 88.3386813213289 312
1738822525112 88.27701094522071 313
1738822525126 88.21554837471172 314
1738822525145 88.15429235562215 315
1738822525160 88.09324164362623 316
1738822525179 88.03239500415383 317
1738822525195 87.97175121229334 318
1738822525214 87.91130905269623 319
1738822525236 87.85106731948267 320
1738822525258 87.79102481614899 321
1738822525276 87.73118035547586 322
1738822525295 87.67153275943829 323
1738822525315 87.6120808591167 324
1738822525333 87.55282349460906 325
1738822525356 87.49375951494454 326
1738822525383 87.4348877779982 327
1738822525404 87.37620715040671 328
1738822525419 87.31771650748549 329
1738822525447 87.25941473314668 330
1738822525469 87.20130071981839 331
1738822525484 87.14337336836485 332
1738822525503 87.08563158800774 333
1738822525519 87.02807429624842 334
1738822525538 86.97070041879127 335
1738822525556 86.91350888946782 336
1738822525576 86.85649865016214 337
1738822525592 86.79966865073678 338
1738822525607 86.7430178489599 339
1738822525635 86.68654521043331 340
1738822525658 86.63024970852115 341
1738822525681 86.57413032427971 342
1738822525693 86.51818604638784 343
1738822525714 86.46241587107845 344
1738822525734 86.40681880207062 345
1738822525764 86.35139385050262 346
1738822525777 86.29614003486562 347
1738822525793 86.24105638093832 348
1738822525808 86.18614192172217 349
1738822525827 86.13139569737746 350
1738822525841 86.07681675516004 351
1738822525855 86.02240414935879 352
1738822525868 85.96815694123394 353
1738822525881 85.91407419895575 354
1738822525894 85.86015499754424 355
1738822525906 85.80639841880932 356
1738822525919 85.75280355129173 357
1738822525933 85.69936949020453 358
1738822525949 85.64609533737527 359
1738822525965 85.59298020118881 360
1738822525980 85.54002319653074 361
1738822525995 85.4872234447313 362
1738822526010 85.43458007351009 363
1738822526025 85.38209221692125 364
1738822526040 85.3297590152992 365
1738822526062 85.27757961520498 366
1738822526077 85.22555316937311 367
1738822526091 85.17367883665916 368
1738822526104 85.12195578198761 369
1738822526118 85.07038317630051 370
1738822526133 85.01896019650638 371
1738822526147 84.96768602542994 372
1738822526163 84.91655985176206 373
1738822526180 84.86558087001045 374
1738822526193 84.81474828045069 375
1738822526217 84.7640612890778 376
1738822526236 84.7135191075584 377
1738822526264 84.66312095318305 378
1738822526303 84.6128660488195 379
1738822526322 84.56275362286597 380
1738822526342 84.51278290920511 381
1738822526357 84.46295314715847 382
1738822526372 84.41326358144124 383
1738822526385 84.36371346211757 384
1738822526399 84.31430204455614 385
1738822526413 84.26502858938649 386
1738822526428 84.21589236245532 387
1738822526446 84.16689263478375 388
1738822526464 84.11802868252438 389
1738822526482 84.0692997869193 390
1738822526499 84.02070523425817 391
1738822526519 83.97224431583683 392
1738822526547 83.92391632791625 393
1738822526564 83.87572057168195 394
1738822526586 83.82765635320358 395
1738822526603 83.77972298339529 396
1738822526619 83.73191977797593 397
1738822526635 83.68424605743019 398
1738822526655 83.63670114696959 399
1738822526674 83.58928437649418 400
1738822526693 83.54199508055447 401
1738822526705 83.4948325983137 402
1738822526719 83.44779627351046 403
1738822526737 83.40088545442171 404
1738822526755 83.35409949382604 405
1738822526775 83.30743774896743 406
1738822526790 83.26089958151907 407
1738822526810 83.21448435754787 408
1738822526826 83.16819144747893 409
1738822526842 83.1220202260606 410
1738822526865 83.07597007232974 411
1738822526880 83.03004036957722 412
1738822526898 82.98423050531402 413
1738822526917 82.93853987123721 414
1738822526936 82.89296786319657 415
1738822526952 82.84751388116153 416
1738822526969 82.80217732918797 417
1738822526985 82.7569576153859 418
1738822527000 82.71185415188708 419
1738822527020 82.66686635481288 420
1738822527036 82.62199364424274 421
1738822527052 82.57723544418258 422
1738822527067 82.53259118253368 423
1738822527089 82.48806029106174 424
1738822527114 82.44364220536636 425
1738822527135 82.39933636485054 426
1738822527158 82.35514221269074 427
1738822527184 82.31105919580695 428
1738822527214 82.2670867648332 429
1738822527236 82.2232243740882 430
1738822527256 82.17947148154637 431
1738822527275 82.13582754880902 432
1738822527297 82.09229204107577 433
1738822527326 82.04886442711629 434
1738822527343 82.00554417924232 435
1738822527368 81.96233077327983 436
1738822527393 81.91922368854144 437
1738822527414 81.87622240779909 438
1738822527432 81.83332641725704 439
1738822527452 81.79053520652504 440
1738822527473 81.74784826859151 441
1738822527486 81.70526509979753 442
1738822527509 81.66278519981026 443
1738822527529 81.62040807159738 444
1738822527558 81.57813322140119 445
1738822527578 81.53596015871314 446
1738822527594 81.49388839624864 447
1738822527610 81.45191744992198 448
1738822527626 81.41004683882149 449
1738822527642 81.36827608518492 450
1738822527656 81.32660471437504 451
1738822527674 81.2850322548555 452
1738822527693 81.24355823816674 453
1738822527714 81.20218219890228 454
1738822527729 81.16090367468506 455
1738822527748 81.11972220614422 456
1738822527769 81.07863733689172 457
1738822527786 81.0376486134995 458
1738822527804 80.9967555854766 459
1738822527830 80.95595780524671 460
1738822527853 80.9152548281255 461
1738822527879 80.87464621229873 462
1738822527922 80.83413151880002 463
1738822527943 80.79371031148902 464
1738822527967 80.75338215702988 465
1738822527983 80.71314662486964 466
1738822528004 80.67300328721706 467
1738822528030 80.63295171902143 468
1738822528047 80.59299149795172 469
1738822528066 80.5531222043757 470
1738822528087 80.51334342133953 471
1738822528100 80.47365473454724 472
1738822528112 80.4340557323405 473
1738822528124 80.39454600567859 474
1738822528137 80.35512514811855 475
1738822528149 80.3157927557954 476
1738822528162 80.27654842740256 477
1738822528175 80.23739176417244 478
1738822528189 80.19832236985737 479
1738822528204 80.1593398507103 480
1738822528222 80.12044381546602 481
1738822528243 80.08163387532237 482
1738822528264 80.04290964392166 483
1738822528313 80.00427073733223 484
1738822528335 79.96571677403013 485
1738822528356 79.927247374881 486
1738822528372 79.88886216312208 487
1738822528395 79.85056076434441 488
1738822528416 79.81234280647507 489
1738822528435 79.77420791975975 490
1738822528449 79.73615573674522 491
1738822528464 79.69818589226219 492
1738822528478 79.66029802340819 493
1738822528497 79.62249176953054 494
1738822528518 79.58476677220963 495
1738822528532 79.54712267524211 496
1738822528550 79.50955912462446 497
1738822528566 79.4720757685365 498
1738822528583 79.4346722573252 499
