1738679935830 161.81781440017895 0
1738679935874 172.47000400566733 1
1738679935915 164.5517823352899 2
1738679935956 175.6722028399927 3
1738679935997 184.8335254424701 4
1738679936040 177.14566980218376 5
1738679936086 156.45521887676205 6
1738679936129 171.27356462302086 7
1738679936172 175.93000808351337 8
1738679936213 186.0535248055559 9
1738679936255 130.50947035849077 10
1738679936296 133.68544081324922 11
1738679936337 172.2583968995561 12
1738679936378 180.71525396194718 13
1738679936420 174.024261454418 14
1738679936462 173.4572574472345 15
1738679936502 172.53588293243388 16
1738679936543 173.46001982869106 17
1738679936584 146.94380999333524 18
1738679936625 160.74974528516012 19
1738679936666 179.36166311450611 20
1738679936707 177.7351816596856 21
1738679936747 160.08023300735127 22
1738679936787 149.35866732279703 23
1738679936828 170.08136634522702 24
1738679936869 175.0794101198465 25
1738679936909 185.33005347064173 26
1738679936950 155.8788820879594 27
1738679936991 195.41412671324915 28
1738679937032 183.7605694455133 29
1738679937072 160.62545038476642 30
1738679937113 175.04681545477095 31
1738679937154 162.5145517316668 32
1738679937194 170.12288149373794 33
1738679937235 169.08532525776243 34
1738679937276 154.61100178709322 35
1738679937318 155.04196194996564 36
1738679937359 187.89751097068347 37
1738679937401 150.95270466469347 38
1738679937443 175.1910441873205 39
1738679937485 168.53825230236387 40
1738679937526 149.57388380835033 41
1738679937568 152.49335391627113 42
1738679937608 177.6995118384362 43
1738679937649 175.22091190192052 44
1738679937690 177.41364054037902 45
1738679937730 159.2837649615136 46
1738679937771 158.47289623410015 47
1738679937812 181.0294018258334 48
1738679937852 132.0634111463798 49
1738679937893 198.54645875031954 50
1738679937933 174.14220720124231 51
1738679937974 180.36946668610244 52
1738679938016 173.10236793750474 53
1738679938057 165.7953522734312 54
1738679938098 172.73878247831485 55
1738679938139 171.24040228656023 56
1738679938180 154.15105135167525 57
1738679938222 180.3189517591159 58
1738679938262 162.59041495981756 59
1738679938304 171.04554391618063 60
1738679938346 158.00516751451823 61
1738679938388 175.11248942713905 62
1738679938429 172.5829210698198 63
1738679938470 180.62431617257747 64
1738679938511 203.49527549252406 65
1738679938551 162.25403759135426 66
1738679938592 175.36651966175916 67
1738679938633 158.06690077231264 68
1738679938674 162.60234252348127 69
1738679938715 165.62114735802737 70
1738679938755 173.78512352723723 71
1738679938796 167.33321939311642 72
1738679938837 156.7770460357302 73
1738679938877 142.91980159509143 74
1738679938919 170.44294562213727 75
1738679938963 187.0651890487252 76
