1738824910444 167.32103707633826 0
1738824910452 169.9069104947735 1
1738824910458 166.18570670867445 2
1738824910465 169.70712447634017 3
1738824910472 170.51341733578522 4
1738824910479 167.0086697400021 5
1738824910486 164.8215447898467 6
1738824910493 166.1662976360476 7
1738824910499 167.88693591469683 8
1738824910505 168.00815742099886 9
1738824910512 169.6324718702922 10
1738824910518 168.2050584656227 11
1738824910524 166.96519558666915 12
1738824910531 170.1636801862163 13
1738824910538 167.194006956078 14
