1738679580729 169.08580903165026 0
1738679580736 168.9490964580024 1
1738679580743 168.89045544185677 2
1738679580749 168.83340023398495 3
1738679580755 171.80556184082346 4
1738679580761 170.03045480867476 5
1738679580767 169.21235531641082 6
1738679580773 168.41406209018524 7
1738679580779 166.46612032439677 8
1738679580785 172.7086413102361 9
1738679580791 168.08914802376705 10
1738679580798 171.3004098156096 11
1738679580804 166.4145558903462 12
1738679580809 169.67981400645232 13
1738679580815 167.65976912808463 14
1738679580821 168.27922702029508 15
1738679580827 166.02869255592066 16
1738679580833 168.43027550125106 17
1738679580840 167.68751692776576 18
1738679580846 170.86266689163952 19
1738679580853 167.03711342241184 20
1738679580859 170.69798554014898 21
1738679580866 168.1113755469745 22
1738679580873 169.5273953024041 23
1738679580879 171.18899142737388 24
1738679580886 168.1181659394696 25
1738679580892 167.5906559309694 26
1738679580898 168.38879857458716 27
1738679580904 169.00668770299555 28
1738679580910 171.65361413276094 29
1738679580917 168.17189768729733 30
1738679580923 167.31851863833313 31
1738679580930 169.52601614898478 32
1738679580936 167.56423594839364 33
1738679580943 167.9823929275031 34
1738679580951 169.20779558417357 35
1738679580957 169.3913529830912 36
1738679580964 169.35954332654046 37
1738679580971 167.6289427561616 38
1738679580981 171.0393794112781 39
1738679581003 168.94912280089613 40
1738679581009 169.2768471548624 41
1738679581016 169.05619289716012 42
1738679581022 169.57443373022193 43
1738679581027 166.11848957495025 44
1738679581033 169.6217295446054 45
1738679581039 169.2641563790153 46
1738679581044 170.65233131241104 47
1738679581050 166.4601230344316 48
1738679581056 169.0245916357805 49
1738679581062 170.48233497892352 50
1738679581067 169.01907093129802 51
1738679581073 168.19673125406212 52
1738679581078 170.4546284028747 53
1738679581084 170.49438144199686 54
1738679581089 169.50948213179763 55
1738679581095 171.0985124412344 56
1738679581101 170.6670577826478 57
1738679581106 170.19035548358906 58
1738679581112 168.23785123029225 59
1738679581117 167.97656880744447 60
1738679581123 169.78681933860764 61
1738679581129 169.66998603145436 62
1738679581134 169.80020317229702 63
1738679581140 169.66796166572837 64
1738679581145 168.6001743965161 65
1738679581151 170.0927418534165 66
1738679581156 169.70236764919946 67
1738679581162 169.58364515538975 68
1738679581167 166.47586631124986 69
1738679581173 166.45333602029584 70
1738679581178 167.99304346773965 71
1738679581184 168.48224946334452 72
1738679581189 168.6046092294534 73
1738679581195 168.28453778829444 74
1738679581200 171.5126144069255 75
1738679581205 169.69608377532325 76
1738679581211 170.69090112750072 77
1738679581216 166.9839012991307 78
1738679581222 167.64320517202898 79
1738679581227 167.76134566300775 80
1738679581233 166.32815363328092 81
1738679581238 166.77744188008873 82
1738679581243 170.564132332739 83
1738679581249 168.64222900961389 84
1738679581254 168.46301354019462 85
1738679581260 173.1413708693361 86
1738679581266 172.14327808358217 87
1738679581272 170.38107108603833 88
1738679581277 168.493705744484 89
1738679581283 171.979991627318 90
1738679581289 169.6194785124169 91
1738679581294 170.8418869080579 92
1738679581300 171.4949870706586 93
1738679581306 169.77653665030803 94
1738679581311 169.53832564087517 95
1738679581317 166.70175219999814 96
1738679581322 168.1690012966239 97
1738679581328 168.49219159422876 98
1738679581335 168.2732154403687 99
1738679581341 169.22641147290463 100
1738679581347 168.17934002156522 101
1738679581353 168.3110574214241 102
1738679581359 167.76935989085857 103
1738679581365 168.89471807869347 104
1738679581372 169.57462468553962 105
1738679581378 168.7533452360613 106
1738679581384 170.16443749948414 107
1738679581391 170.1877096363874 108
1738679581397 168.40779966588295 109
1738679581403 169.54817856106257 110
1738679581409 166.8689453690658 111
1738679581415 169.08820022075122 112
1738679581421 171.9347966332881 113
1738679581427 170.46538303919027 114
1738679581433 169.25544417508382 115
1738679581439 168.12609723823613 116
1738679581445 170.08763520662762 117
1738679581451 169.22250533415462 118
