1738825778389 171.25414984803348 0
1738825778396 165.43919931084542 1
1738825778403 167.8200592712047 2
1738825778410 166.09845304291744 3
1738825778416 178.85396679137435 4
1738825778423 169.43888339421045 5
1738825778429 171.84918813644262 6
1738825778436 162.6980012148589 7
1738825778442 169.42763285731775 8
1738825778449 167.61394727250246 9
1738825778456 174.019144994908 10
1738825778462 171.10936582488904 11
1738825778469 169.5768909730357 12
1738825778476 171.64318983823333 13
1738825778482 168.15882604427065 14
1738825778489 170.38244301289183 15
1738825778496 165.67190077029886 16
1738825778503 171.09961232197114 17
1738825778510 163.24862441086339 18
1738825778517 172.01767239334552 19
1738825778524 166.2764378085697 20
1738825778531 170.52724216105116 21
1738825778537 169.1039683558583 22
1738825778543 168.7827573019281 23
1738825778549 168.606192658853 24
1738825778555 169.934140973142 25
1738825778561 172.0141487038456 26
1738825778567 170.89719555727103 27
1738825778573 167.81119060135237 28
1738825778579 169.4218059879584 29
1738825778585 167.7664318604764 30
1738825778592 168.87025994974846 31
1738825778602 169.44797326851494 32
1738825778640 173.26736956405503 33
1738825778649 171.7106252167504 34
1738825778656 172.02550454553474 35
1738825778662 171.42047255812352 36
1738825778668 167.44521616599042 37
