1738677476933 169.4806387665546 0
1738677476953 153.65374887452853 1
1738677476973 142.37517475119103 2
1738677477005 134.1596848849677 3
1738677477032 128.01927148772782 4
1738677477051 123.29572099771669 5
1738677477078 119.54964497221177 6
1738677477092 116.48692467092523 7
1738677477108 113.90994860466722 8
1738677477147 111.68528024506715 9
1738677477169 109.72221444225697 10
1738677477193 107.95855056420324 11
1738677477210 106.35114911060658 12
1738677477225 104.86965936708151 13
1738677477238 103.49234955549991 14
1738677477253 102.20333133425812 15
1738677477267 100.99070931559531 16
1738677477285 99.84534451661999 17
1738677477300 98.76002552710193 18
1738677477320 97.72891067058987 19
1738677477342 96.74715048981359 20
1738677477372 95.81063041011768 21
1738677477390 94.91579366547779 22
1738677477413 94.0595179823472 23
1738677477511 93.23902840771086 24
1738677477579 92.45183456369047 25
1738677477619 91.69568452197323 26
1738677477642 90.96853008657803 27
1738677477661 90.26849999658702 28
1738677477690 89.59387870538563 29
1738677477723 88.94308915446544 30
1738677477739 88.31467846704786 31
1738677477762 87.70730582524622 32
1738677477780 87.1197320209168 33
1738677477796 86.55081032235637 34
1738677477809 85.9994784015184 35
1738677477822 85.46475113597685 36
1738677477835 84.94571414743857 37
1738677477852 84.44151797147764 38
1738677477865 83.95137277617323 39
1738677477878 83.47454356369404 40
1738677477892 83.01034580073234 41
1738677477906 82.55814143247149 42
1738677477920 82.11733524143182 43
1738677477933 81.68737151771919 44
1738677477945 81.26773101132885 45
1738677477958 80.85792814052759 46
1738677477970 80.45750843314799 47
1738677477985 80.06604618001579 48
1738677478001 79.68314228179301 49
1738677478013 79.30842227232023 50
1738677478028 78.9415345031318 51
1738677478056 78.58214847523308 52
1738677478085 78.22995330549472 53
1738677478101 77.88465631615902 54
1738677478144 77.54598173698007 55
1738677478166 77.21366951044968 56
1738677478180 76.88747419140364 57
1738677478196 76.56716393306718 58
1738677478213 76.25251955229379 59
1738677478230 75.94333366738373 60
1738677478246 75.63940990244248 61
1738677478263 75.34056215276485 62
1738677478279 75.04661390620487 63
1738677478297 74.7573976159283 64
1738677478316 74.47275412033906 65
1738677478333 74.19253210633225 66
1738677478354 73.91658761235557 67
1738677478374 73.64478356806117 68
1738677478394 73.37698936760317 69
1738677478422 73.1130804738864 70
1738677478443 72.85293805129953 71
1738677478468 72.59644862467368 72
1738677478489 72.34350376239743 73
1738677478508 72.09399978179277 74
1738677478536 71.84783747501446 75
1738677478554 71.60492185387973 76
1738677478571 71.3651619121679 77
1738677478584 71.12847040404944 78
1738677478598 70.89476363741485 79
1738677478614 70.66396128097404 80
1738677478629 70.43598618408964 81
1738677478648 70.2107642083913 82
1738677478666 69.98822407029573 83
1738677478687 69.76829719362753 84
1738677478705 69.5509175716002 85
1738677478722 69.33602163747659 86
1738677478738 69.12354814328108 87
1738677478753 68.91343804598655 88
1738677478770 68.70563440064352 89
1738677478783 68.5000822599616 90
1738677478799 68.29672857989043 91
1738677478812 68.09552213078334 92
1738677478824 67.89641341375825 93
1738677478839 67.6993545819005 94
1738677478851 67.50429936597867 95
1738677478862 67.31120300437011 96
1738677478875 67.12002217691482 97
1738677478888 66.93071494243814 98
1738677478901 66.74324067970159 99
1738677478915 66.55756003155868 100
1738677478929 66.37363485210965 101
1738677478945 66.19142815666311 102
1738677478959 66.01090407432743 103
1738677478974 65.83202780306638 104
1738677478988 65.6547655670664 105
1738677479003 65.47908457627275 106
1738677479019 65.30495298796235 107
1738677479034 65.13233987023021 108
1738677479050 64.96121516727477 109
1738677479067 64.79154966637545 110
1738677479081 64.62331496646283 111
1738677479099 64.45648344818889 112
1738677479115 64.29102824541059 113
1738677479131 64.12692321800607 114
1738677479145 63.9641429259481 115
1738677479157 63.80266260456413 116
1738677479172 63.642458140917086 117
1738677479185 63.48350605124514 118
1738677479197 63.32578345940287 119
1738677479210 63.16926807624943 120
1738677479224 63.01393817993336 121
1738677479236 62.859772597026144 122
1738677479250 62.70675068446025 123
1738677479262 62.55485231222952 124
1738677479275 62.40405784681263 125
1738677479289 62.25434813528278 126
1738677479302 62.10570449006873 127
1738677479316 61.95810867433443 128
1738677479332 61.8115428879467 129
1738677479347 61.665989754001636 130
1738677479360 61.521432305882804 131
1738677479374 61.377853974825065 132
1738677479387 61.23523857796015 133
1738677479401 61.093570306820695 134
1738677479414 60.952833716281354 135
1738677479427 60.81301371391649 136
1738677479439 60.67409554975498 137
1738677479451 60.536064806414075 138
1738677479464 60.39890738959491 139
1738677479475 60.26260951892333 140
1738677479488 60.12715771912061 141
1738677479500 59.99253881148933 142
1738677479513 59.85873990570047 143
1738677479526 59.725748391868834 144
1738677479541 59.59355193290382 145
1738677479556 59.46213845712417 146
1738677479570 59.33149615112506 147
1738677479586 59.201613452887244 148
1738677479602 59.07247904511763 149
1738677479677 58.94408184881199 150
1738677479723 58.816411017030596 151
1738677479755 58.689455928877855 152
1738677479804 58.56320618367787 153
1738677479818 58.437651595337904 154
1738677479831 58.312782186892235 155
1738677479844 58.1885881852193 156
1738677479857 58.065060015925276 157
1738677479868 57.94218829838748 158
1738677479880 57.81996384095161 159
1738677479894 57.69837763627667 160
1738677479907 57.57742085682217 161
1738677479920 57.457084850471965 162
1738677479936 57.337361136289815 163
1738677479953 57.21824140040156 164
1738677479966 57.09971749199943 165
1738677479982 56.98178141946374 166
1738677479999 56.86442534659801 167
1738677480033 56.747641588973 168
1738677480050 56.63142261037616 169
1738677480064 56.51576101936247 170
1738677480076 56.40064956590315 171
1738677480095 56.28608113812883 172
1738677480107 56.17204875916379 173
1738677480138 56.05854558404835 174
1738677480150 55.94556489674608 175
1738677480164 55.833100107233086 176
1738677480179 55.72114474866668 177
1738677480193 55.60969247463063 178
1738677480206 55.4987370564544 179
1738677480223 55.38827238060417 180
1738677480236 55.27829244614296 181
1738677480252 55.16879136225783 182
1738677480266 55.059763345851934 183
1738677480281 54.951202719199266 184
1738677480296 54.843103907660144 185
1738677480310 54.73546143745559 186
1738677480327 54.6282699334986 187
1738677480343 54.52152411728052 188
1738677480358 54.41521880481114 189
1738677480371 54.309348904610324 190
1738677480392 54.203909415750054 191
1738677480408 54.09889542594509 192
1738677480425 53.994302109690956 193
1738677480447 53.890124726447645 194
1738677480464 53.78635861886782 195
1738677480490 53.6829992110682 196
1738677480506 53.580042006942726 197
1738677480520 53.47748258851645 198
1738677480532 53.375316614338864 199
1738677480548 53.27353981791556 200
1738677480562 53.172148006177174 201
1738677480579 53.07113705798439 202
1738677480592 52.97050292266824 203
1738677480608 52.870241618604496 204
1738677480627 52.77034923182127 205
1738677480644 52.67082191463898 206
1738677480662 52.5716558843416 207
1738677480678 52.472847421878576 208
1738677480696 52.374392870596374 209
1738677480709 52.276288634999034 210
1738677480724 52.178531179536684 211
1738677480740 52.081117027421655 212
1738677480753 51.984042759471066 213
1738677480766 51.88730501297545 214
1738677480780 51.790900480592654 215
1738677480795 51.694825909266285 216
1738677480809 51.599078099168146 217
1738677480828 51.503653902664105 218
1738677480842 51.40855022330258 219
1738677480858 51.31376401482527 220
1738677480873 51.2192922801995 221
1738677480889 51.125132070671526 222
1738677480903 51.03128048484061 223
1738677480918 50.93773466775273 224
1738677480933 50.84449181001418 225
1738677480947 50.751549146924 226
1738677480960 50.65890395762498 227
1738677480975 50.566553564272866 228
1738677480993 50.47449533122313 229
1738677481008 50.382726664235086 230
1738677481029 50.29124500969268 231
1738677481046 50.20004785384183 232
1738677481066 50.109132722043796 233
1738677481085 50.018497178044036 234
1738677481104 49.92813882325647 235
1738677481119 49.838055296062656 236
1738677481135 49.74824427112542 237
1738677481146 49.65870345871683 238
1738677481159 49.56943060405991 239
1738677481172 49.48042348668404 240
1738677481188 49.39167991979356 241
1738677481200 49.30319774964932 242
1738677481215 49.21497485496281 243
1738677481229 49.12700914630276 244
1738677481242 49.03929856551373 245
1738677481257 48.95184108514652 246
1738677481271 48.86463470790013 247
1738677481284 48.777677466074955 248
1738677481299 48.69096742103702 249
1738677481314 48.604502662693015 250
1738677481329 48.51828130897582 251
1738677481341 48.432301505340284 252
1738677481356 48.34656142426919 253
1738677481371 48.261059264789004 254
1738677481386 48.175793251995174 255
1738677481400 48.09076163658705 256
1738677481413 48.005962694411735 257
1738677481430 47.921394726017226 258
1738677481445 47.83705605621419 259
1738677481459 47.75294503364639 260
1738677481471 47.66906003036961 261
1738677481486 47.58539944143878 262
1738677481509 47.50196168450323 263
1738677481526 47.41874519940973 264
1738677481542 47.33574844781341 265
1738677481557 47.25296991279615 266
1738677481572 47.170408098492466 267
1738677481585 47.0880615297225 268
1738677481599 47.005928751632275 269
1738677481614 46.92400832934079 270
1738677481642 46.84229884759397 271
1738677481656 46.76079891042519 272
1738677481671 46.679507140822444 273
1738677481686 46.59842218040182 274
1738677481701 46.51754268908719 275
1738677481715 46.43686734479611 276
1738677481729 46.3563948431316 277
1738677481744 46.276123897079955 278
1738677481758 46.19605323671409 279
1738677481774 46.116181608902686 280
1738677481788 46.03650777702476 281
1738677481803 45.95703052068966 282
1738677481815 45.87774863546237 283
1738677481830 45.79866093259388 284
1738677481845 45.71976623875685 285
1738677481859 45.64106339578596 286
1738677481872 45.562551260423405 287
1738677481889 45.48422870406891 288
1738677481903 45.40609461253465 289
1738677481917 45.328147885804576 290
1738677481931 45.25038743779825 291
1738677481945 45.17281219613922 292
1738677481959 45.095421101927485 293
1738677481972 45.01821310951632 294
1738677481988 44.94118718629321 295
1738677482003 44.86434231246487 296
1738677482018 44.78767748084609 297
1738677482034 44.71119169665268 298
1738677482051 44.63488397729808 299
1738677482068 44.55875335219373 300
1738677482083 44.482798862553196 301
1738677482098 44.407019561199746 302
1738677482117 44.33141451237757 303
1738677482128 44.255982791566396 304
1738677482137 44.18072348529946 305
1738677482154 44.10563569098485 306
1738677482168 44.03071851673008 307
1738677482182 43.95597108116986 308
1738677482199 43.881392513296895 309
1738677482212 43.806981952295956 310
1738677482227 43.73273854738071 311
1738677482241 43.65866145763367 312
1738677482253 43.58474985184898 313
1738677482266 43.51100290837799 314
1738677482282 43.43741981497764 315
1738677482295 43.36399976866159 316
1738677482308 43.290741975553985 317
1738677482322 43.21764565074582 318
1738677482337 43.14471001815395 319
1738677482354 43.07193431038252 320
1738677482367 42.99931776858688 321
1738677482381 42.926859642340034 322
1738677482397 42.854559189501316 323
1738677482413 42.78241567608746 324
1738677482425 42.71042837614596 325
1738677482440 42.63859657163065 326
1738677482453 42.5669195522795 327
1738677482469 42.49539661549455 328
1738677482483 42.42402706622398 329
1738677482497 42.352810216846166 330
1738677482512 42.28174538705597 331
1738677482529 42.21083190375281 332
1738677482543 42.14006910093076 333
1738677482567 42.06945631957065 334
1738677482589 41.998992907533946 335
1738677482608 41.928678219458526 336
1738677482621 41.85851161665624 337
1738677482635 41.78849246701233 338
1738677482650 41.71862014488648 339
1738677482665 41.64889403101564 340
1738677482683 41.57931351241854 341
1738677482697 41.509877982301845 342
1738677482719 41.440586839967885 343
1738677482752 41.371439490724086 344
1738677482766 41.30243534579376 345
1738677482781 41.233573822228664 346
1738677482795 41.16485434282288 347
1738677482809 41.096276336028204 348
1738677482823 41.02783923587113 349
1738677482838 40.95954248187092 350
1738677482854 40.89138551895945 351
1738677482868 40.82336779740219 352
1738677482882 40.75548877272052 353
1738677482897 40.68774790561551 354
1738677482914 40.62014466189285 355
1738677482927 40.55267851238907 356
1738677482941 40.485348932899136 357
1738677482954 40.41815540410502 358
1738677482967 40.351097411505776 359
1738677482980 40.28417444534846 360
1738677482993 40.217386000560516 361
1738677483005 40.15073157668307 362
1738677483018 40.08421067780548 363
1738677483033 40.01782281250084 364
1738677483045 39.95156749376273 365
1738677483059 39.8854442389429 366
1738677483073 39.81945256968995 367
1738677483088 39.753592011889175 368
1738677483119 39.68786209560329 369
1738677483136 39.622262355014165 370
1738677483154 39.556792328365525 371
1738677483169 39.49145155790657 372
1738677483185 39.4262395898366 373
1738677483201 39.36115597425044 374
1738677483229 39.29620026508481 375
1738677483249 39.23137202006564 376
1738677483267 39.166670800656085 377
1738677483288 39.102096172005545 378
1738677483307 39.037647702899456 379
1738677483320 38.97332496570982 380
1738677483335 38.909127536346766 381
1738677483347 38.84505499421052 382
1738677483359 38.78110692214458 383
1738677483372 38.71728290638931 384
1738677483385 38.653582536536454 385
1738677483401 38.59000540548435 386
1738677483415 38.526551109393814 387
1738677483429 38.46321924764484 388
1738677483446 38.40000942279382 389
1738677483474 38.336921240531645 390
1738677483489 38.27395430964233 391
1738677483508 38.21110824196235 392
1738677483525 38.148382652340636 393
1738677483542 38.08577715859917 394
1738677483560 38.023291381494246 395
1738677483576 37.96092494467831 396
1738677483595 37.8986774746624 397
1738677483609 37.836548600779196 398
1738677483629 37.7745379551467 399
1738677483648 37.712645172632335 400
1738677483663 37.6508698908178 401
1738677483681 37.58921174996433 402
1738677483704 37.527670392978514 403
1738677483720 37.46624546537876 404
1738677483743 37.40493661526217 405
1738677483767 37.343743493271965 406
1738677483784 37.28266575256535 407
1738677483801 37.221703048782054 408
1738677483820 37.160855040013146 409
1738677483833 37.10012138677045 410
1738677483850 37.03950175195648 411
1738677483864 36.978995800834625 412
1738677483877 36.91860320100005 413
1738677483891 36.85832362235089 414
1738677483903 36.798156737059884 415
1738677483918 36.73810221954654 416
1738677483933 36.678159746449566 417
1738677483955 36.61832899659995 418
1738677483977 36.55860965099416 419
1738677483996 36.49900139276801 420
1738677484020 36.43950390717079 421
1738677484041 36.38011688153977 422
1738677484061 36.32084000527519 423
1738677484084 36.2616729698155 424
1738677484106 36.20261546861309 425
1738677484138 36.1436671971103 426
1738677484158 36.084827852715804 427
1738677484177 36.026097134781416 428
1738677484192 35.96747474457911 429
1738677484208 35.90896038527852 430
1738677484222 35.85055376192469 431
1738677484239 35.792254581416145 432
1738677484256 35.73406255248337 433
1738677484272 35.67597738566751 434
1738677484287 35.617998793299435 435
1738677484300 35.56012648947911 436
1738677484317 35.50236019005527 437
1738677484335 35.444699612605355 438
1738677484357 35.38714447641579 439
1738677484372 35.32969450246254 440
1738677484388 35.272349413391886 441
1738677484405 35.215108933501604 442
1738677484425 35.15797278872227 443
1738677484441 35.100940706598976 444
1738677484459 35.0440124162732 445
1738677484474 34.987187648465 446
1738677484488 34.93046613545547 447
1738677484519 34.873847611069344 448
1738677484576 34.81733181065801 449
1738677484603 34.76091847108268 450
1738677484625 34.70460733069775 451
1738677484682 34.64839812933449 452
1738677484710 34.59229060828496 453
1738677484738 34.536284510286066 454
1738677484754 34.48037957950391 455
1738677484771 34.42457556151841 456
1738677484787 34.36887220330799 457
1738677484812 34.31326925323463 458
1738677484829 34.25776646102908 459
1738677484847 34.202363577776204 460
1738677484862 34.147060355900685 461
1738677484879 34.09185654915276 462
1738677484897 34.03675191259428 463
1738677484914 33.981746202584915 464
1738677484935 33.92683917676853 465
1738677484951 33.872030594059794 466
1738677484985 33.81732021463096 467
1738677485004 33.76270779989881 468
1738677485021 33.7081931125118 469
1738677485037 33.653775916337345 470
1738677485052 33.59945597644933 471
1738677485066 33.54523305911577 472
1738677485086 33.491106931786646 473
1738677485101 33.43707736308188 474
1738677485115 33.383144122779484 475
1738677485158 33.32930698180388 476
1738677485180 33.27556571221442 477
1738677485196 33.22192008719394 478
1738677485210 33.16836988103764 479
1738677485233 33.1149148691419 480
1738677485259 33.0615548279935 481
1738677485277 33.00828953515872 482
1738677485297 32.955118769272815 483
1738677485309 32.90204231002951 484
1738677485338 32.8490599381706 485
1738677485368 32.79617143547581 486
1738677485398 32.74337658475271 487
1738677485422 32.69067516982676 488
1738677485438 32.6380669755315 489
1738677485456 32.585551787698925 490
1738677485480 32.53312939314987 491
1738677485502 32.480799579684636 492
1738677485518 32.428562136073666 493
1738677485533 32.376416852048365 494
1738677485549 32.32436351829208 495
1738677485566 32.27240192643112 496
1738677485585 32.220531869025926 497
1738677485604 32.1687531395624 498
1738677485624 32.117065532443284 499
