1738822463689 169.46928671508388 0
1738822463771 152.7253105204997 1
1738822463789 141.0129206796232 2
1738822463813 132.61622798210635 3
1738822463828 126.41959006688307 4
1738822463865 121.69634491701117 5
1738822463884 117.97202037869546 6
1738822463900 114.93575425665023 7
1738822463913 112.3829236253194 8
1738822463926 110.17797844406128 9
1738822463940 108.23035594918133 10
1738822463959 106.47886464967375 11
1738822463973 104.88155296537428 12
1738822463986 103.40913017786168 13
1738822464005 102.0406887295899 14
1738822464021 100.7609179581879 15
1738822464035 99.55828485328962 16
1738822464051 98.423842237586 17
1738822464071 97.3504444148831 18
1738822464087 96.33222778255066 19
1738822464107 95.36426405273613 20
1738822464124 94.4423261969592 21
1738822464143 93.56272825612315 22
1738822464164 92.72221377775365 23
1738822464223 91.91787646636791 24
1738822464240 91.14710235203358 25
1738822464269 90.40752649085212 26
1738822464291 89.69699961778161 27
1738822464315 89.01356173554996 28
1738822464335 88.35542064032856 29
1738822464360 87.72093404758854 30
1738822464377 87.10859441463239 31
1738822464389 86.51701584029762 32
1738822464413 85.94492260949349 33
1738822464429 85.39113907438504 34
1738822464451 84.8545806471208 35
1738822464465 84.3342457352321 36
1738822464480 83.82920848944569 37
1738822464504 83.33861226065044 38
1738822464517 82.8616636820431 39
1738822464531 82.3976273065952 40
1738822464545 81.94582074059923 41
1738822464563 81.50561022225719 42
1738822464578 81.07640660079255 43
1738822464605 80.65766167687481 44
1738822464627 80.24886486956784 45
1738822464644 79.84954017876439 46
1738822464658 79.45924341530382 47
1738822464672 79.07755967379003 48
1738822464688 78.70410102561034 49
1738822464703 78.33850441185902 50
1738822464720 77.98042971783201 51
1738822464737 77.6295580125175 52
1738822464757 77.28558993808429 53
1738822464813 76.9482442357892 54
1738822464837 76.61725639600418 55
1738822464861 76.29237742121639 56
1738822464880 75.97337269189767 57
1738822464897 75.66002092607978 58
1738822464925 75.35211322432369 59
1738822464941 75.04945219254023 60
1738822464957 74.7518511358163 61
1738822464976 74.45913331703038 62
1738822464999 74.17113127461245 63
1738822465018 73.88768619431896 64
1738822465040 73.60864733036256 65
1738822465093 73.33387147165904 66
1738822465117 73.06322244933901 67
1738822465136 72.796570682019 68
1738822465158 72.53379275564298 69
1738822465184 72.27477103499078 70
1738822465203 72.01939330421 71
1738822465217 71.76755243396242 72
1738822465233 71.51914607299094 73
1738822465249 71.27407636210509 74
1738822465264 71.0322496687609 75
1738822465286 70.7935763405693 76
1738822465309 70.55797047621343 77
1738822465326 70.32534971238609 78
1738822465341 70.09563502547954 79
1738822465357 69.86875054686774 80
1738822465387 69.6446233907211 81
1738822465403 69.42318349338309 82
1738822465418 69.2043634634213 83
1738822465431 68.9880984415387 84
1738822465444 68.77432596960017 85
1738822465456 68.56298586809092 86
1738822465468 68.35402012137918 87
1738822465481 68.14737277020853 88
1738822465494 67.94298981089054 89
1738822465509 67.7408191007125 90
1738822465524 67.5408102691136 91
1738822465539 67.34291463421859 92
1738822465553 67.14708512435071 93
1738822465567 66.95327620417586 94
1738822465586 66.76144380515662 95
1738822465600 66.57154526002002 96
1738822465623 66.38353924096617 97
1738822465645 66.19738570136515 98
1738822465669 66.0130458207091 99
1738822465689 65.83048195260419 100
1738822465715 65.64965757560293 101
1738822465733 65.47053724669232 102
1738822465750 65.29308655726682 103
1738822465765 65.11727209142795 104
1738822465779 64.94306138646311 105
1738822465797 64.77042289536766 106
1738822465814 64.59932595128345 107
1738822465830 64.42974073373593 108
1738822465845 64.2616382365607 109
1738822465869 64.09499023741755 110
1738822465886 63.929769268797024 111
1738822465917 63.76594859043157 112
1738822465935 63.603502163028566 113
1738822465954 63.44240462324874 114
1738822465976 63.28263125985813 115
1738822465991 63.12415799098682 116
1738822466011 62.966961342431745 117
1738822466026 62.81101842694538 118
1738822466040 62.65630692445519 119
1738822466053 62.50280506316316 120
1738822466065 62.350491601477046 121
1738822466078 62.199345810728666 122
1738822466091 62.049347458636966 123
1738822466104 61.900476793476386 124
1738822466116 61.752714528913515 125
1738822466128 61.60604182947704 126
1738822466143 61.46044029662839 127
1738822466158 61.31589195540219 128
1738822466173 61.1723792415878 129
1738822466186 61.02988498942434 130
1738822466200 60.888392419784005 131
1738822466218 60.74788512881905 132
1738822466233 60.608347077050176 133
1738822466249 60.46976257887434 134
1738822466265 60.3321162924722 135
1738822466277 60.195393210095915 136
1738822466290 60.05957864871905 137
1738822466303 59.924658241032034 138
1738822466316 59.790617926766565 139
1738822466328 59.6574439443342 140
1738822466341 59.52512282276431 141
1738822466355 59.393641373928226 142
1738822466372 59.26298668503636 143
1738822466385 59.13314611139612 144
1738822466403 59.004107269419514 145
1738822466421 58.875858029868645 146
1738822466438 58.74838651132973 147
1738822466456 58.62168107390485 148
1738822466477 58.49573031311287 149
1738822466496 58.370523053990155 150
1738822466511 58.24604834538287 151
1738822466531 58.12229545442289 152
1738822466553 57.99925386117976 153
1738822466580 57.87691325348121 154
1738822466601 57.7552635218959 155
1738822466618 57.63429475487124 156
1738822466637 57.513997234020685 157
1738822466655 57.3943614295541 158
1738822466669 57.275377995846 159
1738822466688 57.1570377671358 160
1738822466705 57.039331753355675 161
1738822466720 56.922251136080426 162
1738822466734 56.80578726459528 163
1738822466749 56.68993165207691 164
1738822466763 56.57467597188351 165
1738822466779 56.460012053950074 166
1738822466794 56.34593188128474 167
1738822466812 56.23242758656281 168
1738822466827 56.119491448814756 169
1738822466844 56.00711589020501 170
1738822466859 55.89529347289818 171
1738822466876 55.78401689600986 172
1738822466890 55.67327899263878 173
1738822466910 55.5630727269779 174
1738822466928 55.453391191501375 175
1738822466946 55.344227604225146 176
1738822466968 55.23557530603848 177
1738822466987 55.127427758104226 178
1738822467004 55.01977853932554 179
1738822467021 54.912621343876765 180
1738822467036 54.80594997879661 181
1738822467053 54.69975836164148 182
1738822467068 54.594040518197126 183
1738822467087 54.48879058024672 184
1738822467101 54.3840027833937 185
1738822467124 54.27967146493755 186
1738822467142 54.17579106180106 187
1738822467155 54.07235610850732 188
1738822467167 53.96936123520517 189
1738822467179 53.8668011657414 190
1738822467194 53.76467071577857 191
1738822467206 53.662964790956934 192
1738822467217 53.56167838509926 193
1738822467231 53.460806578457266 194
1738822467243 53.36034453599861 195
1738822467258 53.260287505732975 196
1738822467270 53.16063081707663 197
1738822467292 53.061369879253824 198
1738822467304 52.96250017973447 199
1738822467317 52.86401728270691 200
1738822467330 52.765916827584675 201
1738822467343 52.668194527546675 202
1738822467355 52.570846168109554 203
1738822467373 52.473867605731556 204
1738822467385 52.377254766446995 205
1738822467400 52.281003644530635 206
1738822467420 52.18511030119092 207
1738822467436 52.08957086329168 208
1738822467454 51.99438152210129 209
1738822467477 51.89953853206871 210
1738822467494 51.80503820962564 211
1738822467512 51.71087693201429 212
1738822467529 51.61705113613986 213
1738822467548 51.523557317447406 214
1738822467564 51.43039202882228 215
1738822467579 51.337551879513654 216
1738822467595 51.24503353408048 217
1738822467611 51.1528337113595 218
1738822467625 51.06094918345459 219
1738822467640 50.96937677474704 220
1738822467659 50.878113360926235 221
1738822467674 50.787155868040266 222
1738822467691 50.69650127156594 223
1738822467714 50.60614659549786 224
1738822467728 50.516088911455924 225
1738822467740 50.42632533781109 226
1738822467761 50.33685303882872 227
1738822467777 50.247669223829234 228
1738822467790 50.15877114636571 229
1738822467806 50.070156103417894 230
1738822467823 49.981821434602416 231
1738822467842 49.89376452139876 232
1738822467859 49.805982786390594 233
1738822467874 49.71847369252219 234
1738822467897 49.63123474236967 235
1738822467915 49.54426347742641 236
1738822467932 49.45755747740286 237
1738822467949 49.37111435953979 238
1738822467966 49.2849317779353 239
1738822467981 49.19900742288483 240
1738822468026 49.113339020234115 241
1738822468043 49.02792433074477 242
1738822468058 48.94276114947215 243
1738822468074 48.85784730515534 244
1738822468093 48.77318065961899 245
1738822468115 48.68875910718659 246
1738822468131 48.60458057410517 247
1738822468148 48.520643017981044 248
1738822468169 48.43694442722637 249
1738822468187 48.353482820516355 250
1738822468204 48.27025624625682 251
1738822468224 48.18726278206198 252
1738822468242 48.104500534242085 253
1738822468263 48.02196763730099 254
1738822468280 47.93966225344307 255
1738822468296 47.857582572089605 256
1738822468310 47.7757268094043 257
1738822468326 47.69409320782779 258
1738822468341 47.61268003562091 259
1738822468363 47.53148558641653 260
1738822468383 47.45050817877989 261
1738822468396 47.369746155777186 262
1738822468411 47.289197884552166 263
1738822468428 47.20886175591078 264
1738822468443 47.12873618391338 265
1738822468461 47.0488196054749 266
1738822468478 46.969110479972 267
1738822468493 46.889607288857974 268
1738822468507 46.810308535284506 269
1738822468525 46.73121274373059 270
1738822468541 46.65231845963829 271
1738822468557 46.57362424905522 272
1738822468571 46.49512869828364 273
1738822468586 46.41683041353604 274
1738822468599 46.338728020597024 275
1738822468613 46.26082016449148 276
1738822468626 46.183105509158786 277
1738822468641 46.10558273713304 278
1738822468655 46.02825054922906 279
1738822468673 45.951107664234286 280
1738822468687 45.874152818606134 281
1738822468701 45.79738476617502 282
1738822468723 45.72080227785267 283
1738822468739 45.64440414134584 284
1738822468753 45.56818916087519 285
1738822468766 45.492156156899284 286
1738822468782 45.41630396584354 287
1738822468798 45.34063143983418 288
1738822468814 45.26513744643689 289
1738822468834 45.18982086840031 290
1738822468849 45.114680603404 291
1738822468863 45.039715563811114 292
1738822468884 44.964924676425476 293
1738822468902 44.89030688225285 294
1738822468916 44.81586113626682 295
1738822468928 44.741586407178545 296
1738822468945 44.66748167721085 297
1738822468959 44.59354594187628 298
1738822468973 44.51977820975909 299
1738822468987 44.446177502301204 300
1738822469006 44.372742853591944 301
1738822469021 44.29947331016145 302
1738822469037 44.22636793077789 303
1738822469048 44.15342578624816 304
1738822469064 44.080645959222196 305
1738822469081 44.0080275440007 306
1738822469097 43.93556964634633 307
1738822469113 43.863271383298134 308
1738822469128 43.791131882989376 309
1738822469148 43.719150284468455 310
1738822469165 43.64732573752307 311
1738822469189 43.575657402507474 312
1738822469210 43.50414445017267 313
1738822469225 43.432786061499705 314
1738822469245 43.361581427535796 315
1738822469258 43.29052974923343 316
1738822469274 43.21963023729213 317
1738822469288 43.14888211200313 318
1738822469307 43.07828460309669 319
1738822469323 43.00783694959209 320
1738822469339 42.93753839965018 321
1738822469363 42.86738821042859 322
1738822469383 42.79738564793944 323
1738822469400 42.72752998690941 324
1738822469416 42.65782051064236 325
1738822469431 42.58825651088431 326
1738822469446 42.51883728769066 327
1738822469463 42.44956214929584 328
1738822469477 42.380430411985124 329
1738822469489 42.311441399968594 330
1738822469505 42.242594445257495 331
1738822469545 42.17388888754244 332
1738822469560 42.10532407407394 333
1738822469583 42.03689935954477 334
1738822469604 41.9686141059746 335
1738822469621 41.900467682596364 336
1738822469644 41.8324594657447 337
1738822469660 41.764588838746285 338
1738822469688 41.696855191812006 339
1738822469723 41.62925792193101 340
1738822469745 41.5617964327665 341
1738822469771 41.49447013455334 342
1738822469789 41.42727844399745 343
1738822469811 41.360220784176796 344
1738822469826 41.29329658444413 345
1738822469847 41.22650528033136 346
1738822469865 41.159846313455546 347
1738822469887 41.093319131426504 348
1738822469914 41.026923187755834 349
1738822469936 40.96065794176775 350
1738822469983 40.89452285851107 351
1738822470016 40.828517408672994 352
1738822470030 40.76264106849416 353
1738822470048 40.69689331968512 354
1738822470088 40.63127364934433 355
1738822470115 40.56578154987733 356
1738822470130 40.50041651891754 357
1738822470161 40.435178059248074 358
1738822470183 40.37006567872509 359
1738822470198 40.305078890202296 360
1738822470218 40.24021721145677 361
1738822470233 40.17548016511598 362
1738822470251 40.110867278586035 363
1738822470268 40.04637808398107 364
1738822470285 39.982012118053916 365
1738822470309 39.91776892212783 366
1738822470327 39.8536480420293 367
1738822470341 39.789649028022104 368
1738822470361 39.725771434742384 369
1738822470384 39.66201482113474 370
1738822470400 39.5983787503894 371
1738822470417 39.53486278988051 372
1738822470433 39.471466511105355 373
1738822470448 39.40818948962453 374
1738822470461 39.34503130500322 375
1738822470478 39.28199154075326 376
1738822470491 39.219069784276435 377
1738822470506 39.15626562680829 378
1738822470523 39.09357866336328 379
1738822470540 39.031008492680506 380
1738822470561 38.968554717170456 381
1738822470577 38.90621694286263 382
1738822470589 38.84399477935395 383
1738822470603 38.78188783975805 384
1738822470618 38.719895740655396 385
1738822470643 38.65801810204409 386
1738822470660 38.596254547291714 387
1738822470675 38.534604703087695 388
1738822470689 38.47306819939654 389
1738822470703 38.411644669411906 390
1738822470717 38.35033374951123 391
1738822470734 38.28913507921125 392
1738822470751 38.228048301124176 393
1738822470766 38.1670730609145 394
1738822470780 38.10620900725659 395
1738822470793 38.04545579179293 396
1738822470808 37.98481306909301 397
1738822470828 37.924280496612894 398
1738822470846 37.863857734655376 399
1738822470859 37.803544446330875 400
1738822470878 37.743340297518806 401
1738822470897 37.683244956829725 402
1738822470910 37.62325809556795 403
1738822470923 37.56337938769479 404
1738822470936 37.503608509792386 405
1738822470950 37.44394514102819 406
1738822470964 37.38438896311981 407
1738822470977 37.3249396603006 408
1738822470993 37.26559691928571 409
1738822471007 37.2063604292386 410
1738822471026 37.147229881738276 411
1738822471043 37.0882049707468 412
1738822471078 37.02928539257749 413
1738822471100 36.97047084586353 414
1738822471129 36.91176103152708 415
1738822471144 36.85315565274886 416
1738822471163 36.79465441493828 417
1738822471180 36.73625702570391 418
1738822471199 36.67796319482449 419
1738822471219 36.619772634220446 420
1738822471236 36.56168505792564 421
1738822471263 36.50370018205979 422
1738822471286 36.445817724801195 423
1738822471315 36.38803740635988 424
1738822471337 36.330358948951194 425
1738822471353 36.272782076769786 426
1738822471384 36.215306515964 427
1738822471404 36.15793199461065 428
1738822471423 36.10065824269015 429
1738822471438 36.04348499206214 430
1738822471464 35.98641197644131 431
1738822471479 35.929438931373745 432
1738822471495 35.87256559421354 433
1738822471511 35.81579170409984 434
1738822471536 35.75911700193412 435
1738822471561 35.70254123035799 436
1738822471585 35.6460641337311 437
1738822471605 35.589685458109635 438
1738822471638 35.53340495122488 439
1738822471655 35.477222362462356 440
1738822471669 35.42113744284105 441
1738822471762 35.36514994499312 442
1738822471784 35.309259623143824 443
1738822471803 35.253466233091764 444
1738822471823 35.19776953218946 445
1738822471838 35.14216927932414 446
1738822471854 35.086665234898895 447
1738822471871 35.03125716081413 448
1738822471886 34.975944820449115 449
1738822471903 34.920727978644116 450
1738822471921 34.86560640168247 451
1738822471937 34.81057985727318 452
1738822471980 34.7556481145336 453
1738822471999 34.70081094397246 454
1738822472021 34.64606811747318 455
1738822472038 34.591419408277226 456
1738822472054 34.536864590968044 457
1738822472068 34.48240344145494 458
1738822472081 34.4280357369573 459
1738822472094 34.37376125598909 460
1738822472109 34.31957977834351 461
1738822472126 34.26549108507795 462
1738822472159 34.21149495849904 463
1738822472183 34.157591182148074 464
1738822472203 34.10377954078653 465
1738822472229 34.050059820381875 466
1738822472248 33.996431808093504 467
1738822472267 33.94289529225895 468
1738822472287 33.8894500623803 469
1738822472306 33.83609590911069 470
1738822472323 33.782832624241166 471
1738822472334 33.72966000068763 472
1738822472351 33.67657783247798 473
1738822472406 33.62358591473946 474
1738822472423 33.570684043686185 475
1738822472439 33.517872016606866 476
1738822472454 33.465149631852654 477
1738822472473 33.41251668882522 478
1738822472493 33.35997298796499 479
1738822472512 33.307518330739505 480
1738822472528 33.25515251963204 481
1738822472552 33.202875358130235 482
1738822472614 33.150686650715095 483
1738822472629 33.098586202849944 484
1738822472642 33.04657382096968 485
1738822472654 32.99464931247006 486
1738822472672 32.94281248569732 487
1738822472686 32.89106314993768 488
1738822472719 32.839401115407284 489
1738822472748 32.78782619324204 490
1738822472769 32.73633819548775 491
1738822472802 32.68493693509031 492
1738822472818 32.633622225886135 493
1738822472838 32.582393882592555 494
1738822472858 32.53125172079855 495
1738822472885 32.4801955569554 496
1738822472901 32.429225208367704 497
1738822472919 32.37834049318428 498
1738822472940 32.32754123038939 499
