1738825436610 169.4806387665546 0
1738825436634 169.47221841247818 1
1738825436650 169.462810891151 2
1738825436669 169.45256281716604 3
1738825436690 169.44160797769746 4
1738825436707 169.43006791710422 5
1738825436724 169.418052590302 6
1738825436750 169.40566105748243 7
1738825436767 169.3929821987218 8
1738825436789 169.38009543188133 9
1738825436822 169.3670714211562 10
1738825436836 169.35397276682903 11
1738825436851 169.3408546693636 12
1738825436868 169.32776556304134 13
1738825436886 169.31474771598735 14
1738825436903 169.30183779473376 15
1738825436918 169.28906739248308 16
1738825436941 169.2764635210206 17
1738825436960 169.26404906682262 18
1738825436981 169.2518432123519 19
1738825436999 169.23986182385553 20
1738825437033 169.22811780720517 21
1738825437052 169.21662143346543 22
1738825437072 169.20538063596166 23
1738825437092 169.1944012806544 24
1738825437112 169.18368741162763 25
1738825437129 169.17324147346724 26
1738825437146 169.1630645122579 27
1738825437166 169.15315635685872 28
1738825437184 169.1435157820434 29
1738825437199 169.13414065500655 30
1738825437213 169.12502806665117 31
1738825437229 169.11617444898314 32
1738825437246 169.10757567985024 33
1738825437261 169.0992271761759 34
1738825437276 169.0911239767535 35
1738825437293 169.08326081558477 36
1738825437310 169.07563218666982 37
1738825437326 169.06823240108002 38
1738825437351 169.06105563707857 39
1738825437373 169.05409598398592 40
1738825437391 169.04734748042804 41
1738825437410 169.04080414754824 42
1738825437433 169.03446001771042 43
1738825437447 169.02830915917477 44
1738825437463 169.02234569717967 45
1738825437478 169.0165638318254 46
1738825437496 169.0109578531144 47
1738825437512 169.00552215347093 48
1738825437528 169.0002512380298 49
1738825437546 168.9951397329553 50
1738825437563 168.99018239202556 51
