1738680326973 169.39290543617975 0
1738680326991 169.38885410412237 1
1738680327008 169.3841826997203 2
1738680327024 169.37897077235021 3
1738680327039 169.37329071941883 4
1738680327055 169.3672082381013 5
1738680327069 169.36078278231727 6
1738680327082 169.35406801551264 7
1738680327098 169.3471122523062 8
1738680327112 169.33995888403427 9
1738680327128 169.3326467847816 10
1738680327144 169.32521069570106 11
1738680327180 169.31768158636925 12
1738680327209 169.3100869926453 13
1738680327227 169.30245133104975 14
1738680327247 169.29479619008615 15
1738680327265 169.28714059922308 16
1738680327279 169.27950127646287 17
1738680327294 169.27189285556068 18
1738680327308 169.26432809404238 19
1738680327324 169.25681806321325 20
1738680327339 169.2493723213595 21
1738680327354 169.24199907133396 22
1738680327373 169.23470530368544 23
1738680327396 169.22749692645078 24
1738680327411 169.2203788826755 25
1738680327428 169.21335525667493 26
1738680327441 169.20642936998507 27
1738680327455 169.19960386789447 28
1738680327470 169.19288079738521 29
1738680327485 169.18626167725262 30
1738680327499 169.17974756111488 31
1738680327514 169.17333909396828 32
1738680327535 169.16703656289127 33
1738680327552 169.16083994245008 34
1738680327569 169.1547489353127 35
1738680327590 169.1487630085332 36
1738680327606 169.14288142592923 37
1738680327626 169.13710327693596 38
1738680327644 169.13142750228698 39
1738680327659 169.1258529168388 40
1738680327678 169.1203782298273 41
1738680327694 169.11500206281713 42
1738680327711 169.1097229655802 43
