1738823610002 163.4292214755292 0
1738823610026 152.800641466286 1
1738823610049 148.72011375766212 2
1738823610068 130.41796269724404 3
1738823610087 135.23119756921182 4
1738823610106 120.55076706232036 5
1738823610129 129.3280728225681 6
1738823610149 133.79533833801156 7
1738823610164 131.80250408601478 8
1738823610196 107.93236978982786 9
1738823610228 124.26748249324905 10
1738823610249 101.04080458101669 11
1738823610270 107.76109949710913 12
1738823610293 106.56333214048608 13
1738823610317 121.60330668734767 14
1738823610331 99.0392349358306 15
1738823610355 103.49434656180823 16
1738823610372 101.20292555928701 17
1738823610398 102.57118092314577 18
1738823610435 110.03507268921122 19
1738823610452 99.38551954113377 20
1738823610477 100.51392450988651 21
1738823610525 88.92384734182228 22
1738823610539 96.55185454279982 23
1738823610564 110.68419471262591 24
1738823610581 88.9457358277209 25
1738823610597 107.39927411822529 26
1738823610613 94.20841481275652 27
1738823610631 111.10369650733028 28
1738823610648 99.11704279465333 29
1738823610663 101.85336275691407 30
1738823610680 93.89762384858876 31
1738823610696 92.56763068471791 32
1738823610713 99.32283647608813 33
1738823610731 95.28421832292317 34
1738823610748 94.55987516742884 35
1738823610769 94.95841539350755 36
1738823610789 103.44525193548486 37
1738823610836 93.41615617749194 38
1738823610858 100.90481235131186 39
1738823610879 106.28133988298495 40
1738823610902 76.18620664281588 41
1738823610925 115.04426165961287 42
1738823610952 101.09733664070863 43
1738823610979 85.02653423431104 44
1738823611002 108.93004268248256 45
1738823611023 88.10585456505589 46
1738823611068 80.29059087690379 47
1738823611093 73.8480523318007 48
1738823611108 84.96049237581137 49
1738823611127 81.61085791938912 50
1738823611145 99.27848977788265 51
1738823611160 68.30847325189424 52
1738823611176 85.81570785761029 53
1738823611194 66.93540013276126 54
1738823611212 83.7164816307148 55
1738823611228 104.49317671713852 56
1738823611243 87.15969128281363 57
1738823611264 83.05025970853488 58
1738823611291 81.36220507552004 59
1738823611309 88.04946767593948 60
1738823611328 64.84198369797353 61
1738823611344 65.5379411051967 62
1738823611358 79.05621722906021 63
1738823611375 72.65210940767678 64
1738823611392 84.99546986020567 65
1738823611413 74.7515661736042 66
1738823611465 90.03406140434511 67
1738823611513 76.3101051821311 68
1738823611540 103.4066139637642 69
1738823611557 104.60638716905089 70
1738823611576 75.10208624480923 71
1738823611602 73.05885165897749 72
1738823611622 72.90725730159767 73
1738823611656 62.640890939633515 74
1738823611676 84.84625507374227 75
1738823611696 77.87468869117605 76
1738823611716 74.90867865831045 77
1738823611751 56.78621058909865 78
1738823611771 87.37491175624464 79
1738823611794 74.21444857222228 80
1738823611813 71.49246617486496 81
1738823611837 90.07165977911373 82
1738823611856 63.19186347231033 83
1738823611874 76.39047012259603 84
1738823611891 85.54939312422188 85
1738823611907 72.91243133384681 86
1738823611923 71.56158121982388 87
1738823611939 83.07360526246644 88
1738823611956 52.60189540035923 89
1738823611976 65.70928755332035 90
1738823611996 72.51005675370064 91
1738823612015 63.09650442622351 92
1738823612048 55.96587758625272 93
1738823612068 88.93236217832536 94
1738823612085 93.4532192716157 95
1738823612109 77.69572083828726 96
1738823612130 78.625625668767 97
1738823612147 81.29519662735251 98
1738823612170 57.574420160711476 99
1738823612197 66.8723834252895 100
1738823612236 79.1333956199171 101
1738823612261 77.87854421280834 102
1738823612282 84.26095478641983 103
1738823612300 62.53322341800632 104
1738823612325 64.19351610627089 105
1738823612348 72.2529121671902 106
1738823612371 69.17878134509293 107
1738823612394 78.19677928247278 108
1738823612417 58.29931541707953 109
1738823612437 57.113608782158956 110
1738823612456 60.39545640744641 111
1738823612474 79.61556791711766 112
1738823612496 59.554646272241904 113
1738823612517 76.28271259604443 114
1738823612543 53.98146595962458 115
1738823612564 60.031719027758506 116
1738823612586 81.87166779449562 117
1738823612606 70.59404042648598 118
1738823612624 68.86772244839423 119
1738823612649 86.95668310988005 120
1738823612678 61.9624844086431 121
1738823612696 57.92628611295757 122
1738823612715 68.54854935498669 123
1738823612732 64.274235989888 124
1738823612755 67.59385952528562 125
1738823612778 87.57244302874103 126
1738823612797 76.41236342733333 127
1738823612821 58.89600226917346 128
1738823612846 66.87198575906847 129
1738823612863 85.69835589264245 130
1738823612882 84.32318588338524 131
1738823612915 66.70702921772033 132
1738823612931 75.87865178262098 133
1738823612962 88.01171623591065 134
1738823612981 92.94548741883209 135
1738823612999 81.07182002246023 136
1738823613015 74.48437598998039 137
1738823613032 63.4093095828642 138
1738823613048 59.72582242823539 139
1738823613067 60.38928924686303 140
1738823613090 72.0370164743178 141
1738823613109 66.85460498481557 142
1738823613124 67.08076984867321 143
1738823613139 65.53072760180774 144
1738823613154 44.4581832672589 145
1738823613170 101.36079148028693 146
1738823613184 66.31768557610684 147
1738823613203 64.94880848860862 148
1738823613222 73.39549673918833 149
1738823613240 58.50694933307795 150
1738823613258 73.0822863083182 151
1738823613281 65.86909529651606 152
1738823613296 89.6229571538817 153
1738823613312 69.73232264045625 154
1738823613327 65.51993568677379 155
1738823613344 59.61510782556269 156
1738823613362 63.43501522414399 157
1738823613378 55.240887589863526 158
1738823613418 56.96742893490852 159
1738823613497 60.289745538098934 160
1738823613511 82.57807430373232 161
1738823613527 63.462755873120535 162
1738823613546 83.92378337311906 163
1738823613560 53.90711447141221 164
1738823613576 62.53923234094527 165
1738823613591 71.63591243724659 166
1738823613607 56.58756595076809 167
1738823613623 78.96762236630522 168
1738823613641 64.17228848963579 169
1738823613655 60.37151133577935 170
1738823613673 55.14539059484036 171
1738823613692 76.93467810532917 172
1738823613730 83.45051751924242 173
1738823613782 52.393356932916724 174
1738823613800 60.55010417574501 175
1738823613822 79.18135827792626 176
1738823613840 63.353392155317735 177
1738823613859 64.80338699099715 178
1738823613876 60.18521724861116 179
1738823613894 49.6980222114719 180
1738823613910 61.24724483024099 181
1738823613927 55.04809621668889 182
1738823613943 59.0247085171366 183
1738823613961 62.022705117353354 184
1738823613977 49.44055824426972 185
1738823613996 68.93439887642388 186
1738823614011 42.938800610418625 187
1738823614025 52.70957848719609 188
1738823614039 73.73290865081977 189
1738823614058 49.35634930554213 190
1738823614072 50.11864428332934 191
1738823614087 88.08517864229775 192
1738823614104 66.14651950103314 193
1738823614120 67.24631261893252 194
1738823614135 84.65431530469591 195
1738823614149 46.98176042072353 196
1738823614166 64.25343613004178 197
1738823614181 57.655351963583364 198
1738823614196 60.393324724014164 199
1738823614212 60.29140354448564 200
1738823614227 65.38102720230548 201
1738823614242 46.14310289745599 202
1738823614257 52.43862145267778 203
1738823614274 55.064180013659644 204
1738823614292 62.62376757043692 205
1738823614309 58.19172972928454 206
1738823614327 59.22163636791966 207
1738823614344 63.181869935654404 208
1738823614362 64.796413833475 209
1738823614383 58.59614064199862 210
1738823614403 49.448503162054884 211
1738823614427 61.2827378233555 212
1738823614444 49.32265575587953 213
1738823614464 58.49184251544812 214
1738823614485 57.06938734134506 215
1738823614511 59.95802781623375 216
1738823614534 41.30870710553489 217
1738823614553 71.91333475616563 218
1738823614582 68.37239419953974 219
1738823614605 63.10123471936573 220
1738823614632 66.18502706604865 221
1738823614649 57.00112849155774 222
1738823614669 77.34752098067149 223
1738823614691 66.8064111699257 224
1738823614717 43.80848451624156 225
1738823614739 46.59565896485929 226
1738823614773 54.28225671793649 227
1738823614813 41.02065736815497 228
1738823614843 81.00982639191257 229
1738823614872 60.98177062014374 230
1738823614894 47.27556990555252 231
1738823614921 76.413357922504 232
1738823614944 51.76472039314659 233
1738823614966 46.45318969684939 234
1738823614992 79.32673995882155 235
1738823615013 60.04879509984134 236
1738823615038 72.43806078127537 237
1738823615058 64.72899921361109 238
1738823615077 69.05734912670671 239
1738823615107 52.103681002445725 240
1738823615129 46.07663093281015 241
1738823615148 38.235881629760755 242
1738823615165 54.20039613350976 243
1738823615180 59.67135638893346 244
1738823615201 65.9343249461178 245
1738823615222 56.79168927415054 246
1738823615243 54.641555668830755 247
1738823615281 39.33767104455585 248
1738823615335 50.13695677862988 249
1738823615357 52.52531875565216 250
1738823615381 59.73193138284531 251
1738823615399 49.425489902667834 252
1738823615442 59.35612373919531 253
1738823615470 62.8983043035315 254
1738823615491 43.489607314093426 255
1738823615514 65.52955321954538 256
1738823615541 62.787176023594974 257
1738823615565 47.69416375257838 258
1738823615587 59.10382643774635 259
1738823615610 46.87885618048254 260
1738823615633 41.91071627024333 261
1738823615655 53.38761171707408 262
1738823615684 51.935662043797365 263
1738823615710 58.508832790037275 264
1738823615728 47.29301184262818 265
1738823615747 45.95924230568049 266
1738823615767 66.27612057665034 267
1738823615792 62.273486308919495 268
1738823615815 54.53728318775254 269
1738823615836 44.38710109654603 270
1738823615857 38.48430609110339 271
1738823615879 46.64029743358436 272
1738823615900 45.465475024115726 273
1738823615935 49.57955496217823 274
1738823615962 72.6146718365046 275
1738823615980 58.970350556369745 276
1738823616002 58.126594203483926 277
1738823616024 52.60105005774413 278
1738823616041 57.86795163282287 279
1738823616057 54.48782428287849 280
1738823616077 58.704910523675714 281
1738823616097 43.248129319483894 282
1738823616113 43.80078690707835 283
1738823616130 51.662359670533334 284
1738823616146 47.97767572381404 285
1738823616162 47.4939062571645 286
1738823616176 38.54710418721174 287
1738823616190 53.65567525705485 288
1738823616207 57.42295597025057 289
1738823616225 60.22523376941549 290
1738823616242 52.96915192560471 291
1738823616260 50.66429193006803 292
1738823616275 67.08073216458487 293
1738823616289 46.87388312471513 294
1738823616304 52.72994354801452 295
1738823616319 52.52740746290783 296
1738823616337 44.926998228089815 297
1738823616352 43.878928296085284 298
1738823616369 56.41239375098197 299
1738823616385 55.501195343783515 300
1738823616401 50.334519994650826 301
1738823616417 53.04043481549923 302
1738823616438 41.39688684260936 303
1738823616456 55.622001064093176 304
1738823616473 52.259896343127394 305
1738823616493 79.88917977295341 306
1738823616513 44.02735486894572 307
1738823616532 80.65015698979695 308
1738823616551 55.576851042613065 309
1738823616567 59.85112680082522 310
1738823616588 45.30581991208835 311
1738823616614 37.942402250846534 312
1738823616637 55.60085264076532 313
1738823616654 48.24078967611182 314
1738823616667 53.26318118227941 315
1738823616685 42.24124758628359 316
1738823616703 51.771545030258146 317
1738823616721 54.30976975029375 318
1738823616743 53.01146614474336 319
1738823616763 49.33303078217363 320
1738823616787 53.30657494074886 321
1738823616808 43.74270497737308 322
1738823616827 47.42450077724907 323
1738823616848 54.08849897900357 324
1738823616870 71.597232114514 325
1738823616888 46.86662699761562 326
1738823616906 46.14978770639937 327
1738823616930 55.436738617879776 328
1738823616948 40.10988637143813 329
1738823616967 48.54540636884938 330
1738823616987 51.9255458555407 331
1738823617008 43.739628711916254 332
1738823617027 53.1857335492873 333
1738823617044 46.27604273272128 334
1738823617065 43.648815602041715 335
1738823617083 53.73865517132428 336
1738823617104 64.42484222974355 337
1738823617124 40.50463316881438 338
1738823617139 43.39653094854496 339
1738823617157 48.96027964969027 340
1738823617176 42.93678520283631 341
1738823617194 47.72241889128572 342
1738823617208 49.7142401688644 343
1738823617244 44.595004405587154 344
1738823617281 48.05275650424519 345
1738823617297 44.554034385218344 346
1738823617313 38.44184552183715 347
1738823617332 41.468279278166406 348
1738823617346 47.14764508501412 349
1738823617362 52.85236045441543 350
1738823617380 72.33193829047363 351
1738823617397 58.34843121084491 352
1738823617412 58.76376078173259 353
1738823617431 39.42018207896931 354
1738823617453 47.51087404488792 355
1738823617473 49.075719098821764 356
1738823617492 39.12366254991389 357
1738823617524 56.922660323682415 358
1738823617542 31.306030646672955 359
1738823617567 47.92223502051628 360
1738823617593 47.85912383286286 361
1738823617614 40.32461050338396 362
1738823617642 36.234153329188175 363
1738823617659 44.9759084192308 364
1738823617675 62.6212563599844 365
1738823617691 35.34614419774433 366
1738823617706 32.39137524443753 367
1738823617727 41.9160612184574 368
1738823617748 38.35682179553636 369
1738823617764 46.933214797625794 370
1738823617783 42.032623769321894 371
1738823617800 43.04900701402623 372
1738823617818 40.90974678909891 373
1738823617835 52.996278906521205 374
1738823617862 50.521968422390636 375
1738823617884 66.23323486460887 376
1738823617914 37.0028300604148 377
1738823617938 50.740352718489426 378
1738823617965 45.67961360191021 379
1738823617990 61.43652178213766 380
1738823618013 35.172442265270035 381
1738823618029 68.81793162119394 382
1738823618047 47.98787654163048 383
1738823618063 37.523532102134325 384
1738823618081 51.486114108985156 385
1738823618103 49.79385702310186 386
1738823618122 53.669388733859684 387
1738823618141 37.874220522374074 388
1738823618165 36.84144999564434 389
1738823618186 45.26285655681475 390
1738823618206 60.288336691904554 391
1738823618225 38.73427214617303 392
1738823618243 54.93513552608399 393
1738823618274 53.578384976634176 394
1738823618322 48.52102706744103 395
1738823618351 42.59005929336938 396
1738823618374 45.64203494596919 397
1738823618398 46.2946657801946 398
1738823618429 46.548172844260684 399
1738823618454 59.67664648943608 400
1738823618474 58.46114979801142 401
1738823618497 46.46592205288286 402
1738823618518 57.48569422929677 403
1738823618535 43.19812254188062 404
1738823618567 46.6250209301185 405
1738823618585 61.89744783063467 406
1738823618600 48.67013404993576 407
1738823618619 57.47629361454293 408
1738823618641 33.384191558575274 409
1738823618663 47.603574878301636 410
1738823618679 40.18733702338176 411
1738823618714 38.47554259315803 412
1738823618735 47.44211097302105 413
1738823618760 41.84281627828107 414
1738823618784 46.68093710536576 415
1738823618805 33.3998990932509 416
1738823618826 57.29053713505499 417
1738823618847 63.668343430197645 418
1738823618868 38.34769856829918 419
1738823618887 45.45772044405726 420
1738823618908 67.44870545885266 421
1738823618929 43.51102909610594 422
1738823618953 41.71359166480966 423
1738823618983 42.884705732127074 424
1738823619005 30.612735224091818 425
1738823619022 44.98858589017813 426
1738823619037 37.691578702019086 427
1738823619052 45.19402562541918 428
1738823619069 42.62307155044537 429
1738823619087 36.420928275546586 430
1738823619104 51.676110573299276 431
1738823619125 41.243053742979576 432
1738823619143 46.44867487593216 433
1738823619158 40.058785305889955 434
1738823619176 39.83403270476877 435
1738823619193 41.982023512046496 436
1738823619208 36.952935478395815 437
1738823619225 47.3331683042007 438
1738823619241 33.65292004449698 439
1738823619261 39.09430641820675 440
1738823619277 46.69933735783358 441
1738823619299 38.53344866123023 442
1738823619317 43.01851170619 443
1738823619379 43.60635645212269 444
1738823619401 33.83019333756449 445
1738823619416 44.12459210194919 446
1738823619432 39.90253521299096 447
1738823619447 43.784626311630284 448
1738823619463 38.93414848472005 449
1738823619481 40.06191629174471 450
1738823619497 44.90108435498903 451
1738823619517 56.626638420633846 452
1738823619547 45.71965720016267 453
1738823619564 55.05507545949818 454
1738823619582 45.799416434155795 455
1738823619599 68.09114369017401 456
1738823619620 47.39800744693937 457
1738823619641 44.264281052770905 458
1738823619664 35.013401742087375 459
1738823619689 29.430003446859207 460
1738823619716 33.57071308084369 461
1738823619738 42.242382129803126 462
1738823619771 37.4299861729055 463
1738823619801 34.429596208368345 464
1738823619819 49.96157124397966 465
1738823619836 40.01986570278605 466
1738823619862 37.24968599867423 467
1738823619879 38.574331624643754 468
1738823619896 41.39051323518704 469
1738823619918 51.71095026507659 470
1738823619937 33.97734994478465 471
1738823619962 43.4013556288978 472
1738823619987 53.98516865946198 473
1738823620007 30.805550921685736 474
1738823620027 41.44820128717394 475
1738823620049 40.2047859463813 476
1738823620070 36.97698985477572 477
1738823620097 44.18386193106294 478
1738823620126 46.487605068094254 479
1738823620145 34.165365867772344 480
1738823620162 38.53690926017489 481
1738823620179 38.28615104442841 482
1738823620195 41.01935502368311 483
1738823620213 46.77108427495366 484
1738823620229 33.296918603785045 485
1738823620245 41.96510317250364 486
1738823620262 40.77198726109773 487
1738823620285 43.60473220681996 488
1738823620306 43.60851175640437 489
1738823620333 37.08999388182747 490
1738823620354 41.95433493898488 491
1738823620385 34.03963131123762 492
1738823620409 38.717912337487384 493
1738823620433 19.06973374275899 494
1738823620448 30.14587392100097 495
1738823620464 44.7219251159572 496
1738823620483 42.13254188026358 497
1738823620504 26.152298092596386 498
1738823620524 36.31069919248375 499
