1738824022660 169.55406720821765 0
1738824022667 169.3015480231309 1
1738824022673 167.47080764383517 2
1738824022678 174.48812641948763 3
1738824022684 171.37403429830349 4
1738824022690 171.15770870131783 5
1738824022696 173.09549193671776 6
1738824022702 170.41480865872137 7
1738824022708 166.44994162113548 8
1738824022714 168.48386942384099 9
1738824022720 167.72585856141276 10
1738824022726 165.82690464967783 11
1738824022732 172.40844730938178 12
1738824022737 169.2204163135071 13
1738824022743 172.63566573038383 14
1738824022750 165.5155657403668 15
1738824022756 167.31508146865667 16
1738824022761 169.28602551435574 17
1738824022767 170.91565818774288 18
1738824022773 166.49760091257485 19
1738824022779 162.6945286514701 20
1738824022785 172.72608381898277 21
1738824022791 168.2683251273709 22
1738824022797 166.61952778259752 23
1738824022804 168.11571699051674 24
1738824022810 169.63231339016122 25
1738824022816 168.6029540411105 26
1738824022822 168.37552518666598 27
