1738826006557 175.3260505190584 0
1738826006601 182.91066925087324 1
1738826006643 177.8302721801997 2
1738826006685 182.38623232016968 3
1738826006728 181.0295534796898 4
1738826006770 162.21176668967954 5
1738826006813 167.26047813638667 6
1738826006857 182.5830010719952 7
1738826006900 153.68099898954267 8
1738826006943 189.08413881268132 9
1738826006986 187.49805126886102 10
1738826007028 171.76742220598936 11
1738826007070 148.5510311987779 12
1738826007113 176.09756274099072 13
1738826007157 179.03946957624245 14
1738826007198 161.83548841471392 15
1738826007241 161.33852314202898 16
1738826007284 175.01079267844065 17
1738826007326 142.5135412191882 18
1738826007369 169.13978873970137 19
1738826007411 154.08498320638927 20
1738826007453 134.68610150817182 21
1738826007495 165.07315931930893 22
1738826007539 123.33448179364669 23
1738826007581 176.7664761884837 24
1738826007623 168.73938926488404 25
1738826007665 174.8934293816643 26
1738826007707 154.6054995853971 27
1738826007751 177.50153004538714 28
1738826007795 160.2925178382915 29
1738826007840 175.59825672745913 30
1738826007882 173.66371309438665 31
1738826007925 166.65288424671738 32
1738826007967 168.28150897319955 33
1738826008010 148.71255584814142 34
1738826008052 148.60830225184154 35
1738826008095 157.87876767829334 36
1738826008138 161.3779439395251 37
1738826008181 172.8165725063909 38
1738826008224 176.32574881331175 39
1738826008268 177.04119539714142 40
