1738824928601 168.0610579311063 0
1738824928608 171.2452829086668 1
1738824928614 171.57822022287937 2
1738824928621 168.53414173863078 3
1738824928627 169.85089754784113 4
1738824928634 172.61960680519135 5
1738824928641 168.67629110187153 6
1738824928647 169.01534478253555 7
1738824928653 170.02835662016193 8
1738824928660 166.72674270171828 9
1738824928666 166.06805331644074 10
1738824928673 169.07348206576992 11
1738824928679 166.5095789926924 12
1738824928685 168.4363641261825 13
1738824928692 169.4018025340441 14
1738824928699 171.65522120987328 15
1738824928706 168.2471725410068 16
1738824928712 169.34835655555474 17
1738824928720 169.65496232294223 18
1738824928726 168.63389630849662 19
1738824928733 166.83952924807986 20
1738824928739 168.21689929316173 21
1738824928745 170.35465384314142 22
1738824928751 168.170723148734 23
1738824928757 171.8889441378275 24
1738824928763 168.56039146248534 25
