1738825823831 37.44401700125645 0
1738825823875 176.10017038968596 1
1738825823919 185.1015830868456 2
1738825823959 42.75715211350819 3
1738825824000 160.81712129451336 4
1738825824080 202.32411532451746 5
1738825824130 147.2136605627846 6
1738825824173 114.84563402172829 7
1738825824219 194.47874576651907 8
1738825824261 89.80555351030543 9
1738825824302 149.34564192973815 10
1738825824344 485.1586533571627 11
1738825824386 120.68279304527013 12
1738825824428 288.33900276059353 13
1738825824469 183.5524102967864 14
1738825824512 104.81260185503106 15
1738825824570 163.3674869542542 16
1738825824614 138.82181821843463 17
1738825824655 137.29142394825132 18
1738825824696 114.00028565436703 19
1738825824739 271.54060531668796 20
1738825824783 122.98115250974614 21
1738825824827 193.99524609315134 22
1738825824872 160.59487614627056 23
1738825824916 268.42320123997945 24
1738825824958 196.9315375928018 25
1738825825000 142.2945521609464 26
1738825825042 153.8080089512695 27
1738825825084 369.7707777275014 28
1738825825126 182.19163999940793 29
1738825825167 222.82214081677535 30
1738825825209 174.44484390657828 31
1738825825250 183.78295945469813 32
1738825825291 159.63618931006968 33
1738825825333 183.4394708697484 34
1738825825375 169.958060628056 35
1738825825419 125.57355490133862 36
1738825825461 179.3508104720058 37
1738825825506 151.72651193130736 38
1738825825547 123.08371547670448 39
1738825825588 231.36138226302768 40
1738825825633 182.14969052464514 41
1738825825678 159.93702805891678 42
1738825825724 148.87469276006343 43
1738825825769 143.0458446808646 44
1738825825814 200.25224508001793 45
1738825825859 218.37184030368246 46
1738825825902 207.3116954961346 47
1738825825946 140.67990696160592 48
1738825825990 184.4823940750704 49
1738825826034 259.9595240751607 50
1738825826079 169.05298632679109 51
1738825826124 192.57650401229483 52
1738825826170 176.379141369251 53
1738825826216 141.49657876889935 54
1738825826264 157.6458067891408 55
1738825826323 192.73764481892383 56
1738825826373 169.24335282471998 57
1738825826434 185.63747952905481 58
1738825826490 199.74406025174818 59
1738825826549 183.59324031373748 60
1738825826608 277.4182783896911 61
1738825826675 112.5072829369294 62
1738825826720 166.39449238883986 63
1738825826762 238.22487915636603 64
1738825826803 172.80842671446166 65
1738825826844 206.81884413805727 66
1738825826886 232.6668592460355 67
1738825826928 115.6417837476966 68
1738825826969 136.66609566148512 69
1738825827013 90.88378032849097 70
1738825827058 178.50870617413224 71
1738825827103 193.16045235625282 72
1738825827148 261.4413174393037 73
1738825827192 143.23719053350237 74
1738825827235 179.54540449291366 75
1738825827280 160.41761636628425 76
1738825827326 163.9958005742653 77
1738825827370 198.61389754319381 78
1738825827415 95.14252208135838 79
1738825827457 145.07494611998155 80
1738825827498 195.58601583593926 81
1738825827539 178.50936434054668 82
1738825827578 104.07306019586314 83
1738825827619 161.71970031909706 84
1738825827660 185.1162508729102 85
1738825827700 149.67711129801538 86
1738825827741 179.72217994445833 87
1738825827780 182.22182394860081 88
1738825827820 124.6043736043053 89
1738825827860 127.92949461785133 90
1738825827901 232.80301923691 91
1738825827942 179.61887410179946 92
1738825827982 169.12752586775233 93
1738825828022 180.8370469465081 94
1738825828062 291.5431283507853 95
1738825828103 270.2500391807656 96
1738825828145 183.63243028409272 97
1738825828184 172.511042939288 98
1738825828227 192.54512350206303 99
1738825828271 144.65344225081657 100
1738825828314 221.91396484387198 101
1738825828356 177.88909775367642 102
1738825828399 85.85670772738176 103
1738825828447 136.48146963180852 104
1738825828488 195.77598078268406 105
1738825828529 185.84172025667013 106
1738825828569 106.4090910053911 107
1738825828610 115.52720766487747 108
1738825828651 139.13498245786718 109
1738825828691 154.9949266917301 110
1738825828731 184.4662583007809 111
1738825828772 184.89536387706008 112
1738825828812 194.34313180907992 113
1738825828854 193.85658754109292 114
1738825828896 139.32897763014205 115
1738825828936 198.43391213360053 116
1738825828979 178.92072337772476 117
1738825829020 171.31275360756717 118
1738825829061 194.34348046718975 119
1738825829103 132.95360325478057 120
1738825829144 166.96303884962492 121
1738825829184 221.89779725454838 122
1738825829224 143.4335577761519 123
1738825829264 220.55993558301495 124
1738825829304 114.87828645106109 125
1738825829343 191.50329790423 126
1738825829383 317.7720715974139 127
1738825829423 148.22724583524743 128
1738825829463 140.6891749036858 129
1738825829504 164.4804973382548 130
1738825829543 129.50287271568325 131
1738825829583 157.1792220078003 132
1738825829623 162.63382049367985 133
1738825829662 152.86759239541558 134
1738825829702 120.30659673851817 135
1738825829741 144.1436634703242 136
1738825829780 226.3612479026766 137
1738825829820 199.1315086676332 138
1738825829860 183.18337170751872 139
1738825829900 204.6042176625249 140
1738825829940 205.19325032836863 141
1738825829980 185.88358165395886 142
1738825830021 177.75943557760223 143
1738825830061 253.950984680318 144
1738825830102 120.59559504936692 145
1738825830142 166.5288900135658 146
1738825830185 159.75446164891338 147
1738825830228 279.96319501372494 148
1738825830269 108.76693328001014 149
1738825830310 61.839840336708825 150
1738825830350 152.47408807914428 151
1738825830390 164.07393321064396 152
1738825830430 122.36233934669818 153
1738825830469 164.64586268032977 154
1738825830509 230.2247356060171 155
1738825830549 128.61969252625047 156
1738825830589 212.93211469662253 157
1738825830631 234.7965481761519 158
1738825830671 177.18406706298882 159
1738825830710 210.83727782160364 160
1738825830750 159.16753032426087 161
1738825830789 214.30145275021727 162
1738825830829 93.62480744907636 163
1738825830869 179.6032259921394 164
1738825830909 184.6377311372062 165
1738825830948 144.32071320538492 166
1738825830988 159.99016454614753 167
1738825831028 127.63611651262042 168
1738825831067 231.84048048436546 169
1738825831107 217.94853150219672 170
1738825831148 90.64314152809038 171
1738825831188 177.43383206483185 172
1738825831228 169.36481478497282 173
1738825831268 198.69562451047398 174
1738825831308 179.1622875938336 175
1738825831347 113.90117924027226 176
1738825831387 164.46883150946488 177
1738825831428 165.03792789752876 178
1738825831467 170.26814469544706 179
1738825831507 202.30742945138448 180
1738825831547 192.19635432970838 181
1738825831588 113.90892564095218 182
1738825831629 205.35621695202448 183
1738825831672 162.95048365399396 184
1738825831714 222.96404591259292 185
1738825831755 111.0071840955203 186
1738825831795 245.44266130265862 187
1738825831836 160.51996470915304 188
1738825831877 200.32146306299808 189
1738825831918 172.2838546038469 190
1738825831960 289.81984383349254 191
1738825832001 43.741405137545904 192
1738825832042 188.01995597983566 193
1738825832083 219.1867137936504 194
1738825832124 175.2205005410947 195
1738825832166 115.88510449006009 196
1738825832207 179.09240957526742 197
1738825832249 127.76314946396657 198
1738825832289 176.11167854367588 199
1738825832331 210.77609150139062 200
1738825832371 126.5704873129632 201
1738825832411 167.31648313688316 202
1738825832452 198.0123295346425 203
1738825832493 148.03200208983301 204
1738825832533 199.55528153934782 205
1738825832574 177.69169163263155 206
1738825832614 140.48997677310342 207
1738825832656 189.6587259158727 208
1738825832696 134.88883217080263 209
1738825832736 109.03132001864782 210
1738825832776 182.29364184923568 211
1738825832817 190.48531996997696 212
1738825832858 184.9361240914339 213
1738825832899 181.07990960074355 214
1738825832939 162.49113035668125 215
1738825832979 161.89410737017576 216
1738825833019 181.51204869877773 217
1738825833061 173.95482790874507 218
1738825833102 161.4651954250091 219
1738825833143 183.80852440375446 220
1738825833184 97.93730916490895 221
1738825833225 265.7489247671905 222
1738825833266 188.46318857064222 223
1738825833306 147.82591843699728 224
1738825833351 183.46995534722373 225
1738825833392 157.84753889078303 226
1738825833433 177.856551553368 227
1738825833473 160.23618216041186 228
1738825833513 314.5609800953162 229
1738825833553 211.6691790636896 230
1738825833593 189.30777892817852 231
1738825833633 257.2127631488726 232
1738825833674 197.06849264613476 233
1738825833714 134.0753298149353 234
1738825833754 171.77671647585709 235
1738825833795 177.35602526680404 236
1738825833836 140.83717851115964 237
1738825833877 189.47160977478924 238
1738825833918 155.6285662765407 239
1738825833958 190.35664259340473 240
1738825833999 116.13494929401625 241
1738825834040 331.5923581938547 242
1738825834081 201.90269304438968 243
1738825834122 178.09068796000557 244
1738825834163 115.41224869930632 245
1738825834204 161.91024403979353 246
1738825834243 155.78016684423432 247
1738825834284 190.67570978633614 248
1738825834325 173.43838015957118 249
1738825834365 88.27995929865807 250
1738825834407 155.21110208416238 251
1738825834449 179.41555629373087 252
1738825834489 142.35105397873244 253
1738825834530 120.04919371095795 254
1738825834569 182.02872061666508 255
1738825834609 177.89484393032672 256
1738825834650 298.9719648022379 257
1738825834690 153.87507508701407 258
1738825834729 294.61153145016584 259
1738825834769 186.99498505897805 260
1738825834808 359.1988033563966 261
1738825834849 195.28071851151213 262
1738825834893 170.59654871272994 263
1738825834935 142.96440197123377 264
1738825834976 171.70598352937984 265
1738825835015 174.81068158621653 266
1738825835055 159.75565282535914 267
1738825835095 183.13984917951743 268
1738825835138 189.07549175731828 269
1738825835183 169.8621380361939 270
1738825835227 201.20763887312748 271
1738825835270 105.7499112061723 272
1738825835314 184.20723855343059 273
1738825835357 136.66537425232852 274
1738825835399 196.50415365343684 275
1738825835440 196.93628695941266 276
1738825835481 165.75566715446178 277
1738825835521 163.16257505490591 278
1738825835561 133.69008187616814 279
1738825835601 174.0287647862908 280
1738825835641 166.2182206032843 281
1738825835682 126.35554334696718 282
1738825835725 264.18468240029574 283
1738825835766 170.57281124921568 284
1738825835806 62.18855702072638 285
1738825835847 185.78616767504167 286
1738825835889 151.16045869938853 287
1738825835930 124.4354649600101 288
1738825835972 190.7274627997346 289
1738825836014 166.6693580667521 290
1738825836057 145.1037792950992 291
1738825836100 157.6002903475261 292
1738825836143 162.60012189282432 293
1738825836189 195.32083140576884 294
1738825836232 124.91249986500122 295
1738825836273 187.65133328923176 296
1738825836313 191.22539109204348 297
1738825836357 200.21093853132626 298
1738825836398 111.95142741359152 299
1738825836439 174.52233943074924 300
1738825836479 194.73062363650928 301
1738825836522 192.76748070842112 302
1738825836565 169.71803245832075 303
1738825836608 140.82993048186881 304
1738825836650 159.71572266642804 305
1738825836694 216.57255771017557 306
1738825836736 176.2754010382727 307
1738825836778 159.17187382075574 308
1738825836819 172.8435974941364 309
1738825836859 184.2074515517947 310
1738825836899 170.64664559607633 311
1738825836940 113.69711372057822 312
1738825836982 178.41738820179475 313
1738825837022 190.22667669634973 314
1738825837062 160.35041436596262 315
1738825837102 182.82424658007383 316
1738825837144 231.33814022083175 317
1738825837186 179.61225326569797 318
1738825837227 155.04472194363706 319
1738825837269 128.8697146298364 320
1738825837310 156.19060436439125 321
1738825837353 152.41207593189657 322
1738825837395 259.25955208068956 323
1738825837438 46.63782919542125 324
1738825837481 145.21761248448897 325
1738825837523 169.66108758496432 326
1738825837566 94.26206563485918 327
1738825837609 146.1485097294361 328
1738825837651 161.28843026472384 329
1738825837693 180.86205948813503 330
1738825837734 180.67808786413886 331
1738825837775 192.20211845882383 332
1738825837817 146.34787720079038 333
1738825837859 205.03169663555232 334
1738825837901 177.90968217600715 335
1738825837944 133.52342467058344 336
1738825837987 194.03544173836238 337
1738825838028 165.22192290449726 338
1738825838070 135.66738604380265 339
1738825838112 200.03245582018204 340
1738825838154 79.1221692287534 341
1738825838196 151.31718290170986 342
1738825838237 119.46175502598501 343
1738825838279 181.34608439442346 344
1738825838322 190.35799857195167 345
1738825838364 116.21577629786078 346
1738825838407 179.35606712570393 347
1738825838449 199.89493327109457 348
1738825838491 157.53625124199237 349
1738825838536 168.33571420707955 350
1738825838579 163.5178657413257 351
1738825838622 199.30372194646807 352
1738825838666 150.06143371328687 353
1738825838708 177.42560550983728 354
1738825838750 184.0998217917965 355
1738825838792 101.54766349540955 356
1738825838833 109.39887362503447 357
1738825838875 149.67378504896863 358
1738825838918 127.54056906110735 359
1738825838961 228.18868157920798 360
1738825839002 173.7281505311888 361
1738825839043 186.77729647914296 362
1738825839085 155.8963670196298 363
1738825839125 168.14256261737896 364
1738825839166 187.379316828894 365
1738825839206 165.61371210395262 366
1738825839247 245.83497039274664 367
1738825839287 212.3348448544218 368
1738825839328 191.73345391587506 369
1738825839368 143.7156093581421 370
1738825839410 209.14977622461984 371
1738825839450 189.70915622379417 372
1738825839491 169.5663868916109 373
1738825839532 136.3013642772796 374
1738825839574 250.50895914894522 375
1738825839615 179.20425441881287 376
1738825839669 125.45841525528027 377
1738825839714 184.63337807557477 378
1738825839757 145.5621576377258 379
1738825839800 172.1720053526145 380
1738825839842 191.2649180851262 381
1738825839885 172.2342507930011 382
1738825839927 171.00337937041425 383
1738825839970 355.768605243039 384
1738825840012 230.88891016849078 385
1738825840054 136.55669305264024 386
1738825840095 148.74145754234064 387
1738825840138 43.05084925873866 388
1738825840180 194.75242918234252 389
1738825840222 163.48622612551864 390
1738825840264 114.101523704971 391
1738825840304 178.77937017405117 392
1738825840344 175.9744252776215 393
1738825840386 243.57084641282282 394
1738825840428 147.3954212019044 395
1738825840469 65.02844300503409 396
1738825840510 183.16512182556716 397
1738825840550 170.02908029416338 398
1738825840592 156.73354627328854 399
1738825840635 202.66484981774144 400
1738825840677 109.99573855384078 401
1738825840718 206.75988205737318 402
1738825840759 173.35309748708747 403
1738825840800 29.206558590185363 404
1738825840841 194.91818819005297 405
1738825840882 219.86267948086387 406
1738825840922 146.55615283793375 407
1738825840961 230.32710611647903 408
1738825841001 205.13437319152771 409
1738825841040 155.40433011007386 410
1738825841080 176.76339824800596 411
1738825841120 9.974905673159673 412
1738825841161 156.7052011833789 413
1738825841202 150.75878744755454 414
1738825841244 113.24406989656626 415
1738825841286 168.09868431569495 416
1738825841327 179.6537708143366 417
1738825841369 185.93485220507495 418
1738825841410 185.87542625016712 419
1738825841451 177.35974198833858 420
1738825841491 158.36091329443585 421
1738825841530 142.09087299550015 422
1738825841571 175.4626015521147 423
1738825841612 183.38252106990305 424
1738825841652 94.07871219895358 425
1738825841692 197.93144667250758 426
1738825841733 171.3926111086556 427
1738825841774 236.50735130329474 428
1738825841813 198.2512753774457 429
1738825841853 303.33326183857156 430
1738825841893 179.91432106562286 431
1738825841933 135.6033739483102 432
1738825841973 211.68136753345698 433
1738825842013 152.6536106705109 434
1738825842052 136.02033154774804 435
1738825842092 160.8300279747233 436
1738825842132 180.41465261451415 437
1738825842171 139.75185219784444 438
1738825842211 166.46903805861666 439
1738825842251 171.5144046048602 440
1738825842291 190.62395374551693 441
1738825842330 246.7907887305996 442
1738825842370 184.6599981103003 443
1738825842410 180.64306463603367 444
1738825842449 172.2946575012375 445
1738825842489 124.40853754004912 446
1738825842528 178.38536391211244 447
1738825842568 205.23501442861297 448
1738825842608 212.48104726344027 449
1738825842649 198.0200128333349 450
1738825842688 171.83634690931044 451
1738825842728 176.29678229737314 452
1738825842767 230.48802422688846 453
1738825842807 162.59204343357814 454
1738825842846 101.70431688571843 455
1738825842886 191.12110974987522 456
1738825842925 175.32769481217204 457
1738825842965 142.34415235981945 458
1738825843004 162.8141345227098 459
1738825843043 181.34357933481488 460
1738825843083 176.60249949599745 461
1738825843123 25.758578826609813 462
1738825843162 201.40755848921492 463
1738825843201 163.43717326169545 464
1738825843240 177.52772376459257 465
1738825843279 220.4506644369084 466
1738825843318 193.45504844546014 467
1738825843358 194.73352946711495 468
1738825843398 175.21869845612423 469
1738825843437 137.9868777133285 470
1738825843476 194.24968452896638 471
1738825843516 180.48935939108344 472
1738825843555 207.80910090058745 473
1738825843594 202.2908675819212 474
1738825843634 188.53670451773976 475
1738825843675 174.8922068697425 476
1738825843715 141.92656899515322 477
1738825843755 174.48961629354102 478
1738825843795 164.31613958492494 479
1738825843835 177.90585935741208 480
1738825843874 184.4679434643734 481
1738825843913 157.61061937944476 482
1738825843953 115.3939881202821 483
1738825843994 158.74667358582178 484
1738825844033 315.1380948387331 485
1738825844073 176.63119618297375 486
1738825844113 183.16517263895634 487
1738825844153 203.6837304363258 488
1738825844193 201.07358138117345 489
1738825844232 152.95550863317538 490
1738825844273 154.90436664230907 491
1738825844312 186.79372435829652 492
1738825844352 341.58298618690816 493
1738825844392 170.06700779460544 494
1738825844431 222.81059309327856 495
1738825844471 193.6956199317893 496
1738825844511 138.48141278366913 497
1738825844550 124.01252453888718 498
1738825844590 78.31760787294984 499
