1738680627671 191.52971572889302 0
1738680627711 170.96606670358915 1
1738680627751 119.09500432799277 2
1738680627790 205.46527058589587 3
1738680627830 128.3918263836763 4
1738680627871 173.8519588631505 5
1738680627916 197.50324977063244 6
1738680627957 189.76307523462356 7
1738680627997 106.71316601538612 8
1738680628036 196.09558383872337 9
1738680628079 92.11357359310108 10
1738680628118 167.36503196431536 11
1738680628157 159.69720395248314 12
1738680628196 142.6261686674373 13
1738680628235 189.08496035569246 14
1738680628274 199.67605163196714 15
1738680628313 186.75424831965285 16
1738680628352 154.311475117564 17
1738680628391 154.82700805428868 18
1738680628429 180.14228882320384 19
1738680628468 264.34071590959456 20
1738680628508 167.3323739089026 21
1738680628547 158.8020085042849 22
1738680628586 146.118713808566 23
1738680628625 142.72490298230414 24
1738680628665 188.6717565069272 25
1738680628704 159.56755304242702 26
1738680628744 187.4975337732753 27
1738680628785 167.54330501147297 28
1738680628826 255.93702084209693 29
1738680628866 207.13536378739482 30
1738680628906 176.5679608862518 31
1738680628945 169.1393426154691 32
1738680628985 54.418861895683214 33
1738680629024 165.19248408820658 34
1738680629064 187.6292299220745 35
1738680629103 177.33286190858453 36
1738680629141 161.7450582175426 37
1738680629181 148.83006142140894 38
1738680629220 190.19126174379502 39
1738680629260 116.77256567612793 40
1738680629299 193.72232610609504 41
1738680629338 171.8518193306601 42
1738680629377 198.65906901858742 43
1738680629416 150.37052586527193 44
1738680629456 138.83421089549662 45
1738680629495 207.79093564718445 46
1738680629535 163.51234737243496 47
1738680629576 177.585553187907 48
1738680629617 169.92206176396846 49
1738680629656 174.59711796444515 50
1738680629695 154.28955426050558 51
1738680629734 190.04914107279373 52
1738680629773 172.1847702854068 53
1738680629812 184.72008925637937 54
1738680629851 170.96143586211468 55
1738680629891 157.5169540879783 56
1738680629930 149.96428837320758 57
1738680629969 219.6306746588069 58
1738680630008 173.32054381031304 59
1738680630048 187.94829689598998 60
1738680630087 155.14399477806765 61
1738680630127 279.24672159205903 62
1738680630166 132.91318205911733 63
1738680630207 130.0630387644015 64
1738680630247 133.4272620594202 65
1738680630286 318.0316582107115 66
1738680630325 192.88975560161566 67
1738680630365 146.41228517463566 68
1738680630404 111.39717242532195 69
1738680630443 169.6121396924674 70
1738680630483 174.18397703145982 71
1738680630522 168.0962893351522 72
