1738678410940 68.13271211144134 0
1738678410955 65.59472038827504 1
1738678410976 54.24189466675789 2
1738678410992 68.05372311822448 3
1738678411008 41.98499885871649 4
1738678411028 38.564313653653905 5
1738678411044 32.89350950675308 6
1738678411059 26.06376900295989 7
1738678411075 21.250838778329815 8
1738678411095 22.57058970810518 9
1738678411126 17.388735402802194 10
1738678411153 16.064810384263616 11
1738678411198 17.64867358546539 12
1738678411218 19.491728671155084 13
1738678411244 15.04265374267054 14
1738678411266 13.690793551768662 15
1738678411283 8.49050230715727 16
1738678411299 10.404212940264802 17
1738678411320 11.111741949893682 18
1738678411336 8.122384610872917 19
1738678411350 6.709134855622555 20
1738678411369 5.2126460994457275 21
1738678411395 6.641165241908321 22
1738678411411 4.6684629415675705 23
1738678411431 4.318877291222243 24
1738678411445 4.727397831653127 25
1738678411463 4.127647997967142 26
1738678411480 3.6539667953316406 27
1738678411496 3.78497934350308 28
1738678411515 2.1840204326432313 29
1738678411532 1.6696509028450968 30
1738678411548 1.2723097280608453 31
1738678411565 2.6727325752327373 32
1738678411581 2.4677221455147196 33
1738678411598 1.9248196118211955 34
1738678411621 1.8106044998103241 35
1738678411638 1.8827535808024103 36
1738678411654 1.9163145883833155 37
1738678411671 0.9674768642145432 38
1738678411690 1.2833216931186058 39
1738678411706 1.29038618482164 40
1738678411725 1.0760046876320388 41
1738678411743 1.0223008313719746 42
1738678411762 0.5880253867286942 43
1738678411780 0.8251172306729255 44
1738678411798 0.6782622287756248 45
1738678411814 0.8482207214271635 46
1738678411832 0.8186888418711625 47
1738678411849 1.0677859349950112 48
1738678411863 0.6431431508396565 49
1738678411877 0.5500782390502029 50
1738678411892 0.5499212427208665 51
1738678411907 0.3439461451814012 52
1738678411922 0.28863937557141606 53
1738678411937 0.3849585976079529 54
1738678411951 0.4347919687562087 55
1738678411965 0.5651534274505785 56
1738678411980 0.44611295992757766 57
1738678411994 0.3295680872961666 58
1738678412008 0.24157591011051735 59
1738678412025 0.28721187680547206 60
1738678412039 0.38111648557560934 61
1738678412054 0.5303133599102599 62
1738678412069 0.26791729919819146 63
1738678412082 0.30761752335904613 64
1738678412095 0.23440718394269924 65
1738678412108 0.23472622002370921 66
1738678412123 0.24124937275067299 67
1738678412137 0.2182004320590691 68
1738678412152 0.26088560122272886 69
1738678412166 0.23869286515454066 70
1738678412181 0.23940465430692645 71
1738678412199 0.26683752892952745 72
1738678412215 0.2073059559771476 73
1738678412228 0.1625489566869858 74
1738678412242 0.1498080890394182 75
1738678412257 0.26576417673612207 76
1738678412272 0.12511527689905835 77
1738678412285 0.15893223419241714 78
1738678412300 0.23220296084184253 79
1738678412316 0.14508025926875404 80
1738678412342 0.12295978346432315 81
1738678412364 0.14596898916832424 82
1738678412387 0.15823841735950192 83
1738678412407 0.1625596499000983 84
1738678412424 0.2367066957347935 85
1738678412440 0.17450793926065333 86
1738678412458 0.11355089584015989 87
1738678412477 0.16220767888599835 88
1738678412494 0.09576633924116004 89
1738678412516 0.17723115250127783 90
1738678412533 0.07754944588958518 91
1738678412554 0.1262242942736812 92
1738678412572 0.12910380287366013 93
1738678412590 0.0907121448973942 94
1738678412615 0.11244082076001424 95
1738678412636 0.09661565603487718 96
1738678412651 0.1038085821585324 97
1738678412666 0.09775305248946757 98
1738678412681 0.08787246141953067 99
1738678412696 0.18086096252280742 100
1738678412712 0.14071706260547942 101
1738678412728 0.13288505248226914 102
1738678412744 0.1752548430430982 103
1738678412760 0.10928568437000431 104
1738678412775 0.16433070418070111 105
1738678412792 0.17269316857522507 106
1738678412810 0.13360361813690078 107
1738678412826 0.08302825708506167 108
1738678412844 0.07145680320358148 109
1738678412859 0.09804772283093319 110
1738678412874 0.09587773139367123 111
1738678412891 0.18869298342678092 112
1738678412905 0.08437309285549213 113
1738678412920 0.06476740548198366 114
1738678412938 0.10186702552126536 115
1738678412952 0.09050108630722638 116
1738678412970 0.07764902456686963 117
1738678412986 0.0940903439841133 118
1738678413003 0.08385094751185082 119
1738678413020 0.05953100227810077 120
1738678413038 0.08907644163049723 121
1738678413059 0.0817143183880908 122
1738678413076 0.09421572227489369 123
1738678413093 0.06139146129301602 124
1738678413113 0.10347945058478816 125
1738678413128 0.0912309885995847 126
1738678413158 0.08653485074705325 127
1738678413174 0.1029487578108856 128
1738678413191 0.102205354747381 129
1738678413229 0.07546289050559017 130
1738678413260 0.0941202928378752 131
1738678413290 0.046805668080792076 132
1738678413309 0.14958431025368266 133
1738678413326 0.11996096824044065 134
1738678413344 0.10330379157038985 135
1738678413360 0.07231264210887138 136
1738678413377 0.08253556492280743 137
1738678413398 0.06759674840794942 138
1738678413416 0.06566470343153295 139
1738678413433 0.06333830158588202 140
1738678413452 0.04142628002832144 141
1738678413475 0.08817867406786309 142
1738678413498 0.08808524412369127 143
1738678413523 0.0798993257749669 144
1738678413538 0.1077789890594466 145
1738678413568 0.13741548772569867 146
1738678413591 0.0832830115000507 147
1738678413616 0.09587338880413554 148
1738678413656 0.06028017639340944 149
1738678413675 0.06241634979005651 150
1738678413692 0.07896595532325681 151
1738678413709 0.10120478755924768 152
1738678413725 0.0946926069140648 153
1738678413740 0.0879368773438496 154
1738678413755 0.138031644860837 155
1738678413770 0.10614576199731465 156
1738678413784 0.11217102473142143 157
1738678413800 0.04682914771363496 158
1738678413813 0.07943675771386598 159
1738678413829 0.07972608122814162 160
1738678413846 0.07665659877026218 161
1738678413862 0.07046599315398042 162
1738678413876 0.12050281002058909 163
1738678413892 0.08479488810562469 164
1738678413907 0.10366021749043941 165
1738678413924 0.14897707354878278 166
1738678413944 0.09317272268452607 167
1738678413967 0.08493266825015866 168
1738678413979 0.07331839994846097 169
1738678413995 0.13796316922714597 170
