1738826137335 142.42558548875476 0
1738826137382 165.01097359588775 1
1738826137428 111.83097370015548 2
1738826137473 253.47151412715775 3
1738826137533 210.23262203722587 4
1738826137616 150.5201825827159 5
1738826137664 69.06631212732758 6
1738826137711 156.58304964254134 7
1738826137758 134.48024274129114 8
1738826137806 301.52166951053044 9
1738826137853 176.18302366850918 10
1738826137901 186.48391206620266 11
1738826137948 173.07006851507305 12
1738826137996 246.48001532635095 13
1738826138043 177.94698282970998 14
1738826138090 152.26170326569303 15
1738826138138 191.22638320750934 16
1738826138184 165.0055916601559 17
1738826138231 84.33038887283875 18
1738826138278 267.56168387140997 19
1738826138325 168.25241540452325 20
1738826138372 130.13782491001282 21
1738826138419 178.1988264732541 22
1738826138467 166.82230432208934 23
1738826138514 146.69651206038918 24
1738826138561 418.53714562709513 25
1738826138607 148.50180205811256 26
1738826138655 193.67890527653952 27
1738826138702 210.99732538689096 28
1738826138749 143.40407892280078 29
1738826138796 164.80303175661626 30
1738826138843 112.54547917341523 31
1738826138890 168.28523160140816 32
1738826138936 226.87516139141118 33
1738826138983 166.35494580473943 34
1738826139030 161.88007916647487 35
1738826139076 132.04499611571907 36
1738826139123 157.34430780449787 37
1738826139169 170.5790133062678 38
1738826139216 113.64335732962999 39
1738826139261 166.49225557209212 40
1738826139308 136.3793741569534 41
1738826139355 193.34226903422066 42
1738826139402 271.0993285087882 43
1738826139449 156.83304534344526 44
1738826139495 165.69152130553022 45
1738826139542 150.11309584869014 46
1738826139589 184.1410890942612 47
1738826139636 154.38306970268835 48
1738826139681 170.14480780104222 49
1738826139727 160.9715021128931 50
1738826139773 163.22033867347855 51
1738826139819 122.97498644688281 52
1738826139866 192.37199325634614 53
1738826139913 169.68398188591414 54
1738826139960 183.12773453596336 55
1738826140007 177.1004022508622 56
1738826140054 151.15351998077614 57
1738826140100 266.53701982454953 58
1738826140147 150.05118261492422 59
1738826140193 214.7992416013418 60
1738826140239 189.6178678839703 61
1738826140284 240.54960772312492 62
1738826140331 182.50723346525646 63
1738826140379 134.57480827783345 64
1738826140427 163.29936559818603 65
1738826140474 219.9554963249032 66
1738826140521 101.90980827566773 67
1738826140568 170.72442167708894 68
1738826140614 147.2955610632035 69
1738826140661 158.9689564084051 70
1738826140707 148.495438394206 71
1738826140753 143.36386667246663 72
1738826140800 69.07094480417913 73
1738826140846 318.7489620564563 74
1738826140893 136.6002444525353 75
1738826140940 250.53801968548254 76
1738826140987 132.8014603173033 77
1738826141033 162.2267196545494 78
1738826141079 178.21608366180345 79
1738826141126 159.65523862966015 80
1738826141173 76.94184797097324 81
1738826141220 183.8145415581199 82
1738826141267 168.65785969904317 83
1738826141314 251.8274871892575 84
1738826141360 142.5246794603577 85
1738826141407 139.70203048090895 86
1738826141454 185.46201828737594 87
1738826141501 135.1402116543296 88
1738826141548 139.81296595834058 89
1738826141595 149.88623443741682 90
1738826141642 151.00655058990742 91
1738826141688 98.04198616536992 92
1738826141735 205.70241895764536 93
1738826141782 176.81983186844724 94
1738826141829 158.39983646836032 95
1738826141876 191.0700946561629 96
1738826141923 173.50832162834246 97
1738826141970 90.33613530479762 98
1738826142017 133.5359625522606 99
1738826142064 192.74133051787317 100
1738826142111 143.48295940170706 101
1738826142157 242.11954507034216 102
1738826142204 150.87452060923647 103
1738826142252 151.95556832535834 104
1738826142299 152.7281751641971 105
1738826142346 146.359701071546 106
1738826142391 107.96944482971664 107
1738826142438 170.1525045912826 108
1738826142484 183.23173855070397 109
1738826142530 67.78086528906059 110
1738826142577 156.45439963396086 111
1738826142624 324.05749951762346 112
1738826142671 192.38378345406989 113
1738826142718 188.48896654700934 114
1738826142765 148.5038015294753 115
1738826142812 155.48527160875014 116
1738826142858 138.13147243936066 117
1738826142906 166.0987490988018 118
1738826142953 142.77705832214505 119
1738826143000 153.07539340350033 120
1738826143048 160.26791429113166 121
1738826143095 222.7428422314131 122
1738826143142 158.7172176528155 123
1738826143189 188.14983301552743 124
1738826143235 142.4380476987561 125
1738826143282 199.19844106707924 126
1738826143330 153.11052993450912 127
1738826143378 230.38758133303773 128
1738826143425 180.7035578357367 129
1738826143472 179.62259478952222 130
1738826143519 197.6301399757732 131
1738826143567 163.07357639508783 132
1738826143614 185.6682497665148 133
1738826143661 146.46423167711202 134
1738826143708 169.12345558046513 135
1738826143756 147.62089631368465 136
1738826143803 164.30056995787123 137
1738826143849 178.64633643246344 138
1738826143896 155.5340604813687 139
1738826143942 117.71812367932712 140
1738826143989 134.2974956953754 141
1738826144036 51.657934711126465 142
1738826144083 71.8395335234139 143
1738826144130 140.33435765171657 144
1738826144177 66.70830560045924 145
1738826144223 152.3944641048214 146
1738826144270 141.03060803883002 147
1738826144317 157.98962503638506 148
1738826144365 153.77827759147067 149
1738826144412 186.16852450557883 150
1738826144459 154.73542042683874 151
1738826144507 155.03645705657664 152
1738826144554 184.9915566923771 153
1738826144600 345.04734206502985 154
1738826144647 372.62809251793186 155
1738826144695 130.20522074306083 156
1738826144742 134.49937897271033 157
1738826144789 182.66773216103826 158
1738826144836 147.53842320918528 159
1738826144883 170.27298932924978 160
1738826144931 181.43586899047833 161
1738826144978 171.08293052147982 162
1738826145024 104.00088269263927 163
1738826145072 109.94252553232542 164
1738826145119 54.30139477838041 165
1738826145165 456.1137419658724 166
1738826145211 96.02348620631186 167
1738826145258 185.37779886976554 168
1738826145306 153.42120328451622 169
1738826145352 182.59373201977417 170
1738826145398 210.95439043391187 171
1738826145445 231.57936308007868 172
1738826145492 148.19844419789828 173
1738826145539 143.2959808296085 174
1738826145586 60.61502716158873 175
1738826145633 186.85971662748491 176
1738826145681 159.4278118674386 177
1738826145727 169.50866727059847 178
1738826145774 191.17850799501062 179
1738826145821 245.89480049037908 180
1738826145868 134.7632629541035 181
1738826145914 233.36947777329397 182
1738826145961 131.23109425841673 183
1738826146008 164.28267739394113 184
1738826146055 163.04291274705815 185
1738826146102 235.813542547707 186
1738826146148 151.54704696881117 187
1738826146195 166.95728819511086 188
1738826146242 160.43699757686693 189
1738826146289 216.99313321897102 190
1738826146336 85.62457608868625 191
1738826146383 165.74580781982675 192
1738826146430 154.17033830845787 193
1738826146478 243.12562080453836 194
1738826146525 128.59811840678867 195
1738826146574 136.57064894013013 196
1738826146621 172.23942203401307 197
1738826146669 153.38343610498853 198
1738826146716 181.12461912196062 199
1738826146762 183.68355338895378 200
1738826146809 121.07033336576663 201
1738826146856 159.2242877502989 202
1738826146902 280.4043191152053 203
1738826146950 167.0353265069392 204
1738826146997 142.84966050871174 205
1738826147044 117.53102111565106 206
1738826147091 206.04583078095285 207
1738826147137 184.411549743348 208
1738826147185 206.12422928834826 209
1738826147232 182.2648844005646 210
1738826147279 198.90577349288452 211
1738826147326 191.76608271730822 212
1738826147373 193.57297901456462 213
1738826147420 120.48288285943397 214
1738826147467 176.35492994274634 215
1738826147515 159.40341391125204 216
1738826147561 178.53296292073662 217
1738826147608 151.21139427070779 218
1738826147655 154.77435269909736 219
1738826147702 203.04154551811203 220
1738826147748 125.31195373307158 221
1738826147795 186.0381755349853 222
1738826147842 164.26687362705152 223
1738826147889 199.39328399678107 224
1738826147936 174.8888729690056 225
1738826147983 162.32145074715143 226
1738826148029 239.10859066066914 227
1738826148076 168.06243132336905 228
1738826148123 97.05791005849639 229
1738826148169 96.98208811003201 230
1738826148216 167.8487417932949 231
1738826148262 149.8074047918352 232
1738826148309 154.03471799516436 233
1738826148356 156.8951477489092 234
1738826148403 143.91041319544865 235
1738826148450 154.2623260766109 236
1738826148497 183.639627622755 237
1738826148544 157.14127777989447 238
1738826148590 154.78839156606884 239
1738826148637 177.75621564695143 240
1738826148684 219.93355172128935 241
1738826148731 167.38955475586545 242
1738826148778 136.0064775782718 243
1738826148825 182.3595914161643 244
1738826148871 173.62144966556303 245
1738826148919 270.4484183530374 246
1738826148965 167.1713756409925 247
1738826149012 190.28323295987386 248
1738826149058 171.64735182153356 249
1738826149105 149.07024931107358 250
1738826149152 170.25852080685837 251
1738826149199 171.90817639612024 252
1738826149247 405.2887798582978 253
1738826149293 225.5971520005614 254
1738826149340 158.7755868535819 255
1738826149388 147.75170373460827 256
1738826149435 109.02090966376906 257
1738826149482 197.3249567580466 258
1738826149529 181.42484026599823 259
1738826149576 128.356996152634 260
1738826149622 150.3329517176882 261
1738826149668 216.98168152308887 262
1738826149714 154.60607033074876 263
1738826149761 110.37465969012506 264
1738826149808 461.6463463706367 265
1738826149854 90.73563036564983 266
1738826149901 189.08867515810493 267
1738826149948 138.0326051778724 268
1738826149994 127.10393652159466 269
1738826150041 145.63659934664008 270
1738826150088 199.32251908575225 271
1738826150134 170.83748964040535 272
1738826150181 143.14590762658617 273
1738826150227 142.95736976011452 274
1738826150275 196.0548312427035 275
1738826150322 75.3937890286171 276
1738826150370 130.6059540329571 277
1738826150417 190.25163713347115 278
1738826150464 185.67979404189654 279
1738826150510 166.3055171508705 280
1738826150557 151.03905310928417 281
1738826150604 182.13723587501178 282
1738826150650 156.14173839698668 283
1738826150696 145.58198576268123 284
1738826150744 171.46199069801347 285
1738826150791 123.34576459695909 286
1738826150838 122.84867902619624 287
1738826150885 156.93919450333286 288
1738826150933 166.99692020295944 289
1738826150980 152.99104139713944 290
1738826151027 164.31998474809959 291
1738826151075 129.53347420704293 292
1738826151123 164.20683873778012 293
1738826151170 139.85797804920983 294
1738826151217 88.7723275955905 295
1738826151263 112.43217006878915 296
1738826151310 193.49496356514948 297
1738826151357 132.425327514864 298
1738826151405 192.86487330120755 299
1738826151452 180.3375813646937 300
1738826151499 184.46453940730052 301
1738826151546 363.7943420902029 302
1738826151594 129.89661180627164 303
1738826151640 156.41458111784672 304
1738826151687 143.50026451027412 305
1738826151735 281.93604138009954 306
1738826151786 154.73068383736538 307
1738826151838 196.35204271645557 308
1738826151886 219.19225684568218 309
1738826151934 153.84261410807375 310
1738826151981 182.39551944072005 311
1738826152028 174.80395238111018 312
1738826152075 162.66139589919226 313
1738826152122 185.88821298528794 314
1738826152169 154.1706650155454 315
1738826152216 124.69509289281527 316
1738826152263 106.78549264889156 317
1738826152310 225.32536475615947 318
1738826152357 176.19025488357417 319
1738826152405 110.05514430075506 320
1738826152452 195.17293399717062 321
1738826152499 242.88825636360585 322
1738826152546 161.89003194675047 323
1738826152594 160.1291899110873 324
1738826152641 185.1145169665618 325
1738826152688 143.37795343763628 326
1738826152735 198.78225952361805 327
1738826152782 158.94031524331785 328
1738826152829 70.30578367713377 329
1738826152877 176.67301258745712 330
1738826152925 221.28742369613954 331
1738826152974 155.14451881689146 332
1738826153023 165.8988227783179 333
1738826153070 147.81417384337914 334
1738826153117 231.85565243389996 335
1738826153164 139.9355670059736 336
1738826153211 127.60151019531193 337
1738826153259 175.0075355025872 338
1738826153306 163.72973432564964 339
1738826153354 181.9779919298581 340
1738826153401 178.3716574193345 341
1738826153448 175.49924898232652 342
1738826153496 181.38229095805275 343
1738826153542 166.6706231145371 344
1738826153590 141.10080803962316 345
1738826153637 157.6152239382691 346
1738826153684 153.34026400114894 347
1738826153731 211.8959131898357 348
1738826153778 171.15478355773038 349
1738826153824 175.23518018171745 350
1738826153871 180.15172281349118 351
1738826153918 182.12516442320717 352
1738826153965 163.1254818823112 353
1738826154012 174.1196371270936 354
1738826154059 182.2859043137724 355
1738826154106 237.5150642179221 356
1738826154154 186.75170049434902 357
1738826154201 213.33676423202883 358
1738826154248 220.85102462554883 359
1738826154295 162.94688181885667 360
1738826154342 201.2684113175916 361
1738826154389 151.82914229959073 362
1738826154436 275.5051005825092 363
1738826154483 170.2985206845438 364
1738826154530 130.6625315308648 365
1738826154577 155.60945558795092 366
1738826154624 157.67754528748927 367
1738826154671 191.63448193304745 368
1738826154718 145.39351715755598 369
1738826154766 166.3677980112916 370
1738826154815 187.70942641278558 371
1738826154864 181.70535819321208 372
1738826154915 224.7095090660041 373
1738826154963 181.2029158796058 374
1738826155046 194.91883517286027 375
1738826155095 160.56913710344867 376
1738826155144 133.06246171105806 377
1738826155194 199.8129462173863 378
1738826155242 187.57933893953287 379
1738826155291 268.32967944488115 380
1738826155340 148.7524157548073 381
1738826155388 153.47708936799694 382
1738826155436 99.75001556828867 383
1738826155483 150.51623861958706 384
1738826155530 190.44297240048323 385
1738826155577 134.68676146491165 386
1738826155625 98.48687771223118 387
1738826155672 182.51821488183106 388
1738826155718 174.46355211003834 389
1738826155766 123.65475632635514 390
1738826155812 190.44050934751584 391
1738826155860 264.25550527756593 392
1738826155908 208.25985098215762 393
1738826155955 193.66465924663405 394
1738826156002 163.5342969642911 395
1738826156050 147.58294320161562 396
1738826156097 156.61598535827443 397
1738826156144 159.85510257228725 398
1738826156190 199.94397541015508 399
1738826156237 177.83294188393145 400
1738826156285 180.18764340880654 401
1738826156332 155.59465811166328 402
1738826156380 157.22545905691825 403
1738826156428 197.52654173293732 404
1738826156474 179.3755102750012 405
1738826156521 189.87423482901147 406
1738826156569 195.13491960187352 407
1738826156616 114.40117629449595 408
1738826156662 258.2382961944039 409
1738826156710 190.65511710159217 410
1738826156760 169.24098157714326 411
1738826156807 98.26308772330495 412
1738826156854 178.9898671375227 413
1738826156901 195.6780736173114 414
1738826156950 162.3912490905093 415
1738826156998 154.53864124987584 416
1738826157046 191.02478399659157 417
1738826157095 164.21411189490482 418
1738826157144 136.3678868572754 419
1738826157193 168.1106955467154 420
1738826157241 146.70639537928486 421
1738826157288 183.92427001151893 422
1738826157337 152.98945565924035 423
1738826157385 171.74056499105575 424
1738826157433 141.84867097736606 425
1738826157479 202.354843866587 426
1738826157525 196.7804966469978 427
1738826157572 96.68384554666798 428
1738826157620 193.52298441821682 429
1738826157667 194.45810609412354 430
1738826157714 172.07525284334113 431
1738826157760 180.5474863270878 432
1738826157809 175.19180966153618 433
1738826157855 191.20804118697356 434
1738826157903 183.69551998208718 435
1738826157951 328.9012091856355 436
1738826158000 139.48755320776925 437
1738826158048 212.31342234709692 438
1738826158095 153.65784589803107 439
1738826158141 121.40192826189364 440
1738826158188 89.92041347520254 441
1738826158234 221.3588455192976 442
1738826158281 192.900308120571 443
1738826158328 141.24374476825375 444
1738826158375 184.92973413659178 445
1738826158422 185.08904487425772 446
1738826158469 133.45569727658045 447
1738826158516 153.41534185674425 448
1738826158564 188.43334992523168 449
1738826158612 133.39332313850673 450
1738826158658 191.40593596715976 451
1738826158705 173.68802492606548 452
1738826158752 103.43070827714236 453
1738826158799 197.64719647118872 454
1738826158846 173.2908822516178 455
1738826158892 227.07377579756033 456
1738826158939 136.92846382227057 457
1738826158986 175.72139809064032 458
1738826159033 195.4621896876183 459
1738826159080 251.02438346170825 460
1738826159127 162.69648552556353 461
1738826159174 182.1002908765063 462
1738826159222 82.95557324005667 463
1738826159270 159.56908104868813 464
1738826159316 182.40419508209166 465
1738826159364 212.39035536175817 466
1738826159412 147.92825097043382 467
1738826159459 165.077955314556 468
1738826159507 116.2969610827378 469
1738826159554 193.64397718626293 470
1738826159601 151.13728066658155 471
1738826159647 228.52054509915382 472
1738826159695 187.75652847391305 473
1738826159743 156.6125390135374 474
1738826159790 147.0113004363429 475
1738826159838 60.76144746629047 476
1738826159884 138.8794153671545 477
1738826159932 118.7433465124206 478
1738826159979 165.329937088381 479
1738826160026 162.35247722169316 480
1738826160073 163.06349830053068 481
1738826160120 352.6093010676497 482
1738826160169 182.22711158981505 483
1738826160219 194.85542050153026 484
1738826160265 113.54916361073603 485
1738826160313 135.67775599359248 486
1738826160360 222.6400835089224 487
1738826160415 92.84536376877237 488
1738826160465 164.70249111899076 489
1738826160514 126.50449406722582 490
1738826160572 114.79829432516853 491
1738826160633 140.3490995589854 492
1738826160685 187.19702809464422 493
1738826160736 116.5312570935288 494
1738826160786 174.10430247958817 495
1738826160834 105.87606025178754 496
1738826160881 187.52929969510808 497
1738826160928 185.8569135017734 498
1738826160975 188.46807095875928 499
