1738679304436 172.6388202694626 0
1738679304443 169.44970941924706 1
1738679304450 167.19699027676626 2
1738679304456 167.6600375594601 3
1738679304463 174.78320045901174 4
1738679304470 170.37630160079857 5
1738679304477 164.85041505737053 6
1738679304483 162.77507689157738 7
1738679304489 171.3880131603158 8
1738679304496 169.52470474168237 9
1738679304502 169.63575366534005 10
1738679304509 164.16581223065097 11
1738679304515 172.86827328762323 12
1738679304521 166.34321752395198 13
1738679304528 165.18214104835798 14
1738679304535 168.85904973327519 15
1738679304541 166.94639829014403 16
1738679304547 172.54902289543872 17
1738679304554 169.75028172854428 18
1738679304560 172.88149980085456 19
1738679304567 165.29473733990744 20
1738679304573 169.44026759685383 21
1738679304579 172.16717980080216 22
1738679304585 171.07823506838014 23
1738679304591 166.51734026720342 24
1738679304597 170.27914461076034 25
1738679304604 169.0198403539434 26
1738679304609 166.9821491640117 27
1738679304616 171.5630370596287 28
1738679304622 167.27316032189614 29
1738679304628 169.76301217972718 30
1738679304634 165.12059119417597 31
1738679304640 170.29722239941776 32
