1738679841121 164.55550306240005 0
1738679841128 167.9104551850868 1
1738679841135 164.0382238377123 2
1738679841141 169.35821742690177 3
1738679841148 171.756054207291 4
1738679841154 168.96035075591342 5
1738679841160 173.18985012205852 6
1738679841167 166.93240980081498 7
1738679841173 169.32710860245416 8
1738679841179 172.73539260397578 9
1738679841186 166.3808156651253 10
1738679841192 170.8183921473998 11
1738679841198 169.73987958858208 12
1738679841204 167.75180326471298 13
1738679841210 165.50136439863957 14
1738679841216 166.75152715394097 15
1738679841222 172.74050337676226 16
1738679841228 167.99624722823657 17
1738679841235 164.185088444934 18
1738679841241 168.1090256441659 19
1738679841247 167.4960304452903 20
1738679841253 167.95212302788977 21
1738679841259 170.50641023179838 22
1738679841266 168.76508356419103 23
1738679841272 168.40940404999645 24
1738679841278 173.91969948583758 25
1738679841285 169.22763252603272 26
1738679841291 167.3685536385752 27
1738679841297 166.7773130698734 28
1738679841304 168.46647064442058 29
1738679841310 169.2486347988318 30
1738679841317 171.48612854949286 31
1738679841323 171.95078838696844 32
1738679841330 168.96610161404996 33
1738679841341 169.54728809554737 34
1738679841358 168.8492688038299 35
1738679841365 165.29716454994266 36
1738679841373 170.63743501203365 37
