1738824908239 171.34355902257246 0
1738824908246 168.75741735472837 1
1738824908252 170.65529210173375 2
1738824908260 168.29035675863597 3
1738824908266 172.82573729077163 4
1738824908272 170.0864952690137 5
1738824908280 168.38514921606242 6
1738824908288 166.21926278387377 7
1738824908295 168.79695928383205 8
1738824908302 171.72037960833362 9
1738824908309 166.28281991198784 10
1738824908316 170.49682826459085 11
1738824908322 167.472221067966 12
1738824908329 167.94816574431366 13
1738824908335 167.25749992455542 14
1738824908341 166.56004955806864 15
1738824908347 168.30923249642072 16
1738824908354 172.63421688929162 17
1738824908360 168.20945887302142 18
1738824908366 166.82747410737457 19
1738824908372 169.8109453004303 20
1738824908379 168.65965337064702 21
1738824908386 168.47015608467962 22
1738824908392 170.1807574803776 23
1738824908399 168.20708898991563 24
1738824908405 168.9942929930461 25
1738824908412 168.45239341433813 26
1738824908419 170.38663465046443 27
1738824908426 167.99621714870977 28
1738824908432 169.1868321900483 29
1738824908439 169.6506189972909 30
1738824908446 167.5439888006466 31
1738824908453 170.98131793493624 32
1738824908459 168.34406574289608 33
1738824908465 168.4406976508675 34
1738824908472 171.0122335896179 35
1738824908478 168.61245076873675 36
1738824908484 169.50876327805176 37
1738824908490 166.37259257194518 38
1738824908497 173.98142289405877 39
1738824908504 169.49164781775875 40
1738824908510 168.13947283074162 41
1738824908516 168.85503399606233 42
1738824908523 167.2118647058842 43
1738824908529 170.97267460777337 44
1738824908535 169.3388067217221 45
1738824908542 165.60536430215484 46
1738824908549 170.0975776133246 47
1738824908555 170.56568727905423 48
1738824908562 169.00876234259894 49
1738824908568 168.935021130897 50
1738824908575 165.01531203185928 51
1738824908582 169.40551171394293 52
1738824908588 168.0472081200232 53
1738824908595 169.03748844520533 54
1738824908601 168.47615731763025 55
1738824908607 168.9157233257329 56
1738824908613 168.59814369582708 57
1738824908620 165.26614027927363 58
1738824908626 168.5912771735781 59
1738824908633 168.53093188263873 60
1738824908639 168.19500989096284 61
1738824908646 169.40658124359248 62
1738824908652 168.81963221797542 63
1738824908658 170.77990415471197 64
1738824908664 168.70946015515875 65
1738824908671 171.0170198428534 66
1738824908678 166.21392471079668 67
1738824908685 168.68850958246935 68
1738824908691 170.61179861246117 69
1738824908698 170.07596491028755 70
1738824908705 167.56608214657754 71
1738824908711 167.71861114706385 72
1738824908718 168.91587847802785 73
1738824908724 171.61347119136045 74
1738824908731 171.79101770385208 75
1738824908738 167.32584208197324 76
1738824908744 168.85385677371178 77
1738824908751 169.56921468023876 78
1738824908757 166.84208067480523 79
1738824908764 168.71585680325197 80
1738824908770 169.35364425137314 81
1738824908777 168.10964832814065 82
1738824908783 168.47991345518 83
1738824908789 168.70479078568817 84
1738824908795 169.05145731323378 85
1738824908801 170.99633881532498 86
1738824908808 169.7803088284773 87
1738824908814 168.76890351447528 88
