1738822685437 103.37679809853863 0
1738822685453 92.31891622846611 1
1738822685471 90.0593113992767 2
1738822685489 90.23140047533852 3
1738822685511 75.13651129630051 4
1738822685551 83.63578293315399 5
1738822685566 70.57366878521722 6
1738822685582 64.85636873679981 7
1738822685596 78.0843006402 8
1738822685614 86.7177876175645 9
1738822685645 85.2649404442955 10
1738822685663 66.97626168027365 11
1738822685682 71.69684213654163 12
1738822685698 52.723254545113676 13
1738822685713 53.15361865235565 14
1738822685727 61.48105455957448 15
1738822685743 55.98902934625166 16
1738822685762 58.5764241067676 17
1738822685780 46.73620144984642 18
1738822685798 54.06040062591398 19
1738822685814 45.26120730380681 20
1738822685827 59.076943440203515 21
1738822685844 60.03831571255198 22
1738822685861 52.7116060968509 23
1738822685878 92.37143685266093 24
1738822685897 63.004269643694855 25
1738822685913 53.83768586331184 26
1738822685931 81.05685613858738 27
1738822685951 45.78289375446765 28
1738822685973 52.55802341639401 29
1738822685991 64.25977536467676 30
1738822686010 53.65842543062662 31
1738822686027 50.10430187679301 32
1738822686045 44.37562093977545 33
1738822686063 48.04729255478462 34
1738822686082 45.56537641101213 35
1738822686107 45.301008681894515 36
1738822686132 46.06674326218263 37
1738822686147 43.881095206526595 38
1738822686170 41.90465857097405 39
1738822686187 44.50812356518388 40
1738822686201 40.64082641070587 41
1738822686223 44.02190799908364 42
1738822686241 34.79301526231932 43
1738822686260 42.287254613160805 44
1738822686277 36.81221156151686 45
1738822686295 36.99464963184528 46
1738822686313 45.49859307031734 47
1738822686330 37.451629425154955 48
1738822686345 37.14721558181208 49
1738822686360 38.83737981404942 50
1738822686377 30.74891591005289 51
1738822686393 42.618805774098895 52
1738822686407 30.142075983187926 53
1738822686423 37.78637915022379 54
1738822686438 43.988452100098435 55
1738822686453 33.98959319273208 56
1738822686468 35.29891708888756 57
1738822686481 33.04162154464285 58
1738822686497 47.39323613153415 59
1738822686518 32.90071394436314 60
1738822686542 51.98405574602152 61
1738822686558 35.54993373235068 62
1738822686572 40.18612126748809 63
1738822686587 33.27055719291632 64
1738822686605 33.563957605832776 65
1738822686620 37.80733706442474 66
1738822686635 32.22435052653671 67
1738822686653 24.682675512195694 68
1738822686671 39.463342104568184 69
1738822686687 32.55407181180455 70
1738822686711 36.67954531026499 71
1738822686734 30.30676719589499 72
1738822686753 24.162364971894675 73
1738822686769 32.98197926066753 74
1738822686783 21.579438737129035 75
1738822686806 32.75803934975706 76
1738822686820 24.150538447912233 77
1738822686834 24.9208712828283 78
1738822686848 23.67277751699704 79
1738822686863 25.588164931095587 80
1738822686878 28.639078893085774 81
1738822686898 27.527196014319262 82
1738822686919 27.388061956739595 83
1738822686940 24.22180202961403 84
1738822686959 29.179516718308818 85
1738822686974 23.628923729397027 86
1738822686990 24.49891943236815 87
1738822687011 22.009331701784685 88
1738822687026 21.018819424542414 89
1738822687045 24.295611883062747 90
1738822687067 18.56192531015762 91
1738822687090 25.845523184398072 92
1738822687108 22.7246154402836 93
1738822687122 24.27115330101059 94
1738822687137 17.828910654275354 95
1738822687160 28.863140398700455 96
1738822687174 25.04449279746016 97
1738822687190 19.431716654212536 98
1738822687205 25.998837498717368 99
1738822687225 20.767270854621806 100
1738822687242 20.60415745639939 101
1738822687260 17.32698188828255 102
1738822687276 22.752797457269757 103
1738822687292 21.89476392080457 104
1738822687307 18.48335016115448 105
1738822687324 15.657638788260922 106
1738822687340 26.498615548028827 107
1738822687362 19.002620533637433 108
1738822687382 16.791801079964426 109
1738822687398 14.57613649639926 110
1738822687421 19.956512557188365 111
1738822687435 18.841828521563347 112
1738822687448 23.798487686977023 113
1738822687462 18.42172841301109 114
1738822687475 19.09004459554863 115
1738822687490 18.89818053383959 116
1738822687505 24.284557261625206 117
1738822687523 15.047738897048044 118
1738822687540 13.70057217631707 119
1738822687553 14.140721314012044 120
1738822687566 18.606923969967767 121
1738822687581 18.680792488085174 122
1738822687595 16.21643798967241 123
1738822687614 15.521646162533727 124
1738822687633 14.540565188124825 125
1738822687650 13.306981708696265 126
1738822687666 16.617928538659154 127
1738822687685 14.323631167306285 128
1738822687702 23.427916220076867 129
1738822687721 17.841040622477266 130
1738822687738 17.86029944225736 131
1738822687755 22.50554870298289 132
1738822687776 11.682158062746979 133
1738822687791 13.64240776695391 134
1738822687809 12.999735003184854 135
1738822687828 17.803150412205827 136
1738822687848 11.88687520379565 137
1738822687865 12.811173584832998 138
1738822687883 12.965520866078952 139
1738822687902 9.985312911155676 140
1738822687920 18.731842512123194 141
1738822687936 12.48370535607373 142
1738822687956 12.642803139715252 143
1738822687975 9.985043417226366 144
1738822687993 13.652915671132037 145
1738822688014 14.771127541672152 146
1738822688031 15.031870597817475 147
1738822688047 11.939822843369358 148
1738822688065 16.14766044698491 149
1738822688092 12.103239228482222 150
1738822688116 11.680213181980404 151
1738822688134 14.006728501964313 152
1738822688149 11.847963307744578 153
1738822688163 12.857823803968754 154
1738822688177 11.378921866863518 155
1738822688193 13.839706557103371 156
1738822688208 10.95192178974965 157
1738822688224 9.349795131101914 158
1738822688238 6.74492266180947 159
1738822688268 13.522574782065298 160
1738822688286 10.19034404809546 161
1738822688304 9.97220856056049 162
1738822688322 10.077673748197359 163
1738822688340 7.094099738880558 164
1738822688358 10.578580561945678 165
1738822688377 11.730546327367756 166
1738822688396 9.965183243703862 167
1738822688414 12.463912378895822 168
1738822688434 11.27597966160671 169
1738822688453 8.30639095263535 170
1738822688472 6.7653429760545025 171
1738822688489 10.555491889102841 172
1738822688508 10.340191619287012 173
1738822688529 8.602462297892396 174
1738822688547 9.806402514139615 175
1738822688565 8.271255869904325 176
1738822688585 7.695742882653869 177
1738822688605 7.925502983607928 178
1738822688629 12.183012405047924 179
1738822688648 9.39751246709325 180
1738822688667 12.359797796920986 181
1738822688684 7.2725092583554 182
1738822688701 12.786266162721008 183
1738822688723 8.361466785118155 184
1738822688742 8.166886790452127 185
1738822688793 8.575471585821047 186
1738822688827 7.141191487853055 187
1738822688847 5.587683140579082 188
1738822688863 8.97117695895375 189
1738822688880 8.53356541346344 190
1738822688895 10.759128864806955 191
1738822688909 6.304490786797169 192
1738822688924 7.6516057108795765 193
1738822688938 8.016093252568218 194
1738822688954 7.381620808751389 195
1738822688973 7.335635947856019 196
1738822688988 11.015103554615335 197
1738822689011 8.080172857930974 198
1738822689026 5.329839567946584 199
1738822689037 8.023730117851008 200
1738822689052 8.340646863458517 201
1738822689066 7.606669984593809 202
1738822689081 6.777060958565686 203
1738822689096 7.570130870428471 204
1738822689113 7.091367003216356 205
1738822689128 7.10123667167554 206
1738822689145 5.956909706090508 207
1738822689176 6.13556041874943 208
1738822689205 6.556639477927008 209
1738822689223 9.046545923458963 210
1738822689246 7.539979036600335 211
1738822689263 9.434589934762155 212
1738822689281 5.798011998982803 213
1738822689300 8.407797287604287 214
1738822689319 7.614859987654087 215
1738822689337 6.363898755480366 216
1738822689355 6.489000443230152 217
1738822689373 5.320898709120181 218
1738822689400 4.856101731276944 219
1738822689416 6.012736746442244 220
1738822689445 6.740311780285146 221
1738822689468 6.699226567776543 222
1738822689486 5.581982085606821 223
1738822689515 5.415717023152011 224
1738822689536 5.656262221822439 225
1738822689558 5.408103145995021 226
1738822689585 5.262304769596751 227
1738822689605 4.83156477992246 228
1738822689625 5.920354137064337 229
1738822689638 4.652670220611278 230
1738822689656 4.7125322636322355 231
1738822689672 7.1971416057327 232
1738822689690 5.74468226670122 233
1738822689705 5.339552957622618 234
1738822689722 6.392010495227308 235
1738822689738 4.134996416032555 236
1738822689753 5.413828310852088 237
1738822689772 5.265241408673929 238
1738822689791 4.57074832788555 239
1738822689809 3.9678153184887224 240
1738822689825 4.77679977472798 241
1738822689843 3.282087577772265 242
1738822689861 4.430535599854032 243
1738822689882 4.4224004393549174 244
1738822689895 4.819118451750695 245
1738822689910 3.824270004109176 246
1738822689924 4.502387190093394 247
1738822689946 4.815668658020578 248
1738822689962 3.3472415432791314 249
1738822689976 3.162296376088387 250
1738822689989 3.8922555101210303 251
1738822690004 5.165094719088191 252
1738822690023 5.124371872214033 253
1738822690042 5.121805457347183 254
1738822690057 4.980951828835055 255
1738822690074 4.121151528106022 256
1738822690089 3.5590643305073226 257
1738822690108 3.5156970820837423 258
1738822690126 4.164845595252545 259
1738822690140 3.2251648799648933 260
1738822690155 3.690371626971321 261
1738822690171 4.300650221279182 262
1738822690185 3.6063646736822683 263
1738822690200 5.376169249087882 264
1738822690217 3.3903335612931182 265
1738822690234 4.343415208215493 266
1738822690251 5.017438816768733 267
1738822690266 3.3890129896421968 268
1738822690281 5.291260561291075 269
1738822690298 2.975931870799254 270
1738822690317 3.3429737954511354 271
1738822690336 3.325112242520357 272
1738822690356 3.1877132568213398 273
1738822690376 2.8305642641774953 274
1738822690401 4.112684827124377 275
1738822690415 3.3666912863760086 276
1738822690433 3.2725059990709933 277
1738822690454 4.900702206637584 278
1738822690473 3.7858253569792337 279
1738822690490 3.5761011780260237 280
1738822690506 4.226193990658652 281
1738822690521 3.686460359484458 282
1738822690536 3.6618597196607587 283
1738822690555 2.5585663518929183 284
1738822690570 3.1313484825885336 285
1738822690586 2.9020393066049515 286
1738822690603 3.584263760785706 287
1738822690620 3.3232268448525684 288
1738822690636 2.9860414686396854 289
1738822690653 2.2171323637714657 290
1738822690670 2.3952272035284623 291
1738822690688 2.61301533180672 292
1738822690706 3.792877100834681 293
1738822690730 2.451966017697784 294
1738822690749 2.431829029245137 295
1738822690769 2.861504908490774 296
1738822690794 2.340610818876335 297
1738822690813 3.3233192573434174 298
1738822690831 3.7460205056228313 299
1738822690859 3.9812558067077455 300
1738822690880 1.9964908972490027 301
1738822690903 3.061816992755832 302
1738822690924 3.3380401016323686 303
1738822690956 2.8724570320730893 304
1738822690983 3.167714337151844 305
1738822691008 2.3140554011660863 306
1738822691033 2.4610244944920527 307
1738822691065 2.180047238927582 308
1738822691087 2.1062182216137995 309
1738822691110 1.9421513263896026 310
1738822691131 2.132256272933003 311
1738822691152 2.3628973026077893 312
1738822691172 1.6389533690990326 313
1738822691198 2.216700841749321 314
1738822691224 2.321782072516875 315
1738822691242 2.9280726281549287 316
1738822691266 1.980779624693884 317
1738822691281 1.7346275989857414 318
1738822691302 2.2075686967074892 319
1738822691318 2.985111748584915 320
1738822691378 2.2102214795020902 321
1738822691398 2.9386932870040847 322
1738822691416 2.8042787519686856 323
1738822691436 2.6021580806381692 324
1738822691457 2.324308284408112 325
1738822691475 2.335832182594198 326
1738822691504 2.196221779277306 327
1738822691522 1.600207578863871 328
1738822691552 1.9070054436417316 329
1738822691577 1.5622249918971491 330
1738822691600 1.7671846963649824 331
1738822691618 1.9815434611839156 332
1738822691632 1.8095990546412182 333
1738822691649 2.2313043326539685 334
1738822691664 2.748474280209461 335
1738822691686 1.9609188958442376 336
1738822691702 2.683405125065325 337
1738822691720 2.009015524611392 338
1738822691736 1.6438666573408256 339
1738822691754 1.5900129370995573 340
1738822691771 1.870795228505952 341
1738822691791 1.6130100787276047 342
1738822691810 1.7548251666327257 343
1738822691829 1.7752184493690677 344
1738822691851 1.923675897393881 345
1738822691875 1.344914178232171 346
1738822691901 1.849620174976172 347
1738822691917 2.252838873538914 348
1738822691932 1.60328323101925 349
1738822691945 1.9751319320186949 350
1738822691960 1.546915222051396 351
1738822691976 2.220887571481946 352
1738822691989 1.4985805416048006 353
1738822692006 2.345093097512421 354
1738822692028 1.8761474743766922 355
1738822692044 2.167304380978246 356
1738822692062 1.5219553235182464 357
1738822692077 1.535483984138318 358
1738822692093 1.2303892374343848 359
1738822692112 1.7777621797166974 360
1738822692134 1.0073046403866996 361
1738822692159 1.4907843810934396 362
1738822692177 1.9593577310493173 363
1738822692192 1.7131986661571756 364
1738822692214 1.758446589460176 365
1738822692229 1.5551336814550103 366
1738822692247 1.6305115630317766 367
1738822692267 1.8747412080386519 368
1738822692287 1.1601390460853347 369
1738822692308 1.2751229068153094 370
1738822692325 1.453909937214288 371
1738822692339 1.8538185842012227 372
1738822692358 1.5620540385838404 373
1738822692376 1.1508455938086986 374
1738822692393 1.2040775471901455 375
1738822692408 1.4984371602782698 376
1738822692423 1.0789036441563915 377
1738822692441 1.3143018692594863 378
1738822692454 1.0925009247149042 379
1738822692469 0.9915027602443738 380
1738822692484 1.1104966022537017 381
1738822692504 1.2400991842902709 382
1738822692533 1.4825483945286775 383
1738822692563 1.3970575150981654 384
1738822692583 1.002590056362041 385
1738822692605 1.524349256479985 386
1738822692623 1.1748969723903764 387
1738822692640 0.9017742395754081 388
1738822692660 0.8825617684368183 389
1738822692678 0.9970426630301791 390
1738822692697 0.9823666025879692 391
1738822692716 1.0471052840393658 392
1738822692737 1.395132438696217 393
1738822692755 1.1419459536405638 394
1738822692773 1.0101178073579236 395
1738822692793 1.0178586812389323 396
1738822692810 1.4184007088108017 397
1738822692828 1.3286427380290888 398
1738822692843 1.0999260294983926 399
1738822692859 1.0260376281593515 400
1738822692876 1.1214215998762542 401
1738822692895 1.1083448667362616 402
1738822692909 0.7452988412653939 403
1738822692925 1.9763400165895928 404
1738822692939 0.9442648432596762 405
1738822692954 0.9820308030525196 406
1738822692969 1.6023875259056917 407
1738822692982 0.868870037957657 408
1738822692997 0.9405318876604867 409
1738822693011 0.7805150576210697 410
1738822693025 0.7221054361583709 411
1738822693040 1.277547260164322 412
1738822693056 1.0932106760476592 413
1738822693069 1.0827568398448093 414
1738822693087 0.9835721278303151 415
1738822693104 1.1676944366748574 416
1738822693119 1.0405103121679735 417
1738822693134 0.9218428992956835 418
1738822693156 1.5191885787304285 419
1738822693176 0.7765869153893553 420
1738822693195 1.1645065076693526 421
1738822693215 0.6391797422782547 422
1738822693232 0.6228401552934328 423
1738822693254 0.8725799319794183 424
1738822693270 1.0468228900393273 425
1738822693288 1.1899188533304104 426
1738822693309 0.7421576514584107 427
1738822693324 0.7135086442706213 428
1738822693338 1.1005037702901939 429
1738822693353 0.7294542831631844 430
1738822693369 0.7158942567130245 431
1738822693387 0.7984208412675804 432
1738822693402 0.6724096369854763 433
1738822693419 0.7211313365236327 434
1738822693437 0.5917628026502039 435
1738822693455 0.8684297881199098 436
1738822693474 0.6390098186180274 437
1738822693490 0.7542208234768321 438
1738822693509 0.7479749578614979 439
1738822693525 0.7701135641842506 440
1738822693548 0.8323843090539075 441
1738822693564 0.6329098377774278 442
1738822693581 0.798087378110312 443
1738822693600 0.5259218839599633 444
1738822693617 0.5752751326600588 445
1738822693635 0.8568608142357432 446
1738822693652 0.8536428516902038 447
1738822693667 0.7816756255893986 448
1738822693686 1.0847692472896766 449
1738822693705 0.7234348284706565 450
1738822693722 0.8834543795306855 451
1738822693739 0.68879668499066 452
1738822693754 0.6381249311972151 453
1738822693773 0.6665892838894107 454
1738822693791 0.8215269336139626 455
1738822693807 0.9280172674727049 456
1738822693825 0.8217587822333038 457
1738822693843 0.7522299544328728 458
1738822693856 0.7086833064985693 459
1738822693874 0.74289280300638 460
1738822693893 0.7006109098453439 461
1738822693911 0.8355706582584351 462
1738822693930 0.5684312032748869 463
1738822693948 1.173115016689492 464
1738822693966 0.6398960730276424 465
1738822693984 0.6688629150725051 466
1738822694003 1.1175121503615861 467
1738822694023 0.5578014480180757 468
1738822694038 0.4627707223702051 469
1738822694061 0.7136886557516915 470
1738822694080 0.5278520456622828 471
1738822694102 0.5718169366711191 472
1738822694129 0.6639502646540779 473
1738822694145 0.7083365275639 474
1738822694161 0.4361361206572957 475
1738822694177 0.7926082607580753 476
1738822694194 0.5407265747316389 477
1738822694208 0.7143258832797222 478
1738822694225 0.5638158219110669 479
1738822694240 0.5091782151663082 480
1738822694257 0.5742802914681318 481
1738822694274 0.6353812968960783 482
1738822694291 1.0145940476079873 483
1738822694341 0.663378391492934 484
1738822694358 0.40721001205770063 485
1738822694379 0.5867631521690672 486
1738822694397 0.6437619240591532 487
1738822694412 0.6104394162664754 488
1738822694431 0.4335359362617817 489
1738822694452 0.5519719859805975 490
1738822694471 0.6867596906429846 491
1738822694488 0.4632401690188117 492
1738822694505 0.3868482565132872 493
1738822694525 0.8036222117607114 494
1738822694546 0.7369293716867673 495
1738822694562 0.4518387835926287 496
1738822694581 0.5858868584255579 497
1738822694600 0.3675120783089643 498
1738822694620 0.46519407854482825 499
