1738824641974 165.18356922275262 0
1738824641984 171.57309091496614 1
1738824641990 171.95748504558364 2
1738824641998 173.79452306293203 3
1738824642006 168.93673048421175 4
1738824642014 169.95165371948397 5
1738824642022 169.8056994050337 6
1738824642031 168.6398900258079 7
1738824642038 173.30796406163697 8
1738824642046 168.26469124249033 9
1738824642060 164.98172816207008 10
1738824642077 165.13678675056076 11
1738824642085 170.37351395470333 12
1738824642094 170.4714383902074 13
1738824642104 168.24233356297182 14
1738824642111 165.60139730362852 15
1738824642121 169.39986508939168 16
1738824642129 168.0813348983714 17
1738824642137 169.1397599081982 18
1738824642145 166.7817462355397 19
1738824642153 168.0957546671136 20
1738824642166 169.37618812176962 21
1738824642175 166.39796863700528 22
1738824642181 169.77742618671408 23
1738824642189 171.36651241184202 24
1738824642196 169.3225181388919 25
1738824642203 166.45849597879365 26
1738824642210 167.96282153970475 27
1738824642217 173.0427110055988 28
1738824642227 172.7256864162707 29
1738824642234 166.15841769627406 30
1738824642242 172.77341899806504 31
1738824642250 170.8608393098671 32
1738824642263 171.78036525933257 33
1738824642270 171.88310296399752 34
1738824642278 168.96010897756554 35
1738824642285 166.38557015478818 36
1738824642293 165.80973774494888 37
1738824642300 164.1176941472767 38
1738824642307 172.30790868747087 39
1738824642314 170.5013146569679 40
1738824642322 167.79390683363852 41
1738824642330 168.76009887862628 42
1738824642344 169.90401165281955 43
1738824642352 171.98417314183737 44
1738824642360 168.06418424345017 45
1738824642370 171.01555243011993 46
1738824642378 170.56283036049308 47
1738824642386 166.789880058538 48
1738824642395 168.71860023469827 49
1738824642402 168.6236054311197 50
1738824642459 172.3529501198566 51
1738824642466 167.29921240067773 52
1738824642476 168.27042204281906 53
1738824642483 169.22852849006827 54
1738824642490 164.81616311454417 55
1738824642496 168.38758026724142 56
1738824642504 164.1737667428236 57
1738824642510 169.83827655706125 58
1738824642517 165.91566102312524 59
1738824642524 166.7336777311489 60
1738824642530 172.5313124209668 61
1738824642537 167.10709759152195 62
1738824642544 163.89094212184247 63
1738824642551 171.80740049058682 64
1738824642557 168.70583235444425 65
1738824642564 167.82845811994667 66
1738824642570 168.09722311383558 67
1738824642576 170.93736060105294 68
1738824642583 170.68656495376644 69
1738824642589 169.00515127694496 70
1738824642596 167.5255369387967 71
