1738825591422 173.9644836367896 0
1738825591464 181.96566570307516 1
1738825591504 168.10009628816894 2
1738825591543 168.0556360896146 3
1738825591581 164.37025140571504 4
1738825591621 140.07421538898208 5
1738825591661 152.75275991223486 6
1738825591700 170.6327291036999 7
1738825591739 189.52757808756556 8
1738825591777 181.8163187887452 9
1738825591816 179.87822765064004 10
1738825591854 163.71162872286524 11
1738825591893 160.33828564808724 12
1738825591931 171.15340650550635 13
1738825591969 171.23713848122986 14
1738825592007 199.58185359388636 15
1738825592047 178.36243553181416 16
1738825592086 150.08479123699334 17
1738825592126 164.56900577270466 18
1738825592164 211.10098407123337 19
1738825592202 174.14891732955022 20
1738825592240 162.5400285647997 21
1738825592279 179.22253297507925 22
1738825592317 130.89762767542751 23
1738825592356 162.450824544259 24
1738825592395 172.6937324158182 25
1738825592434 161.75505921512053 26
1738825592472 171.21639966119767 27
1738825592511 158.84786433224457 28
1738825592549 180.06315036437283 29
1738825592587 176.0221024888658 30
1738825592625 175.92207837385197 31
1738825592663 186.46146558859803 32
1738825592701 163.9601058234406 33
1738825592739 183.22195837646305 34
1738825592777 163.58790050175395 35
1738825592815 179.13854869591074 36
1738825592854 161.66602357326983 37
1738825592892 183.6240282779764 38
1738825592930 154.8853177132224 39
1738825592968 187.00066126808306 40
1738825593007 196.15469921070368 41
1738825593047 159.26490599196057 42
1738825593085 182.71921564981469 43
1738825593123 171.93637184205326 44
1738825593162 168.24496540855466 45
1738825593200 175.87063558065051 46
1738825593238 151.2304395088751 47
1738825593276 171.64702786599779 48
1738825593314 182.03925309422758 49
1738825593353 153.74289179367938 50
1738825593391 170.70979443048088 51
1738825593429 176.96628677517117 52
1738825593468 172.85173881993063 53
1738825593505 180.76794546644084 54
1738825593543 195.57763495977701 55
1738825593581 169.50862633807628 56
1738825593621 173.7582178903735 57
1738825593660 157.99541804870805 58
1738825593698 189.1551019874438 59
1738825593736 149.45434891827063 60
1738825593776 168.1404008897164 61
1738825593816 182.96290383353488 62
1738825593855 177.22531186380343 63
1738825593894 175.22449994419506 64
1738825593933 179.28619301267807 65
1738825593970 169.02670197020393 66
1738825594008 165.99639764196905 67
1738825594046 135.52824782466308 68
1738825594084 179.65219896008517 69
1738825594122 158.03772436970078 70
1738825594160 162.37947755170427 71
1738825594199 151.53979920791622 72
1738825594236 190.80454040755143 73
1738825594274 152.6987192489234 74
1738825594313 175.8371931706609 75
1738825594351 154.14501731541915 76
1738825594389 153.51483573285591 77
1738825594428 163.5535506280756 78
1738825594468 164.99346326981205 79
1738825594507 175.0061434201651 80
1738825594545 187.82165823649157 81
1738825594584 167.85315820076826 82
1738825594622 172.8888014110194 83
1738825594660 174.81968049988373 84
1738825594698 177.95862574562764 85
1738825594736 184.13688888987988 86
1738825594774 172.69097615184296 87
1738825594812 157.11247086601776 88
1738825594851 174.498879985218 89
1738825594890 193.82332357364308 90
1738825594928 182.51005884131612 91
1738825594966 183.47031169522512 92
1738825595005 172.4856609944793 93
1738825595045 144.89730630701658 94
1738825595083 170.5901527809493 95
1738825595121 170.50282555351876 96
1738825595160 147.52098735580952 97
1738825595198 172.93766067208458 98
1738825595236 166.3650754719111 99
1738825595274 169.21737627717476 100
1738825595312 179.34130267086616 101
1738825595351 158.54385924867157 102
1738825595388 174.94559633189505 103
1738825595426 167.54434303978502 104
1738825595464 191.1106761108243 105
1738825595503 184.37971356049837 106
1738825595541 188.19778069949203 107
1738825595578 163.34811475251263 108
1738825595616 173.25079498051056 109
1738825595654 187.62156552083778 110
1738825595691 175.407263181492 111
1738825595730 143.10176859925238 112
1738825595768 186.26984584772936 113
1738825595807 159.73657310870266 114
1738825595845 180.50890958994754 115
1738825595883 179.77777143357181 116
1738825595921 173.4268584598476 117
1738825595959 182.78257855774532 118
1738825595997 150.52962071402513 119
1738825596035 133.40235380843922 120
1738825596073 166.87595551284912 121
1738825596111 153.6916192115278 122
1738825596149 127.22752017619952 123
1738825596187 182.11562468617672 124
1738825596225 180.92135131365993 125
1738825596264 201.31587738945427 126
1738825596302 174.33505240037798 127
1738825596340 179.61430236106935 128
1738825596378 176.11089997701126 129
1738825596416 153.51084584065677 130
1738825596454 165.48344008861255 131
1738825596492 160.5413254413318 132
1738825596530 182.22111864817754 133
1738825596568 179.77797908126502 134
1738825596606 180.57282418148242 135
1738825596644 204.06828904712842 136
1738825596684 163.62696827465788 137
1738825596722 196.60243073203452 138
1738825596761 172.91070101433326 139
1738825596800 184.79036291877122 140
1738825596839 160.60383534536163 141
1738825596877 171.7293072593672 142
1738825596915 156.83406673687094 143
1738825596953 163.63345636244952 144
1738825596991 178.54557152162053 145
1738825597029 165.83955624950787 146
1738825597067 138.23248232144758 147
1738825597105 169.33412937932243 148
1738825597143 180.2401392326672 149
1738825597181 184.85562253703367 150
1738825597219 157.48908992207438 151
1738825597257 136.51030505373976 152
1738825597295 179.1063265040268 153
1738825597333 165.17744984512404 154
1738825597371 177.99272096357592 155
1738825597409 113.07060873262404 156
1738825597448 163.0375095266561 157
1738825597486 154.977716610969 158
1738825597524 161.9236496032995 159
1738825597562 178.9856248282245 160
1738825597600 182.69447750917152 161
1738825597638 166.99700526163528 162
1738825597676 160.62786057329384 163
1738825597714 158.28561502571748 164
1738825597751 189.11625305092085 165
1738825597789 173.6788201903755 166
1738825597827 162.9746882454009 167
1738825597865 168.1280310008406 168
1738825597903 172.63580819301174 169
1738825597941 141.7293173135865 170
1738825597979 166.800844712626 171
1738825598018 148.13351577862556 172
1738825598056 167.9865387861886 173
1738825598094 164.6099679874198 174
1738825598133 177.3821358741989 175
1738825598171 175.81965908852726 176
1738825598209 207.32385603990733 177
1738825598247 153.08475939457344 178
1738825598285 155.28648064162772 179
1738825598323 157.08204784735412 180
1738825598361 151.5927108051344 181
1738825598399 148.35246499922116 182
1738825598437 147.07845351973663 183
1738825598475 169.64351749551966 184
1738825598513 210.56579122141736 185
1738825598551 161.86534715006275 186
1738825598589 197.886809508318 187
1738825598627 175.82248464886243 188
1738825598666 156.0067552925492 189
1738825598704 185.49643685718797 190
1738825598742 185.66230263944402 191
1738825598781 148.0925553428147 192
1738825598820 164.1239415411175 193
1738825598859 149.23218272295637 194
1738825598897 181.25588846896 195
1738825598935 137.7246829072351 196
1738825598973 171.30446189367933 197
1738825599011 149.5260128557796 198
1738825599049 188.18877694811616 199
1738825599087 146.17557551643253 200
1738825599126 138.53110954920783 201
1738825599164 154.5385778341169 202
1738825599202 125.92470103741051 203
1738825599240 172.1780753953116 204
1738825599278 177.65274171148207 205
1738825599316 139.42375697673629 206
1738825599354 192.21613374712328 207
1738825599392 176.60209593937168 208
1738825599430 186.20077959924964 209
1738825599468 143.91147876510348 210
1738825599506 156.72187556143786 211
1738825599544 170.92397548636242 212
1738825599582 144.7822677418989 213
1738825599620 168.3066762856699 214
1738825599657 176.22571858127793 215
1738825599695 161.9728425371177 216
1738825599735 175.21038270301202 217
1738825599773 159.70972703365422 218
1738825599811 163.37363089627763 219
1738825599850 132.03449715168 220
1738825599888 178.02859139325872 221
1738825599926 128.95527365726005 222
1738825599964 171.51076364982885 223
1738825600002 149.52383443005814 224
1738825600040 137.2710554349911 225
1738825600078 146.67432528517068 226
1738825600117 180.52560162114779 227
1738825600155 191.6553684941734 228
1738825600192 175.52669081146993 229
1738825600230 183.7588313020771 230
1738825600268 118.22775246693286 231
1738825600307 159.6555017174492 232
1738825600345 182.38419390116843 233
1738825600383 166.26218883496009 234
1738825600421 125.48903806898531 235
1738825600460 155.587999290803 236
1738825600498 186.99600467595135 237
1738825600535 152.4241623944819 238
1738825600573 176.7355043981256 239
1738825600611 176.21895223074506 240
1738825600650 177.8871413343646 241
1738825600688 181.53140509441107 242
1738825600726 165.47885753946858 243
1738825600765 174.1222705061428 244
1738825600804 160.9413562292258 245
1738825600843 164.37517881817269 246
1738825600881 164.05391896490545 247
1738825600921 155.46428076383842 248
1738825600960 177.16992846843485 249
1738825600998 172.28215260176646 250
1738825601036 159.29809273331333 251
1738825601074 170.72827940832562 252
1738825601113 180.08022083207112 253
1738825601151 158.31720346102108 254
1738825601189 158.14383170004453 255
1738825601227 166.44472338359574 256
1738825601264 172.72680991754126 257
1738825601303 181.01369176553138 258
1738825601342 170.50583847442712 259
1738825601380 159.85911528096744 260
1738825601418 163.39092267443732 261
1738825601456 157.44601979022116 262
1738825601494 175.46113047409358 263
1738825601532 190.34936621031693 264
1738825601570 172.96325789678068 265
1738825601608 163.12681631170707 266
1738825601647 199.33260587231766 267
1738825601685 160.7781676364168 268
1738825601723 146.44313814215354 269
1738825601760 190.14405878350576 270
1738825601799 155.63567141899935 271
1738825601837 180.6252773034194 272
1738825601875 138.97975847769735 273
1738825601914 172.99041160033676 274
1738825601951 128.3464682021921 275
1738825601990 162.58318091755555 276
1738825602028 144.631586477872 277
1738825602066 193.76663510068445 278
1738825602104 168.06605591290986 279
1738825602143 157.39596770841666 280
1738825602181 180.24031688893803 281
1738825602219 169.49813719184382 282
1738825602257 168.9976564524107 283
1738825602296 180.78983167290048 284
1738825602334 180.29021929533332 285
1738825602372 156.03278668687733 286
1738825602410 171.23207598827332 287
1738825602448 167.7110777552807 288
1738825602486 166.14581040043404 289
1738825602524 172.50499241493907 290
1738825602562 166.91084842348346 291
1738825602600 149.91312775788668 292
1738825602638 172.7517256814621 293
1738825602676 209.30866731619963 294
1738825602715 158.67097215237146 295
1738825602753 175.9262821649753 296
