1738680576855 169.4021288633192 0
1738680576885 169.3730347821651 1
1738680576908 169.34515879264293 2
1738680576926 169.31844933209447 3
1738680576947 169.29285703040665 4
1738680576964 169.26833461659314 5
1738680576975 169.24483682935954 6
1738680576988 169.22232033148285 7
1738680577003 169.20074362784254 8
1738680577020 169.18006698694703 9
1738680577037 169.16025236580697 10
1738680577066 169.14126333801195 11
1738680577085 169.12306502487425 12
1738680577107 169.105624029509 13
1738680577124 169.08890837372485 14
1738680577143 169.072887437606 15
1738680577165 169.05753190167005 16
1738680577186 169.042813691492 17
1738680577210 169.02980181444613 18
1738680577227 169.0173104135413 19
1738680577247 169.00531800655202 20
1738680577271 168.99380401251838 21
1738680577293 168.98274871361212 22
1738680577314 168.97213321862228 23
1738680577334 168.96193942799295 24
1738680577350 168.95215000034676 25
1738680577368 168.94274832043004 26
1738680577386 168.93371846842007 27
1738680577403 168.92504519053588 28
1738680577418 168.91671387089715 29
1738680577434 168.90871050457844 30
1738680577451 168.90102167180729 31
1738680577469 168.8936345132578 32
1738680577486 168.88653670639326 33
1738680577502 168.87971644281248 34
1738680577526 168.873162406558 35
1738680577543 168.8668637533449 36
1738680577563 168.8608100906699 37
1738680577580 168.8549914587659 38
1738680577596 168.84939831236298 39
1738680577615 168.8440215032237 40
1738680577634 168.83885226341886 41
1738680577656 168.83388218931228 42
1738680577674 168.82910322622465 43
1738680577692 168.82450765374716 44
1738680577781 168.82008807167807 45
1738680577796 168.81583738655465 46
1738680577821 168.81174879875587 47
1738680577841 168.80781579015186 48
1738680577860 168.8040321122757 49
1738680577878 168.80039177499677 50
1738680577898 168.79688903567296 51
1738680577916 168.79351838876303 52
1738680577931 168.79027455587752 53
1738680577945 168.78715247625144 54
1738680577962 168.7841472976196 55
1738680577976 168.7812543674782 56
1738680577994 168.77846922471568 57
1738680578013 168.7757875915976 58
1738680578035 168.7732053660903 59
