1738824595589 169.75266937733772 0
1738824595609 169.74907208168247 1
1738824595631 169.74548989238315 2
1738824595650 169.74192274262373 3
1738824595666 169.73837056589142 4
1738824595682 169.73483329597508 5
1738824595701 169.73131086696395 6
1738824595718 169.72780321324623 7
1738824595734 169.7243102695077 8
1738824595748 169.72083197073047 9
1738824595764 169.71736825219142 10
1738824595788 169.7139190494609 11
1738824595802 169.71048429840167 12
1738824595818 169.707063935167 13
1738824595832 169.70365789619999 14
1738824595849 169.70026611823155 15
1738824595867 169.69688853827972 16
1738824595888 169.6935250936479 17
1738824595909 169.69017572192382 18
1738824595929 169.68684036097795 19
1738824595950 169.68351894896256 20
1738824595967 169.68021142431013 21
1738824595984 169.67691772573215 22
1738824596007 169.67363779221796 23
1738824596022 169.67037156303326 24
1738824596042 169.66711897771899 25
1738824596060 169.6638799760901 26
1738824596080 169.66065449823404 27
1738824596098 169.65744248451 28
1738824596111 169.65424387554705 29
1738824596128 169.65105861224333 30
1738824596149 169.6478866357647 31
1738824596168 169.64472788754355 32
1738824596183 169.64158230927737 33
1738824596203 169.63844984292786 34
1738824596227 169.63533043071942 35
1738824596249 169.6322240151382 36
1738824596266 169.62913053893072 37
1738824596282 169.62604994510266 38
1738824596297 169.62298217691776 39
1738824596315 169.61992717789676 40
1738824596339 169.61688489181586 41
1738824596359 169.61385526270595 42
1738824596373 169.61083823485112 43
1738824596386 169.60783375278766 44
1738824596401 169.60484176130296 45
1738824596420 169.60186220543426 46
1738824596435 169.59889503046736 47
1738824596449 169.59594018193582 48
1738824596463 169.59299760561953 49
1738824596479 169.5900672475438 50
1738824596507 169.58714905397804 51
1738824596535 169.5842429714347 52
1738824596567 169.58134894666824 53
1738824596586 169.57846692667397 54
1738824596611 169.57559685868696 55
1738824596644 169.57273869018076 56
1738824596669 169.56989236886665 57
1738824596691 169.56705784269226 58
1738824596710 169.56423505984066 59
1738824596727 169.56142396872912 60
1738824596747 169.55862451800817 61
1738824596767 169.5558366565605 62
1738824596786 169.55306033349987 63
1738824596807 169.55029549817004 64
1738824596822 169.54754210014377 65
1738824596838 169.54480008922175 66
1738824596859 169.54206941543146 67
1738824596877 169.5393500290263 68
1738824596890 169.53664188048447 69
1738824596918 169.53394492050788 70
1738824596939 169.53125910002117 71
1738824596955 169.52858437017073 72
1738824596970 169.5259206823237 73
1738824596986 169.5232679880669 74
1738824597005 169.52062623920568 75
1738824597032 169.51799538776334 76
1738824597056 169.51537538597958 77
1738824597075 169.51276618631005 78
1738824597092 169.5101677414249 79
1738824597111 169.50758000420817 80
1738824597129 169.50500292775644 81
1738824597146 169.5024364653783 82
1738824597165 169.4998805705929 83
1738824597185 169.4973351971294 84
1738824597204 169.49480029892567 85
1738824597233 169.49227583012768 86
1738824597250 169.48976174508815 87
1738824597264 169.48725799836592 88
1738824597280 169.48476454472498 89
1738824597295 169.4822813391333 90
1738824597311 169.479808336762 91
1738824597328 169.47734549298465 92
1738824597348 169.47489276337603 93
1738824597362 169.47245010371142 94
1738824597378 169.47001746996543 95
1738824597392 169.46759481831145 96
1738824597411 169.4651821051204 97
1738824597428 169.46277928695997 98
1738824597445 169.46038632059387 99
1738824597464 169.45800316298048 100
1738824597484 169.45562977127258 101
1738824597498 169.45326610281597 102
1738824597514 169.45091211514878 103
1738824597528 169.44856776600048 104
1738824597541 169.44623301329122 105
1738824597557 169.44390781513079 106
1738824597572 169.44159212981765 107
1738824597589 169.43928591583835 108
1738824597606 169.4369891318665 109
1738824597633 169.43470173676187 110
1738824597649 169.43242368956965 111
1738824597666 169.43015494951948 112
