1738824293808 169.24233431692028 0
1738824293872 169.23337653433268 1
1738824293891 169.22384191860823 2
1738824293909 169.21384078714172 3
1738824293925 169.20347298738966 4
1738824293946 169.19282842361605 5
1738824293962 169.1819876311613 6
1738824293988 169.1710223773785 7
1738824294007 169.15999627293087 8
1738824294021 169.14896538086805 9
1738824294038 169.1379788139352 10
1738824294055 169.12707931302793 11
1738824294084 169.11630380169666 12
1738824294101 169.10568391319873 13
1738824294124 169.09524648786672 14
1738824294148 169.08501403956856 15
1738824294171 169.07500519081788 16
1738824294190 169.06523507670116 17
1738824294204 169.0557157182483 18
1738824294215 169.04645636621277 19
1738824294231 169.0374638164753 20
1738824294251 169.02874269845208 21
1738824294265 169.02029573799553 22
1738824294281 169.01212399633505 23
1738824294295 169.0042270866247 24
1738824294316 168.99660336965607 25
1738824294335 168.98925013026405 26
1738824294353 168.98216373590483 27
1738824294376 168.97533977882594 28
1738824294394 168.9687732031802 29
1738824294415 168.96245841836304 30
1738824294433 168.95638939977536 31
1738824294446 168.95055977813848 32
1738824294459 168.94496291841065 33
1738824294474 168.93959198927854 34
1738824294487 168.93444002412627 35
1738824294500 168.92949997431236 36
1738824294514 168.92476475552036 37
1738824294527 168.92022728788427 38
1738824294543 168.91588053053124 39
1738824294556 168.9117175111278 40
1738824294572 168.90773135096407 41
1738824294595 168.90391528606312 42
1738824294612 168.9002626847549 43
1738824294629 168.8967670621165 44
1738824294655 168.89342209163976 45
1738824294674 168.89022161445254 46
1738824294713 168.8871596463894 47
1738824294738 168.88423038317544 48
1738824294762 168.88142820396274 49
1738824294786 168.87874767343226 50
1738824294807 168.87618354265342 51
1738824294821 168.87373074887165 52
1738824294835 168.87138441437716 53
1738824294848 168.86913984459153 54
1738824294866 168.86699252549155 55
1738824294883 168.8649381204798 56
1738824294898 168.86297246679467 57
1738824294915 168.86109157154658 58
1738824294938 168.8592916074515 59
1738824294954 168.8575689083294 60
1738824294982 168.8559199644231 61
1738824295006 168.85434141758782 62
1738824295026 168.85283005639542 63
1738824295043 168.85138281118986 64
1738824295061 168.84999674912746 65
1738824295076 168.8486690692289 66
1738824295091 168.8473970974682 67
1738824295103 168.84617828191728 68
1738824295117 168.84501018796436 69
