1738680323875 170.52841106525844 0
1738680323892 170.5006970702822 1
1738680323908 170.46933114475306 2
1738680323928 170.43487674087555 3
1738680323944 170.39785210751614 4
1738680323964 170.35873100915353 5
1738680323984 170.31794403971696 6
1738680324003 170.27588036967808 7
1738680324019 170.2328897959107 8
1738680324035 170.18928498969885 9
1738680324049 170.1453438596991 10
1738680324064 170.10131196435685 11
1738680324079 170.05740492284394 12
1738680324110 170.01381078553072 13
1738680324140 169.97069233476418 14
1738680324187 169.92818929465074 15
1738680324223 169.8864204349521 16
1738680324238 169.845485559343 17
1738680324255 169.8054673723743 18
1738680324269 169.76643322271343 19
1738680324284 169.7284367227461 20
1738680324301 169.6915192465528 21
1738680324316 169.65571130972126 22
1738680324332 169.62103383551536 23
1738680324353 169.58749931266473 24
1738680324375 169.55511285052927 25
1738680324390 169.52387313768213 26
1738680324404 169.49377331008142 27
1738680324420 169.4648017350073 28
1738680324437 169.43694271684745 29
1738680324452 169.41017713065085 30
1738680324470 169.3844829891531 31
1738680324488 169.35983594872067 32
1738680324507 169.3362097593833 33
1738680324525 169.3135766638279 34
1738680324549 169.2919077499266 35
1738680324564 169.2711732610679 36
1738680324580 169.25134286826182 37
1738680324597 169.23238590769822 38
1738680324614 169.21427158715633 39
1738680324631 169.19696916439395 40
1738680324651 169.18044810038992 41
1738680324667 169.16467819007067 42
1738680324684 169.14962967292487 43
1738680324702 169.13527332569828 44
1738680324725 169.12158053916173 45
1738680324742 169.1085233807621 46
1738680324757 169.09607464479566 47
1738680324772 169.08420789158566 48
1738680324788 169.07289747700298 49
1738680324803 169.06211857353313 50
1738680324818 169.05184718397453 51
1738680324832 169.04206014873935 52
1738680324847 169.03273514762782 53
1738680324863 169.0238506968549 54
1738680324882 169.01538614202317 55
1738680324901 169.00732164766097 56
1738680324918 168.99963818387448 57
1738680324934 168.99231751060134 58
1738680324954 168.98534215989596 59
1738680324971 168.9786954166267 60
1738680324990 168.97236129791895 61
1738680325006 168.96632453163681 62
1738680325025 168.9605705341602 63
1738680325043 168.95508538767996 64
1738680325060 168.94985581720422 65
1738680325075 168.94486916744455 66
1738680325093 168.94011337972353 67
1738680325110 168.93557696902823 68
1738680325126 168.93124900131244 69
1738680325147 168.92711907113565 70
1738680325165 168.92317727971223 71
1738680325184 168.9194142134296 72
1738680325206 168.91582092288564 73
1738680325225 168.9123889024829 74
1738680325243 168.9091100706103 75
1738680325259 168.90597675043452 76
1738680325275 168.9029816513167 77
1738680325291 168.9001178508644 78
1738680325309 168.89737877762428 79
1738680325325 168.89475819441589 80
1738680325346 168.89225018230334 81
1738680325366 168.88984912519965 82
