1738822551561 169.4806387665546 0
1738822551583 169.30876826650032 1
1738822551603 169.13744633337836 2
1738822551618 168.96667098635325 3
1738822551632 168.79644025190444 4
1738822551650 168.62675216379913 5
1738822551663 168.45760476306492 6
1738822551676 168.28899609796332 7
1738822551692 168.1209242239624 8
1738822551705 167.95338720371063 9
1738822551718 167.78638310700973 10
1738822551733 167.6199100107884 11
1738822551754 167.45396599907576 12
1738822551774 167.288549162975 13
1738822551797 167.12365760063724 14
1738822551832 166.95928941723534 15
1738822551853 166.79544272493777 16
1738822551870 166.63211564288264 17
1738822551886 166.46930629715195 18
1738822551903 166.30701282074577 19
1738822551918 166.14523335355653 20
1738822551939 165.98396604234355 21
1738822551955 165.82320904070747 22
1738822551975 165.66296050906482 23
1738822551990 165.50321861462285 24
1738822552005 165.34398153135427 25
1738822552018 165.1852474399722 26
1738822552035 165.02701452790507 27
1738822552056 164.86928098927174 28
1738822552074 164.71204502485674 29
1738822552094 164.55530484208546 30
1738822552114 164.3990586549994 31
1738822552129 164.24330468423207 32
1738822552149 164.0880411569839 33
1738822552165 163.93326630699832 34
1738822552183 163.77897837453745 35
1738822552198 163.62517560635754 36
1738822552215 163.4718562556855 37
1738822552229 163.31901858219433 38
1738822552246 163.16666085197943 39
1738822552263 163.0147813375348 40
1738822552277 162.86337831772923 41
1738822552293 162.7124500777827 42
1738822552312 162.56199490924288 43
1738822552328 162.4120111099614 44
1738822552345 162.2624969840707 45
1738822552360 162.11345084196068 46
1738822552377 161.9648710002554 47
1738822552393 161.81675578179016 48
1738822552407 161.66910351558806 49
1738822552420 161.52191253683748 50
1738822552433 161.37518118686899 51
1738822552446 161.22890781313248 52
1738822552459 161.08309076917467 53
1738822552471 160.93772841461634 54
1738822552484 160.79281911512993 55
1738822552497 160.6483612424168 56
1738822552512 160.5043531741852 57
1738822552525 160.36079329412792 58
1738822552540 160.21767999189987 59
1738822552552 160.07501166309618 60
1738822552565 159.93278670923004 61
1738822552578 159.7910035377108 62
1738822552592 159.64966056182215 63
1738822552610 159.50875620070022 64
1738822552637 159.36828887931196 65
1738822552664 159.22825702843338 66
1738822552690 159.0886590846281 67
1738822552717 158.949493490226 68
1738822552739 158.8107586933015 69
1738822552762 158.67245314765256 70
1738822552779 158.53457531277928 71
1738822552794 158.39712365386288 72
1738822552820 158.26009664174438 73
1738822552837 158.12349275290399 74
1738822552852 157.98731046943976 75
1738822552866 157.851548279047 76
1738822552879 157.71620467499753 77
1738822552894 157.58127815611888 78
1738822552907 157.44676722677377 79
1738822552922 157.31267039683942 80
1738822552935 157.1789861816874 81
1738822552948 157.04571310216286 82
1738822552962 156.91284968456455 83
1738822552975 156.78039446062442 84
1738822552988 156.6483459674875 85
1738822553006 156.51670274769185 86
1738822553019 156.38546334914855 87
1738822553032 156.25462632512173 88
1738822553045 156.12419023420873 89
1738822553058 155.99415364032038 90
1738822553074 155.8645151126612 91
1738822553087 155.73527322570976 92
1738822553103 155.60642655919924 93
1738822553124 155.4779736980978 94
1738822553140 155.3499132325893 95
1738822553155 155.2222437580538 96
1738822553172 155.09496387504828 97
1738822553192 154.96807218928774 98
1738822553210 154.84156731162565 99
1738822553232 154.71544785803522 100
1738822553248 154.58971244959022 101
1738822553262 154.46435971244603 102
1738822553282 154.33938827782112 103
1738822553296 154.2147967819778 104
1738822553312 154.09058386620384 105
1738822553326 153.96674817679371 106
1738822553342 153.84328836503013 107
1738822553360 153.72020308716537 108
1738822553382 153.59749100440294 109
1738822553406 153.47515078287927 110
1738822553422 153.35318109364525 111
1738822553443 153.23158061264814 112
1738822553458 153.11034802071353 113
1738822553472 152.98948200352692 114
1738822553488 152.86898125161588 115
1738822553506 152.7488444603321 116
1738822553522 152.62907032983367 117
1738822553542 152.50965756506668 118
1738822553565 152.3906048757482 119
1738822553586 152.2719109763481 120
1738822553602 152.15357458607153 121
1738822553625 152.03559442884136 122
1738822553647 151.91796923328087 123
1738822553669 151.8006977326959 124
1738822553714 151.68377866505807 125
1738822553732 151.5672107729869 126
1738822553751 151.45099280373282 127
1738822553765 151.33512350916013 128
1738822553782 151.21960164572974 129
1738822553798 151.104425974482 130
1738822553812 150.98959526102 131
1738822553827 150.8751082754925 132
1738822553847 150.76096379257697 133
1738822553862 150.6471605914631 134
1738822553878 150.5336974558356 135
1738822553900 150.42057317385803 136
1738822553913 150.3077865381559 137
1738822553928 150.1953363458002 138
1738822553947 150.0832213982908 139
1738822553964 149.9714405015403 140
1738822553981 149.85999246585737 141
1738822553994 149.74887610593066 142
1738822554007 149.6380902408124 143
1738822554022 149.52763369390232 144
1738822554038 149.41750529293157 145
1738822554051 149.30770386994647 146
1738822554064 149.19822826129266 147
1738822554077 149.08907730759924 148
1738822554095 148.98024985376264 149
1738822554110 148.87174474893104 150
1738822554129 148.7635608464883 151
1738822554148 148.65569700403879 152
1738822554165 148.54815208339102 153
1738822554183 148.44092495054267 154
1738822554206 148.33401447566482 155
1738822554228 148.22741953308633 156
1738822554252 148.12113900127872 157
1738822554268 148.0151717628406 158
1738822554286 147.9095167044823 159
1738822554305 147.80417271701097 160
1738822554329 147.69913869531507 161
1738822554352 147.59441353834927 162
1738822554368 147.48999614911955 163
1738822554383 147.38588543466804 164
1738822554399 147.28208030605808 165
1738822554418 147.17857967835923 166
1738822554433 147.07538247063266 167
1738822554447 146.9724876059161 168
1738822554464 146.86989401120917 169
1738822554477 146.76760061745887 170
1738822554493 146.66560635954448 171
1738822554505 146.56391017626365 172
1738822554521 146.46251101031723 173
1738822554534 146.36140780829524 174
1738822554548 146.26059952066225 175
1738822554567 146.16008510174302 176
1738822554582 146.05986350970824 177
1738822554597 145.9599337065603 178
1738822554614 145.86029465811896 179
1738822554630 145.7609453340074 180
1738822554648 145.66188470763794 181
1738822554667 145.563111756198 182
1738822554685 145.46462546063628 183
1738822554706 145.3664248056485 184
1738822554719 145.26850877966396 185
1738822554739 145.17087637483124 186
1738822554756 145.07352658700466 187
1738822554772 144.97645841573058 188
1738822554787 144.8796708642336 189
1738822554809 144.78316293940279 190
1738822554822 144.68693365177856 191
1738822554847 144.59098201553863 192
1738822554860 144.49530704848485 193
1738822554873 144.39990777202954 194
1738822554886 144.30478321118244 195
1738822554900 144.209932394537 196
1738822554915 144.1153543542573 197
1738822554928 144.0210481260648 198
1738822554946 143.92701274922527 199
1738822554963 143.83324726653524 200
1738822554977 143.73975072430943 201
1738822554993 143.6465221723673 202
1738822555012 143.5535606640203 203
1738822555028 143.46086525605892 204
1738822555043 143.3684350087396 205
1738822555060 143.27626898577213 206
1738822555076 143.18436625430664 207
1738822555092 143.09272588492098 208
1738822555106 143.00134695160793 209
1738822555123 142.91022853176273 210
1738822555138 142.8193697061701 211
1738822555160 142.7287695589921 212
1738822555178 142.63842717775535 213
1738822555195 142.54834165333855 214
1738822555210 142.4585120799603 215
1738822555226 142.36893755516635 216
1738822555247 142.27961717981765 217
1738822555266 142.19055005807775 218
1738822555288 142.10173529740084 219
1738822555302 142.01317200851926 220
1738822555313 141.92485930543154 221
1738822555326 141.83679630539035 222
1738822555341 141.74898212889025 223
1738822555355 141.66141589965574 224
1738822555370 141.57409674462943 225
1738822555389 141.48702379395993 226
1738822555411 141.40019618099006 227
1738822555429 141.31361304224498 228
1738822555445 141.2272735174204 229
1738822555463 141.14117674937094 230
1738822555480 141.0553218840982 231
1738822555502 140.96970807073924 232
1738822555518 140.88433446155503 233
1738822555532 140.7992002119187 234
1738822555547 140.71430448030412 235
1738822555569 140.6296464282744 236
1738822555586 140.54522522047043 237
1738822555603 140.4610400245994 238
1738822555624 140.37709001142363 239
1738822555642 140.293374354749 240
1738822555661 140.20989223141387 241
1738822555677 140.12664282127778 242
1738822555696 140.0436253072102 243
1738822555727 139.96083887507945 244
1738822555745 139.87828271374153 245
1738822555759 139.79595601502916 246
1738822555774 139.7138579737406 247
1738822555789 139.63198778762876 248
1738822555802 139.55034465739018 249
1738822555819 139.46892778665423 250
1738822555832 139.3877363819722 251
1738822555848 139.30676965280634 252
1738822555865 139.22602681151923 253
1738822555880 139.14550707336312 254
1738822555898 139.06520965646894 255
1738822555913 138.98513378183586 256
1738822555928 138.90527867332057 257
1738822555943 138.8256435576267 258
1738822555959 138.74622766429437 259
1738822555974 138.6670302256895 260
1738822555990 138.5880504769935 261
1738822556012 138.50928765619273 262
1738822556027 138.4307410040682 263
1738822556043 138.35240976418518 264
1738822556064 138.27429318288284 265
1738822556083 138.19639050926403 266
1738822556098 138.118700995185 267
1738822556112 138.04122389524528 268
1738822556126 137.96395846677737 269
1738822556140 137.88690396983677 270
1738822556153 137.81005966719184 271
1738822556165 137.73342482431366 272
1738822556178 137.65699870936618 273
1738822556190 137.58078059319607 274
1738822556202 137.50476974932292 275
1738822556217 137.42896545392932 276
1738822556235 137.35336698585093 277
1738822556249 137.27797362656665 278
1738822556264 137.2027846601889 279
1738822556279 137.12779937345385 280
1738822556295 137.05301705571165 281
1738822556312 136.9784369989168 282
1738822556332 136.90405849761842 283
1738822556349 136.82988084895075 284
1738822556361 136.75590335262353 285
1738822556378 136.68212531091248 286
1738822556395 136.60854602864964 287
1738822556410 136.53516481321418 288
1738822556424 136.46198097452273 289
1738822556438 136.38899382502012 290
1738822556452 136.31620267966986 291
1738822556467 136.24360685594505 292
1738822556479 136.17120567381883 293
1738822556503 136.09899845575535 294
1738822556526 136.02698452670035 295
1738822556551 135.9551632140721 296
1738822556565 135.88353384775212 297
1738822556583 135.81209576007623 298
1738822556605 135.74084828582525 299
1738822556624 135.66979076221617 300
1738822556641 135.59892252889298 301
1738822556657 135.52824292791766 302
1738822556673 135.4577513037613 303
1738822556697 135.38744700329516 304
1738822556717 135.3173293757819 305
1738822556736 135.24739777286635 306
1738822556753 135.17765154856718 307
1738822556771 135.10809005926774 308
1738822556787 135.03871266370746 309
1738822556809 134.9695187229731 310
1738822556830 134.90050760049007 311
1738822556846 134.83167866201373 312
1738822556864 134.76303127562082 313
1738822556882 134.6945648117008 314
1738822556896 134.62627864294728 315
1738822556909 134.5581721443496 316
1738822556932 134.4902446931842 317
1738822556951 134.42249566900625 318
1738822556971 134.3549244536411 319
1738822556985 134.287530431176 320
1738822556998 134.22031298795164 321
1738822557012 134.1532715125538 322
1738822557036 134.0864053958051 323
1738822557050 134.0197140307567 324
1738822557062 133.95319681267998 325
1738822557076 133.8868531390584 326
1738822557089 133.82068240957932 327
1738822557103 133.75468402612574 328
1738822557118 133.68885739276826 329
1738822557136 133.62320191575697 330
1738822557152 133.5577170035133 331
1738822557165 133.4924020666221 332
1738822557181 133.4272565178236 333
1738822557194 133.3622797720053 334
1738822557214 133.29747124619425 335
1738822557227 133.23283035954893 336
1738822557240 133.16835653335136 337
1738822557252 133.10404919099952 338
1738822557264 133.03990775799912 339
1738822557277 132.97593166195603 340
1738822557289 132.9121203325685 341
1738822557302 132.84847320161933 342
1738822557315 132.78498970296823 343
1738822557327 132.72166927254406 344
1738822557340 132.65851134833727 345
1738822557354 132.59551537039215 346
1738822557375 132.53268078079924 347
1738822557389 132.47000702368797 348
1738822557406 132.40749354521873 349
1738822557422 132.34513979357567 350
1738822557439 132.28294521895916 351
1738822557457 132.22090927357812 352
1738822557474 132.15903141164287 353
1738822557490 132.09731108935753 354
1738822557505 132.03574776491266 355
1738822557522 131.97434089847803 356
1738822557539 131.9130899521951 357
1738822557556 131.85199439016992 358
1738822557574 131.79105367846574 359
1738822557587 131.73026728509578 360
1738822557604 131.66963468001603 361
1738822557618 131.60915533511806 362
1738822557635 131.5488287242219 363
1738822557653 131.48865432306872 364
1738822557671 131.428631609314 365
1738822557689 131.36876006252024 366
1738822557705 131.30903916414994 367
1738822557726 131.24946839755864 368
1738822557739 131.19004724798782 369
1738822557751 131.13077520255797 370
1738822557763 131.0716517502617 371
1738822557776 131.01267638195662 372
1738822557788 130.95384859035863 373
1738822557801 130.89516787003504 374
1738822557814 130.83663371739752 375
1738822557826 130.7782456306955 376
1738822557843 130.7200031100092 377
1738822557866 130.66190565724307 378
1738822557880 130.6039527761187 379
1738822557895 130.5461439721685 380
1738822557910 130.48847875272864 381
1738822557926 130.43095662693267 382
1738822557939 130.37357710570458 383
1738822557953 130.31633970175247 384
1738822557972 130.2592439295617 385
1738822557985 130.2022893053885 386
1738822557997 130.14547534725324 387
1738822558010 130.0888015749341 388
1738822558023 130.0322675099604 389
1738822558038 129.97587267560624 390
1738822558050 129.91961659688394 391
1738822558063 129.86349880053766 392
1738822558076 129.80751881503704 393
1738822558090 129.7516761705707 394
1738822558103 129.69597039904005 395
1738822558119 129.64040103405276 396
1738822558133 129.58496761091655 397
1738822558147 129.52966966663297 398
1738822558163 129.47450673989093 399
1738822558178 129.41947837106065 400
1738822558195 129.36458410218742 401
1738822558209 129.3098234769853 402
1738822558225 129.25519604083095 403
1738822558239 129.20070134075763 404
1738822558252 129.1463389254489 405
1738822558265 129.09210834523267 406
1738822558292 129.03800915207495 407
1738822558308 128.9840408995739 408
1738822558322 128.93020314295381 409
1738822558337 128.87649543905897 410
1738822558352 128.82291734634785 411
1738822558369 128.76946842488695 412
1738822558382 128.71614823634496 413
1738822558400 128.66295634398682 414
1738822558416 128.60989231266777 415
1738822558429 128.55695570882753 416
1738822558444 128.5041461004844 417
1738822558459 128.45146305722943 418
1738822558474 128.39890615022065 419
1738822558487 128.34647495217718 420
1738822558501 128.29416903737345 421
1738822558515 128.24198798163363 422
1738822558529 128.18993136232572 423
1738822558542 128.13799875835585 424
1738822558555 128.0861897501627 425
1738822558567 128.03450391971174 426
1738822558582 127.98294085048958 427
1738822558596 127.93150012749842 428
1738822558610 127.8801813372504 429
1738822558624 127.828984067762 430
1738822558637 127.77790790854847 431
1738822558654 127.72695245061837 432
1738822558669 127.67611728646796 433
1738822558682 127.6254020100757 434
1738822558697 127.57480621689686 435
1738822558715 127.52432950385796 436
1738822558728 127.47397146935137 437
1738822558744 127.42373171322987 438
1738822558757 127.37360983680131 439
1738822558775 127.32360544282318 440
1738822558790 127.27371813549719 441
1738822558802 127.2239475204641 442
1738822558817 127.17429320479823 443
1738822558833 127.12475479700224 444
1738822558846 127.07533190700185 445
1738822558863 127.02602414614057 446
1738822558877 126.97683112717439 447
1738822558893 126.92775246426673 448
1738822558906 126.87878777298303 449
1738822558923 126.82993667028573 450
1738822558939 126.781198774529 451
1738822558958 126.73257370545366 452
1738822558974 126.68406108418203 453
1738822558991 126.63566053321279 454
1738822559003 126.58737167641594 455
1738822559015 126.53919413902773 456
1738822559027 126.49112754764562 457
1738822559039 126.44317153022315 458
1738822559052 126.39532571606507 459
1738822559070 126.34758973582224 460
1738822559082 126.2999632214867 461
1738822559095 126.2524458063867 462
1738822559104 126.20503712518179 463
1738822559118 126.15773681385781 464
1738822559133 126.11054450972213 465
1738822559149 126.06345985139863 466
1738822559167 126.01648247882294 467
1738822559183 125.96961203323745 468
1738822559197 125.92284815718675 469
1738822559219 125.87619049451244 470
1738822559236 125.82963869034866 471
1738822559249 125.78319239111715 472
1738822559262 125.73685124452255 473
1738822559278 125.69061489954768 474
1738822559293 125.64448300644867 475
1738822559306 125.59845521675044 476
1738822559323 125.55253118324194 477
1738822559340 125.50671055997144 478
1738822559355 125.46099300224196 479
1738822559374 125.41537816660649 480
1738822559390 125.36986571086356 481
1738822559410 125.32445529405251 482
1738822559427 125.27914657644891 483
1738822559442 125.23393921956006 484
1738822559458 125.18883288612032 485
1738822559480 125.14382724008678 486
1738822559496 125.09892194663456 487
1738822559511 125.05411667215228 488
1738822559526 125.00941108423784 489
1738822559542 124.96480485169357 490
1738822559555 124.92029764452217 491
1738822559571 124.87588913392197 492
1738822559585 124.83157899228272 493
1738822559607 124.78736689318099 494
1738822559624 124.74325251137601 495
1738822559639 124.69923552280515 496
1738822559661 124.65531560457958 497
1738822559675 124.61149243498001 498
1738822559690 124.56776569345224 499
