1738680732921 117.43804843556813 0
1738680732962 181.58774341234263 1
1738680733003 401.62258063278347 2
1738680733046 165.00457826537124 3
1738680733088 152.23380669126337 4
1738680733129 144.65272863568867 5
1738680733168 159.37922583484053 6
1738680733209 103.56617763301644 7
1738680733249 161.77763585577284 8
1738680733288 239.21519415025892 9
1738680733327 116.5412787734315 10
1738680733367 229.62208899542333 11
1738680733406 177.08102748515716 12
1738680733446 107.6583566614163 13
1738680733487 169.00537860419155 14
1738680733527 193.68925143267754 15
1738680733567 157.73656738039693 16
1738680733607 188.12331313504887 17
1738680733646 258.5222366880757 18
1738680733685 174.03581448002 19
1738680733725 190.45855595093258 20
1738680733764 169.15195903992534 21
1738680733804 168.65736544439267 22
1738680733843 174.64825641668662 23
1738680733882 159.51487115925352 24
1738680733922 182.90756377669862 25
1738680733961 167.62317723980482 26
1738680734001 211.1974201129946 27
1738680734041 210.74075495373043 28
1738680734080 197.13956157797367 29
1738680734121 238.51022635513687 30
1738680734161 158.3923754994972 31
1738680734200 193.588630066411 32
1738680734239 153.34070975350699 33
1738680734278 199.1917074969002 34
1738680734317 170.644421312319 35
1738680734355 197.94505931928097 36
1738680734394 195.31911634241558 37
1738680734433 150.0190673126899 38
1738680734473 161.95972229934046 39
1738680734513 160.51997221526642 40
1738680734553 157.45514572877977 41
1738680734592 123.6938596023923 42
1738680734632 303.8764886170737 43
1738680734672 173.71990564512697 44
1738680734711 175.5090373409135 45
1738680734750 507.2604863761755 46
1738680734790 180.23445494557177 47
1738680734831 202.61855204073632 48
1738680734871 189.09224232351795 49
1738680734911 149.06390085827195 50
1738680734949 190.15926980120258 51
1738680734988 157.4286293662277 52
1738680735028 141.5525284273649 53
1738680735067 207.46446552701423 54
1738680735110 169.53572590840102 55
1738680735151 148.3795078345683 56
1738680735190 185.02525524454012 57
1738680735229 172.1847116812151 58
1738680735268 121.6971516523684 59
1738680735309 179.75871049352773 60
1738680735348 177.64155840402807 61
1738680735387 177.36785373920853 62
1738680735426 173.76866984295768 63
1738680735467 133.71216896541782 64
1738680735506 190.26956389553223 65
1738680735545 155.26614626705415 66
1738680735585 209.2519799688889 67
1738680735624 150.2157751059461 68
1738680735664 178.51016133003324 69
1738680735703 106.04894067471866 70
1738680735743 162.333607475175 71
1738680735783 178.42521679695207 72
1738680735822 244.07007659533983 73
1738680735861 166.3450218059784 74
1738680735900 170.2520328733268 75
1738680735940 192.90200178891988 76
1738680735979 224.42313415068443 77
1738680736019 185.48094600486917 78
1738680736058 157.07524044879128 79
1738680736098 463.6525707257256 80
1738680736138 179.73539789141742 81
1738680736178 198.12878909886524 82
1738680736219 157.4419277249032 83
1738680736258 191.0138654012321 84
1738680736297 201.29459447008188 85
1738680736336 146.21012421419073 86
1738680736376 92.31524447166242 87
1738680736415 143.44634298170016 88
1738680736454 190.01718502431277 89
1738680736493 109.96438544106108 90
1738680736533 156.56882046060701 91
1738680736572 119.86932736727319 92
1738680736611 169.49943454414608 93
1738680736651 325.0869222604869 94
1738680736690 104.50318654619298 95
1738680736730 210.48549520230355 96
1738680736771 238.82730546781312 97
1738680736811 202.89181597265798 98
1738680736850 168.64853071814804 99
1738680736889 152.84393890451202 100
1738680736928 107.94871890533928 101
1738680736967 188.98450166782067 102
1738680737007 138.29521453777434 103
1738680737047 185.7400299941005 104
1738680737086 175.40422794073936 105
1738680737125 208.01378703244015 106
1738680737164 151.95933142366454 107
1738680737203 145.78163955001727 108
1738680737243 182.22311769538072 109
1738680737284 94.74184482549107 110
1738680737323 134.81092679294073 111
1738680737362 136.19299939081768 112
1738680737402 3.022418986245876 113
1738680737442 152.6364441008501 114
1738680737481 237.05234407930513 115
1738680737520 151.1508527571464 116
1738680737559 156.28885922056972 117
1738680737599 235.87501109096894 118
1738680737638 126.2919223061543 119
1738680737678 189.94653318122155 120
1738680737717 158.45503893675797 121
1738680737756 135.40036826012516 122
1738680737796 148.04364555441703 123
1738680737836 173.57063736792782 124
1738680737875 201.759977991799 125
1738680737915 158.12672053112297 126
1738680737954 212.7010965253708 127
1738680737994 116.79725443030868 128
1738680738033 175.414937721422 129
1738680738072 155.97752652546197 130
1738680738111 171.82724625110623 131
1738680738150 208.5979230286923 132
1738680738190 171.33998826743155 133
1738680738229 134.95987247586572 134
1738680738268 208.11934229246813 135
1738680738308 280.59121043320346 136
1738680738348 158.75505387392772 137
1738680738387 219.7554689071385 138
1738680738427 164.91362920926983 139
1738680738466 148.91116799884762 140
1738680738505 168.41342633384707 141
1738680738545 180.48182399032785 142
1738680738584 164.76111736783992 143
1738680738623 159.92070286060581 144
1738680738662 223.03521481074188 145
1738680738701 156.55902112236996 146
1738680738740 183.35080718338827 147
1738680738780 128.44794483180087 148
1738680738819 151.75497749000945 149
1738680738858 183.16886130979685 150
1738680738899 214.78483841242078 151
1738680738938 353.8998426567885 152
1738680738978 133.5119411692083 153
1738680739017 123.92252803000976 154
1738680739056 184.3977649625403 155
1738680739095 173.64099129968753 156
1738680739135 144.4098422759356 157
1738680739174 206.74747609265575 158
1738680739213 163.29804895591508 159
1738680739253 153.02544375069098 160
1738680739292 59.50818396235858 161
1738680739331 94.53150970337835 162
1738680739370 162.51084293776876 163
1738680739410 196.45445643557994 164
1738680739450 83.65880076033069 165
1738680739489 182.9493488142023 166
1738680739528 214.63862620395048 167
1738680739567 221.14316636925759 168
1738680739607 163.8516339551791 169
1738680739646 192.18788725263875 170
1738680739685 170.3005108917637 171
1738680739725 161.3954181504313 172
1738680739764 106.74587795434965 173
1738680739804 110.54626572309478 174
1738680739843 179.33236617873695 175
1738680739883 177.81596141878674 176
1738680739922 154.25686657075514 177
1738680739962 207.94135910251785 178
1738680740002 232.1118313903227 179
1738680740041 177.57403431744524 180
1738680740080 305.9292932496741 181
1738680740119 194.8721110644283 182
1738680740159 251.96951184462964 183
1738680740198 140.19015347653988 184
1738680740237 253.7490183560844 185
1738680740277 180.94258203839237 186
1738680740316 146.8979894761566 187
1738680740355 115.33187963626285 188
1738680740395 172.121565931929 189
1738680740434 150.5625409184759 190
1738680740475 215.81612816808502 191
1738680740514 157.6420558960348 192
1738680740554 172.6503154736493 193
1738680740593 160.836114484196 194
1738680740633 144.91402841319322 195
1738680740673 151.48825290230278 196
1738680740712 216.56073357208444 197
1738680740751 162.6614637339938 198
1738680740791 153.57860506109336 199
1738680740830 227.41068837921185 200
1738680740870 18.61574383335403 201
1738680740909 207.26639968507462 202
1738680740948 114.19486475347179 203
1738680740987 169.81018414405006 204
1738680741028 151.88979335643933 205
1738680741067 183.84072342914763 206
1738680741106 170.21703169347867 207
1738680741146 199.78647819992838 208
1738680741185 157.7379521813391 209
1738680741224 181.59633949527463 210
1738680741264 224.68960666499495 211
1738680741304 136.00107863538258 212
1738680741343 123.07846229995604 213
1738680741382 195.8310080264718 214
1738680741421 200.70904070216585 215
1738680741460 160.82730041776068 216
1738680741500 25.014498367871976 217
1738680741540 174.22105522662753 218
1738680741580 179.2819600928609 219
1738680741619 152.70500700369723 220
1738680741658 84.59981679495537 221
1738680741697 187.17875694937885 222
1738680741736 177.9910860156703 223
1738680741775 179.51327646693198 224
1738680741814 134.112527019659 225
1738680741853 112.87508537390659 226
1738680741893 178.0499000087668 227
1738680741933 228.42376201292134 228
1738680741973 180.3859130224477 229
1738680742012 184.66852889392914 230
1738680742051 200.51009985612058 231
1738680742092 180.39624127954895 232
1738680742131 142.5527542659134 233
1738680742170 166.44071016352694 234
1738680742209 196.6239431627467 235
1738680742248 211.54231921328483 236
1738680742287 131.36391852702107 237
1738680742327 319.6721678577058 238
1738680742366 223.3935110622274 239
1738680742405 161.08863621465403 240
1738680742445 243.23048546468908 241
1738680742484 113.26056347726957 242
1738680742523 151.61857958920112 243
1738680742564 182.3314147076705 244
1738680742604 173.81592521694807 245
1738680742643 137.4643498395863 246
1738680742683 176.37888944518906 247
1738680742722 154.50970937969927 248
1738680742762 166.20832924427847 249
1738680742801 147.81286192377095 250
1738680742840 148.3715505836612 251
1738680742880 67.1538187019062 252
1738680742919 126.13626420685658 253
1738680742959 160.66131244441698 254
1738680742998 151.75271114520805 255
1738680743037 194.32546791937168 256
1738680743077 147.24051834866512 257
1738680743117 194.7559804233588 258
1738680743157 158.66190465625826 259
1738680743196 154.10464938603712 260
1738680743236 179.1414706085896 261
1738680743275 188.57481680783866 262
1738680743314 131.04605054340257 263
1738680743354 212.24880387959013 264
1738680743393 145.02119204548612 265
1738680743432 157.89318585575174 266
1738680743471 174.71341516818148 267
1738680743511 163.62459538449227 268
1738680743550 66.9198452763237 269
1738680743590 131.00932379925305 270
1738680743630 172.29214657847317 271
1738680743671 203.05982745573866 272
1738680743711 158.94082298370904 273
1738680743750 174.85288020728683 274
1738680743789 242.48605172614273 275
1738680743829 161.6074890266566 276
1738680743869 203.0822887407627 277
1738680743908 176.79263859230872 278
1738680743947 187.57250068227742 279
1738680743987 166.54585166076612 280
1738680744026 189.1655465097382 281
1738680744065 198.08727528312002 282
1738680744105 128.36708401560378 283
1738680744144 139.09787771241903 284
1738680744189 158.0127217203167 285
1738680744231 193.8931630788564 286
1738680744271 160.68278610585423 287
1738680744311 143.74006336350183 288
1738680744350 130.56210528367006 289
1738680744389 294.43191333343134 290
1738680744429 180.4008868206765 291
1738680744469 169.87305694278524 292
1738680744508 174.01927979556953 293
1738680744548 170.27548671088977 294
1738680744587 163.74423362654971 295
1738680744626 163.12594889573919 296
1738680744666 200.02359479752462 297
1738680744705 166.91284294491624 298
1738680744746 179.88366883392177 299
1738680744785 111.69708395637535 300
1738680744824 143.4896885319641 301
1738680744863 157.53705390645487 302
1738680744902 175.8981574492646 303
1738680744942 470.5620560091352 304
1738680744981 123.19847769952659 305
1738680745020 165.83075875204298 306
1738680745059 222.73008827236816 307
1738680745098 162.2343955324198 308
1738680745137 151.29631415021808 309
1738680745176 271.36100687478466 310
1738680745215 186.69653748816341 311
1738680745254 158.31829581049232 312
1738680745296 162.9470858671885 313
1738680745335 210.36790664181675 314
1738680745375 160.14431319050635 315
1738680745414 152.31224675074296 316
1738680745453 142.8604879773046 317
1738680745492 82.83105153277522 318
1738680745532 191.0921354500534 319
1738680745571 172.1770655040965 320
1738680745610 179.1083626796633 321
1738680745649 160.54355157381764 322
1738680745689 129.74933203101716 323
1738680745728 253.68141670161688 324
1738680745767 199.587867849866 325
1738680745807 185.01463237678726 326
1738680745846 189.63804578306622 327
1738680745886 170.4773751546333 328
1738680745926 188.34285013050228 329
1738680745965 169.98268945890652 330
1738680746004 172.39816287573268 331
1738680746044 161.28197483282025 332
1738680746083 225.48949663377763 333
1738680746122 127.290398865215 334
1738680746161 147.24875303883303 335
1738680746200 151.57379242384502 336
1738680746240 190.86896264572056 337
1738680746279 231.02873147212773 338
1738680746318 107.68556931520058 339
1738680746358 137.68848765254634 340
1738680746397 82.66968847506024 341
1738680746436 141.16872216806937 342
1738680746476 171.85916692275964 343
1738680746516 167.36701281597374 344
1738680746555 227.3778129347196 345
1738680746594 147.10186726595438 346
1738680746632 152.79666762882138 347
1738680746671 173.57072470255778 348
1738680746711 220.71976365505526 349
1738680746749 206.36484491906904 350
1738680746788 132.07858642805488 351
1738680746828 146.34279571457947 352
1738680746867 136.94280945895972 353
1738680746907 186.67208888767132 354
1738680746946 229.45764967485783 355
1738680746985 152.00152351233066 356
1738680747025 149.60209420414617 357
1738680747065 193.41095433624864 358
1738680747104 173.2504366727508 359
1738680747143 115.3618100318162 360
1738680747183 121.89247461125944 361
1738680747222 163.71122733112017 362
1738680747261 145.97639031110242 363
1738680747300 58.63139008145504 364
1738680747340 106.40531052231677 365
1738680747379 222.47889527372178 366
1738680747420 150.3890283982795 367
1738680747460 186.13955104295013 368
1738680747499 170.55034657363504 369
1738680747538 128.54875611965153 370
1738680747578 179.88473114568026 371
1738680747617 132.51177469454802 372
1738680747656 152.00188781143308 373
1738680747696 160.66690854825225 374
1738680747735 149.57598286355093 375
1738680747774 262.58875667956846 376
1738680747813 186.9588637830335 377
1738680747852 100.00620811506546 378
1738680747892 159.03769739960424 379
1738680747931 290.3020478673455 380
1738680747971 254.85194753084704 381
1738680748010 173.60764689107677 382
1738680748049 191.81689646485503 383
1738680748088 206.17316861038736 384
1738680748128 175.38690563343874 385
1738680748167 196.12372334251185 386
1738680748207 183.0567073239868 387
1738680748246 158.96752198002864 388
1738680748285 213.3834857178426 389
1738680748324 182.67402907184115 390
1738680748363 151.07860223542792 391
1738680748403 195.30513882832312 392
1738680748442 193.46085277394744 393
1738680748481 112.58034754454916 394
1738680748520 235.6896362157283 395
1738680748560 302.667698057037 396
1738680748598 197.63459789578272 397
1738680748638 115.25547484995376 398
1738680748678 92.37923403817169 399
1738680748718 100.12676848377933 400
1738680748757 291.3365271160391 401
1738680748797 253.894527732937 402
1738680748837 206.75691212237783 403
1738680748876 143.24923874550655 404
1738680748916 234.0829734871067 405
1738680748955 138.7367048289091 406
1738680748995 178.85305955778628 407
1738680749035 188.5461513737325 408
1738680749075 134.23784964995966 409
1738680749114 131.84406177499415 410
1738680749153 159.11904685613314 411
1738680749193 157.7123345192364 412
1738680749232 184.27586947614185 413
1738680749271 205.2136357596111 414
1738680749311 294.06970495925583 415
1738680749350 146.62389576449647 416
1738680749390 82.30091882052126 417
1738680749429 180.7906853690814 418
1738680749467 206.65828155288904 419
1738680749506 181.85405333610086 420
1738680749546 224.19340915346092 421
1738680749586 146.15854085542335 422
1738680749625 201.55164562653428 423
1738680749664 91.1781661192644 424
1738680749703 257.85956805032214 425
1738680749742 133.99559585588943 426
1738680749781 323.3953020650866 427
1738680749821 169.071629131523 428
1738680749860 177.008301473588 429
1738680749900 157.55153628562752 430
1738680749939 180.36169054637844 431
1738680749978 144.6300756452095 432
1738680750017 185.78347564341453 433
1738680750056 165.1162351258509 434
1738680750097 106.76678925610696 435
1738680750137 214.47126392135223 436
1738680750176 173.3359669453586 437
1738680750215 168.59309033864153 438
1738680750254 161.9325524330501 439
1738680750293 160.70986054115028 440
1738680750332 205.51031879861236 441
1738680750371 164.47232955734773 442
1738680750410 223.89633947753282 443
1738680750449 209.3946112955549 444
1738680750489 212.91000212535354 445
1738680750528 176.65227298122423 446
1738680750567 161.1765751270248 447
1738680750607 117.44754222028645 448
1738680750647 183.98828955986278 449
1738680750687 91.95643869460858 450
1738680750726 136.45060866057761 451
1738680750764 121.89012564500372 452
1738680750804 220.1690387739875 453
1738680750844 170.60563498056524 454
1738680750883 207.82315288148257 455
1738680750922 167.81255796377934 456
1738680750962 177.71062646367403 457
1738680751001 156.45136023595686 458
1738680751040 169.67815699596142 459
1738680751080 169.80898612459532 460
1738680751118 166.90425446954916 461
1738680751158 144.9845247886072 462
1738680751198 161.63924471555993 463
1738680751237 131.074878321069 464
1738680751277 162.7813775121363 465
1738680751316 180.90391592700246 466
1738680751355 188.09212193235902 467
1738680751395 87.4161113580865 468
1738680751434 173.54082224649 469
1738680751473 326.2531131092747 470
1738680751512 157.12379503290833 471
1738680751551 210.79813049469013 472
1738680751590 343.10070179896775 473
1738680751630 222.51148477248285 474
1738680751669 165.01941023742887 475
1738680751709 197.49514745641287 476
1738680751748 189.76116439751675 477
1738680751788 159.98510456557221 478
1738680751827 130.4829561067267 479
1738680751866 175.32831651612776 480
1738680751905 299.6033334018362 481
1738680751944 295.3718022178872 482
1738680751983 139.95172881550275 483
1738680752022 246.84126579598018 484
1738680752062 161.72949053144757 485
1738680752101 153.48009812178682 486
1738680752140 156.71187313152896 487
1738680752179 157.66801758368788 488
1738680752219 255.62287940976248 489
1738680752259 148.9159778958245 490
1738680752298 160.9222808957686 491
1738680752337 127.0977185830052 492
1738680752377 175.74653921478279 493
1738680752416 155.50229214284454 494
1738680752455 190.3943931689703 495
1738680752494 196.01699628497454 496
1738680752534 99.56831438968626 497
1738680752573 152.17613763502834 498
1738680752613 187.39011903859685 499
