1738678215629 169.4806387665546 0
1738678215649 169.23898823162202 1
1738678215670 168.85076447887292 2
1738678215685 168.3325375073931 3
1738678215702 167.69987940925725 4
1738678215721 166.96732142994887 5
1738678215742 166.1483388737887 6
1738678215759 165.25535742077696 7
1738678215780 164.29977562034287 8
1738678215802 163.29199932239104 9
1738678215828 162.24148462994134 10
1738678215854 161.15678663851594 11
1738678215875 160.045611788737 12
1738678215898 158.91487212011174 13
1738678215917 157.77074009229528 14
1738678215932 156.61870294917009 15
1738678215948 155.4636158525476 16
1738678215964 154.30975321598592 17
1738678215980 153.16085783332898 18
1738678215995 152.02018752797397 19
1738678216016 150.89055915330846 20
1738678216037 149.77438985700925 21
1738678216054 148.6737355859666 22
1738678216070 147.59032685780983 23
1738678216087 146.52560186213165 24
1738678216102 145.48073698183595 25
1738678216117 144.45667484446594 26
1738678216132 143.45415002648087 27
1738678216151 142.47371254153538 28
1738678216164 141.5157492479434 29
1738678216178 140.5805033115504 30
1738678216196 139.66809185891125 31
1738678216214 138.7785219525569 32
1738678216231 137.91170501569988 33
1738678216250 137.06746982836248 34
1738678216265 136.24557421090958 35
1738678216281 135.44571550457914 36
1738678216295 134.66753995201256 37
1738678216315 133.91065107414738 38
1738678216331 133.1746171332582 39
1738678216348 132.45897776550484 40
1738678216363 131.76324986013378 41
1738678216377 131.08693275652539 42
1738678216390 130.4295128246139 43
1738678216403 129.79046748885293 44
1738678216416 129.1692687508596 45
1738678216432 128.56538626115596 46
1738678216446 127.97828998602573 47
1738678216468 127.40745251141834 48
1738678216489 126.85235102204418 49
1738678216511 126.31246899030666 50
1738678216538 125.78729760649244 51
1738678216558 125.27633697867708 52
1738678216577 124.77909712808214 53
1738678216597 124.2950988031301 54
1738678216615 123.82387413316454 55
1738678216636 123.36496714072533 56
1738678216655 122.91793412937346 57
1738678216679 122.4823439623361 58
1738678216693 122.05777824567564 59
1738678216719 121.6438314282637 60
1738678216735 121.24011082955192 61
1738678216748 120.8462366049629 62
1738678216762 120.46184165766891 63
1738678216780 120.08657150457083 64
1738678216794 119.7200841034285 65
1738678216806 119.3620496473167 66
1738678216822 119.01215033188069 67
1738678216836 118.67008010023605 68
1738678216852 118.33554436979075 69
1738678216867 118.00825974475953 70
1738678216884 117.6879537176838 71
1738678216899 117.37436436286234 72
1738678216923 117.06724002423124 73
1738678216938 116.76633899990495 74
1738678216951 116.47142922529787 75
1738678216967 116.18228795648477 76
1738678216979 115.89870145522676 77
1738678216995 115.62046467688222 78
1738678217010 115.34738096223869 79
1738678217025 115.07926173413895 80
1738678217037 114.81592619963 81
1738678217052 114.55720105823616 82
1738678217066 114.30292021684517 83
1738678217082 114.05292451159657 84
1738678217102 113.80706143707525 85
1738678217132 113.56518488303574 86
1738678217164 113.32715487881767 87
1738678217190 113.09283734555275 88
1738678217208 112.8621038562153 89
1738678217239 112.63483140352288 90
1738678217264 112.41090217565768 91
1738678217304 112.19020333974588 92
1738678217331 111.97262683300598 93
1738678217351 111.75806916145321 94
1738678217366 111.5464312060287 95
1738678217390 111.33761803600488 96
1738678217407 111.13153872950724 97
1738678217430 110.9281062009804 98
1738678217451 110.72723703541983 99
1738678217465 110.52885132918298 100
1738678217483 110.33287253719035 101
1738678217498 110.13922732632315 102
1738678217515 109.94784543482315 103
1738678217533 109.75865953749974 104
1738678217553 109.57160511654943 105
1738678217571 109.38662033779471 106
1738678217585 109.203645932151 107
1738678217598 109.02262508213327 108
1738678217613 108.84350331321669 109
1738678217628 108.66622838986989 110
1738678217643 108.49075021608265 111
1738678217656 108.31702074021428 112
1738678217672 108.14499386399378 113
1738678217684 107.97462535550662 114
1738678217696 107.80587276600852 115
1738678217717 107.63869535041076 116
1738678217736 107.4730539912868 117
1738678217759 107.30891112625467 118
1738678217779 107.14623067859416 119
1738678217794 106.98497799096354 120
1738678217809 106.82511976208416 121
1738678217823 106.66662398626666 122
1738678217840 106.5094598956573 123
1738678217862 106.353597905087 124
1738678217876 106.19900955941011 125
1738678217892 106.04566748322513 126
1738678217908 105.89354533287235 127
1738678217924 105.74261775060928 128
1738678217942 105.59286032086696 129
1738678217956 105.4442495284957 130
1738678217971 105.29676271891144 131
1738678217983 105.15037806005805 132
1738678217997 105.00507450610466 133
1738678218010 104.86083176279992 134
1738678218027 104.71763025440855 135
1738678218040 104.57545109215951 136
1738678218053 104.43427604413668 137
1738678218070 104.29408750654729 138
1738678218085 104.15486847630532 139
1738678218099 104.01660252487028 140
1738678218121 103.87927377328397 141
1738678218141 103.74286686835073 142
1738678218156 103.60736695990896 143
1738678218169 103.4727596791437 144
1738678218186 103.33903111789316 145
1738678218200 103.20616780890269 146
1738678218214 103.07415670698376 147
1738678218232 102.94298517103519 148
1738678218246 102.81264094688825 149
1738678218263 102.68311215093614 150
1738678218279 102.5543872545131 151
1738678218300 102.42645506898782 152
1738678218315 102.29930473153799 153
1738678218332 102.17292569157516 154
1738678218353 102.04730769778942 155
1738678218369 101.92244078578514 156
1738678218389 101.79831526628058 157
1738678218404 101.67492171384546 158
1738678218422 101.55225095615101 159
1738678218437 101.43029406370931 160
1738678218451 101.30904234007883 161
1738678218468 101.18848731251481 162
1738678218481 101.06862072304361 163
1738678218495 100.94943451994169 164
1738678218511 100.83092084959999 165
1738678218527 100.71307204875616 166
1738678218541 100.59588063707754 167
1738678218554 100.47933931007839 168
1738678218568 100.36344093235606 169
1738678218583 100.24817853113117 170
1738678218597 100.13354529007792 171
1738678218617 100.01953454343045 172
1738678218634 99.90613977035336 173
1738678218655 99.79335458956324 174
1738678218672 99.68117275419016 175
1738678218689 99.56958814686769 176
1738678218704 99.45859477504091 177
1738678218719 99.34818676648233 178
1738678218737 99.23835836500614 179
1738678218750 99.12910392637137 180
1738678218763 99.02041791436555 181
1738678218776 98.91229489706002 182
1738678218790 98.80472954322963 183
1738678218802 98.69771661892847 184
1738678218815 98.59125098421495 185
1738678218830 98.4853275900191 186
1738678218850 98.37994147514557 187
1738678218866 98.27508776340592 188
1738678218886 98.17076166087462 189
1738678218901 98.06695845326252 190
1738678218916 97.96367350340276 191
1738678218930 97.86090224884376 192
1738678218952 97.75864019954459 193
1738678218967 97.65688293566754 194
1738678219051 97.55562610546393 195
1738678219241 97.45486542324869 196
1738678219287 97.3545966674593 197
1738678219403 97.25481567879604 198
1738678219422 97.15551835843864 199
1738678219439 97.05670066633725 200
1738678219463 96.95835861957286 201
1738678219629 96.8604882907853 202
1738678219667 96.76308580666472 203
1738678219684 96.66614734650443 204
1738678219702 96.5696691408117 205
1738678219717 96.47364746997434 206
1738678219731 96.37807866298017 207
1738678219744 96.28295909618731 208
1738678219759 96.18828519214271 209
1738678219773 96.09405341844692 210
1738678219788 96.00026028666282 211
1738678219802 95.90690235126668 212
1738678219821 95.81397620863919 213
1738678219835 95.72147849609503 214
1738678219851 95.62940589094899 215
1738678219867 95.53775510961731 216
1738678219893 95.44652290675228 217
1738678219908 95.3557060744089 218
1738678219923 95.26530144124212 219
1738678219937 95.17530587173329 220
1738678219955 95.08571626544435 221
1738678219971 94.99652955629878 222
1738678219984 94.90774271188823 223
1738678219998 94.81935273280308 224
1738678220011 94.73135665198676 225
1738678220027 94.64375153411193 226
1738678220047 94.5565344749783 227
1738678220063 94.46970260093066 228
1738678220079 94.38325306829633 229
1738678220091 94.29718306284141 230
1738678220105 94.21148979924484 231
1738678220124 94.1261705205894 232
1738678220141 94.04122249786916 233
1738678220160 93.95664302951259 234
1738678220173 93.87242944092064 235
1738678220187 93.78857908401898 236
1738678220202 93.70508933682423 237
1738678220217 93.62195760302325 238
1738678220234 93.53918131156493 239
1738678220253 93.45675791626417 240
1738678220269 93.37468489541742 241
1738678220287 93.29295975142932 242
1738678220315 93.21158001044985 243
1738678220336 93.13054322202188 244
1738678220351 93.04984695873841 245
1738678220369 92.96948881590912 246
1738678220384 92.88946641123606 247
1738678220404 92.80977738449795 248
1738678220425 92.7304193972427 249
1738678220441 92.65139013248792 250
1738678220463 92.57268729442929 251
1738678220488 92.49430860815593 252
1738678220503 92.41625181937313 253
1738678220520 92.33851469413173 254
1738678220535 92.2610950185641 255
1738678220554 92.18399059862634 256
1738678220573 92.10719925984647 257
1738678220590 92.03071884707872 258
1738678220609 91.95454722426307 259
1738678220630 91.87868227419028 260
1738678220647 91.80312189827225 261
1738678220665 91.72786401631727 262
1738678220684 91.65290656631007 263
1738678220702 91.57824750419645 264
1738678220722 91.50388480367272 265
1738678220739 91.42981645597892 266
1738678220755 91.35604046969682 267
1738678220770 91.28255487055134 268
1738678220784 91.20935770121633 269
1738678220799 91.1364470211239 270
1738678220812 91.0638209062773 271
1738678220829 90.99147744906753 272
1738678220849 90.91941475809311 273
1738678220865 90.84763095798326 274
1738678220881 90.77612418922419 275
1738678220895 90.70489260798855 276
1738678220911 90.6339343859677 277
1738678220929 90.563247710207 278
1738678220943 90.4928307829438 279
1738678220958 90.42268182144826 280
1738678220976 90.35279905786658 281
1738678220990 90.28318073906688 282
1738678221004 90.21382512648773 283
1738678221018 90.14473049598875 284
1738678221034 90.07589513770374 285
1738678221049 90.00731735589602 286
1738678221063 89.93899546881603 287
1738678221079 89.87092780856088 288
1738678221091 89.80311272093624 289
1738678221107 89.73554856532004 290
1738678221125 89.66823371452826 291
1738678221143 89.60116655468251 292
1738678221158 89.53434548507965 293
1738678221172 89.46776891806309 294
1738678221185 89.40143527889589 295
1738678221199 89.33534300563564 296
1738678221214 89.26949054901095 297
1738678221230 89.2038763722997 298
1738678221245 89.13849895120875 299
1738678221258 89.07335677375526 300
1738678221274 89.00844834014971 301
1738678221289 88.94377216268018 302
1738678221304 88.87932676559811 303
1738678221321 88.8151106850058 304
1738678221339 88.75112246874488 305
1738678221354 88.68736067628643 306
1738678221370 88.62382387862239 307
1738678221384 88.5605106581582 308
1738678221397 88.4974196086068 309
1738678221418 88.43454933488391 310
1738678221435 88.37189845300445 311
1738678221449 88.30946558998022 312
1738678221463 88.24724938371888 313
1738678221481 88.18524848292385 314
1738678221498 88.12346154699554 315
1738678221520 88.0618872459337 316
1738678221538 88.00052426024074 317
1738678221557 87.93937128082628 318
1738678221576 87.8784270089126 319
1738678221594 87.8176901559413 320
1738678221613 87.75715944348097 321
1738678221636 87.69683360313559 322
1738678221656 87.63671137645439 323
1738678221679 87.5767915148422 324
1738678221705 87.51707277947122 325
1738678221722 87.45755394119331 326
1738678221745 87.39823378045347 327
1738678221766 87.33911108720416 328
1738678221778 87.28018466082052 329
1738678221794 87.22145331001651 330
1738678221809 87.16291585276178 331
1738678221824 87.10457111619964 332
1738678221840 87.0464179365656 333
1738678221855 86.988455159107 334
1738678221875 86.93068163800329 335
1738678221900 86.87309623628717 336
1738678221922 86.81569782576663 337
1738678221944 86.75848528694742 338
1738678222002 86.70145750895695 339
1738678222018 86.64461338946815 340
1738678222037 86.58795183462479 341
1738678222057 86.53147175896719 342
1738678222072 86.4751720853586 343
1738678222089 86.4190517449126 344
1738678222105 86.36310967692094 345
1738678222118 86.30734482878225 346
1738678222136 86.2517561559314 347
1738678222153 86.19634262176947 348
1738678222175 86.14110319759465 349
1738678222198 86.08603686253336 350
1738678222224 86.03114260347262 351
1738678222239 85.97641941499253 352
1738678222256 85.92186629929985 353
1738678222271 85.86748226616177 354
1738678222291 85.81326633284073 355
1738678222304 85.75921752402962 356
1738678222317 85.7053348717877 357
1738678222331 85.65161741547705 358
1738678222347 85.59806420169967 359
1738678222371 85.54467428423521 360
1738678222387 85.4914467239793 361
1738678222408 85.43838058888225 362
1738678222425 85.38547495388869 363
1738678222440 85.33272890087751 364
1738678222460 85.28014151860236 365
1738678222478 85.22771190263298 366
1738678222499 85.17543915529667 367
1738678222513 85.12332238562072 368
1738678222530 85.07136070927504 369
1738678222544 85.0195532485156 370
1738678222562 84.96789913212812 371
1738678222576 84.91639749537258 372
1738678222597 84.865047479928 373
1738678222610 84.81384823383789 374
1738678222623 84.7627989114561 375
1738678222669 84.71189867339326 376
1738678222685 84.66114668646361 377
1738678222698 84.61054212363247 378
1738678222714 84.56008416396406 379
1738678222727 84.50977199256981 380
1738678222740 84.45960480055732 381
1738678222760 84.40958178497944 382
1738678222788 84.35970214878431 383
1738678222838 84.30996510076527 384
1738678222873 84.2603698555118 385
1738678222889 84.21091563336054 386
1738678222903 84.16160166034683 387
1738678222919 84.11242716815686 388
1738678222936 84.06339139407991 389
1738678222952 84.01449358096154 390
1738678222970 83.9657329771566 391
1738678222987 83.91710883648325 392
1738678223003 83.8686204181769 393
1738678223024 83.820266986845 394
1738678223041 83.77204781242182 395
1738678223061 83.72396217012405 396
1738678223078 83.67600934040655 397
1738678223097 83.62818860891848 398
1738678223114 83.58049926646001 399
1738678223147 83.53294060893928 400
1738678223182 83.48551193732979 401
1738678223211 83.43821255762818 402
1738678223234 83.39104178081236 403
1738678223249 83.3439989228001 404
1738678223268 83.29708330440788 405
1738678223293 83.25029425131025 406
1738678223310 83.20363109399936 407
1738678223325 83.15709316774505 408
1738678223340 83.11067981255522 409
1738678223356 83.06439037313648 410
1738678223374 83.01822419885538 411
1738678223387 82.97218064369966 412
1738678223399 82.9262590662401 413
1738678223417 82.88045882959271 414
1738678223446 82.83477930138108 415
1738678223469 82.78921985369918 416
1738678223487 82.74377986307462 417
1738678223506 82.69845871043188 418
1738678223522 82.6532557810563 419
1738678223537 82.60817046455807 420
1738678223553 82.56320215483679 421
1738678223568 82.51835025004594 422
1738678223587 82.47361415255831 423
1738678223605 82.42899326893104 424
1738678223624 82.38448700987153 425
1738678223645 82.34009479020334 426
1738678223662 82.29581602883242 427
1738678223685 82.25165014871381 428
1738678223702 82.20759657681847 429
1738678223731 82.16365474410046 430
1738678223750 82.11982408546444 431
1738678223764 82.07610403973341 432
1738678223778 82.03249404961679 433
1738678223793 81.98899356167863 434
1738678223808 81.94560202630646 435
1738678223822 81.9023188976799 436
1738678223837 81.85914363374015 437
1738678223862 81.81607569615907 438
1738678223882 81.77311455030915 439
1738678223900 81.73025966523345 440
1738678223924 81.6875105136157 441
1738678223948 81.64486657175107 442
1738678223970 81.6023273195166 443
1738678223993 81.55989224034255 444
1738678224012 81.51756082118347 445
1738678224031 81.4753325524898 446
1738678224050 81.43320692817974 447
1738678224070 81.39118344561112 448
1738678224091 81.34926160555385 449
1738678224113 81.30744091216228 450
1738678224139 81.2657208729481 451
1738678224158 81.22410099875334 452
1738678224178 81.18258080372352 453
1738678224199 81.14115980528122 454
1738678224219 81.09983752409974 455
1738678224240 81.05861348407706 456
1738678224261 81.01748721231007 457
1738678224276 80.97645823906889 458
1738678224298 80.93552609777144 459
1738678224316 80.89469032495853 460
1738678224335 80.85395046026859 461
1738678224352 80.81330604641327 462
1738678224376 80.77275662915274 463
1738678224394 80.73230175727146 464
1738678224412 80.69194098255412 465
1738678224428 80.65167385976176 466
1738678224442 80.61149994660818 467
1738678224460 80.57141880373642 468
1738678224480 80.5314299946955 469
1738678224498 80.49153308591745 470
1738678224513 80.4517276466945 471
1738678224527 80.41201324915629 472
1738678224545 80.37238946824759 473
1738678224564 80.33285588170595 474
1738678224579 80.29341207003971 475
1738678224596 80.25405761650609 476
1738678224611 80.21479210708954 477
1738678224627 80.1756151304803 478
1738678224650 80.13652627805303 479
1738678224693 80.09752514384569 480
1738678224722 80.05861132453873 481
1738678224736 80.01978441943426 482
1738678224754 79.98104403043543 483
1738678224769 79.94238976202615 484
1738678224784 79.9038212212508 485
1738678224802 79.86533801769424 486
1738678224817 79.82693976346195 487
1738678224833 79.78862607316027 488
1738678224847 79.75039656387698 489
1738678224861 79.71225085516181 490
1738678224875 79.67418856900746 491
1738678224888 79.63620932983031 492
1738678224901 79.59831276445186 493
1738678224919 79.56049850207977 494
1738678224931 79.52276617428952 495
1738678224945 79.48511541500586 496
1738678224958 79.44754586048485 497
1738678224974 79.41005714929554 498
1738678224996 79.37264892230216 499
