1738824451778 131.18545844384036 0
1738824451821 142.2973268714912 1
1738824451864 178.72692231720964 2
1738824451909 254.56255791831887 3
1738824451953 172.51308324556314 4
1738824452027 208.01947429983127 5
1738824452071 127.4040603574001 6
1738824452114 165.6862252543501 7
1738824452158 64.39311595844013 8
1738824452201 179.71121814878813 9
1738824452244 134.09706632921615 10
1738824452286 193.22605138219757 11
1738824452328 179.43860360568803 12
1738824452370 154.44782765641145 13
1738824452412 221.7352126151779 14
1738824452455 127.70639486952025 15
1738824452497 91.96690050226982 16
1738824452539 158.74733187046752 17
1738824452581 132.2843420567178 18
1738824452623 144.08803108795033 19
1738824452666 151.78276829311864 20
1738824452708 126.47442572552316 21
1738824452750 201.30269679679736 22
1738824452792 155.2040160995082 23
1738824452835 239.6460043922214 24
1738824452878 158.73929419459074 25
1738824452920 167.34014807338528 26
1738824452961 172.162355314937 27
1738824453005 138.89538594301342 28
1738824453048 166.15540087894345 29
1738824453091 157.543411999423 30
1738824453135 25.23578710104707 31
1738824453179 200.53563184454998 32
1738824453223 182.73948088624059 33
1738824453267 65.5481319306834 34
1738824453311 206.1225860503534 35
1738824453353 163.8095256820905 36
1738824453395 157.73394692128682 37
1738824453437 204.01301317956856 38
1738824453479 150.57708796112692 39
1738824453521 178.47031004039349 40
1738824453563 130.1758804707462 41
1738824453605 348.2975255551932 42
1738824453647 185.11999472869746 43
1738824453689 180.68771840401558 44
1738824453731 215.4949383178591 45
1738824453773 324.3370910478643 46
1738824453818 150.4943820775291 47
1738824453860 146.32016207897757 48
1738824453902 193.65855672679035 49
1738824453946 141.9301560268139 50
1738824453991 96.88847561749424 51
1738824454034 150.71602604160398 52
1738824454077 184.45677468114854 53
1738824454121 182.39521040008492 54
1738824454165 160.86753641819652 55
1738824454207 185.2056190556658 56
1738824454250 201.28352199413226 57
1738824454292 193.6570526812229 58
1738824454336 195.17314222086918 59
1738824454381 73.87634014672105 60
1738824454423 136.49193830849785 61
1738824454465 197.16177899637688 62
1738824454508 132.41509301292754 63
1738824454550 162.62749874202308 64
1738824454592 178.38933839391854 65
1738824454633 241.87534766152166 66
1738824454676 157.18928448265757 67
1738824454717 144.0043028845924 68
1738824454759 215.01686722046705 69
1738824454801 91.15367060444846 70
1738824454843 238.3170604146812 71
1738824454886 165.78360158350998 72
1738824454927 167.02532054187907 73
1738824454968 146.40448731516986 74
1738824455014 209.83882477760903 75
1738824455056 144.81715205164306 76
1738824455098 132.87093862014464 77
1738824455140 216.5003824510412 78
1738824455182 64.51920691923839 79
1738824455224 157.79243285792776 80
1738824455266 160.49316724084343 81
1738824455308 163.21058012472432 82
1738824455350 99.4529635185824 83
1738824455391 132.3599010569417 84
1738824455433 222.10684957415805 85
1738824455476 184.88667495430823 86
1738824455518 262.6716107862525 87
1738824455561 188.7024827795391 88
1738824455604 132.05713864341988 89
1738824455646 128.02709518942675 90
1738824455688 136.9455130150108 91
1738824455729 257.1214938191581 92
1738824455771 108.90761999374537 93
1738824455817 163.61113654399458 94
1738824455859 176.72594256407586 95
1738824455902 175.18371953781485 96
1738824455944 134.66350424673013 97
1738824455986 478.5539359379577 98
1738824456027 141.57377289760043 99
1738824456069 148.41202823136325 100
1738824456112 192.9694632939801 101
1738824456154 160.29147000950354 102
1738824456197 103.8426234118177 103
1738824456240 186.7582880917781 104
1738824456284 167.7357414569168 105
1738824456327 152.5177997538049 106
1738824456369 146.02814194378456 107
1738824456411 178.72269736041582 108
1738824456453 162.05712848140644 109
1738824456496 184.20736593041238 110
1738824456539 173.46243104091002 111
1738824456581 163.64599509578613 112
1738824456624 174.35061173022774 113
1738824456666 220.6075227539706 114
1738824456708 138.43335239191762 115
1738824456750 193.3963010845111 116
1738824456792 189.70772752598958 117
1738824456834 147.62890976969598 118
1738824456880 102.0712182915805 119
1738824456923 207.6009199786934 120
1738824456967 208.45580245462008 121
1738824457008 200.52931227744625 122
1738824457050 154.0452733427945 123
1738824457092 221.25334047605796 124
1738824457133 166.74069482518556 125
1738824457176 174.28079032297003 126
1738824457218 105.49550167600192 127
1738824457260 142.57758043071692 128
1738824457304 103.83053603350693 129
1738824457346 239.8417765285168 130
1738824457388 177.9095322208125 131
1738824457429 158.55449864139078 132
1738824457473 203.88439650615078 133
1738824457515 64.57366961088425 134
1738824457557 295.5352156846981 135
1738824457597 185.54777664921932 136
1738824457639 52.38863074194518 137
1738824457679 229.2601713358455 138
1738824457721 186.27253393841525 139
1738824457763 95.42376730398145 140
1738824457805 207.60990143508263 141
1738824457847 503.50297250964746 142
1738824457888 206.05222359681696 143
1738824457930 198.93419109324142 144
1738824457973 167.8659916803801 145
1738824458015 541.7692647078053 146
1738824458058 197.24912230785867 147
1738824458101 250.97244264280548 148
1738824458144 213.0877490120022 149
1738824458185 135.61699212671397 150
1738824458226 166.84605256608833 151
1738824458268 136.82676952098277 152
1738824458313 157.8146979959311 153
1738824458356 116.39322324393514 154
1738824458399 179.67430831105887 155
1738824458441 200.45900161899843 156
1738824458484 193.6599188487213 157
1738824458526 130.47703206729824 158
1738824458569 193.32874177265478 159
1738824458611 153.44154657155715 160
1738824458653 148.86972362947913 161
1738824458695 203.17958720406145 162
1738824458737 140.4894812656715 163
1738824458779 156.31821401897344 164
1738824458822 139.09587609817984 165
1738824458867 318.7932514831293 166
1738824458910 184.13475581769023 167
1738824458951 362.14814837804494 168
1738824458992 218.56118357488236 169
1738824459034 195.49010215042156 170
1738824459075 165.28062145031464 171
1738824459117 194.33902359241654 172
1738824459162 80.45082957462344 173
1738824459203 191.00123606980614 174
1738824459245 173.99021019887127 175
1738824459286 203.19399092507928 176
1738824459328 154.69267730109675 177
1738824459369 170.15961419631648 178
1738824459410 213.4419018568467 179
1738824459454 178.11404361568302 180
1738824459496 209.7811018123501 181
1738824459538 159.67585989948157 182
1738824459579 134.30698564020278 183
1738824459620 172.17913929871335 184
1738824459661 113.42254962469396 185
1738824459705 145.9401406303953 186
1738824459747 191.5410205302961 187
1738824459789 185.11909616972952 188
1738824459831 135.5594918205465 189
1738824459873 162.79166353175663 190
1738824459915 176.59757779933622 191
1738824459957 220.2371977198088 192
1738824459999 101.57071997581237 193
1738824460041 167.63708307911617 194
1738824460082 149.98551725978504 195
1738824460124 108.30553364552641 196
1738824460165 198.7976458412738 197
1738824460207 133.98582865069963 198
1738824460250 161.7008480851624 199
1738824460292 155.83074363677824 200
1738824460334 186.26777635863078 201
1738824460375 157.6978744872646 202
1738824460419 128.99830388652074 203
1738824460463 86.89883962457684 204
1738824460505 192.9233689255897 205
1738824460548 221.4923617376579 206
1738824460590 154.30356080188793 207
1738824460631 134.68910580012846 208
1738824460677 164.5661155231229 209
1738824460720 141.74207467272993 210
1738824460763 228.3218004330574 211
1738824460805 153.58340260962757 212
1738824460848 151.82878932925425 213
1738824460891 202.92376185093718 214
1738824460934 147.85859771249008 215
1738824460977 280.5171130972754 216
1738824461020 88.94366860442383 217
1738824461064 187.68476618396363 218
1738824461108 153.81294862239514 219
1738824461150 202.31676231633793 220
1738824461192 127.03402707140313 221
1738824461235 228.9251505583428 222
1738824461277 172.24093964853813 223
1738824461320 168.04445964634675 224
1738824461363 192.84739786137487 225
1738824461406 244.64168310846662 226
1738824461450 215.75784018106955 227
1738824461492 198.97996738612773 228
1738824461535 169.7931929521477 229
1738824461577 166.43545597602608 230
1738824461620 191.4021183785367 231
1738824461662 166.1326753959471 232
1738824461705 166.8805134746163 233
1738824461748 169.93538900141337 234
1738824461790 194.26157876695322 235
1738824461832 139.0137790074724 236
1738824461873 121.02161924066955 237
1738824461914 234.8657603299345 238
1738824461957 202.44486380444022 239
1738824461999 193.87187909089124 240
1738824462041 164.95808415588607 241
1738824462083 204.10635308476807 242
1738824462125 178.40248520298258 243
1738824462166 204.30282359726675 244
1738824462208 173.88111769526188 245
1738824462250 124.34217706257012 246
1738824462291 175.35054658712684 247
1738824462333 99.8659579284972 248
1738824462374 167.61666950326227 249
1738824462416 115.20036232348735 250
1738824462460 165.05735820820817 251
1738824462504 170.55522045784747 252
1738824462549 162.91919085950315 253
1738824462590 254.61703721501445 254
1738824462632 241.37851868402277 255
1738824462675 284.1523788074548 256
1738824462715 169.2301384245174 257
1738824462758 169.31762079455478 258
1738824462805 99.06384971154634 259
1738824462847 155.04511267371637 260
1738824462889 238.97807388830512 261
1738824462931 182.6728774427854 262
1738824462974 22.179608468732535 263
1738824463015 425.3102970648035 264
1738824463057 172.33569988463387 265
1738824463100 143.71537637463769 266
1738824463142 198.1276768236525 267
1738824463185 131.76981245215555 268
1738824463226 99.7905636545233 269
1738824463269 180.56300417894533 270
1738824463311 153.09437893786557 271
1738824463354 171.42687761251509 272
1738824463396 223.6102875109359 273
1738824463439 142.48097194070456 274
1738824463481 138.6763720959208 275
1738824463523 173.2944084981284 276
1738824463568 141.6464270652406 277
1738824463609 345.2462757722012 278
1738824463651 186.99035893760194 279
1738824463693 156.6858168591894 280
1738824463735 116.81939078761097 281
1738824463778 169.55048648126137 282
1738824463821 153.33214056419996 283
1738824463863 168.10023863942263 284
1738824463905 157.8416025849288 285
1738824463947 175.77051548068079 286
1738824463989 109.4202081250202 287
1738824464030 153.29897903431404 288
1738824464072 125.4372629644671 289
1738824464113 180.57440472927897 290
1738824464154 178.0072901644564 291
1738824464196 94.38250516185143 292
1738824464239 102.7808255980301 293
1738824464280 160.9005030855257 294
1738824464321 197.07979868064245 295
1738824464375 180.24913061882253 296
1738824464422 161.4794665138906 297
1738824464465 27.489747426422753 298
1738824464506 180.9635497791506 299
1738824464548 111.91370615820671 300
1738824464590 156.97883755583243 301
1738824464633 158.55429074969712 302
1738824464676 162.61378561851018 303
1738824464718 186.71097619383892 304
1738824464764 203.3464179604012 305
1738824464808 237.15199896831155 306
1738824464850 151.66218965800607 307
1738824464891 158.25976825744766 308
1738824464932 167.20137326153315 309
1738824464977 169.97783027830144 310
1738824465027 127.23064646139201 311
1738824465070 178.32455342896225 312
1738824465113 148.57709211475597 313
1738824465156 174.7383440648441 314
1738824465198 134.72375084397729 315
1738824465242 165.55772548842415 316
1738824465284 210.99018631513275 317
1738824465331 136.51042369634104 318
1738824465373 168.10163331642414 319
1738824465416 321.32015329445534 320
1738824465458 162.1204787378447 321
1738824465501 126.6613931508478 322
1738824465543 170.60104827974035 323
1738824465585 180.24350275546996 324
1738824465628 174.69405375932175 325
1738824465671 146.1366530684163 326
1738824465713 184.83023306794954 327
1738824465756 193.3611323582166 328
1738824465799 164.38849166395335 329
1738824465841 214.38775687276737 330
1738824465884 170.0675335443995 331
1738824465927 143.64880282899242 332
1738824465970 150.07430628286033 333
1738824466012 230.73038899742963 334
1738824466055 123.20351845764591 335
1738824466097 168.1874492381965 336
1738824466140 205.10664112955786 337
1738824466184 194.26325027275453 338
1738824466227 182.1827391336692 339
1738824466269 164.79221800776034 340
1738824466311 154.16286131922 341
1738824466354 167.55537687525117 342
1738824466395 231.74819136992585 343
1738824466437 93.44320150265251 344
1738824466479 171.59694177866078 345
1738824466520 301.14795623793884 346
1738824466561 149.61175896110936 347
1738824466602 198.02340828392377 348
1738824466643 209.04307568585898 349
1738824466685 186.5265973963861 350
1738824466726 161.2079623189174 351
1738824466767 104.82364145737293 352
1738824466810 152.59417398588414 353
1738824466860 135.0703960474375 354
1738824466904 205.0631961371344 355
1738824466945 162.27034498213703 356
1738824466987 169.46888452833713 357
1738824467030 130.72378844946212 358
1738824467071 219.69647270799163 359
1738824467113 181.85280498571723 360
1738824467155 183.5471352189185 361
1738824467198 208.72457876688344 362
1738824467241 179.4899538009213 363
1738824467283 210.97842201979313 364
1738824467327 192.33109046769357 365
1738824467369 160.14470991853594 366
1738824467411 223.90240204383224 367
1738824467454 177.85478317559372 368
1738824467497 149.52596650576228 369
1738824467539 209.42270576356123 370
1738824467581 148.54703933922758 371
1738824467623 205.51359675891658 372
1738824467665 297.1890473841483 373
1738824467707 270.58945858183927 374
1738824467748 124.64507349422549 375
1738824467792 95.6334269527697 376
1738824467834 195.23525793378886 377
1738824467876 166.69267605995583 378
1738824467917 153.87897097198913 379
1738824467959 164.66400362410857 380
1738824468000 189.6800444955383 381
1738824468041 182.5015731210967 382
1738824468085 186.86584726420392 383
1738824468127 222.00908791676343 384
1738824468169 165.0064133663197 385
1738824468210 162.29663272306527 386
1738824468252 165.53854623939657 387
1738824468293 491.38954108947524 388
1738824468335 205.5371406877747 389
1738824468376 151.9082147398432 390
1738824468417 193.62310048787666 391
1738824468458 133.8328396146876 392
1738824468500 170.59953140860517 393
1738824468541 185.37797295812885 394
1738824468583 151.0140955036213 395
1738824468626 144.8832154268199 396
1738824468667 174.357977438244 397
1738824468709 142.94932715404155 398
1738824468753 351.5030084480167 399
1738824468801 133.19339952852386 400
1738824468845 167.15902281440074 401
1738824468887 153.8296278906142 402
1738824468929 212.13240115909093 403
1738824468970 227.17202537062437 404
1738824469012 165.9320527622334 405
1738824469055 182.98869615320996 406
1738824469096 141.94086936343342 407
1738824469139 124.35942161243636 408
1738824469184 164.75873993510828 409
1738824469227 145.82560247760628 410
1738824469270 84.04026561067334 411
1738824469312 150.4714014004961 412
1738824469353 199.82701433739354 413
1738824469396 144.07235525604767 414
1738824469438 129.56003916612457 415
1738824469482 206.51990008662185 416
1738824469528 143.43035127384522 417
1738824469575 202.8085889580403 418
1738824469622 59.21658364198223 419
1738824469665 110.02205022143906 420
1738824469707 64.97024318799957 421
1738824469750 165.77937337089125 422
1738824469793 140.4493448870413 423
1738824469835 171.33142025680849 424
1738824469878 97.98285044786098 425
1738824469920 183.51803691141774 426
1738824469963 179.00281157555827 427
1738824470005 168.3035416145319 428
1738824470048 167.45990156821614 429
1738824470091 164.98927105155883 430
1738824470134 162.8812709604071 431
1738824470176 177.34405501233036 432
1738824470218 153.39909192927394 433
1738824470261 184.03934604381996 434
1738824470304 226.35898097641154 435
1738824470346 156.42693225911458 436
1738824470388 179.20806171982917 437
1738824470431 173.28258549963837 438
1738824470477 118.7690675518911 439
1738824470520 226.07671001872905 440
1738824470563 76.90191756892246 441
1738824470605 136.94835166762462 442
1738824470647 193.25670672997364 443
1738824470688 161.3612670459836 444
1738824470731 126.42215682254476 445
1738824470773 180.22668427203058 446
1738824470815 158.56165009919874 447
1738824470857 180.7844271375776 448
1738824470898 197.70866643352883 449
1738824470940 131.72768117540056 450
1738824470982 167.29239043177284 451
1738824471024 212.67318613259667 452
1738824471066 173.10662143379176 453
1738824471109 184.60889883893987 454
1738824471152 173.14129241340112 455
1738824471195 128.3430808325992 456
1738824471236 101.7651116872292 457
1738824471278 229.75755918122985 458
1738824471320 100.84904450139713 459
1738824471361 146.82466346653314 460
1738824471403 178.32840912697196 461
1738824471445 92.72191594955049 462
1738824471487 177.4774725180838 463
1738824471530 168.44119834445527 464
1738824471572 184.27075401722877 465
1738824471613 224.6595762006584 466
1738824471654 143.4807925657555 467
1738824471695 147.28080623822447 468
1738824471738 141.58424106132264 469
1738824471799 191.9079123822817 470
1738824471842 190.43464117705633 471
1738824471886 209.89782778822524 472
1738824471930 197.4022306183412 473
1738824471971 153.50305546806476 474
1738824472012 147.08945900057225 475
1738824472054 161.9879004724569 476
1738824472096 154.20497556679513 477
1738824472139 135.04585257456375 478
1738824472183 148.4330959254046 479
1738824472228 124.4510891789646 480
1738824472273 201.95932748225232 481
1738824472317 251.4227282080608 482
1738824472361 180.92576672456892 483
1738824472404 152.4703022459016 484
1738824472445 158.30154098688948 485
1738824472486 197.1294183511877 486
1738824472529 114.71449487746989 487
1738824472571 192.76873757226696 488
1738824472612 157.08539675081477 489
1738824472655 147.95706276342452 490
1738824472697 187.40257630065548 491
1738824472738 150.79182253795554 492
1738824472779 210.47200847479456 493
1738824472821 160.86060625108405 494
1738824472862 174.63154020340784 495
1738824472907 120.3328879023567 496
1738824472949 186.015850799979 497
1738824472992 149.33663398526787 498
1738824473034 181.08393097047323 499
