1738680923593 168.89628576462505 0
1738680923601 172.86847204374655 1
1738680923608 167.82349643491517 2
1738680923615 168.85634934599636 3
1738680923622 169.1902784331363 4
1738680923633 167.82056868554338 5
1738680923641 169.13579307958108 6
1738680923649 166.97036332995395 7
1738680923655 171.84478279422612 8
1738680923662 169.42141504085998 9
1738680923669 167.78599492169562 10
1738680923675 169.44457728848974 11
1738680923682 167.9929481728734 12
1738680923688 169.11491904849777 13
1738680923695 169.0207970228089 14
1738680923702 168.3343996428942 15
1738680923708 170.5939886807054 16
1738680923715 170.38249208384153 17
1738680923721 169.37912911989434 18
1738680923727 169.02070288069768 19
1738680923734 166.9492652390485 20
1738680923741 169.5775201841025 21
1738680923747 170.69715010311202 22
1738680923753 168.61595896829877 23
1738680923760 169.74564169288416 24
1738680923766 169.08260445519264 25
1738680923773 168.6808543930055 26
1738680923781 169.6153944732903 27
1738680923788 170.2731231321662 28
1738680923796 168.42151666934262 29
1738680923803 168.18743862357968 30
1738680923810 171.67000521103043 31
1738680923817 167.93315996325128 32
1738680923823 170.82608499876588 33
1738680923830 166.67277186394074 34
1738680923837 171.12016351644309 35
1738680923844 171.32308167265296 36
1738680923851 168.47780980628355 37
1738680923858 169.25788317798958 38
1738680923865 169.79665075718938 39
1738680923871 169.65856333473704 40
