1738679837525 175.94019553951705 0
1738679837532 172.12322540661057 1
1738679837538 171.12133858022014 2
1738679837545 167.77787539858332 3
1738679837555 174.54115236994696 4
1738679837561 170.6299785920935 5
1738679837567 174.71322585306666 6
1738679837573 175.7919161199264 7
1738679837579 173.2125109751346 8
1738679837585 168.27120307565798 9
1738679837591 166.92968083976885 10
1738679837598 169.27252764120715 11
1738679837604 168.81742609491738 12
1738679837611 167.54585262726 13
1738679837617 168.64978654656477 14
1738679837623 168.15251048372173 15
1738679837629 166.10433659528883 16
1738679837636 169.23483897120477 17
1738679837642 171.07579303944283 18
1738679837650 166.70561865530206 19
1738679837657 170.6787871620772 20
1738679837663 167.87620590857298 21
1738679837669 169.38649303245967 22
1738679837676 165.05719950170555 23
1738679837683 173.51542180382995 24
1738679837689 171.5299056838513 25
1738679837695 168.47128626626844 26
1738679837701 169.33612348072617 27
1738679837707 167.09328638866833 28
1738679837714 168.19754999191272 29
1738679837720 168.40430940371587 30
1738679837727 167.09900178033914 31
1738679837734 174.26275906284724 32
