1738823987714 170.4720971306342 0
1738823987736 170.46485825409434 1
1738823987754 170.45764998299137 2
1738823987775 170.4504721872438 3
1738823987797 170.4433247373218 4
1738823987819 170.43620750424486 5
1738823987842 170.42912035957926 6
1738823987869 170.42206317543605 7
1738823987892 170.41503582446865 8
1738823987938 170.40803817987043 9
1738823988002 170.40107011537256 10
1738823988034 170.39413150524175 11
1738823988067 170.38722222427782 12
1738823988094 170.3803421478117 13
1738823988121 170.37349115170298 14
1738823988154 170.36666911233766 15
1738823988178 170.35987590662614 16
1738823988191 170.35311141200083 17
1738823988214 170.34637550641386 18
1738823988246 170.3396680683352 19
1738823988274 170.33298897675002 20
1738823988315 170.32633811115699 21
1738823988377 170.3197153515657 22
1738823988410 170.31312057849485 23
1738823988430 170.30655367296973 24
1738823988460 170.3000145165205 25
1738823988500 170.29350299117954 26
1738823988536 170.28701897947983 27
1738823988547 170.28056236445258 28
1738823988560 170.2741330296251 29
1738823988575 170.26773085901874 30
1738823988588 170.26135573714689 31
1738823988604 170.2550075490128 32
1738823988618 170.24868618010754 33
1738823988631 170.24239151640788 34
1738823988650 170.2361234443743 35
1738823988674 170.22988185094906 36
1738823988703 170.22366662355378 37
1738823988731 170.217477650088 38
1738823988758 170.21131481892644 39
1738823988779 170.2051780189177 40
1738823988805 170.1990671393817 41
1738823988845 170.19298207010814 42
1738823988868 170.18692270135404 43
1738823988888 170.1808889238422 44
1738823988905 170.17488062875887 45
1738823988922 170.16889770775214 46
1738823988941 170.16294005292974 47
1738823988968 170.15700755685705 48
1738823988999 170.1511001125555 49
1738823989026 170.14521761350014 50
1738823989044 170.13935995361823 51
1738823989070 170.133527027287 52
1738823989090 170.12771872933178 53
1738823989116 170.1219349550243 54
1738823989141 170.1161756000806 55
1738823989163 170.11044056065919 56
1738823989183 170.10472973335922 57
1738823989217 170.09904301521857 58
1738823989237 170.0933803037121 59
1738823989263 170.08774149674966 60
1738823989278 170.08212649267432 61
1738823989299 170.07653519026059 62
1738823989330 170.07096748871248 63
1738823989351 170.0654232876618 64
1738823989379 170.0599024871661 65
1738823989408 170.05479101741227 66
1738823989451 170.0497001971749 67
1738823989492 170.04462994055328 68
1738823989526 170.03958016200727 69
1738823989558 170.0345507763561 70
1738823989571 170.0295416987765 71
1738823989592 170.02455284480152 72
1738823989610 170.01958413031878 73
1738823989628 170.01463547156914 74
1738823989644 170.0097067851452 75
1738823989663 170.00479798798966 76
1738823989680 169.99990899739416 77
1738823989698 169.99503973099735 78
1738823989714 169.99019010678396 79
1738823989733 169.98536004308286 80
1738823989760 169.98054945856597 81
1738823989781 169.97575827224668 82
1738823989800 169.97098640347826 83
1738823989815 169.96623377195274 84
1738823989834 169.96150029769922 85
1738823989848 169.95678590108267 86
1738823989865 169.95209050280224 87
1738823989887 169.94741402389013 88
1738823989901 169.94275638571003 89
1738823989919 169.9381175099558 90
1738823989938 169.93349731864993 91
1738823989955 169.92889573414243 92
1738823989970 169.9243126791092 93
1738823989990 169.91974807655077 94
1738823990005 169.91520184979095 95
1738823990017 169.91067392247533 96
1738823990030 169.90616421857018 97
1738823990042 169.90167266236082 98
1738823990054 169.8971991784505 99
1738823990067 169.8927436917589 100
1738823990082 169.88830612752096 101
1738823990098 169.8838864112853 102
1738823990108 169.87948446891323 103
1738823990122 169.87510022657713 104
1738823990135 169.87073361075943 105
1738823990147 169.86638454825095 106
1738823990160 169.86205296615003 107
1738823990176 169.85773879186075 108
1738823990191 169.85344195309213 109
1738823990205 169.84916237785652 110
1738823990218 169.84489999446836 111
1738823990234 169.84065473154308 112
1738823990250 169.83642651799568 113
1738823990263 169.83221528303943 114
1738823990276 169.82802095618487 115
1738823990288 169.82384346723825 116
1738823990298 169.8196827463004 117
1738823990310 169.81553872376566 118
1738823990322 169.8114113303203 119
1738823990335 169.80730049694165 120
1738823990350 169.8032061548966 121
1738823990364 169.79912823574057 122
1738823990377 169.79506667131616 123
1738823990390 169.79102139375206 124
1738823990402 169.78699233546172 125
1738823990416 169.78297942914222 126
1738823990429 169.77898260777314 127
1738823990442 169.7750018046152 128
1738823990457 169.7710369532093 129
1738823990470 169.76708798737513 130
1738823990483 169.76315484121008 131
1738823990496 169.7592374490882 132
1738823990510 169.75533574565878 133
1738823990531 169.75144966584537 134
1738823990547 169.74757914484468 135
1738823990560 169.74372411812507 136
1738823990574 169.73988452142598 137
1738823990591 169.73606029075628 138
1738823990605 169.7322513623934 139
1738823990623 169.72845767288214 140
1738823990638 169.72467915903349 141
1738823990651 169.72091575792362 142
1738823990664 169.71716740689263 143
1738823990677 169.71343404354357 144
1738823990690 169.70971560574134 145
1738823990704 169.70601203161135 146
1738823990717 169.70232325953867 147
1738823990730 169.69864922816694 148
1738823990745 169.69498987639716 149
1738823990758 169.6913451433865 150
1738823990770 169.6877149685477 151
1738823990784 169.68409929154734 152
1738823990798 169.68049805230532 153
1738823990813 169.67691119099345 154
1738823990825 169.67333864803453 155
1738823990838 169.6697803641014 156
1738823990850 169.66623628011553 157
1738823990863 169.66270633724648 158
1738823990885 169.65919047691037 159
1738823990904 169.65568864076917 160
1738823990916 169.6522007707295 161
1738823990929 169.64872680894172 162
1738823990945 169.64526669779875 163
1738823990961 169.64182037993518 164
1738823990975 169.63838779822623 165
1738823990990 169.6349688957867 166
1738823991005 169.63156361596992 167
1738823991023 169.62817190236692 168
1738823991037 169.62479369880518 169
1738823991055 169.62142894934786 170
1738823991072 169.61807759829276 171
1738823991098 169.61473959017115 172
1738823991131 169.61141486974708 173
1738823991156 169.6081033820161 174
1738823991175 169.60480507220447 175
1738823991191 169.60151988576834 176
1738823991214 169.59824776839227 177
1738823991227 169.59498866598892 178
1738823991243 169.59174252469748 179
1738823991260 169.58850929088322 180
1738823991273 169.58528891113622 181
1738823991285 169.58208133227052 182
1738823991300 169.57888650132318 183
