1738824869463 169.43839098389049 0
1738824869484 169.43594290034332 1
1738824869507 169.43130874385068 2
1738824869524 169.42473836425725 3
1738824869542 169.4164677885066 4
1738824869567 169.40671817888935 5
1738824869584 169.39569528328278 6
1738824869604 169.38358927126455 7
1738824869622 169.37057486870245 8
1738824869638 169.35681171912736 9
1738824869661 169.34244491334334 10
1738824869720 169.3276056397186 11
1738824869738 169.31241191676614 12
1738824869750 169.2969693772482 13
1738824869764 169.28137207936692 14
1738824869781 169.26570332583847 15
1738824869796 169.25003647596623 16
1738824869822 169.23443573937217 17
1738824869846 169.21895694294838 18
1738824869885 169.20364826494662 19
1738824869904 169.1885509320337 20
1738824869931 169.173699876671 21
1738824869947 169.15912435339715 22
1738824869964 169.1448485135518 23
1738824869978 169.13089193872827 24
1738824869995 169.11727013381145 25
1738824870011 169.10399498088717 26
1738824870035 169.09107515561857 27
1738824870053 169.07851650789996 28
1738824870073 169.06632240873813 29
1738824870091 169.05449406538813 30
1738824870111 169.0430308068008 31
1738824870132 169.0319303414291 32
1738824870151 169.0211889894063 33
1738824870170 169.01080189104633 34
1738824870188 169.00076319354457 35
1738824870204 168.99106621766933 36
1738824870218 168.98170360614154 37
1738824870233 168.9726674553015 38
1738824870250 168.96394943156244 39
1738824870264 168.9555408740503 40
1738824870280 168.9474328847307 41
1738824870300 168.9396164072284 42
1738824870316 168.93208229545277 43
1738824870333 168.9248213730529 44
1738824870346 168.91782448464443 45
1738824870365 168.91108253966854 46
1738824870385 168.90458654967014 47
1738824870405 168.89832765971317 48
1738824870423 168.8922971745845 49
1738824870445 168.88648658037926 50
1738824870481 168.88088756200304 51
1738824870494 168.87549201707589 52
1738824870512 168.8702920666757 53
1738824870545 168.8652800633137 54
1738824870567 168.86044859649712 55
1738824870578 168.8557904961951 56
1738824870593 168.85129883449272 57
1738824870620 168.84696692568673 58
1738824870650 168.8427883250489 59
1738824870685 168.83875682645885 60
1738824870705 168.83486645908474 61
1738824870724 168.83111148326984 62
1738824870749 168.82748638576547 63
1738824870767 168.82398587443288 64
1738824870788 168.8206048725225 65
1738824870804 168.8173385126258 66
1738824870821 168.81418213038205 67
1738824870841 168.8111312580119 68
1738824870860 168.80818161774124 69
1738824870884 168.8053291151676 70
