1738678227181 169.46928671508383 0
1738678227200 169.45100919749092 1
1738678227218 169.416293440799 2
1738678227243 169.36680426215278 3
1738678227267 169.30404764970902 4
1738678227315 169.22938517086126 5
1738678227388 169.14404721537505 6
1738678227412 169.04914513841973 7
1738678227433 168.94568237160865 8
1738678227454 168.83456457118115 9
1738678227471 168.71660887190916 10
1738678227491 168.59255231363096 11
1738678227518 168.46305950483324 12
1738678227538 168.32872958468283 13
1738678227558 168.19010254155285 14
1738678227575 168.04766494254523 15
1738678227591 167.90185512490396 16
1738678227615 167.75306789661752 17
1738678227629 167.60165878999766 18
1738678227643 167.44794790863145 19
1738678227658 167.29222340486868 20
1738678227675 167.13474462194446 21
1738678227698 166.9757449319588 22
1738678227720 166.81543429824512 23
1738678227751 166.65400158815888 24
1738678227770 166.49161665999927 25
1738678227791 166.32843224563865 26
1738678227810 166.16458564846707 27
1738678227825 166.00020027445007 28
1738678227842 165.8353870124449 29
1738678227858 165.67024547840717 30
1738678227871 165.50486513673894 31
1738678227886 165.33932631077107 32
1738678227899 165.17370109322954 33
1738678227914 165.00805416649328 34
1738678227935 164.84244354150704 35
1738678227951 164.67692122335646 36
1738678227965 164.51153381073442 37
1738678227986 164.34632303582586 38
1738678228013 164.18132625049952 39
1738678228035 164.0165768641207 40
1738678228063 163.8521047377773 41
1738678228101 163.6879365392408 42
1738678228137 163.52409606255856 43
1738678228155 163.36060451579004 44
1738678228170 163.19748078005264 45
1738678228242 163.03474164273013 46
1738678228259 162.8724020074138 47
1738678228274 162.71047508289334 48
1738678228290 162.5489725532826 49
1738678228306 162.38790473116086 50
1738678228322 162.22728069542129 51
1738678228341 162.0671084153522 52
1738678228356 161.90739486232314 53
1738678228376 161.74814611031266 54
1738678228395 161.58936742639145 55
1738678228419 161.4310633521625 56
1738678228437 161.27323777706164 57
1738678228453 161.11589400433053 58
1738678228474 160.9590348103942 59
1738678228491 160.8026624983017 60
1738678228510 160.64677894582252 61
1738678228524 160.49138564873303 62
1738678228540 160.3364837597735 63
1738678228557 160.18207412370742 64
1738678228578 160.02815730887409 65
1738678228595 159.87473363558354 66
1738678228620 159.72180320166981 67
1738678228637 159.56936590548702 68
1738678228680 159.41742146660317 69
1738678228703 159.26596944442218 70
1738678228722 159.11500925494096 71
1738678228736 158.96454018582867 72
1738678228750 158.81456140999478 73
1738678228774 158.66507199779795 74
1738678228791 158.5160709280313 75
1738678228809 158.36755709780616 76
1738678228823 158.21952933144496 77
1738678228840 158.07198638848183 78
1738678228855 157.92492697086038 79
1738678228875 157.77834972940911 80
1738678228900 157.63225326966625 81
1738678228920 157.4866361571193 82
1738678228941 157.3414969219181 83
1738678228959 157.19683406311353 84
1738678228981 157.05264605246978 85
1738678228999 156.90893133789243 86
1738678229036 156.76568834651107 87
1738678229066 156.62291548745085 88
1738678229091 156.48061115432444 89
1738678229108 156.33877372747125 90
1738678229135 156.19740157597104 91
1738678229150 156.05649305945278 92
1738678229163 155.91604652971986 93
1738678229187 155.77606033221068 94
1738678229203 155.6365328073099 95
1738678229218 155.49746229152606 96
1738678229233 155.3588471185491 97
1738678229247 155.2206856201989 98
1738678229266 155.08297612727657 99
1738678229295 154.94571697032853 100
1738678229314 154.80890648033034 101
1738678229334 154.67254298930075 102
1738678229360 154.53662483085103 103
1738678229376 154.40115034067702 104
1738678229395 154.2661178569993 105
1738678229434 154.13152572095683 106
1738678229483 153.99737227695866 107
1738678229498 153.8636558729979 108
1738678229510 153.73037486093165 109
1738678229524 153.59752759673069 110
1738678229540 153.4651124407013 111
1738678229561 153.33312775768272 112
1738678229579 153.20157191722214 113
1738678229598 153.07044329372974 114
1738678229611 152.93974026661573 115
1738678229637 152.80946122041158 116
1738678229667 152.67960454487587 117
1738678229692 152.55016863508794 118
1738678229707 152.42115189152915 119
1738678229722 152.29255272015385 120
1738678229765 152.16436953245085 121
1738678229801 152.0366007454961 122
1738678229850 151.90924478199793 123
1738678229979 151.78230007033534 124
1738678230017 151.65576504458983 125
1738678230033 151.52963814457206 126
1738678230049 151.40391781584316 127
1738678230091 151.2786025097317 128
1738678230134 151.15369068334655 129
1738678230148 151.02918079958607 130
1738678230185 150.90507132714438 131
1738678230259 150.78136074051415 132
1738678230333 150.65804751998718 133
1738678230355 150.53513015165248 134
1738678230372 150.4126071273924 135
1738678230387 150.29047694487662 136
1738678230407 150.16873810755456 137
1738678230455 150.04738912464651 138
1738678230528 149.92642851113288 139
1738678230625 149.805854787743 140
1738678230681 149.6856664809419 141
1738678230743 149.56586212291714 142
1738678230812 149.44644025156396 143
1738678230857 149.32739941047012 144
1738678230877 149.20873814889998 145
1738678230908 149.09045502177779 146
1738678230961 148.97254858967082 147
1738678230978 148.8550174187716 148
1738678231007 148.73786008088004 149
1738678231027 148.62107515338522 150
1738678231095 148.50466121924646 151
1738678231134 148.38861686697453 152
1738678231153 148.27294069061264 153
1738678231183 148.15763128971682 154
1738678231200 148.04268726933645 155
1738678231221 147.92810723999457 156
1738678231238 147.81388981766796 157
1738678231252 147.70003362376733 158
1738678231277 147.58653728511706 159
1738678231300 147.47339943393533 160
1738678231317 147.36061870781384 161
1738678231334 147.2481937496974 162
1738678231349 147.1361232078642 163
1738678231364 147.02440573590496 164
1738678231382 146.91303999270295 165
1738678231399 146.80202464241395 166
1738678231415 146.69135835444533 167
1738678231433 146.5810398034366 168
1738678231449 146.4710676692385 169
1738678231477 146.3614406368933 170
1738678231494 146.25215739661417 171
1738678231507 146.14321664376567 172
1738678231521 146.03461707884298 173
1738678231535 145.9263574074523 174
1738678231551 145.81843634029076 175
1738678231565 145.71085259312642 176
1738678231578 145.60360488677847 177
1738678231591 145.49669194709725 178
1738678231610 145.3901125049446 179
1738678231631 145.28386529617416 180
1738678231681 145.1779490616117 181
1738678231700 145.07236254703537 182
1738678231733 144.9671045031565 183
1738678231748 144.8621736855998 184
1738678231765 144.7575688548842 185
1738678231783 144.6532887764035 186
1738678231825 144.54933222040694 187
1738678231854 144.4456979619802 188
1738678231869 144.34238478102623 189
1738678231886 144.23939146224615 190
1738678231900 144.13671679512035 191
1738678231915 144.0343595738895 192
1738678231929 143.93231859753578 193
1738678231944 143.83059266976406 194
1738678231963 143.72918059898316 195
1738678231981 143.62808119828745 196
1738678231997 143.52729328543802 197
1738678232015 143.4268156828443 198
1738678232045 143.3266472175457 199
1738678232061 143.2267867211932 200
1738678232084 143.12723303003108 201
1738678232100 143.02798498487877 202
1738678232127 142.92904143111272 203
1738678232140 142.8304012186482 204
1738678232158 142.73206320192153 205
1738678232183 142.63402623987204 206
1738678232200 142.5362891959241 207
1738678232218 142.43885093796968 208
1738678232241 142.34171033835023 209
1738678232308 142.24486627383942 210
1738678232323 142.14831762562534 211
1738678232340 142.05206327929292 212
1738678232355 141.95610212480688 213
1738678232368 141.8604330564939 214
1738678232384 141.76505497302563 215
1738678232414 141.6699667774014 216
1738678232428 141.57516737693103 217
1738678232441 141.48065568321775 218
1738678232459 141.3864306121411 219
1738678232476 141.29249108384022 220
1738678232490 141.1988360226966 221
1738678232519 141.10546435731763 222
1738678232531 141.0123750205195 223
1738678232544 140.91956694931082 224
1738678232557 140.8270390848758 225
1738678232570 140.73479037255777 226
1738678232582 140.64281976184262 227
1738678232600 140.55112620634245 228
1738678232619 140.45970866377928 229
1738678232637 140.3685660959685 230
1738678232652 140.27769746880296 231
1738678232672 140.1871017522365 232
1738678232694 140.0967779202681 233
1738678232710 140.0067249509257 234
1738678232729 139.91694182625025 235
1738678232756 139.82742753227984 236
1738678232773 139.7381810590338 237
1738678232796 139.64920140049693 238
1738678232810 139.56048755460384 239
1738678232837 139.47203852322318 240
1738678232855 139.3838533121421 241
1738678232872 139.29593093105078 242
1738678232888 139.20827039352685 243
1738678232913 139.12087071701998 244
1738678232931 139.03373092283667 245
1738678232948 138.94685003612472 246
1738678232978 138.8602270858583 247
1738678233009 138.7738611048225 248
1738678233024 138.68775112959835 249
1738678233040 138.60189620054788 250
1738678233069 138.51629536179888 251
1738678233096 138.43094766123016 252
1738678233125 138.34585215045666 253
1738678233146 138.26100788481457 254
1738678233162 138.17641392334662 255
1738678233176 138.09206932878737 256
1738678233191 138.00797316754858 257
1738678233208 137.92412450970468 258
1738678233228 137.84052242897823 259
1738678233244 137.7571660027254 260
1738678233260 137.67405431192157 261
1738678233275 137.59118644114707 262
1738678233297 137.50856147857286 263
1738678233316 137.42617851594622 264
1738678233332 137.34403664857672 265
1738678233373 137.2621349753219 266
1738678233410 137.1804725985734 267
1738678233430 137.0990486242429 268
1738678233453 137.01786216174804 269
1738678233468 136.93691232399868 270
1738678233492 136.85619822738306 271
1738678233506 136.7757189917538 272
1738678233525 136.69547374041449 273
1738678233539 136.61546160010576 274
1738678233555 136.53568170099177 275
1738678233568 136.45613317664657 276
1738678233584 136.37681516404075 277
1738678233598 136.2977268035277 278
1738678233635 136.21886723883046 279
1738678233650 136.14023561702828 280
1738678233666 136.0618310885433 281
1738678233681 135.98365280712724 282
1738678233706 135.90569992984837 283
1738678233722 135.8279716170782 284
1738678233738 135.7504670324785 285
1738678233754 135.67318534298823 286
1738678233785 135.59612571881044 287
1738678233801 135.51928733339963 288
1738678233825 135.4426693634485 289
1738678233850 135.36627098887536 290
1738678233866 135.2900913928113 291
1738678233885 135.21412976158737 292
1738678233901 135.13838528472206 293
1738678233923 135.06285715490853 294
1738678233953 134.98754456800202 295
1738678233970 134.91244672300752 296
1738678233985 134.83756282206699 297
1738678234016 134.7628920704472 298
1738678234030 134.68843367652715 299
1738678234050 134.6141868517859 300
1738678234067 134.5401508107902 301
1738678234084 134.4663247711822 302
1738678234105 134.39270795366738 303
1738678234129 134.3192995820024 304
1738678234142 134.2460988829829 305
1738678234156 134.17310508643152 306
1738678234170 134.10031742518603 307
1738678234187 134.0277351350872 308
1738678234202 133.95535745496696 309
1738678234220 133.8831836266366 310
1738678234234 133.81121289487493 311
1738678234249 133.73944450741652 312
1738678234269 133.66787771493995 313
1738678234283 133.5965117710563 314
1738678234298 133.52534593229734 315
1738678234312 133.45437945810406 316
1738678234332 133.3836116108151 317
1738678234353 133.31304165565538 318
1738678234366 133.2426688607245 319
1738678234381 133.1724924969855 320
1738678234400 133.10251183825343 321
1738678234414 133.03272616118403 322
1738678234427 132.96313474526264 323
1738678234440 132.89373687279272 324
1738678234456 132.82453182888497 325
1738678234469 132.75551890144604 326
1738678234482 132.68669738116748 327
1738678234538 132.61806656151472 328
1738678234580 132.54962573871614 329
1738678234603 132.48137421175204 330
1738678234626 132.41331128234373 331
1738678234647 132.3454362549428 332
1738678234664 132.27774843672015 333
1738678234685 132.21024713755534 334
1738678234713 132.1429316700258 335
1738678234731 132.0758013493962 336
1738678234756 132.0088554936076 337
1738678234771 131.94209342326727 338
1738678234790 131.87551446163764 339
1738678234814 131.80911793462616 340
1738678234832 131.7429031707747 341
1738678234848 131.67686950124894 342
1738678234862 131.61101625982832 343
1738678234882 131.5453427828954 344
1738678234899 131.47984840942573 345
1738678234913 131.41453248097744 346
1738678234928 131.34939434168112 347
1738678234945 131.2844333382296 348
1738678234962 131.21964881986779 349
1738678234984 131.15504013838262 350
1738678235000 131.09060664809283 351
1738678235020 131.02634770583913 352
1738678235045 130.9622626709742 353
1738678235062 130.89835090535257 354
1738678235089 130.8346117733208 355
1738678235134 130.77104464170776 356
1738678235159 130.70764887981457 357
1738678235181 130.64442385940495 358
1738678235201 130.58136895469545 359
1738678235220 130.51848354234568 360
1738678235238 130.4557670014487 361
1738678235259 130.39321871352138 362
1738678235380 130.33083806249476 363
1738678235459 130.26862443470455 364
1738678235553 130.2065772188816 365
1738678235601 130.14469580614224 366
1738678235635 130.08297958997923 367
1738678235666 130.02142796625196 368
1738678235708 129.9600403331772 369
1738678235760 129.89881609131996 370
1738678235773 129.83775464358385 371
1738678235805 129.77685539520218 372
1738678235826 129.7161177537284 373
1738678235851 129.65554112902723 374
1738678235865 129.5951249332652 375
1738678235881 129.53486858090187 376
1738678235905 129.47477148868043 377
1738678235923 129.4148330756189 378
1738678235939 129.355052763001 379
1738678235959 129.2954299743672 380
1738678235995 129.23596413550584 381
1738678236029 129.1766546744442 382
1738678236052 129.11750102143955 383
1738678236071 129.05850260897054 384
1738678236102 128.99965887172814 385
1738678236156 128.94096924660715 386
1738678236173 128.8824331726972 387
1738678236195 128.82405009127433 388
1738678236222 128.76581944579218 389
1738678236239 128.7077406818733 390
1738678236256 128.64981324730087 391
1738678236288 128.59203659200978 392
1738678236304 128.53441016807832 393
1738678236347 128.47693342971976 394
1738678236370 128.41960583327366 395
1738678236387 128.3624268371977 396
1738678236402 128.30539590205913 397
1738678236419 128.24851249052654 398
1738678236440 128.19177606736147 399
1738678236462 128.1351860994101 400
1738678236480 128.07874205559514 401
1738678236495 128.02244340690746 402
1738678236517 127.96628962639795 403
1738678236531 127.91028018916946 404
1738678236551 127.85441457236854 405
1738678236572 127.79869225517743 406
1738678236587 127.743112718806 407
1738678236604 127.68767544648378 408
1738678236621 127.6323799234518 409
1738678236636 127.57722563695485 410
1738678236652 127.52221207623334 411
1738678236667 127.46733873251561 412
1738678236681 127.4126050990099 413
1738678236696 127.35801067089655 414
1738678236711 127.30355494532034 415
1738678236725 127.24923742138246 416
1738678236742 127.19505760013305 417
1738678236762 127.14101498456324 418
1738678236782 127.08710907959768 419
1738678236808 127.03333939208672 420
1738678236824 126.97970543079892 421
1738678236842 126.92620670641337 422
1738678236858 126.87284273151222 423
1738678236870 126.81961302057307 424
1738678236884 126.76651708996148 425
1738678236899 126.71355445792358 426
1738678236913 126.66072464457856 427
1738678236927 126.6080271719113 428
1738678236940 126.55546156376492 429
1738678236954 126.50302734583347 430
1738678236968 126.45072404565472 431
1738678236981 126.39855119260265 432
1738678236999 126.3465083178804 433
1738678237017 126.29459495451286 434
1738678237036 126.24281063733957 435
1738678237053 126.19115490300757 436
1738678237067 126.13962728996408 437
1738678237084 126.08822733844963 438
1738678237099 126.03695459049074 439
1738678237120 125.98580858989297 440
1738678237135 125.93478888223393 441
1738678237153 125.88389501485615 442
1738678237180 125.83312653686015 443
1738678237195 125.78248299909752 444
1738678237213 125.73196395416399 445
1738678237235 125.6815689563925 446
1738678237259 125.63129756184632 447
1738678237276 125.5811493283123 448
1738678237295 125.5311238152939 449
1738678237309 125.48122058400459 450
1738678237330 125.4314391973609 451
1738678237346 125.3817792199758 452
1738678237364 125.33224021815204 453
1738678237383 125.28282175987529 454
1738678237403 125.23352341480765 455
1738678237422 125.18434475428099 456
1738678237443 125.13528535129026 457
1738678237458 125.08634478048702 458
1738678237476 125.03752261817286 459
1738678237490 124.98881844229281 460
1738678237506 124.94023183242895 461
1738678237525 124.89176236979387 462
1738678237540 124.84340963722421 463
1738678237553 124.79517321917436 464
1738678237568 124.74705270170985 465
1738678237582 124.69904767250122 466
1738678237599 124.65115772081751 467
1738678237613 124.60338243751998 468
1738678237627 124.55572141505587 469
1738678237643 124.50817424745206 470
1738678237658 124.46074053030888 471
1738678237677 124.41341986079385 472
1738678237698 124.36621183763548 473
1738678237719 124.31911606111719 474
1738678237737 124.27213213307103 475
1738678237750 124.22525965687171 476
1738678237776 124.1784982374303 477
1738678237795 124.13184748118842 478
1738678237811 124.08530699611191 479
1738678237829 124.03887639168508 480
1738678237847 123.99255527890446 481
1738678237863 123.94634327027303 482
1738678237877 123.90023997979412 483
1738678237890 123.85424502296554 484
1738678237903 123.8083580167737 485
1738678237917 123.7625785796877 486
1738678237930 123.7169063316534 487
1738678237943 123.67134089408778 488
1738678237958 123.6258818898729 489
1738678237976 123.58052894335025 490
1738678237993 123.53528168031492 491
1738678238011 123.49013972800996 492
1738678238026 123.4451027151205 493
1738678238039 123.40017027176816 494
1738678238055 123.35534202950538 495
1738678238084 123.31061762130969 496
1738678238100 123.26599668157817 497
1738678238117 123.22147884612177 498
1738678238137 123.17706375215977 499
