1738680059465 169.4806387665546 0
1738680059482 169.4786991652121 1
1738680059506 169.47676591901987 2
1738680059521 169.4748390050134 3
1738680059537 169.47291840031616 4
1738680059555 169.47100408213896 5
1738680059577 169.46909602777995 6
1738680059591 169.46719421462387 7
1738680059605 169.46529862014197 8
1738680059620 169.46340922189174 9
1738680059635 169.46152599751628 10
1738680059651 169.4596489247441 11
1738680059669 169.45777798138892 12
1738680059707 169.4559131453492 13
1738680059730 169.4540543946078 14
1738680059762 169.45220170723164 15
1738680059792 169.45035506137148 16
1738680059821 169.44851443526144 17
1738680059837 169.44667980721877 18
1738680059851 169.44485115564353 19
1738680059871 169.44302845901814 20
