1738822707502 118.92573031956448 0
1738822707525 110.06123096893067 1
1738822707544 97.8090445071232 2
1738822707559 101.90412702612588 3
1738822707574 98.66998450552255 4
1738822707590 78.16391825055767 5
1738822707605 96.19614374027458 6
1738822707620 75.10409984894542 7
1738822707634 64.12600875699603 8
1738822707649 91.40391905787645 9
1738822707665 67.8934049998888 10
1738822707680 68.45673299452383 11
1738822707699 79.77322089878429 12
1738822707715 77.20154223002825 13
1738822707741 64.54974730457364 14
1738822707756 60.28862124245683 15
1738822707770 63.73755481675392 16
1738822707786 63.53110807699912 17
1738822707805 52.907034807341915 18
1738822707827 61.506134236305364 19
1738822707845 99.74987922941807 20
1738822707861 57.6219079467905 21
1738822707876 50.73815834654718 22
1738822707893 47.231186924494025 23
1738822707908 44.42360460147403 24
1738822707926 47.34040892841682 25
1738822707948 50.37819276322121 26
1738822707964 53.83977409743147 27
1738822707982 53.60415665480622 28
1738822708002 70.32517674887862 29
1738822708027 54.35459767782433 30
1738822708043 44.98112204086346 31
1738822708062 51.5941759015871 32
1738822708081 44.54998412927984 33
1738822708097 45.30092054273288 34
1738822708114 42.519699470840024 35
1738822708127 64.71959180055785 36
1738822708146 59.68555414089709 37
1738822708165 40.5524108284024 38
1738822708181 46.01416771063522 39
1738822708200 37.95408067518174 40
1738822708218 46.614785907512534 41
1738822708234 38.73722471276706 42
1738822708247 29.767721821007346 43
1738822708262 35.57701469134418 44
1738822708279 39.58120703698913 45
1738822708298 44.76435591772073 46
1738822708320 37.08320722590678 47
1738822708336 40.96242228294192 48
1738822708353 36.14292999783979 49
1738822708370 37.58565517041031 50
1738822708386 34.60408489933286 51
1738822708405 33.36555234708545 52
1738822708422 29.56474674734233 53
1738822708438 49.820232211618475 54
1738822708454 32.507605835274525 55
1738822708473 28.839299573022952 56
1738822708489 25.53869494093008 57
1738822708506 30.50723020862886 58
1738822708525 49.224664658760915 59
1738822708544 29.605428666626654 60
1738822708560 29.10326283625653 61
1738822708582 45.022387761985776 62
1738822708601 32.11405572013763 63
1738822708617 31.588748179889784 64
1738822708636 42.56292822767649 65
1738822708651 28.367392868158213 66
1738822708667 29.426571226957233 67
1738822708685 25.794283792418547 68
1738822708701 29.807049584741293 69
1738822708719 32.40086347628802 70
1738822708738 31.027207839609556 71
1738822708755 63.610490641308026 72
1738822708776 28.9007278078211 73
1738822708794 31.05980392420113 74
1738822708809 25.590132736671066 75
1738822708822 27.63854459335295 76
1738822708838 28.506144320998878 77
1738822708853 23.121323859152312 78
1738822708867 28.704673500974703 79
1738822708882 33.68181033900443 80
1738822708897 27.7061741860901 81
1738822708914 26.37236354837547 82
1738822708933 22.933662911520425 83
1738822708949 29.717277149502337 84
1738822708968 36.36590325159368 85
1738822708989 24.450595089625207 86
1738822709006 17.187009301585537 87
1738822709027 23.360231334731676 88
1738822709046 24.470035480836373 89
1738822709063 25.082485932998196 90
1738822709081 16.410577407753525 91
1738822709101 25.367473279878823 92
1738822709116 24.641261155260153 93
1738822709132 24.60674210724632 94
1738822709149 23.21185964496392 95
1738822709166 24.06563943679886 96
1738822709181 22.88418937501884 97
1738822709199 21.207116164519206 98
1738822709217 22.12183396053126 99
1738822709231 21.363907034344034 100
1738822709246 19.170045856469102 101
1738822709259 18.02760770220902 102
1738822709278 15.344361013815812 103
1738822709298 27.487166385654277 104
1738822709322 26.045482136623807 105
1738822709341 20.709340270339144 106
1738822709360 24.497164465084236 107
1738822709379 21.016964314168558 108
1738822709395 18.153976436904514 109
1738822709409 26.513083326703285 110
1738822709423 17.224810254381367 111
1738822709438 15.994049527793345 112
1738822709453 35.502929371016705 113
1738822709468 20.53825339293316 114
1738822709484 16.45505473756699 115
1738822709500 17.781587655081285 116
1738822709515 22.945207873230046 117
1738822709530 22.829815573378443 118
1738822709551 17.123588219802507 119
1738822709567 17.076815146670786 120
1738822709588 16.92890782616748 121
1738822709608 15.63959144363366 122
1738822709630 18.88900213696138 123
1738822709652 13.752290955365343 124
1738822709669 13.609125115138493 125
1738822709685 11.415663667083393 126
1738822709704 15.741127666442626 127
1738822709721 12.647069397437729 128
1738822709737 13.34354803824456 129
1738822709756 9.475295453961577 130
1738822709771 12.4514996684385 131
1738822709787 11.873333819757422 132
1738822709812 19.448956841142007 133
1738822709833 15.521546802948635 134
1738822709849 13.418710804913195 135
1738822709865 11.10931893271145 136
1738822709881 12.429289320314586 137
1738822709903 12.452604542784615 138
1738822709919 11.559570552496405 139
1738822709936 12.106931997689696 140
1738822709955 16.06564370498502 141
1738822709974 19.999098796307706 142
1738822709992 14.703906874699943 143
1738822710012 14.642680996028421 144
1738822710031 11.2806315136068 145
1738822710047 14.342244388070174 146
1738822710064 10.742492123434506 147
1738822710082 11.060999851718032 148
1738822710097 20.804589801617027 149
1738822710114 11.299902874603182 150
1738822710132 12.728958276531543 151
1738822710146 11.538866523458355 152
1738822710165 10.703323206845557 153
1738822710182 11.666756878905225 154
1738822710201 10.955866395479683 155
1738822710221 9.8623609113136 156
1738822710234 10.480374167750115 157
1738822710251 21.190402670193915 158
1738822710267 10.040253593742863 159
1738822710288 15.91058654196625 160
1738822710305 9.148744802348151 161
1738822710324 9.010102504245928 162
1738822710344 14.428169716921659 163
1738822710361 8.892013190182565 164
1738822710377 9.293009171799806 165
1738822710392 8.86651927614781 166
1738822710410 8.868264487669594 167
1738822710426 7.460700345366384 168
1738822710441 10.21521670222581 169
1738822710454 9.23890987389444 170
1738822710471 10.848573021053197 171
1738822710487 10.289790772894468 172
1738822710502 10.45503894643068 173
1738822710520 12.043611391201296 174
1738822710538 8.861596410999503 175
1738822710553 8.109376898342546 176
1738822710568 9.053912890264598 177
1738822710583 15.432331118879569 178
1738822710599 12.454024435962587 179
1738822710614 8.249902177084776 180
1738822710630 10.393001918337577 181
1738822710644 10.383786474336274 182
1738822710664 10.001160351227268 183
1738822710687 8.03574440022264 184
1738822710706 6.757961886302032 185
1738822710733 12.192285526549352 186
1738822710753 6.834003944025824 187
1738822710770 8.856782495387037 188
1738822710786 9.279287021649097 189
1738822710802 8.361974772637938 190
1738822710822 8.234401212874458 191
1738822710839 5.993608393334411 192
1738822710859 6.463928651930763 193
1738822710877 7.8785312237366325 194
1738822710895 8.19556250333956 195
1738822710929 6.20505725471947 196
1738822710966 6.6952283022791175 197
1738822710989 6.15412940437217 198
1738822711002 8.006454495585404 199
1738822711020 5.2705926825808875 200
1738822711037 7.409156776005725 201
1738822711051 6.2957694915998585 202
1738822711067 7.2691719949700175 203
1738822711085 6.0064436947545605 204
1738822711102 6.3474500271219645 205
1738822711117 9.825500693535488 206
1738822711131 6.955629373244901 207
1738822711145 6.487602401469041 208
1738822711159 6.620151441433952 209
1738822711176 8.985382451345991 210
1738822711191 5.607755325306584 211
1738822711205 5.368112492392806 212
1738822711220 7.125767032429808 213
1738822711236 8.135035601642386 214
1738822711251 4.847219104561312 215
1738822711266 5.111269672042752 216
1738822711284 6.240938312189296 217
1738822711301 5.952401809947169 218
1738822711319 5.054164750286115 219
1738822711341 7.487295087711775 220
1738822711361 6.80156766140801 221
1738822711384 5.234024127034346 222
1738822711401 5.031775299666941 223
1738822711418 7.884511083266327 224
1738822711433 5.358407439510607 225
1738822711450 4.655178642523445 226
1738822711464 4.897829281403484 227
1738822711478 6.858190037514507 228
1738822711495 5.347023471564221 229
1738822711512 5.551757642965255 230
1738822711527 4.745642332480033 231
1738822711545 4.333846077562804 232
1738822711565 5.637649339066564 233
1738822711582 4.976989530163735 234
1738822711606 5.1521804094497305 235
1738822711628 7.096700474910676 236
1738822711649 4.2335978647951125 237
1738822711666 4.757561654695451 238
1738822711693 4.027545377779009 239
1738822711711 5.831497480219478 240
1738822711732 4.3855736637545535 241
1738822711754 4.476949181624119 242
1738822711783 4.085353160525281 243
1738822711802 4.606456291714534 244
1738822711820 4.738430635652265 245
1738822711841 4.308030618613744 246
1738822711867 4.752896561239984 247
1738822711902 5.175634686617806 248
1738822711926 4.433346291403271 249
1738822711947 3.9170529153398723 250
1738822711969 3.6102068189048744 251
1738822711987 3.4162050110461597 252
1738822712015 4.217459175483666 253
1738822712044 4.028866387842899 254
1738822712066 3.3706370676737545 255
1738822712091 3.8440318964615345 256
1738822712112 4.006133594541866 257
1738822712127 3.512125353418373 258
1738822712150 3.8636675130649456 259
1738822712173 3.7373451945377223 260
1738822712195 3.8760027740976715 261
1738822712217 3.6529242107254887 262
1738822712236 4.253269728274319 263
1738822712251 3.119447556565005 264
1738822712269 5.742639895371734 265
1738822712291 2.777016003786063 266
1738822712311 2.7112185257120127 267
1738822712334 3.8198603642760958 268
1738822712356 3.311201468610348 269
1738822712377 3.213038852420735 270
1738822712390 3.7618811913735946 271
1738822712408 3.389076894923946 272
1738822712430 3.2807142157831266 273
1738822712448 3.1765654145679854 274
1738822712463 3.497953272971904 275
1738822712479 3.5455568566686253 276
1738822712495 3.189323949508228 277
1738822712513 3.414126227552957 278
1738822712535 3.6611535895397718 279
1738822712551 3.2447681552252856 280
1738822712566 1.8865908669741378 281
1738822712580 3.2459937646881927 282
1738822712594 4.094088106276139 283
1738822712610 2.99338059386037 284
1738822712623 3.924757956068603 285
1738822712636 3.2526912138210546 286
1738822712651 2.779175643922016 287
1738822712666 3.343104496535489 288
1738822712678 3.4853795182743856 289
1738822712693 2.42158934652385 290
1738822712708 2.468037809780958 291
1738822712724 2.2431827121263654 292
1738822712741 2.366158843415548 293
1738822712754 2.2578124903772827 294
1738822712770 2.7186637844415666 295
1738822712787 1.9571979022032109 296
1738822712804 2.7597996979322974 297
1738822712820 2.2088557444975474 298
1738822712835 2.4146371557470316 299
1738822712854 3.393956617005347 300
1738822712869 3.4367146210147532 301
1738822712883 2.4481492234807574 302
1738822712900 2.782832776440702 303
1738822712919 2.024825243774559 304
1738822712933 2.075182995248114 305
1738822712948 2.4762197585060077 306
1738822712966 1.9501095714119716 307
1738822712981 3.0396095357435446 308
1738822712999 2.3681836549317876 309
1738822713015 3.5984494386653374 310
1738822713029 2.694135882006302 311
1738822713048 2.4795104238107037 312
1738822713068 2.15552915916352 313
1738822713089 3.2527385590557887 314
1738822713105 3.4410604093982897 315
1738822713124 1.8491732962157739 316
1738822713140 3.1613168973358197 317
1738822713166 2.8216172301738704 318
1738822713179 1.9674985475880977 319
1738822713196 1.7215710017267023 320
1738822713218 3.441628594278217 321
1738822713234 2.575935946466021 322
1738822713252 2.204323899283838 323
1738822713270 2.3621381559870334 324
1738822713286 3.2916059714246124 325
1738822713306 1.530811414589558 326
1738822713326 1.9016133354291085 327
1738822713341 1.8579387958743327 328
1738822713363 1.7316524112789438 329
1738822713376 2.495748777541524 330
1738822713392 1.8001466743146806 331
1738822713415 2.0574524585942924 332
1738822713430 1.3275646105189631 333
1738822713447 2.4652575960343266 334
1738822713462 1.3177235226636457 335
1738822713477 1.4059291696635947 336
1738822713491 1.7812042967463173 337
1738822713505 1.527692481754711 338
1738822713520 1.3617761397537236 339
1738822713536 1.389720712725705 340
1738822713555 2.084081500639044 341
1738822713571 1.9091608585071058 342
1738822713588 1.795870970814201 343
1738822713602 1.6107527699244086 344
1738822713618 1.9706238212458864 345
1738822713634 1.4635827061895856 346
1738822713656 1.5574038382983528 347
1738822713674 2.1700901664045635 348
1738822713692 1.631280261285244 349
1738822713711 2.0413979698301925 350
1738822713727 1.4553302100689347 351
1738822713746 2.0138449877672313 352
1738822713766 1.7923395798811617 353
1738822713783 2.1047146169221516 354
1738822713802 1.520267663501618 355
1738822713817 2.147893145878552 356
1738822713834 1.5730394066955962 357
1738822713853 1.5992178795317633 358
1738822713871 1.2608805892532928 359
1738822713896 1.8316025682833907 360
1738822713929 2.0071898545929527 361
1738822713944 1.8579363638443922 362
1738822713961 1.135024546288788 363
1738822713977 1.790465956292112 364
1738822713995 2.0055801213077262 365
1738822714013 1.5316081263167183 366
1738822714035 1.315743396523648 367
1738822714058 1.8726460763354564 368
1738822714076 1.7059835426667505 369
1738822714090 1.9435410068889685 370
1738822714107 1.6132371833487344 371
1738822714126 1.1697386019103206 372
1738822714142 1.6006215328570998 373
1738822714155 1.402157172014069 374
1738822714174 1.4676222099609535 375
1738822714192 1.304864824352017 376
1738822714213 1.6131712998883103 377
1738822714230 1.0202810932725301 378
1738822714249 1.583642515573102 379
1738822714264 1.4877183249663297 380
1738822714282 1.5383959221331314 381
1738822714298 1.524743297036092 382
1738822714314 1.3894398367872125 383
1738822714329 0.7148233876397971 384
1738822714343 1.2234039144582471 385
1738822714359 1.4755844812006793 386
1738822714377 1.5520246625831637 387
1738822714391 1.3501963249938849 388
1738822714407 1.2899557429783999 389
1738822714426 0.9131753192610006 390
1738822714443 1.0635831657520207 391
1738822714464 1.0347460747883357 392
1738822714482 1.032152017418366 393
1738822714504 1.2062065925155827 394
1738822714522 1.169913091490019 395
1738822714536 1.1133148466299356 396
1738822714550 1.0492336199976513 397
1738822714566 0.6760624159566673 398
1738822714583 1.1753576778670796 399
1738822714598 1.3634832217252657 400
1738822714613 1.1250193115673015 401
1738822714628 0.9780734927218973 402
1738822714643 1.6558761964032584 403
1738822714657 0.6577342524348537 404
1738822714675 0.8698246031227306 405
1738822714690 0.9844035419636498 406
1738822714709 0.9598641306730834 407
1738822714726 0.8527660970072197 408
1738822714743 1.1001906256107883 409
1738822714759 0.721882244440152 410
1738822714777 1.2220678357705659 411
1738822714796 0.7348650259382145 412
1738822714814 0.8812709546659413 413
1738822714832 0.5903812066336647 414
1738822714851 0.9193910304793675 415
1738822714869 0.9033951772210548 416
1738822714889 0.7859366610675265 417
1738822714906 1.1229833999062788 418
1738822714921 0.5878713565092103 419
1738822714935 0.9056354733177637 420
1738822714951 2.176116306171087 421
1738822714966 1.3519176153392105 422
1738822714979 0.6545723479986594 423
1738822714994 0.9980692855655002 424
1738822715009 1.0009716532519055 425
1738822715024 0.8458289212196413 426
1738822715038 1.0405378372720993 427
1738822715054 1.2318795263307172 428
1738822715067 1.2400431227552469 429
1738822715082 1.039436528253734 430
1738822715096 1.1413076963118711 431
1738822715111 1.015774348671204 432
1738822715125 0.6811623488600889 433
1738822715140 0.8726369559007628 434
1738822715154 1.0634685178271504 435
1738822715173 0.728717853948867 436
1738822715194 0.8091261404203504 437
1738822715216 0.780001985466485 438
1738822715234 0.8328881852926789 439
1738822715252 0.8894932305213173 440
1738822715268 0.9395674951263875 441
1738822715285 0.7854685526007484 442
1738822715301 0.7709865090827823 443
1738822715317 0.9623335575732748 444
1738822715332 0.8478900305167266 445
1738822715346 0.7192288366221693 446
1738822715362 0.7354627111142805 447
1738822715377 1.0220063213825237 448
1738822715391 0.5500055985994642 449
1738822715408 0.8522039313521413 450
1738822715423 0.8214404404473963 451
1738822715438 1.0526648418206823 452
1738822715453 0.5831648574679713 453
1738822715470 0.6598312945290853 454
1738822715487 0.7859541970952756 455
1738822715505 0.7428721144282481 456
1738822715520 0.6823442694274483 457
1738822715534 0.8694925268487528 458
1738822715548 0.7630774001722389 459
1738822715563 0.6917738009567941 460
1738822715578 0.5363804752362761 461
1738822715592 0.6305414472229004 462
1738822715606 0.8463738534627162 463
1738822715621 0.6072449536099354 464
1738822715636 0.795844325368556 465
1738822715651 0.7171752922400958 466
1738822715666 0.6698549501352418 467
1738822715681 0.7827037647185877 468
1738822715695 0.5635921174536591 469
1738822715710 0.40518058997247625 470
1738822715723 0.7343199301185747 471
1738822715739 0.8976997242346393 472
1738822715754 0.7479292049666132 473
1738822715770 0.6279764709357123 474
1738822715782 0.9999336778298121 475
1738822715795 0.464433318778562 476
1738822715809 0.7377986829810547 477
1738822715826 0.7493981630767921 478
1738822715841 0.6291362831114174 479
1738822715856 0.5799967431199081 480
1738822715870 0.6416474652613828 481
1738822715885 0.6949270396689201 482
1738822715901 0.6390170571277991 483
1738822715920 0.618699477283358 484
1738822715938 0.7872114766316712 485
1738822715954 0.8069022950165967 486
1738822715974 0.7059455093485391 487
1738822715998 0.5444211684729408 488
1738822716015 0.706305932007657 489
1738822716038 0.5784100437538291 490
1738822716064 0.6312479113956673 491
1738822716083 0.6821668151387089 492
1738822716130 0.8123090017047564 493
1738822716145 0.6047020194369606 494
1738822716163 0.7833778682231554 495
1738822716174 0.5356753223960908 496
1738822716190 0.6748170067187095 497
1738822716214 0.6472181135958477 498
1738822716235 0.602606626706757 499
