1738680105944 167.288699053008 0
1738680105952 170.67349607941821 1
1738680105958 170.71689139188828 2
1738680105965 169.5130419992843 3
1738680105971 168.11893885910035 4
1738680105977 167.48958296328536 5
1738680105983 170.38083795098746 6
1738680105990 170.26125917452768 7
1738680105996 167.66424847760672 8
1738680106002 169.80973251875642 9
1738680106008 167.0467873217538 10
1738680106014 171.39915129559935 11
1738680106021 167.01618701618142 12
1738680106028 166.04769176219583 13
1738680106035 165.43888240403726 14
1738680106042 165.89533547889795 15
1738680106050 167.82653639190409 16
1738680106057 169.57358775044008 17
1738680106063 171.40744265563927 18
1738680106069 168.69989654727428 19
1738680106075 168.16958757523844 20
1738680106081 169.62985191076334 21
1738680106088 169.6178400253893 22
