1738825645123 191.74099567935494 0
1738825645162 154.3375612194743 1
1738825645201 145.15420444957263 2
1738825645240 83.20597909346259 3
1738825645278 130.92601892196575 4
1738825645319 178.81342777633952 5
1738825645360 193.04205507243458 6
1738825645400 139.77277891912553 7
1738825645440 179.6823042318554 8
1738825645480 167.34003799579932 9
1738825645518 193.22402206477764 10
1738825645556 190.66790591153998 11
1738825645594 169.78625154115457 12
1738825645632 148.13427965476853 13
1738825645670 140.4226322459366 14
1738825645709 284.4221126453594 15
1738825645748 193.77559653868468 16
1738825645786 139.73102316068002 17
1738825645825 313.7910529296275 18
1738825645862 152.15741659849314 19
1738825645901 188.74589429478786 20
1738825645939 179.69826321696533 21
1738825645976 120.70927100876649 22
1738825646018 194.32430084507197 23
1738825646057 146.71171439055232 24
1738825646094 221.17076056270648 25
1738825646132 164.21208745298287 26
1738825646170 184.46322373951926 27
1738825646208 162.42759029350597 28
1738825646246 183.34098860404828 29
1738825646285 365.38743055876137 30
1738825646322 159.55943671130603 31
1738825646361 165.40329123661365 32
1738825646399 182.4052539202498 33
1738825646436 211.0366037713927 34
1738825646474 191.82124411677083 35
1738825646512 195.04453672232844 36
1738825646550 174.65614259787435 37
1738825646588 210.2557675449412 38
1738825646626 199.4910042739311 39
1738825646664 155.7085035074593 40
1738825646702 169.93333358627154 41
1738825646740 160.01304137445933 42
1738825646780 214.60765844259828 43
1738825646819 89.9689321699232 44
1738825646857 81.34122643863907 45
1738825646895 246.6782642843511 46
1738825646932 140.058385927604 47
1738825646970 167.9870361655532 48
1738825647008 92.25511843001405 49
1738825647046 152.298587004832 50
1738825647084 79.49323038846354 51
1738825647122 153.6257407310056 52
1738825647159 126.88804711923996 53
1738825647197 169.54887247649222 54
1738825647235 195.56461765404254 55
1738825647273 236.6859972587138 56
1738825647311 189.60811188918493 57
1738825647349 235.7259728409302 58
1738825647387 177.20770126207935 59
1738825647425 187.3012835434332 60
1738825647463 115.5535653834135 61
1738825647502 120.9118623856526 62
1738825647541 155.04633434380096 63
1738825647580 164.0095184637076 64
1738825647619 195.82333636383854 65
1738825647659 183.41300007401284 66
1738825647699 188.2457802094041 67
1738825647738 182.03447734089534 68
1738825647777 169.74574876120164 69
1738825647815 190.76197747634052 70
1738825647855 168.89022859523763 71
1738825647894 165.30072974805154 72
1738825647932 164.00651943636365 73
1738825647970 126.72569354247051 74
1738825648008 168.67347553720384 75
1738825648045 138.9092570950557 76
1738825648083 186.36740407504567 77
1738825648120 111.3598674983155 78
1738825648157 86.59666293259826 79
1738825648194 173.97932918057361 80
1738825648232 164.90476466431653 81
1738825648269 188.60793728829148 82
1738825648306 100.0920864346917 83
1738825648344 104.46723149775389 84
1738825648382 134.74477339353504 85
1738825648419 91.96791143831491 86
1738825648457 140.03955237827196 87
1738825648494 142.28906930443543 88
1738825648531 184.98159590863062 89
1738825648571 139.07633036560077 90
1738825648610 139.80833519729305 91
1738825648648 167.27265495421523 92
1738825648687 125.91382867008895 93
1738825648726 189.21543241737498 94
1738825648763 230.3796930824364 95
1738825648801 156.68912424377498 96
1738825648839 165.71010976874106 97
1738825648879 124.51915416540983 98
1738825648917 158.87382465044598 99
1738825648956 176.6857881235733 100
1738825648994 172.65899367016613 101
1738825649035 162.75648581679582 102
1738825649073 259.63279521874773 103
1738825649112 179.557201474301 104
1738825649151 207.51300512056122 105
1738825649189 154.1672273617244 106
1738825649254 45.10376090982578 107
1738825649294 120.22730160286942 108
1738825649333 176.76715015234228 109
1738825649371 175.77785118726953 110
1738825649409 175.93423924592034 111
1738825649447 148.66631950297568 112
1738825649485 194.44764002586413 113
1738825649523 156.27573195758782 114
1738825649561 133.29779504991666 115
1738825649600 249.2705356928975 116
1738825649638 112.96144180879705 117
1738825649675 168.21526321046338 118
1738825649713 106.5894573358872 119
1738825649752 162.16153777912942 120
1738825649789 191.18002876972233 121
1738825649828 166.8780174674161 122
1738825649867 141.37121975164004 123
1738825649905 190.23220596226628 124
1738825649943 80.9695897620624 125
1738825649981 194.50934342032025 126
1738825650020 194.22729902592553 127
1738825650058 198.24349420514363 128
1738825650096 82.3513041160998 129
1738825650135 164.1716447855429 130
1738825650173 88.82836696822869 131
1738825650211 235.77951625963695 132
1738825650249 180.1339500216665 133
1738825650287 105.06300590226789 134
1738825650325 170.88255946927322 135
1738825650362 171.59358511312215 136
1738825650400 187.50424186721483 137
1738825650438 214.95217348527854 138
1738825650476 162.87011520415663 139
1738825650514 152.12332658239984 140
1738825650552 182.6936246605576 141
1738825650591 186.7160791838182 142
1738825650631 167.67030015282276 143
1738825650669 181.7702106380044 144
1738825650710 144.73225310959026 145
1738825650749 165.57840679946236 146
1738825650787 170.98166018160913 147
1738825650826 194.29981930186057 148
1738825650864 214.7304128644434 149
1738825650904 42.77689784441235 150
1738825650943 201.4713802265799 151
1738825650981 113.39234432999818 152
1738825651020 349.2151716476876 153
1738825651059 171.02794065877583 154
1738825651097 157.8362094874392 155
1738825651135 170.70631289080413 156
1738825651174 323.77989575884396 157
1738825651212 302.6027073340507 158
1738825651250 166.69177952112406 159
1738825651288 133.57806827733592 160
1738825651325 156.14074059488792 161
1738825651364 191.8141179349991 162
1738825651403 162.63833466430205 163
1738825651441 171.83601485321014 164
1738825651479 174.89857766849025 165
1738825651517 214.27685192567765 166
1738825651555 182.26446480115797 167
1738825651592 136.22236841263447 168
1738825651630 141.09044253518732 169
1738825651668 99.50643141608288 170
1738825651705 215.83146540632595 171
1738825651744 267.40152346827887 172
1738825651782 156.8104616904495 173
1738825651820 172.62815178363837 174
1738825651857 137.28049542102164 175
1738825651895 111.48778976962667 176
1738825651932 42.68763841834813 177
1738825651970 210.9027059236367 178
1738825652008 169.05384799323193 179
1738825652046 175.0777249600733 180
1738825652086 181.72270606415913 181
1738825652130 189.94010718027755 182
1738825652169 115.33429684055855 183
1738825652207 137.0584494719563 184
1738825652245 175.9188640503312 185
1738825652283 94.50062820759743 186
1738825652321 175.05640235265594 187
1738825652359 189.40456135345434 188
1738825652397 142.65650010405045 189
1738825652435 152.5695959073009 190
1738825652472 202.15722749490936 191
1738825652510 208.8201252664454 192
1738825652548 173.4533145458335 193
1738825652586 194.41427922311632 194
1738825652624 135.13843571003287 195
1738825652661 174.42345244828275 196
1738825652699 182.445407227984 197
1738825652736 165.67542167901428 198
1738825652774 169.5870838883446 199
1738825652811 155.55185512830005 200
1738825652849 198.12765180435497 201
1738825652890 184.3317960497888 202
1738825652934 212.0165764133833 203
1738825652972 205.62815465249733 204
1738825653010 185.04432228261152 205
1738825653048 191.88751256628163 206
1738825653086 223.45984247256527 207
1738825653125 143.70271151303282 208
1738825653163 146.37753856281682 209
1738825653200 78.94112671667048 210
1738825653239 176.39705584305742 211
1738825653277 177.8181424899674 212
1738825653315 170.8146117360985 213
1738825653353 136.38639880217045 214
1738825653391 155.1061774878163 215
1738825653429 167.15577846602443 216
1738825653467 239.17655005252135 217
1738825653506 154.02642235144177 218
1738825653545 130.33610150955252 219
1738825653583 167.14605358266863 220
1738825653621 177.7266859604582 221
1738825653659 180.99805379010652 222
1738825653697 142.73393003798068 223
1738825653735 317.5303586161317 224
1738825653773 338.08052484536444 225
1738825653811 146.764368170608 226
1738825653849 130.85926794498678 227
1738825653886 162.46374081261794 228
1738825653924 310.67317302940927 229
1738825653962 63.65263273876539 230
1738825654000 199.72544528867255 231
1738825654038 170.5940459363134 232
1738825654076 206.05242817925316 233
1738825654114 172.13359255353626 234
1738825654152 177.57060310073 235
1738825654189 145.73274875412184 236
1738825654228 154.86036917584042 237
1738825654268 221.31265172036788 238
1738825654306 139.84046506094165 239
1738825654344 276.73134723076174 240
1738825654383 141.49727621180736 241
1738825654421 135.50101320756502 242
1738825654459 131.16999124336573 243
1738825654497 248.60436754008083 244
1738825654535 208.05079775236132 245
1738825654573 157.48519514311712 246
1738825654611 155.68443600307532 247
1738825654649 270.24553259685086 248
1738825654687 158.1856768836751 249
1738825654725 189.42190518793336 250
1738825654763 146.68249551573692 251
1738825654801 161.2257628693281 252
1738825654839 124.37793960264872 253
1738825654877 180.51039719458976 254
1738825654915 175.84653915477224 255
1738825654953 147.66267477001944 256
1738825654991 138.4432907261453 257
1738825655030 232.82724695055563 258
1738825655068 188.27694261708214 259
1738825655106 195.2839023583265 260
1738825655144 182.20031261473173 261
1738825655182 200.0173607134689 262
1738825655220 175.56407376752745 263
1738825655258 155.1450626299118 264
1738825655296 189.91286088863998 265
1738825655334 113.9652907273761 266
1738825655372 185.0193393866474 267
1738825655410 260.34273942372346 268
1738825655448 213.99248466596916 269
1738825655486 192.77489998228475 270
1738825655524 195.17226520180995 271
1738825655562 82.58582381865938 272
1738825655600 117.15269588134565 273
1738825655639 211.2911969837786 274
1738825655676 180.7196798187606 275
1738825655715 153.20698485487785 276
1738825655753 177.9098759111414 277
1738825655791 205.44907145391699 278
1738825655829 162.41097375450093 279
1738825655868 186.66733593026586 280
1738825655907 211.82518831165015 281
1738825655945 187.00001361891177 282
1738825655983 157.08738210754504 283
1738825656022 194.58431035321746 284
1738825656060 153.03508099022116 285
1738825656098 173.70164825933182 286
1738825656136 410.7037517691625 287
1738825656174 191.63474335233772 288
1738825656212 131.85594982916467 289
1738825656249 242.8838716401956 290
1738825656288 137.1509436828458 291
1738825656326 205.5147329616954 292
1738825656366 219.86282928403392 293
1738825656404 155.14009639049092 294
1738825656442 214.13741253211612 295
1738825656481 161.56543502755525 296
1738825656519 113.09751516670033 297
1738825656556 166.68804665831638 298
1738825656594 532.1730391070415 299
1738825656632 137.23339819270083 300
1738825656670 145.89256755839986 301
1738825656708 195.58163399525404 302
1738825656746 132.2626004032688 303
1738825656784 136.7243683831497 304
1738825656822 196.35716884217 305
1738825656861 173.4293958411565 306
1738825656899 180.75282664173852 307
1738825656937 92.07790593687426 308
1738825656975 181.2002529827953 309
1738825657012 84.29544102724736 310
1738825657050 176.93354317841226 311
1738825657088 169.22510765589385 312
1738825657125 201.67046468812097 313
1738825657163 211.75749322179834 314
1738825657201 194.15037239989022 315
1738825657239 139.70250066707135 316
1738825657277 167.33161398211615 317
1738825657315 135.80134309238815 318
1738825657353 145.35065882446546 319
1738825657391 148.5864428784922 320
1738825657430 146.80682607609117 321
1738825657469 121.56057039066312 322
1738825657510 185.64976758101074 323
1738825657550 171.20993281411003 324
1738825657590 183.69081015942282 325
1738825657629 167.92999884671116 326
1738825657668 144.10755579576116 327
1738825657706 279.3047532815652 328
1738825657744 164.8807419187425 329
1738825657782 176.10178390402245 330
1738825657820 353.97292215685934 331
1738825657859 135.07757267756793 332
1738825657897 206.16927065819087 333
1738825657936 171.8645128311787 334
1738825657974 162.33224007691717 335
1738825658012 170.79415084336637 336
1738825658051 133.35262547717033 337
1738825658089 266.0444395952672 338
1738825658127 162.0056082858015 339
1738825658165 168.88274624241714 340
1738825658203 226.07173352633112 341
1738825658241 176.12979564815603 342
1738825658279 170.03528953666347 343
1738825658317 153.49179753113194 344
1738825658355 171.38777184189365 345
1738825658393 121.34987190055303 346
1738825658431 177.6761419100652 347
1738825658471 179.6233598114962 348
1738825658509 179.42416099394535 349
1738825658548 189.91617997580448 350
1738825658586 85.71676831920315 351
1738825658624 239.99926837892338 352
1738825658662 152.45800600241677 353
1738825658701 181.41333179918985 354
