1738679670653 169.6886346431728 0
1738679670691 182.16071116644497 1
1738679670727 175.60704086861926 2
1738679670763 115.60878116866245 3
1738679670799 141.14994144944944 4
1738679670836 138.5879699496266 5
1738679670874 166.5630658425746 6
1738679670928 180.58214125274185 7
1738679670967 132.36252912448262 8
1738679671008 177.95385172159035 9
1738679671048 178.87984861306634 10
1738679671084 177.33612109943718 11
1738679671120 170.44463879013287 12
1738679671156 155.56829623784517 13
1738679671192 184.41339086228845 14
1738679671227 147.1478415205554 15
1738679671263 162.22827625302577 16
1738679671299 166.61226625270012 17
1738679671335 175.21364674035706 18
1738679671371 175.91769863747817 19
1738679671407 170.64841497996505 20
1738679671444 159.27567784888262 21
1738679671480 160.16895760895042 22
1738679671516 158.23868906557732 23
1738679671553 147.06109086370103 24
1738679671589 178.32966759588024 25
1738679671625 179.2051757919388 26
1738679671663 172.05134937780565 27
1738679671700 176.97401255461514 28
1738679671737 147.11993685108814 29
1738679671773 156.1756138125475 30
1738679671809 141.92900734486773 31
1738679671846 162.197813768829 32
1738679671881 164.80507183342777 33
1738679671918 138.22570448806962 34
1738679671954 162.36291242796779 35
1738679671991 154.48437810413364 36
1738679672028 112.56910231301303 37
1738679672064 166.20289621525677 38
1738679672100 173.3977771096558 39
1738679672136 162.31090634129305 40
1738679672172 176.85548585237444 41
1738679672208 169.71095103206866 42
1738679672245 126.15072351245664 43
1738679672280 192.24379540099105 44
1738679672316 153.95699426684064 45
1738679672353 161.43944855576333 46
1738679672388 172.46557949948402 47
1738679672426 181.28325557890847 48
1738679672462 159.01456055013438 49
1738679672499 174.11929793152055 50
1738679672536 177.5377387295959 51
1738679672573 167.17064952718172 52
1738679672609 142.67649543133592 53
1738679672645 168.01002028343635 54
1738679672681 169.05044062445168 55
1738679672717 166.72229230469523 56
1738679672753 175.59325570651026 57
1738679672789 172.9541620017953 58
1738679672825 189.21774745942486 59
1738679672861 182.42352227499384 60
1738679672897 145.79915433829035 61
1738679672933 174.57451961662917 62
1738679672969 172.12013504826197 63
1738679673004 148.01081069337508 64
1738679673042 184.26481709280725 65
1738679673078 168.4764442085873 66
1738679673114 156.10981483141586 67
1738679673151 188.04358953486835 68
1738679673189 172.43231474599853 69
1738679673227 177.37877189297373 70
1738679673263 173.73399840437727 71
1738679673298 176.45118680567512 72
1738679673335 167.95142967603633 73
1738679673371 155.72323102098423 74
1738679673407 174.1787611763869 75
1738679673443 166.4727362222136 76
1738679673479 176.06898890867507 77
1738679673515 182.56727276384984 78
1738679673551 168.13187672816414 79
1738679673587 179.64725517593726 80
1738679673624 180.61612132565608 81
1738679673660 185.44879307606593 82
1738679673696 161.27972237316555 83
1738679673732 170.65975793089083 84
1738679673769 201.9341539688139 85
1738679673805 157.42838207130742 86
1738679673840 158.2623834414872 87
1738679673876 169.29316371762363 88
1738679673912 178.63347524267476 89
1738679673948 160.0248025998122 90
1738679673984 173.8240864768399 91
1738679674019 162.76849588601684 92
1738679674055 176.36486573119592 93
1738679674091 181.21503387905452 94
1738679674127 169.9123280030132 95
1738679674163 171.82672024956355 96
1738679674200 180.72185128885155 97
1738679674238 155.60504850509082 98
1738679674273 174.23486798320218 99
1738679674310 177.12404248019274 100
1738679674345 164.16347497912795 101
1738679674382 146.60755234422155 102
1738679674417 151.6352990391927 103
1738679674454 165.4807949719065 104
1738679674490 175.51127494108437 105
1738679674526 189.42255233920037 106
1738679674563 180.7342422983435 107
1738679674598 181.058180271373 108
1738679674634 137.79849487544374 109
1738679674670 176.51502633458793 110
1738679674706 189.98948098554743 111
1738679674742 180.27022176590629 112
1738679674779 188.92652187104497 113
1738679674815 181.15609987762303 114
1738679674850 146.06639077377818 115
1738679674886 151.24059456276862 116
1738679674922 154.9581621249534 117
1738679674959 169.34931569675896 118
1738679674995 140.19516624912177 119
1738679675032 182.83413855841866 120
1738679675068 153.48544002176752 121
1738679675104 163.68110811454582 122
1738679675140 154.17965584460134 123
1738679675175 177.33345661561776 124
1738679675211 188.43621922025764 125
1738679675247 196.80826928169773 126
1738679675283 175.15169977976865 127
1738679675319 157.0589760496115 128
1738679675355 195.6762767617887 129
1738679675391 212.16178583917085 130
1738679675427 178.78465663620025 131
1738679675462 183.2399030020977 132
1738679675498 167.71373505996755 133
1738679675535 235.54154196379568 134
1738679675571 168.8091038350141 135
1738679675608 191.42720490165152 136
1738679675644 148.09009358416807 137
1738679675680 186.10336216623023 138
1738679675716 185.8709828614271 139
1738679675752 159.10427695319441 140
1738679675787 183.81367051223586 141
1738679675823 173.3552947253349 142
1738679675859 170.64737027216947 143
1738679675895 177.22038753005097 144
1738679675930 163.45320680187132 145
1738679675966 172.43447355853917 146
1738679676002 180.32565552399709 147
1738679676038 130.38158811395664 148
1738679676074 169.08663393642183 149
1738679676110 174.34904974095625 150
1738679676146 173.13757974039655 151
1738679676182 178.22920848027942 152
1738679676218 166.60575442687724 153
1738679676253 148.72873695162826 154
1738679676289 152.3365780261077 155
1738679676326 124.62799499766497 156
1738679676361 176.18257899392708 157
1738679676397 178.93772186711507 158
1738679676433 187.78870225357352 159
1738679676469 173.88608127661738 160
1738679676505 176.19143371541023 161
1738679676542 140.9472817317672 162
1738679676579 184.99098255109078 163
1738679676615 177.44166071331497 164
1738679676651 138.52214829772842 165
1738679676687 195.30710307843276 166
1738679676724 158.52465950813624 167
1738679676760 171.8376090390163 168
1738679676796 146.6142785515842 169
1738679676832 150.5336943289067 170
1738679676868 161.32943663178892 171
1738679676904 164.69976556373658 172
1738679676940 176.385604889713 173
1738679676976 228.43838771964226 174
1738679677012 160.28197729307823 175
1738679677048 132.1764652779651 176
1738679677084 168.0494583022449 177
1738679677120 177.16223007146166 178
1738679677156 183.79627725353882 179
1738679677191 168.78612186159344 180
1738679677227 184.5964760721139 181
1738679677263 159.01959711564183 182
1738679677299 154.8375727508519 183
1738679677336 156.5826136709669 184
1738679677372 176.24202237866888 185
1738679677408 151.7398145872746 186
1738679677444 175.2335183912651 187
1738679677480 169.9195182199008 188
1738679677516 165.2840251410235 189
1738679677552 156.90043008371117 190
1738679677588 180.78583998456068 191
1738679677624 183.9470378225985 192
1738679677660 173.59030354463118 193
1738679677696 174.86137111612945 194
1738679677732 162.4357430023055 195
1738679677767 174.29412027675076 196
1738679677803 146.64609675771268 197
1738679677839 171.20611464150417 198
1738679677875 168.95951856381188 199
1738679677912 185.73723040029097 200
1738679677948 167.77147958531168 201
1738679677984 145.64140159500582 202
1738679678021 167.602784581423 203
1738679678057 150.42739158864995 204
1738679678093 165.01242427713095 205
1738679678129 170.638677043635 206
1738679678165 216.3363336328209 207
1738679678201 190.48764676529967 208
1738679678237 173.12466068992967 209
1738679678272 164.38107232420592 210
1738679678308 195.11451762307155 211
1738679678344 165.3958471051024 212
1738679678380 148.18580822369012 213
1738679678415 173.27009365498515 214
1738679678451 178.74452723798558 215
1738679678488 158.14725561807924 216
1738679678524 164.26879225336367 217
1738679678560 165.11140813010275 218
1738679678597 175.63585377184683 219
1738679678633 170.29651175141535 220
1738679678669 182.08918301432564 221
1738679678705 157.35795451068736 222
1738679678740 177.07204907011922 223
1738679678776 153.98663454893904 224
1738679678812 167.96605895982506 225
1738679678848 171.46610461335698 226
1738679678884 146.16801452970026 227
1738679678920 202.70827853363932 228
1738679678955 176.9954858800967 229
1738679678991 168.39106621701657 230
1738679679027 164.26010245963462 231
1738679679063 145.84001133100884 232
1738679679100 147.54019093200094 233
1738679679136 169.45909511980594 234
1738679679172 194.0102313595676 235
1738679679208 165.75413626615207 236
1738679679244 152.9431591433264 237
1738679679280 161.55970633901464 238
1738679679315 158.342418250563 239
1738679679351 168.7737279569019 240
1738679679387 187.5515504561773 241
1738679679422 175.63137605916305 242
1738679679458 159.23817316290024 243
1738679679494 182.47331034955647 244
1738679679530 172.47057276190972 245
1738679679567 173.55540434721942 246
1738679679603 160.6474646136633 247
1738679679639 183.34674692186988 248
1738679679675 168.82857926064008 249
1738679679711 163.5872844241004 250
1738679679747 138.8022613972086 251
1738679679783 182.78006998340769 252
1738679679819 177.84507838710067 253
1738679679854 155.74817262211266 254
1738679679890 170.95232090910235 255
1738679679926 159.93781496218958 256
1738679679962 245.64146449966995 257
1738679679998 163.50453244634278 258
1738679680034 191.2940711213047 259
1738679680070 185.8548861418557 260
1738679680106 172.100032126539 261
1738679680142 167.1105482545159 262
1738679680178 171.9397042152603 263
1738679680214 171.10540816750708 264
1738679680250 172.56229159760647 265
1738679680286 152.4805654436371 266
1738679680322 169.5976859431406 267
1738679680358 174.72407924245053 268
1738679680394 148.6878720608381 269
1738679680429 184.70337890418207 270
1738679680465 187.35357366178687 271
1738679680501 181.22486191393264 272
1738679680537 174.90517819612376 273
1738679680573 166.84361770805225 274
1738679680610 141.6453753172765 275
1738679680645 193.35048145829813 276
1738679680681 144.94993368697874 277
1738679680718 121.99469052676368 278
1738679680754 184.21244733026404 279
1738679680789 167.8943239312146 280
1738679680825 154.5132873262683 281
1738679680861 168.9713246491903 282
1738679680897 167.67384699544613 283
1738679680932 178.4383551050684 284
1738679680968 159.22329731997007 285
1738679681004 177.4616868508456 286
1738679681040 162.88951129947128 287
1738679681077 173.97332481240613 288
1738679681113 164.3506873025303 289
1738679681149 180.29755830096812 290
1738679681185 171.6374781454322 291
1738679681221 183.09698336954193 292
1738679681257 221.44740226038562 293
1738679681293 167.30467133529828 294
1738679681329 177.478170760641 295
1738679681365 140.14233827854704 296
1738679681401 165.26988221504436 297
1738679681437 165.4910982164506 298
1738679681473 148.62434009304224 299
1738679681509 173.7659213337317 300
1738679681544 152.44150399551773 301
1738679681580 184.1867538349054 302
1738679681616 171.75156100705303 303
1738679681652 183.52348523970036 304
1738679681688 178.81191831015644 305
1738679681723 155.7605303560856 306
1738679681759 164.78459185073217 307
1738679681795 185.01097918084378 308
1738679681830 145.9348317454098 309
1738679681866 152.8518418259886 310
1738679681902 154.42367261517725 311
1738679681939 166.611336423565 312
1738679681975 152.88201793540912 313
1738679682011 143.1977831125106 314
1738679682047 152.88449404538602 315
1738679682083 173.17000233604676 316
1738679682119 161.4228756298394 317
1738679682155 189.0979345681785 318
1738679682191 168.40367298765761 319
1738679682226 186.14093769657467 320
1738679682262 146.80167948641898 321
1738679682298 160.64951948706184 322
1738679682334 183.53407358181346 323
1738679682370 186.5407100624991 324
1738679682406 169.7045302467293 325
1738679682442 181.8425035021328 326
1738679682477 174.15679970753175 327
1738679682514 174.18989233271972 328
1738679682550 177.27371043197644 329
1738679682586 157.3993950359774 330
1738679682623 136.22705492208505 331
1738679682660 187.85504178954386 332
1738679682696 164.0448985069453 333
1738679682731 188.40397960744556 334
1738679682767 156.1784732724664 335
1738679682803 182.2261041568265 336
1738679682839 206.44247288340569 337
1738679682875 147.73017372113517 338
1738679682910 145.5371597527115 339
1738679682946 172.86198836305292 340
1738679682982 181.75427123033407 341
1738679683018 142.62804349304662 342
1738679683056 181.0067317170852 343
1738679683092 173.38647337853484 344
1738679683129 176.68828544139845 345
1738679683165 148.7740137726194 346
1738679683201 178.30446632100606 347
1738679683236 162.7429367542142 348
1738679683272 150.8336478074162 349
1738679683308 181.11403736494498 350
1738679683344 183.87859683526088 351
1738679683380 167.7092990963852 352
1738679683415 175.97117118448557 353
1738679683452 159.3388779376961 354
1738679683487 154.48223074217515 355
1738679683523 186.18514388892743 356
1738679683559 175.9967462377742 357
1738679683595 174.04955074639687 358
1738679683631 184.01404416968046 359
1738679683667 159.15693283326218 360
1738679683704 189.81722750886632 361
1738679683740 162.52212606702253 362
1738679683776 170.86051197642632 363
1738679683812 170.48916334506006 364
1738679683847 137.82496492761328 365
1738679683883 173.28756226349705 366
1738679683919 154.95961382343737 367
1738679683955 182.908955886396 368
1738679683991 183.39828853978275 369
1738679684027 155.88458687406893 370
1738679684064 175.48625404735293 371
1738679684100 152.4977878388367 372
1738679684136 172.70832173163797 373
1738679684171 170.55853330188376 374
1738679684207 165.66554603634734 375
1738679684244 171.59908394356682 376
1738679684280 178.76041745388457 377
1738679684316 182.52853022278208 378
1738679684352 146.6100737161708 379
1738679684387 150.18056205478626 380
1738679684423 156.7754863167918 381
1738679684459 171.72112189782717 382
1738679684494 153.9614429204774 383
1738679684530 166.07943749982098 384
1738679684566 178.29971411263062 385
1738679684602 172.80471490942847 386
1738679684638 145.38463351844052 387
1738679684674 160.33526571277156 388
1738679684710 166.19544306105294 389
1738679684747 175.03255578743378 390
1738679684783 173.7151354307786 391
1738679684818 177.20483300422296 392
1738679684854 171.7764205807982 393
1738679684890 180.449263916628 394
1738679684926 189.3251618984826 395
1738679684962 173.10993262485914 396
1738679684998 173.38758507446207 397
1738679685034 188.21761857338228 398
1738679685070 181.83434818698979 399
1738679685106 137.90504742614542 400
1738679685142 181.22329241806497 401
1738679685178 174.81855250805742 402
1738679685214 167.43765005995283 403
1738679685249 116.68445764766962 404
1738679685285 155.928720648464 405
1738679685321 158.7566637708413 406
1738679685357 168.26798430647278 407
1738679685393 185.8444174336142 408
1738679685430 196.67243449930208 409
1738679685466 178.39854399533598 410
1738679685502 179.72802322201687 411
1738679685538 173.46880213191955 412
1738679685574 182.8693936662587 413
1738679685610 161.31642795930821 414
1738679685646 164.88670244785106 415
1738679685682 155.919626024836 416
1738679685718 182.75718571581695 417
1738679685754 179.6368303710919 418
1738679685790 173.76177907725244 419
1738679685825 187.77274050616919 420
1738679685861 180.33716361901415 421
1738679685897 171.88799756680064 422
1738679685933 174.1138009640511 423
1738679685969 182.5132458878383 424
1738679686005 190.47531294115686 425
1738679686041 166.8857743123246 426
1738679686078 171.27536048583485 427
1738679686114 181.09627748350576 428
1738679686150 188.8923029576927 429
1738679686186 160.6154336839048 430
1738679686223 152.21781999214855 431
1738679686260 183.04252274512245 432
1738679686295 189.0268383222494 433
1738679686331 174.78865522626683 434
1738679686367 158.03387753367784 435
1738679686402 180.03173156758876 436
1738679686439 159.2737696065131 437
1738679686474 174.99692827051473 438
1738679686510 171.16732221976042 439
1738679686546 180.87871223117693 440
1738679686582 187.42173000653736 441
1738679686618 187.86508156167997 442
1738679686654 177.94460310968515 443
1738679686690 176.81745917251035 444
1738679686726 146.2770916728575 445
1738679686762 167.07797757208053 446
1738679686798 158.47707518790895 447
1738679686834 192.67855858832212 448
1738679686870 179.05170664638197 449
1738679686906 153.88565654939435 450
1738679686943 184.64170780663386 451
1738679686979 189.50179927701205 452
1738679687015 187.21977587703898 453
1738679687051 173.16428798702006 454
1738679687087 166.823088357108 455
1738679687124 179.96740040199347 456
1738679687160 181.5589044683239 457
1738679687196 168.6329490589955 458
1738679687232 178.88239334660875 459
1738679687268 136.7734655043363 460
1738679687304 160.37464588827243 461
1738679687340 163.84677375423036 462
1738679687376 169.8472768127839 463
1738679687412 113.1102489536177 464
1738679687448 181.87407811921267 465
1738679687484 167.6878492479993 466
1738679687519 173.84534082679204 467
1738679687555 190.84393513288526 468
1738679687591 183.03456334743424 469
1738679687627 171.93555707567768 470
1738679687662 167.34147737503997 471
1738679687698 187.8482222417043 472
1738679687734 210.1499272451193 473
1738679687770 186.57679186787638 474
1738679687807 177.09693080397184 475
1738679687843 146.75338772820484 476
1738679687881 173.160476298133 477
1738679687920 185.71414333969227 478
1738679687956 164.80371240701788 479
1738679687992 180.94067803315767 480
1738679688028 176.17039302223205 481
1738679688064 150.5046328685287 482
1738679688100 146.983707119846 483
1738679688136 171.76601957868783 484
1738679688172 170.4245139637104 485
1738679688208 163.27478923022858 486
1738679688244 178.5604008616563 487
1738679688280 172.02468304068486 488
1738679688316 178.80695146445464 489
1738679688352 167.38340753977062 490
1738679688388 177.30261609862345 491
1738679688424 163.53839628935484 492
1738679688459 154.50118526557952 493
1738679688495 152.26302968389294 494
1738679688531 174.86900679761655 495
1738679688567 161.2790630592642 496
1738679688603 176.786957058588 497
1738679688638 165.58206349800295 498
1738679688674 159.88127323124928 499
