1738826184084 168.51149441763147 0
1738826184135 171.29840790293892 1
1738826184187 139.2561651411281 2
1738826184233 183.52421783428923 3
1738826184281 165.01638433248758 4
1738826184327 179.1817637396525 5
1738826184373 189.987889714192 6
1738826184420 157.70978735233314 7
1738826184465 163.90981558264613 8
1738826184512 182.9043714562131 9
1738826184558 140.64460607676804 10
1738826184604 143.78582526935983 11
1738826184651 170.64187759427398 12
1738826184697 172.506898270094 13
1738826184743 189.0543508035452 14
1738826184790 164.65507151603262 15
1738826184836 161.40401364295542 16
1738826184882 156.98407187160007 17
1738826184928 163.4057837852822 18
1738826184975 174.05751234226045 19
1738826185021 174.2466228523544 20
1738826185068 173.65658836736586 21
1738826185115 164.59086793085007 22
1738826185161 169.77955075954313 23
1738826185208 172.60104540951622 24
