1738822487651 169.4806387665546 0
1738822487675 153.6537488745285 1
1738822487694 142.375174751191 2
1738822487714 134.1596848849677 3
1738822487728 128.01927148772782 4
1738822487743 123.29572099771666 5
1738822487760 119.54964497221174 6
1738822487774 116.48692467092523 7
1738822487790 113.90994860466722 8
1738822487805 111.68528024506715 9
1738822487820 109.72221444225697 10
1738822487844 107.95855056420326 11
1738822487864 106.35114911060658 12
1738822487922 104.86965936708151 13
1738822487940 103.49234955549991 14
1738822487956 102.20333133425812 15
1738822487981 100.99070931559532 16
1738822488008 99.84534451661997 17
1738822488028 98.76002552710194 18
1738822488051 97.72891067058987 19
1738822488069 96.74715048981359 20
1738822488096 95.81063041011767 21
1738822488113 94.91579366547779 22
1738822488128 94.0595179823472 23
1738822488147 93.23902840771083 24
1738822488164 92.45183456369045 25
1738822488180 91.69568452197323 26
1738822488203 90.96853008657803 27
1738822488221 90.26849999658701 28
1738822488238 89.59387870538563 29
1738822488259 88.94308915446543 30
1738822488280 88.31467846704784 31
1738822488311 87.70730582524622 32
1738822488334 87.1197320209168 33
1738822488356 86.55081032235636 34
1738822488381 85.9994784015184 35
1738822488401 85.46475113597685 36
1738822488422 84.94571414743855 37
1738822488455 84.44151797147764 38
1738822488481 83.95137277617323 39
1738822488503 83.47454356369403 40
1738822488521 83.01034580073234 41
1738822488546 82.5581414324715 42
1738822488568 82.11733524143182 43
1738822488588 81.68737151771921 44
1738822488604 81.26773101132885 45
1738822488620 80.85792814052759 46
1738822488646 80.457508433148 47
1738822488665 80.06604618001582 48
1738822488680 79.68314228179304 49
1738822488694 79.30842227232023 50
1738822488714 78.9415345031318 51
1738822488730 78.58214847523308 52
1738822488747 78.22995330549472 53
1738822488762 77.88465631615902 54
1738822488775 77.54598173698007 55
1738822488794 77.21366951044965 56
1738822488810 76.88747419140364 57
1738822488830 76.56716393306718 58
1738822488848 76.2525195522938 59
1738822488868 75.94333366738373 60
1738822488908 75.63940990244248 61
1738822488950 75.34056215276486 62
1738822488973 75.04661390620487 63
1738822488994 74.7573976159283 64
1738822489017 74.47275412033906 65
1738822489039 74.19253210633225 66
1738822489062 73.91658761235557 67
1738822489083 73.64478356806117 68
1738822489099 73.37698936760317 69
1738822489118 73.1130804738864 70
1738822489133 72.85293805129955 71
1738822489149 72.59644862467368 72
1738822489161 72.34350376239742 73
1738822489174 72.09399978179277 74
1738822489187 71.84783747501447 75
1738822489203 71.60492185387973 76
1738822489220 71.3651619121679 77
1738822489234 71.12847040404945 78
1738822489247 70.89476363741485 79
1738822489260 70.66396128097404 80
1738822489275 70.43598618408966 81
1738822489288 70.2107642083913 82
1738822489306 69.98822407029573 83
1738822489327 69.76829719362752 84
1738822489343 69.5509175716002 85
1738822489359 69.33602163747659 86
1738822489378 69.1235481432811 87
1738822489406 68.91343804598655 88
1738822489419 68.70563440064353 89
1738822489437 68.5000822599616 90
1738822489458 68.29672857989043 91
1738822489480 68.09552213078334 92
1738822489505 67.89641341375824 93
1738822489527 67.6993545819005 94
1738822489546 67.50429936597867 95
1738822489575 67.31120300437011 96
1738822489593 67.1200221769148 97
1738822489611 66.93071494243814 98
1738822489628 66.74324067970159 99
1738822489648 66.55756003155868 100
1738822489667 66.37363485210965 101
1738822489682 66.19142815666311 102
1738822489700 66.01090407432743 103
1738822489723 65.83202780306638 104
1738822489742 65.65476556706642 105
1738822489760 65.47908457627275 106
1738822489776 65.30495298796235 107
1738822489791 65.13233987023021 108
1738822489807 64.96121516727477 109
1738822489827 64.79154966637545 110
1738822489843 64.62331496646283 111
1738822489859 64.45648344818889 112
1738822489878 64.29102824541059 113
1738822489896 64.12692321800607 114
1738822489912 63.9641429259481 115
1738822489930 63.80266260456414 116
1738822489947 63.642458140917086 117
1738822489968 63.48350605124515 118
1738822489986 63.32578345940288 119
1738822490008 63.16926807624943 120
1738822490026 63.01393817993336 121
1738822490050 62.859772597026144 122
1738822490069 62.70675068446025 123
1738822490090 62.55485231222952 124
1738822490114 62.40405784681263 125
1738822490134 62.25434813528278 126
1738822490154 62.10570449006873 127
1738822490176 61.95810867433443 128
1738822490193 61.81154288794669 129
1738822490209 61.66598975400164 130
1738822490223 61.521432305882804 131
1738822490243 61.37785397482507 132
1738822490256 61.23523857796015 133
1738822490273 61.093570306820695 134
1738822490287 60.952833716281354 135
1738822490305 60.81301371391649 136
1738822490329 60.67409554975498 137
1738822490350 60.53606480641408 138
1738822490367 60.39890738959491 139
1738822490383 60.26260951892335 140
1738822490396 60.127157719120625 141
1738822490417 59.99253881148933 142
1738822490437 59.85873990570048 143
1738822490457 59.725748391868834 144
1738822490476 59.59355193290382 145
1738822490491 59.46213845712416 146
1738822490512 59.33149615112506 147
1738822490529 59.20161345288725 148
1738822490551 59.07247904511763 149
1738822490570 58.94408184881199 150
1738822490584 58.816411017030596 151
1738822490605 58.689455928877855 152
1738822490619 58.56320618367787 153
1738822490636 58.437651595337904 154
1738822490655 58.31278218689224 155
1738822490688 58.1885881852193 156
1738822490714 58.06506001592528 157
1738822490734 57.942188298387485 158
1738822490754 57.81996384095161 159
1738822490772 57.698377636276675 160
1738822490794 57.57742085682217 161
1738822490808 57.457084850471965 162
1738822490829 57.33736113628982 163
1738822490845 57.21824140040156 164
1738822490861 57.09971749199943 165
1738822490873 56.98178141946374 166
1738822490891 56.86442534659802 167
1738822490905 56.747641588973 168
1738822490918 56.63142261037616 169
1738822490935 56.515761019362486 170
1738822490960 56.40064956590317 171
1738822490981 56.28608113812883 172
1738822490996 56.17204875916379 173
1738822491012 56.05854558404835 174
1738822491025 55.945564896746085 175
1738822491041 55.83310010723309 176
1738822491053 55.72114474866669 177
1738822491068 55.60969247463063 178
1738822491086 55.49873705645441 179
1738822491108 55.388272380604185 180
1738822491124 55.27829244614297 181
1738822491149 55.16879136225784 182
1738822491168 55.05976334585194 183
1738822491193 54.95120271919927 184
1738822491214 54.84310390766016 185
1738822491233 54.73546143745561 186
1738822491257 54.628269933498615 187
1738822491280 54.52152411728054 188
1738822491297 54.415218804811154 189
1738822491311 54.30934890461033 190
1738822491326 54.203909415750054 191
1738822491339 54.098895425945095 192
1738822491353 53.994302109690956 193
1738822491373 53.890124726447645 194
1738822491387 53.78635861886782 195
1738822491402 53.68299921106821 196
1738822491419 53.58004200694273 197
1738822491441 53.47748258851646 198
1738822491458 53.37531661433887 199
1738822491476 53.27353981791558 200
1738822491497 53.17214800617718 201
1738822491513 53.071137057984394 202
1738822491529 52.970502922668246 203
1738822491558 52.870241618604496 204
1738822491580 52.770349231821285 205
1738822491617 52.670821914639 206
1738822491638 52.5716558843416 207
1738822491661 52.472847421878576 208
1738822491679 52.374392870596374 209
1738822491696 52.276288634999034 210
1738822491718 52.178531179536684 211
1738822491739 52.081117027421655 212
1738822491755 51.98404275947107 213
1738822491768 51.88730501297546 214
1738822491785 51.79090048059267 215
1738822491802 51.69482590926629 216
1738822491815 51.59907809916817 217
1738822491829 51.50365390266413 218
1738822491841 51.40855022330259 219
1738822491853 51.31376401482529 220
1738822491866 51.219292280199504 221
1738822491879 51.12513207067154 222
1738822491896 51.03128048484061 223
1738822491908 50.937734667752736 224
1738822491925 50.84449181001419 225
1738822491939 50.751549146924006 226
1738822491954 50.658903957624986 227
1738822491974 50.56655356427287 228
1738822491998 50.474495331223146 229
1738822492015 50.3827266642351 230
1738822492034 50.29124500969269 231
1738822492052 50.200047853841845 232
1738822492065 50.10913272204381 233
1738822492079 50.018497178044036 234
1738822492093 49.928138823256475 235
1738822492106 49.838055296062656 236
1738822492119 49.74824427112544 237
1738822492134 49.658703458716836 238
1738822492148 49.56943060405992 239
1738822492170 49.48042348668404 240
1738822492187 49.391679919793575 241
1738822492205 49.303197749649335 242
1738822492228 49.21497485496281 243
1738822492249 49.12700914630277 244
1738822492269 49.03929856551373 245
1738822492285 48.95184108514653 246
1738822492299 48.86463470790013 247
1738822492317 48.777677466074955 248
1738822492335 48.69096742103703 249
1738822492354 48.60450266269303 250
1738822492371 48.51828130897582 251
1738822492397 48.432301505340284 252
1738822492411 48.34656142426919 253
1738822492433 48.261059264789004 254
1738822492455 48.175793251995195 255
1738822492477 48.09076163658705 256
1738822492498 48.00596269441174 257
1738822492522 47.92139472601724 258
1738822492543 47.8370560562142 259
1738822492556 47.7529450336464 260
1738822492573 47.66906003036962 261
1738822492594 47.58539944143878 262
1738822492612 47.501961684503236 263
1738822492629 47.41874519940973 264
1738822492647 47.33574844781341 265
1738822492663 47.25296991279615 266
1738822492687 47.170408098492466 267
1738822492719 47.0880615297225 268
1738822492738 47.00592875163228 269
1738822492762 46.9240083293408 270
1738822492781 46.84229884759397 271
1738822492800 46.76079891042519 272
1738822492828 46.679507140822444 273
1738822492845 46.598422180401826 274
1738822492869 46.5175426890872 275
1738822492888 46.436867344796106 276
1738822492914 46.35639484313161 277
1738822492934 46.27612389707996 278
1738822492959 46.19605323671409 279
1738822492975 46.116181608902686 280
1738822492987 46.03650777702477 281
1738822493004 45.95703052068966 282
1738822493019 45.87774863546237 283
1738822493036 45.7986609325939 284
1738822493057 45.719766238756854 285
1738822493082 45.64106339578596 286
1738822493097 45.562551260423405 287
1738822493114 45.484228704068926 288
1738822493134 45.40609461253466 289
1738822493150 45.328147885804576 290
1738822493173 45.25038743779825 291
1738822493193 45.17281219613922 292
1738822493217 45.09542110192749 293
1738822493233 45.01821310951632 294
1738822493263 44.94118718629322 295
1738822493286 44.86434231246487 296
1738822493305 44.78767748084609 297
1738822493321 44.71119169665269 298
1738822493339 44.63488397729809 299
1738822493360 44.55875335219374 300
1738822493377 44.4827988625532 301
1738822493398 44.40701956119975 302
1738822493419 44.331414512377584 303
1738822493437 44.2559827915664 304
1738822493453 44.18072348529946 305
1738822493470 44.10563569098485 306
1738822493486 44.0307185167301 307
1738822493503 43.95597108116986 308
1738822493518 43.8813925132969 309
1738822493534 43.80698195229596 310
1738822493548 43.73273854738071 311
1738822493566 43.65866145763368 312
1738822493584 43.58474985184898 313
1738822493601 43.511002908377996 314
1738822493615 43.43741981497764 315
1738822493629 43.36399976866159 316
1738822493643 43.290741975553985 317
1738822493657 43.21764565074583 318
1738822493686 43.14471001815396 319
1738822493712 43.071934310382524 320
1738822493731 42.99931776858688 321
1738822493751 42.92685964234004 322
1738822493771 42.85455918950132 323
1738822493834 42.78241567608746 324
1738822493848 42.71042837614597 325
1738822493860 42.63859657163066 326
1738822493873 42.56691955227951 327
1738822493887 42.49539661549457 328
1738822493902 42.42402706622398 329
1738822493924 42.35281021684617 330
1738822493946 42.28174538705599 331
1738822493968 42.210831903752805 332
1738822493984 42.14006910093076 333
1738822494003 42.06945631957065 334
1738822494021 41.998992907533946 335
1738822494036 41.928678219458526 336
1738822494048 41.85851161665625 337
1738822494060 41.78849246701234 338
1738822494074 41.718620144886486 339
1738822494087 41.64889403101565 340
1738822494101 41.57931351241855 341
1738822494113 41.509877982301845 342
1738822494125 41.44058683996789 343
1738822494137 41.371439490724086 344
1738822494151 41.30243534579376 345
1738822494164 41.23357382222867 346
1738822494181 41.16485434282288 347
1738822494196 41.096276336028225 348
1738822494214 41.02783923587113 349
1738822494229 40.959542481870926 350
1738822494245 40.89138551895945 351
1738822494257 40.823367797402184 352
1738822494275 40.75548877272052 353
1738822494285 40.68774790561552 354
1738822494301 40.62014466189285 355
1738822494315 40.552678512389086 356
1738822494330 40.48534893289914 357
1738822494345 40.41815540410504 358
1738822494357 40.35109741150578 359
1738822494372 40.28417444534847 360
1738822494386 40.21738600056053 361
1738822494400 40.15073157668308 362
1738822494414 40.08421067780548 363
1738822494428 40.017822812500846 364
1738822494440 39.95156749376273 365
1738822494456 39.8854442389429 366
1738822494474 39.81945256968995 367
1738822494487 39.75359201188918 368
1738822494504 39.6878620956033 369
1738822494520 39.62226235501417 370
1738822494537 39.556792328365525 371
1738822494551 39.49145155790658 372
1738822494566 39.426239589836605 373
1738822494579 39.36115597425044 374
1738822494592 39.29620026508483 375
1738822494605 39.23137202006564 376
1738822494617 39.16667080065609 377
1738822494632 39.102096172005545 378
1738822494646 39.037647702899456 379
1738822494659 38.97332496570984 380
1738822494676 38.90912753634678 381
1738822494692 38.845054994210535 382
1738822494709 38.781106922144595 383
1738822494724 38.717282906389315 384
1738822494741 38.653582536536454 385
1738822494753 38.590005405484355 386
1738822494768 38.52655110939382 387
1738822494787 38.46321924764484 388
1738822494800 38.40000942279383 389
1738822494812 38.33692124053165 390
1738822494827 38.27395430964233 391
1738822494838 38.211108241962364 392
1738822494852 38.14838265234065 393
1738822494866 38.08577715859917 394
1738822494879 38.02329138149425 395
1738822494895 37.96092494467831 396
1738822494910 37.8986774746624 397
1738822494925 37.83654860077921 398
1738822494940 37.774537955146705 399
1738822494956 37.71264517263235 400
1738822494975 37.650869890817816 401
1738822494994 37.58921174996433 402
1738822495010 37.527670392978514 403
1738822495026 37.46624546537876 404
1738822495042 37.40493661526217 405
1738822495054 37.343743493271965 406
1738822495068 37.28266575256535 407
1738822495082 37.221703048782054 408
1738822495095 37.160855040013146 409
1738822495108 37.100121386770454 410
1738822495120 37.03950175195648 411
1738822495134 36.97899580083463 412
1738822495148 36.91860320100005 413
1738822495161 36.858323622350895 414
1738822495176 36.7981567370599 415
1738822495191 36.73810221954654 416
1738822495211 36.67815974644958 417
1738822495226 36.61832899659995 418
1738822495240 36.558609650994164 419
1738822495257 36.49900139276802 420
1738822495274 36.439503907170796 421
1738822495286 36.380116881539784 422
1738822495300 36.3208400052752 423
1738822495312 36.2616729698155 424
1738822495325 36.2026154686131 425
1738822495338 36.1436671971103 426
1738822495352 36.084827852715804 427
1738822495365 36.026097134781416 428
1738822495385 35.967474744579114 429
1738822495399 35.908960385278526 430
1738822495412 35.850553761924694 431
1738822495427 35.79225458141615 432
1738822495442 35.73406255248338 433
1738822495464 35.675977385667515 434
1738822495480 35.61799879329944 435
1738822495499 35.56012648947912 436
1738822495520 35.50236019005528 437
1738822495534 35.444699612605355 438
1738822495553 35.3871444764158 439
1738822495565 35.32969450246254 440
1738822495580 35.272349413391886 441
1738822495599 35.215108933501604 442
1738822495617 35.15797278872227 443
1738822495635 35.10094070659897 444
1738822495650 35.0440124162732 445
1738822495667 34.987187648465 446
1738822495683 34.93046613545547 447
1738822495702 34.873847611069344 448
1738822495720 34.81733181065802 449
1738822495736 34.76091847108268 450
1738822495752 34.70460733069775 451
1738822495771 34.648398129334495 452
1738822495788 34.59229060828496 453
1738822495809 34.53628451028606 454
1738822495845 34.48037957950391 455
1738822495861 34.42457556151841 456
1738822495876 34.36887220330799 457
1738822495896 34.31326925323463 458
1738822495913 34.25776646102907 459
1738822495930 34.202363577776204 460
1738822495946 34.147060355900685 461
1738822495966 34.09185654915276 462
1738822495981 34.03675191259428 463
1738822495996 33.981746202584915 464
1738822496012 33.926839176768524 465
1738822496028 33.87203059405979 466
1738822496041 33.81732021463096 467
1738822496058 33.76270779989882 468
1738822496071 33.70819311251179 469
1738822496086 33.65377591633734 470
1738822496099 33.59945597644933 471
1738822496112 33.545233059115766 472
1738822496126 33.491106931786646 473
1738822496139 33.437077363081876 474
1738822496152 33.38314412277948 475
1738822496166 33.32930698180388 476
1738822496178 33.275565712214416 477
1738822496190 33.22192008719394 478
1738822496204 33.168369881037634 479
1738822496217 33.1149148691419 480
1738822496232 33.06155482799349 481
1738822496245 33.00828953515872 482
1738822496257 32.955118769272815 483
1738822496271 32.90204231002951 484
1738822496284 32.8490599381706 485
1738822496298 32.79617143547581 486
1738822496313 32.74337658475271 487
1738822496330 32.69067516982676 488
1738822496344 32.6380669755315 489
1738822496360 32.585551787698925 490
1738822496377 32.53312939314987 491
1738822496393 32.480799579684636 492
1738822496407 32.42856213607366 493
1738822496424 32.376416852048365 494
1738822496439 32.32436351829209 495
1738822496456 32.272401926431115 496
1738822496469 32.220531869025926 497
1738822496486 32.1687531395624 498
1738822496502 32.117065532443284 499
