1738680883887 169.60352467288254 0
1738680883918 169.59988479366535 1
1738680883937 169.59299785278114 2
1738680883956 169.58324085118 3
1738680883974 169.57097167256367 4
1738680883991 169.55652688893133 5
1738680884009 169.54022044771352 6
1738680884028 169.52234305460948 7
1738680884047 169.5031620988024 8
1738680884066 169.48292199455489 9
1738680884094 169.4618448360888 10
1738680884116 169.4401312818057 11
1738680884129 169.4179615998932 12
1738680884146 169.39549682067266 13
1738680884163 169.37287995210156 14
1738680884178 169.350237224 15
1738680884197 169.32767933412975 16
1738680884213 169.3053026754704 17
1738680884232 169.28319052912886 18
1738680884250 169.2614142114674 19
1738680884269 169.24003416739959 20
1738680884286 169.21910100450896 21
1738680884307 169.19865646481156 22
1738680884321 169.17873433269187 23
1738680884336 169.15936127888173 24
1738680884351 169.1405576413838 25
1738680884364 169.1223381450186 26
1738680884380 169.1047125618517 27
1738680884396 169.08768631516145 28
1738680884413 169.07126102988397 29
1738680884429 169.05543503263485 30
1738680884445 169.04020380448932 31
1738680884462 169.02556038971392 32
1738680884477 169.0114957636052 33
1738680884496 168.99799916251334 34
1738680884513 168.98505837902005 35
1738680884530 168.97266002511427 36
1738680884547 168.96078976606623 37
1738680884564 168.94943252754925 38
1738680884581 168.93857267840465 39
1738680884598 168.92819419128824 40
1738680884614 168.9182807832814 41
1738680884635 168.9088160383996 42
1738680884650 168.89978351378278 43
1738680884666 168.89116683121398 44
1738680884684 168.882949755476 45
1738680884700 168.87511626093163 46
1738680884714 168.86765058759204 47
1738680884731 168.8605372878276 48
1738680884747 168.8537612647703 49
1738680884761 168.8473078033603 50
1738680884780 168.84116259490077 51
1738680884796 168.83531175589948 52
1738680884813 168.82974184190314 53
1738680884828 168.82443985695647 54
1738680884843 168.81939325925774 55
1738680884870 168.81458996351967 56
1738680884884 168.81001834049508 57
1738680884902 168.80566721407453 58
1738680884920 168.8015258563206 59
1738680884936 168.79758398076373 60
1738680884963 168.79383173424497 61
1738680884980 168.79025968756295 62
1738680884998 168.78685882514756 63
1738680885014 168.78362053395958 64
1738680885040 168.78053659178968 65
1738680885065 168.7775991551089 66
1738680885087 168.77480074660306 67
1738680885111 168.77213424250667 68
