1738679735564 11.056804869425353 0
1738679735602 179.8227524916856 1
1738679735637 169.35466287360975 2
1738679735673 201.55698051478683 3
1738679735709 102.46196997526019 4
1738679735745 220.85563351113774 5
1738679735798 168.80999455162714 6
1738679735840 124.27083147240316 7
1738679735878 178.99699661680776 8
1738679735915 234.22309406327645 9
1738679735952 186.50183615332148 10
1738679735988 187.41198683680724 11
1738679736024 155.75273864460453 12
1738679736061 193.28061179680586 13
1738679736097 188.73964156202723 14
1738679736133 149.3546048478388 15
1738679736170 243.39987829773966 16
1738679736206 178.3173969966426 17
1738679736242 151.14787742229873 18
1738679736277 165.24196024526972 19
1738679736313 188.4158660785795 20
1738679736349 204.43271590438866 21
1738679736384 200.17632438182605 22
1738679736420 185.15741146010268 23
1738679736455 175.08870333146504 24
1738679736491 164.4879950570348 25
1738679736526 151.9041203306171 26
1738679736562 168.19099216687403 27
1738679736597 162.31298005760485 28
1738679736633 147.848323369732 29
1738679736669 173.60895391908667 30
1738679736705 174.6972262607018 31
1738679736741 176.89694014791894 32
1738679736777 111.93434210317903 33
1738679736812 180.47926075006856 34
1738679736848 173.36526554215067 35
1738679736883 210.4865248383623 36
1738679736919 90.51362106522046 37
1738679736956 101.71215883558571 38
1738679736992 186.50195445193705 39
1738679737028 194.25905200329558 40
1738679737064 220.03794172612734 41
1738679737100 164.40147579632452 42
1738679737136 166.2125520392811 43
1738679737174 214.2019416916112 44
1738679737210 178.02758340228925 45
1738679737246 149.84587843111242 46
1738679737281 178.89955224549857 47
1738679737317 155.28656905460818 48
1738679737353 156.5531441559953 49
1738679737388 180.6295439615427 50
1738679737424 162.43577383294618 51
1738679737459 208.63737566927242 52
1738679737495 225.7325211758985 53
1738679737531 172.81338653719433 54
1738679737566 149.72996037241722 55
1738679737602 196.06187685335067 56
1738679737638 224.216818688842 57
1738679737674 154.8572568837011 58
1738679737709 206.38727511935036 59
1738679737745 180.93906988369488 60
1738679737784 156.5201574148183 61
1738679737820 199.43642059508775 62
1738679737855 189.0198212042994 63
1738679737893 184.69083389978894 64
1738679737932 174.4655644190978 65
1738679737969 172.23497824470826 66
1738679738005 122.23069194952896 67
1738679738041 250.54360753072206 68
1738679738077 176.41290515958153 69
1738679738113 186.25548655529403 70
1738679738148 263.3238363199035 71
1738679738184 172.18667773001545 72
1738679738220 187.5880314482712 73
1738679738255 216.2338676993038 74
1738679738291 273.2080079649997 75
1738679738327 114.19842454881709 76
1738679738362 164.52091246351708 77
1738679738397 89.18165276972529 78
1738679738433 137.93251572087183 79
1738679738469 147.52702705734714 80
1738679738509 82.22158299632902 81
1738679738545 81.06140619851503 82
1738679738580 178.99488562391585 83
1738679738617 235.73224672898584 84
1738679738653 159.1035094708084 85
1738679738689 128.97747995735577 86
1738679738726 198.85023568610953 87
1738679738761 161.37084061468403 88
1738679738796 196.27017127810498 89
1738679738832 131.32497939219797 90
1738679738868 158.43990503647527 91
1738679738904 183.2995916649448 92
1738679738939 186.32087093019447 93
1738679738975 182.69107414734674 94
1738679739011 150.70335447745 95
1738679739047 165.21339479793417 96
1738679739082 223.83744937725336 97
1738679739119 125.109448750269 98
1738679739154 138.51554820219522 99
1738679739190 131.23088348862117 100
1738679739227 143.60920010440773 101
1738679739263 192.12277825058797 102
1738679739299 212.5628777020098 103
1738679739334 209.43291402712265 104
1738679739369 131.81068170413027 105
1738679739405 194.26364069384152 106
1738679739441 148.23438466055498 107
1738679739476 174.54330586048474 108
1738679739512 185.57968235184325 109
1738679739548 176.04091413831276 110
1738679739584 176.9685895959693 111
1738679739619 188.45735993311706 112
1738679739655 205.30748716577307 113
1738679739691 199.10991818676973 114
1738679739726 151.3142707518825 115
1738679739762 132.05248742223017 116
1738679739797 160.87135687520558 117
1738679739833 191.35683487869832 118
1738679739869 78.94912798396356 119
1738679739905 157.89829825925207 120
1738679739941 239.71058425829222 121
1738679739976 320.52111828002177 122
1738679740012 44.29858073219665 123
1738679740048 149.56707577707246 124
1738679740084 168.4206841052134 125
1738679740119 184.08527962961713 126
1738679740155 132.1005232097777 127
1738679740191 196.34802325281822 128
1738679740226 209.0464135882712 129
1738679740261 185.04268032373858 130
1738679740297 192.68530335457007 131
1738679740333 141.92244017357456 132
1738679740368 165.1476148445909 133
1738679740404 177.37129878059503 134
1738679740439 196.53737968712161 135
1738679740475 306.9149711054859 136
1738679740511 180.4926299093718 137
1738679740547 79.25419945916678 138
1738679740583 261.7816730614608 139
1738679740619 95.26876841567521 140
1738679740655 83.9245055296889 141
1738679740690 219.20064212483575 142
1738679740726 150.77316771691224 143
1738679740762 99.01768792184215 144
1738679740797 177.42527559565664 145
1738679740833 168.69241303491674 146
1738679740869 134.73856663011253 147
1738679740905 123.8265834262536 148
1738679740941 218.31840043109307 149
1738679740977 192.16910314020808 150
1738679741013 218.53157083632055 151
1738679741049 191.51870721550273 152
1738679741085 127.41581252185945 153
1738679741120 221.42983432225523 154
1738679741156 187.2869675134094 155
1738679741192 191.01653727995412 156
1738679741227 81.82311136821724 157
1738679741263 172.49902566737651 158
1738679741299 175.91376695443756 159
1738679741335 225.85129801608127 160
1738679741370 142.8184085107212 161
1738679741405 188.16051001688578 162
1738679741441 128.0177853712331 163
1738679741477 189.2918289327446 164
1738679741513 142.88674638180245 165
1738679741549 168.61549504982762 166
1738679741585 167.00977954349588 167
1738679741620 132.68484141898833 168
1738679741656 132.66104977389335 169
1738679741692 138.05997526526392 170
1738679741728 149.71935607020473 171
1738679741764 130.05679868318168 172
1738679741799 153.58550546917624 173
1738679741835 130.08742154519078 174
1738679741871 173.23983619436282 175
1738679741906 126.89734108637256 176
1738679741942 153.69518250566605 177
1738679741977 217.7055000638814 178
1738679742013 80.6790034008129 179
1738679742049 184.3170908812529 180
1738679742085 180.1896093344724 181
1738679742121 161.58936277138312 182
1738679742157 210.9816214713765 183
1738679742192 127.62105982722957 184
1738679742227 228.079450558737 185
1738679742263 96.29341041357014 186
1738679742298 180.18930970245907 187
1738679742334 242.04463536784866 188
1738679742369 184.0104124968709 189
1738679742405 218.11910098548785 190
1738679742440 157.9992035953691 191
1738679742476 180.74169309439642 192
1738679742512 268.45730027499275 193
1738679742548 146.0051709438736 194
1738679742583 187.50479378267616 195
1738679742619 197.7602697954536 196
1738679742655 159.03893845355674 197
1738679742691 166.22688568371208 198
1738679742726 228.23930188309015 199
1738679742762 120.34409297575885 200
1738679742797 160.83900167571514 201
1738679742833 106.242838398312 202
1738679742869 142.04830460304925 203
1738679742904 164.53756330083635 204
1738679742940 246.56721433083908 205
1738679742976 204.6752877548623 206
1738679743014 159.03036141011285 207
1738679743051 207.74202076493904 208
1738679743089 96.74573834385917 209
1738679743125 185.57770944656644 210
1738679743161 166.93834163946968 211
1738679743197 140.99474251794578 212
1738679743232 183.60064662897892 213
1738679743268 204.72525753409252 214
1738679743304 130.66285609058906 215
1738679743339 144.9210564704213 216
1738679743375 207.40891058937754 217
1738679743410 195.71828068088217 218
1738679743446 117.71289301150418 219
1738679743481 160.66307107279056 220
1738679743516 187.91954594545405 221
1738679743552 170.54135350613953 222
1738679743588 132.92503249518273 223
1738679743623 174.86750585431784 224
1738679743659 161.01170995247588 225
1738679743695 155.8197556394899 226
1738679743731 164.00665574215407 227
1738679743767 171.17327094497344 228
1738679743803 132.67724974702148 229
1738679743839 162.2105121054408 230
1738679743874 162.4458745448174 231
1738679743910 132.28742701536115 232
1738679743945 181.73520120258144 233
1738679743981 190.87533716644342 234
1738679744016 173.93942166363627 235
1738679744052 176.81430733663487 236
1738679744089 162.65759927789674 237
1738679744124 142.63079709406833 238
1738679744160 172.63085719191957 239
1738679744196 170.54716492295265 240
1738679744231 159.48313209898708 241
1738679744267 171.80712914006688 242
1738679744303 154.4257498505746 243
1738679744339 190.05017016412356 244
1738679744375 179.5182542462689 245
1738679744410 164.3141745695435 246
1738679744446 177.70810304751836 247
1738679744482 180.73023640897685 248
1738679744518 118.82118055682528 249
1738679744554 174.95429431472405 250
1738679744590 174.87790440509 251
1738679744626 195.27009386294066 252
1738679744662 154.541539095857 253
1738679744697 157.17834937994184 254
1738679744733 100.28668248616151 255
1738679744769 125.06861007649262 256
1738679744805 153.82343610654726 257
1738679744840 139.77695054947944 258
1738679744876 182.8972844738529 259
1738679744917 131.77229464522176 260
1738679744957 202.58639968375215 261
1738679744996 173.78897757152194 262
1738679745032 183.42003913103625 263
1738679745068 184.1841569981124 264
1738679745104 141.92416198948823 265
1738679745141 161.4114850007804 266
1738679745176 145.96154829170823 267
1738679745212 127.77581556964397 268
1738679745248 260.29679733162186 269
1738679745284 194.11393663157517 270
1738679745320 132.05600502840153 271
1738679745356 163.34677483194176 272
1738679745392 61.33889271621838 273
1738679745428 210.49159840366968 274
1738679745463 155.9175018374302 275
1738679745499 127.08690248042822 276
1738679745536 140.03314247261105 277
1738679745571 123.32891408364273 278
1738679745607 164.7252846003529 279
1738679745643 103.21273569954398 280
1738679745679 143.49676841086955 281
1738679745715 173.8493965851791 282
1738679745751 207.2230941787748 283
1738679745786 192.12142320587455 284
1738679745822 169.62597316861834 285
1738679745858 171.42884608001077 286
1738679745893 173.6268775051784 287
1738679745929 266.60217041632455 288
1738679745964 151.12263410856076 289
1738679746000 155.71920313904587 290
1738679746036 94.77471008051548 291
1738679746072 181.21867495827368 292
1738679746109 145.93680023367395 293
1738679746144 211.3311932597315 294
1738679746180 137.72150001102634 295
1738679746216 148.2958501351877 296
1738679746252 155.42735703402482 297
1738679746287 199.4295122874496 298
1738679746323 206.95530260784702 299
1738679746358 187.87417682553865 300
1738679746393 197.87450269373394 301
1738679746430 211.05939486943433 302
1738679746465 208.73598500986313 303
1738679746501 275.45644200098644 304
1738679746536 148.65019266432074 305
1738679746572 91.39961386731126 306
1738679746608 158.10476412414164 307
1738679746644 156.04199123668286 308
1738679746680 55.35992160472301 309
1738679746715 183.60129742516048 310
1738679746751 168.53360035832068 311
1738679746787 184.56777548851224 312
1738679746825 123.16454993213645 313
1738679746862 109.48367768616653 314
1738679746898 155.31987314254636 315
1738679746934 179.63317273648278 316
1738679746969 172.72402953826017 317
1738679747005 119.6256772455933 318
1738679747042 230.96994136085948 319
1738679747080 216.53712964185263 320
1738679747117 179.24216208371422 321
1738679747153 286.3508092638366 322
1738679747188 2.88684929247932 323
1738679747224 162.9410360267072 324
1738679747260 170.90195554097997 325
1738679747296 181.64448480536237 326
1738679747332 164.22807401263373 327
1738679747367 206.8996015465174 328
1738679747403 206.66164098669253 329
1738679747438 169.2114216723214 330
1738679747474 170.3387140525169 331
1738679747510 171.43059897789217 332
1738679747545 161.3090833776682 333
1738679747581 162.10921798243223 334
1738679747618 181.10588400772892 335
1738679747653 129.45064418349878 336
1738679747689 160.3824801775344 337
1738679747725 95.876905249453 338
1738679747761 124.48188619352955 339
1738679747797 136.4685250879148 340
1738679747833 61.614301422301246 341
1738679747868 195.80695389180747 342
1738679747904 176.69085786959985 343
1738679747940 200.3730334998333 344
1738679747975 171.71333016096435 345
1738679748011 168.1796024093131 346
1738679748048 182.71972816058081 347
1738679748084 107.37227497623456 348
1738679748120 251.28375514702043 349
1738679748156 187.47692984204062 350
1738679748192 154.98459244028257 351
1738679748228 203.84797619838469 352
1738679748263 119.18489353498316 353
1738679748299 102.49102627356444 354
1738679748335 119.54580114298531 355
1738679748371 172.1535930291447 356
1738679748406 161.52175737025436 357
1738679748442 174.77594004193034 358
1738679748478 605.7371585259963 359
1738679748514 199.51541846800967 360
1738679748550 200.09375882309138 361
1738679748585 146.64492168699783 362
1738679748621 223.0496414258853 363
1738679748657 177.39461462938598 364
1738679748693 79.75071201108203 365
1738679748729 128.0037123181575 366
1738679748765 134.47587988001177 367
1738679748801 239.26817872529068 368
1738679748836 114.21124344990874 369
1738679748872 212.77920595673243 370
1738679748907 200.6714975744988 371
1738679748943 154.6937459314319 372
1738679748979 146.6644499908998 373
1738679749015 196.52707405801996 374
1738679749051 103.0118832060748 375
1738679749087 168.0916624239736 376
1738679749123 147.23535646891563 377
1738679749160 145.99426362684548 378
1738679749196 179.4810153486612 379
1738679749232 148.77076342331847 380
1738679749268 152.35810448176449 381
1738679749304 145.97159367699012 382
1738679749340 253.67588723934338 383
1738679749376 169.58672972631064 384
1738679749412 189.72566393033298 385
1738679749448 196.43842767079795 386
1738679749484 143.35887633873736 387
1738679749519 193.1934233920291 388
1738679749556 170.8636800057222 389
1738679749592 144.5019133728326 390
1738679749628 177.74086382290798 391
1738679749664 208.19890217878773 392
1738679749699 182.23455899966405 393
1738679749735 87.94173904675257 394
1738679749771 175.44303754381653 395
1738679749807 230.9509265955005 396
1738679749843 202.92233243611304 397
1738679749879 178.95103348804074 398
1738679749915 180.4299443535399 399
1738679749950 166.28165099538688 400
1738679749986 249.76065886636806 401
1738679750022 157.38980089085797 402
1738679750058 195.76420739844306 403
1738679750094 90.37525868022264 404
1738679750129 155.26799687671354 405
1738679750165 123.1354292972573 406
1738679750201 191.89566540798756 407
1738679750237 117.02262437471228 408
1738679750273 184.0267765118981 409
1738679750308 169.47478344282098 410
1738679750344 211.51701355484764 411
1738679750380 413.144357747305 412
1738679750415 213.94167059957522 413
1738679750451 206.13620325539634 414
1738679750487 290.912355471992 415
1738679750523 173.60126899457995 416
1738679750560 144.950957914425 417
1738679750595 187.55933255231523 418
1738679750632 176.75895458853853 419
1738679750667 118.6901738231146 420
1738679750703 158.80617382773576 421
1738679750739 183.8793580786553 422
1738679750775 163.3128099274532 423
1738679750811 161.59516723053747 424
1738679750847 109.21178651850205 425
1738679750882 95.91488255776463 426
1738679750918 181.0349506675719 427
1738679750954 134.4561075047877 428
1738679750989 111.44377150244563 429
1738679751025 194.1723778483083 430
1738679751062 86.85869147338876 431
1738679751098 106.30689679489743 432
1738679751134 129.24140132331607 433
1738679751169 177.80791682866484 434
1738679751205 170.19191268435532 435
1738679751241 158.57873962554896 436
1738679751276 232.24718250904738 437
1738679751312 153.45261851314817 438
1738679751348 190.3831731306517 439
1738679751384 182.3053638147286 440
1738679751419 126.0436437210823 441
1738679751455 224.04953812571438 442
1738679751491 70.90635315160164 443
1738679751527 157.9583652251635 444
1738679751563 157.21025047426875 445
1738679751599 174.16720320154013 446
1738679751635 133.2320621725721 447
1738679751670 214.0827989062708 448
1738679751706 92.77160440966766 449
1738679751742 195.90891312933238 450
1738679751778 198.98537319249175 451
1738679751814 150.7018222703683 452
1738679751850 143.48097685008236 453
1738679751886 169.42006135868263 454
1738679751921 148.739732297676 455
1738679751957 166.79230643394325 456
1738679751993 152.93446835625818 457
1738679752035 137.0681070781918 458
1738679752072 88.38611478843825 459
1738679752109 115.48078409783946 460
1738679752156 174.81032434573936 461
1738679752196 176.59520927589682 462
1738679752236 156.82093289429963 463
1738679752275 184.79698111969785 464
1738679752315 209.12739116614955 465
1738679752355 148.61883920500657 466
1738679752395 125.62464977102609 467
1738679752433 257.1959315523858 468
1738679752473 140.88001263670787 469
1738679752513 163.49445426547754 470
1738679752554 269.6204957567974 471
1738679752594 180.5648837167068 472
1738679752633 185.72142027892667 473
1738679752673 214.9722398960978 474
1738679752712 102.38982167374755 475
1738679752752 185.34016685953506 476
1738679752792 263.7829268560459 477
1738679752831 269.8086988254569 478
1738679752875 148.80423565977722 479
1738679752915 210.0955284415252 480
1738679752952 194.3889256317024 481
1738679752989 207.8455427536027 482
1738679753026 157.20999973374572 483
1738679753063 162.59745420931048 484
1738679753099 333.4083642582823 485
1738679753135 164.5228874059839 486
1738679753171 175.40899892830848 487
1738679753207 171.73664258890588 488
1738679753243 129.22318941096623 489
1738679753278 177.78427070850952 490
1738679753315 177.78279343042652 491
1738679753350 217.3235423310027 492
1738679753386 185.11144235131485 493
1738679753422 179.69561096310602 494
1738679753458 257.8864025409493 495
1738679753494 236.02849535535685 496
1738679753530 183.65239197566274 497
1738679753566 157.06000149026167 498
1738679753602 183.79662195338292 499
