1738680705669 165.1989676816233 0
1738680705709 191.51244366170064 1
1738680705750 185.6302229718657 2
1738680705791 156.71682666475803 3
1738680705831 166.58782712109036 4
1738680705872 167.55833886029765 5
1738680705917 166.5954743555054 6
1738680705959 149.00553503414255 7
1738680705999 168.85863305788703 8
1738680706042 159.0487234316105 9
1738680706082 160.46594198848055 10
1738680706122 166.5226073556391 11
1738680706162 151.2571139622056 12
1738680706202 169.47408041259632 13
1738680706243 168.4519102284519 14
1738680706286 177.02189736396335 15
1738680706328 149.2803876551545 16
1738680706368 161.4711003961251 17
1738680706409 184.89678131915792 18
1738680706449 155.41673095398494 19
1738680706489 173.5038665635094 20
1738680706529 169.0222000319736 21
1738680706569 163.17248223715765 22
1738680706609 172.32552331406274 23
1738680706649 172.51674136030135 24
1738680706689 169.93384920980054 25
1738680706728 160.08991360568882 26
1738680706768 164.1899149387131 27
1738680706808 168.92079623438002 28
1738680706848 190.44033644827874 29
1738680706887 151.83744029920175 30
1738680706927 195.4528295804302 31
1738680706969 154.44732596886817 32
1738680707010 177.35035093788744 33
1738680707050 170.65178372876358 34
1738680707090 172.995224472235 35
1738680707131 171.39083288453276 36
1738680707170 181.85685225293943 37
1738680707210 174.84791786177772 38
1738680707250 166.21382060097446 39
1738680707290 177.91714655863245 40
1738680707329 157.16568611030698 41
1738680707369 197.34347042928584 42
1738680707409 155.22996905798803 43
1738680707449 192.78007916507832 44
1738680707489 135.9321315038208 45
1738680707529 178.40927506341194 46
1738680707569 173.7960229223869 47
1738680707611 165.25699686460305 48
1738680707653 150.2712947392495 49
1738680707694 159.4596506969642 50
1738680707734 168.7860309812066 51
1738680707775 171.26104934410216 52
1738680707814 159.68360167755873 53
1738680707853 180.71897952658733 54
1738680707893 188.1602692049739 55
1738680707933 191.20509990860492 56
1738680707972 172.12955060247398 57
1738680708012 164.7475805439341 58
1738680708052 166.66797949298024 59
1738680708092 167.10752285818896 60
1738680708131 161.52197676062156 61
1738680708172 173.9344272641061 62
1738680708214 164.52253406667862 63
1738680708256 174.65677003289684 64
1738680708295 167.81358360345152 65
1738680708334 150.9724330215904 66
1738680708374 172.45083434927736 67
1738680708415 167.02241831451366 68
1738680708455 171.55829504589357 69
1738680708494 142.3564725406521 70
1738680708534 158.22223396396288 71
1738680708574 148.55713631508894 72
1738680708613 172.00507192670185 73
1738680708653 168.85526012810436 74
1738680708693 186.2196469374713 75
1738680708734 154.48049509770544 76
1738680708773 176.27734692486115 77
1738680708813 161.0430546815879 78
1738680708853 163.95262690895052 79
1738680708893 164.7348216651492 80
1738680708933 165.41512460038655 81
1738680708973 171.86318648539907 82
1738680709014 174.60624327638672 83
1738680709053 169.74010845284576 84
1738680709093 179.57675965567483 85
1738680709134 169.3969176341188 86
1738680709175 163.87093592064392 87
1738680709214 154.0899252180508 88
1738680709254 176.76456487385443 89
1738680709296 179.74865647581206 90
1738680709335 167.32494545870898 91
1738680709376 178.1219644011782 92
1738680709415 163.50506746828472 93
1738680709455 222.92281752919473 94
1738680709495 144.30809693754227 95
1738680709536 151.18937968169104 96
1738680709577 152.5367959009656 97
1738680709617 173.615515517031 98
1738680709656 173.68402382468508 99
1738680709696 163.3075165688987 100
1738680709737 166.080328830796 101
1738680709778 136.2031702810113 102
1738680709818 180.91164213502196 103
1738680709857 190.4608453501058 104
1738680709897 167.05409787628244 105
1738680709937 160.32072193856885 106
1738680709976 168.39740804476128 107
1738680710016 152.8787450496459 108
1738680710056 196.73353749353214 109
1738680710096 174.24304428819943 110
1738680710135 167.34218866515155 111
1738680710176 174.47830632408713 112
1738680710216 133.00723899524294 113
1738680710255 170.08927946573473 114
1738680710295 157.26470078176115 115
1738680710336 168.9830478441686 116
1738680710376 168.04283121678625 117
1738680710415 168.85750273007048 118
1738680710455 166.16371491550532 119
1738680710495 171.78912737185482 120
1738680710535 173.24171906998933 121
1738680710575 161.5302055030465 122
1738680710614 169.82513211247763 123
1738680710654 149.29423890764383 124
1738680710694 164.6559551410552 125
1738680710734 162.04009676380258 126
1738680710774 171.92123334246196 127
1738680710813 168.42726603231404 128
1738680710853 147.06839991000697 129
1738680710893 161.26867346070108 130
1738680710933 183.99893681272738 131
1738680710973 165.6827901961316 132
1738680711012 163.65820011044525 133
1738680711053 163.2604725403097 134
1738680711095 172.22401249891175 135
1738680711135 155.25310091868417 136
1738680711174 159.81268090270135 137
1738680711214 167.6097125428216 138
1738680711254 159.7869911022855 139
1738680711294 164.67443436828555 140
1738680711333 176.0313284585212 141
1738680711375 153.59183334041498 142
1738680711415 167.84228164588745 143
1738680711454 183.8401899085537 144
1738680711495 197.98076323512976 145
1738680711535 164.1060602941728 146
1738680711575 176.78014743533288 147
1738680711615 156.86576948123323 148
1738680711655 162.33103869288763 149
1738680711695 191.5872579261229 150
1738680711735 171.78002000423243 151
1738680711774 177.53104097226495 152
1738680711814 188.31291061897372 153
1738680711854 167.8995871414277 154
1738680711893 169.08777293874147 155
1738680711934 167.25032500508564 156
1738680711974 173.91913589795365 157
1738680712014 162.6105393079494 158
1738680712053 143.06337745767763 159
1738680712099 170.45002931945217 160
1738680712144 137.52408672786825 161
1738680712187 173.50749741170375 162
1738680712230 167.84244958665954 163
1738680712274 173.9332575145253 164
1738680712318 165.92718905470795 165
1738680712361 149.5370570819854 166
1738680712406 153.95093041364257 167
1738680712449 193.38107495447446 168
1738680712491 204.95413792991258 169
1738680712535 157.21255509623634 170
1738680712579 155.06025555277446 171
1738680712623 165.65014211562516 172
1738680712666 169.77113423550455 173
1738680712710 154.17674528562998 174
1738680712754 157.5598107596005 175
1738680712797 180.51498041379182 176
1738680712840 183.71302233782797 177
1738680712883 152.44757629096517 178
1738680712925 161.23370414059104 179
1738680712969 158.61652788811432 180
1738680713012 169.67846421205522 181
1738680713055 165.93392378723186 182
1738680713099 181.01825357272776 183
1738680713143 156.77883639665225 184
1738680713187 189.4003969172565 185
1738680713231 131.2769585332643 186
1738680713274 180.3329192121813 187
1738680713319 204.6416750539798 188
1738680713363 164.23220285051025 189
1738680713407 161.61441748130903 190
1738680713451 156.85131228775177 191
1738680713494 174.9919313251293 192
1738680713539 153.07914972993348 193
1738680713580 167.6664234570834 194
1738680713621 159.5498007730309 195
1738680713661 161.51832431706958 196
1738680713701 185.23944955205025 197
1738680713741 175.15696188829995 198
1738680713782 168.3263672579428 199
1738680713823 168.99541310627896 200
1738680713863 170.37562681047015 201
1738680713903 170.43869957567668 202
1738680713944 171.5678193134322 203
1738680714014 161.07599497449763 204
1738680714055 145.34026771471906 205
1738680714099 168.17412559225588 206
1738680714145 169.15819404715222 207
1738680714186 178.52319031204567 208
1738680714226 185.88621229797005 209
1738680714267 165.56979344632003 210
1738680714307 151.08497340198372 211
1738680714347 184.18506105912357 212
1738680714387 178.42472672161466 213
1738680714428 193.60316411180386 214
1738680714468 156.00760078378556 215
1738680714509 144.45403437780598 216
1738680714549 154.04631162070174 217
1738680714589 156.83813784933395 218
1738680714629 178.15430601276742 219
1738680714669 140.27041366603765 220
1738680714710 171.56889321955728 221
1738680714751 162.60464601426676 222
1738680714791 161.2692337843992 223
1738680714831 163.44215480477087 224
1738680714871 176.73476307831737 225
1738680714911 155.94352369899468 226
1738680714951 178.3851189195342 227
1738680714991 166.82913684727356 228
1738680715031 178.6367996436236 229
1738680715071 167.02685570419717 230
1738680715111 167.07588047983825 231
1738680715151 190.55600549246967 232
1738680715191 130.12922449673246 233
1738680715231 170.0369388494256 234
1738680715271 170.41768982444762 235
1738680715312 175.1013619758628 236
1738680715352 184.1677787351246 237
1738680715392 178.90924434675478 238
1738680715431 172.33373611977976 239
1738680715471 163.43937093691386 240
1738680715511 177.12173439706748 241
1738680715551 166.62715378890232 242
1738680715592 145.98351114404713 243
1738680715632 152.97919099960367 244
1738680715674 190.12667216279257 245
1738680715715 216.46485935075714 246
1738680715755 168.55379329497003 247
1738680715795 176.00377407392762 248
1738680715835 179.16392100438284 249
1738680715875 173.14732903509926 250
1738680715915 175.01878980966967 251
1738680715955 176.4300669819447 252
1738680715995 162.88745227495428 253
1738680716035 162.3441053957582 254
1738680716075 172.95176679484754 255
1738680716115 162.7016438394479 256
1738680716155 178.257788977318 257
1738680716195 166.1224500049189 258
1738680716235 174.7576757804962 259
1738680716275 180.1476165772772 260
1738680716315 151.1011393481614 261
1738680716355 167.01957639012923 262
1738680716395 182.32186419509088 263
1738680716435 163.83958201386687 264
1738680716475 173.64477385615524 265
1738680716515 183.3485092073616 266
1738680716556 158.3443855436735 267
1738680716599 168.32925994945808 268
1738680716642 165.4356560359877 269
1738680716683 138.3280179739604 270
1738680716723 153.56837164210052 271
1738680716763 200.87789686033864 272
1738680716803 163.0765146931792 273
1738680716843 171.20395792014864 274
1738680716883 167.41633781364246 275
1738680716923 157.9213501449672 276
1738680716962 174.0245760647804 277
1738680717002 146.73270739908568 278
1738680717042 153.73167905289418 279
1738680717082 183.3985532394378 280
1738680717122 221.17597379562037 281
1738680717162 173.49254567202092 282
1738680717203 169.2523424385564 283
1738680717243 162.47878704739796 284
1738680717283 153.5659863835935 285
1738680717323 186.1391038555307 286
1738680717363 170.77426796506407 287
1738680717403 167.4065606052944 288
1738680717443 170.51697405560057 289
1738680717485 170.29018045669116 290
1738680717525 125.64723909878217 291
1738680717565 164.37859080690095 292
1738680717605 117.18674463672744 293
1738680717645 170.31855458270596 294
1738680717684 190.31939640474926 295
1738680717725 147.91218213681938 296
1738680717765 169.51625181474805 297
1738680717805 161.2319020409337 298
1738680717844 140.79068621990794 299
1738680717884 162.69012248983856 300
1738680717923 171.25955447141635 301
1738680717963 178.86446641364907 302
1738680718003 179.75920566574266 303
1738680718043 182.35943563545095 304
1738680718083 151.32287073343514 305
1738680718123 183.00022020644155 306
1738680718164 139.16598852984097 307
1738680718204 147.58379987357773 308
1738680718244 157.98421820667397 309
1738680718284 174.07596482337829 310
1738680718324 188.55765786199507 311
1738680718364 152.49816561203926 312
1738680718405 170.34251521402092 313
1738680718445 166.50267714090495 314
1738680718485 183.77085114981438 315
1738680718525 164.46112544902064 316
1738680718565 178.55268605999973 317
1738680718605 157.74338553151898 318
1738680718645 196.91470124063486 319
1738680718685 158.99195071177022 320
1738680718725 151.87296438220105 321
1738680718765 177.2193089545897 322
1738680718806 178.66226110410054 323
1738680718846 170.75762384985575 324
1738680718886 160.30907258834696 325
1738680718926 196.01620658615835 326
1738680718966 136.34354382902973 327
1738680719005 164.80543397669774 328
1738680719046 189.71155540915095 329
1738680719087 147.45333336098736 330
1738680719127 153.43378647252686 331
1738680719167 156.35820335347486 332
1738680719207 133.53563172095738 333
1738680719248 147.83028633251368 334
1738680719288 155.6737392959812 335
1738680719331 178.726455613693 336
1738680719370 170.41452270876854 337
1738680719411 168.49516791644317 338
1738680719451 171.37230279780073 339
1738680719490 164.86247167099677 340
1738680719530 163.66121791212535 341
1738680719571 159.95277098673517 342
1738680719611 155.87338241510437 343
1738680719651 161.55677193959522 344
1738680719691 169.7160748536921 345
1738680719731 163.59678402650746 346
1738680719771 144.7196079685147 347
1738680719811 162.26088104768078 348
1738680719853 135.4925934427351 349
1738680719894 165.47102697336 350
1738680719934 176.99164709247847 351
1738680719973 175.17880944356716 352
1738680720013 171.45161993494827 353
1738680720053 162.55528916263995 354
1738680720092 171.28929256950892 355
1738680720133 167.47231542479352 356
1738680720172 144.98526945575293 357
1738680720212 186.76164906961205 358
1738680720252 144.42497817152827 359
1738680720292 176.87860158646325 360
1738680720332 167.29713946965927 361
1738680720372 173.99280890207677 362
1738680720413 141.72208751675194 363
1738680720453 157.9823184021233 364
1738680720493 207.03316137261206 365
1738680720533 192.07951973129963 366
1738680720573 134.5949662022413 367
1738680720613 176.75583449540906 368
1738680720652 154.64925800100517 369
1738680720692 155.20282221629748 370
1738680720732 171.54162057632007 371
1738680720772 176.70465691658814 372
1738680720811 166.44371090768172 373
1738680720851 164.51057739097575 374
1738680720891 162.26500886140755 375
1738680720932 156.97596356384688 376
1738680720972 161.76196939557386 377
1738680721012 173.95511358940917 378
1738680721052 161.36526898136844 379
1738680721091 194.35620710336218 380
1738680721131 194.58906636147822 381
1738680721171 177.36999762260498 382
1738680721211 155.7134156650027 383
1738680721251 157.13033080677224 384
1738680721291 178.28981460280494 385
1738680721330 161.2688708699707 386
1738680721370 135.0207311326329 387
1738680721410 136.83020274570015 388
1738680721450 182.45312126505047 389
1738680721490 178.02212976733827 390
1738680721531 150.11576873020593 391
1738680721571 185.09131523655452 392
1738680721611 152.87068982711565 393
1738680721651 177.571324338447 394
1738680721691 171.97859146524507 395
1738680721731 186.11429380031896 396
1738680721771 198.46954224267466 397
1738680721810 171.91038522875184 398
1738680721850 153.07091916721578 399
1738680721890 149.76024123320684 400
1738680721930 181.1116635622383 401
1738680721970 161.62610120795276 402
1738680722011 167.38100675366772 403
1738680722050 181.52819218747797 404
1738680722090 163.85322587474488 405
1738680722130 166.07875463672792 406
1738680722169 189.59889685788767 407
1738680722210 180.9820975521022 408
1738680722249 149.8112587158077 409
1738680722289 161.22214202588975 410
1738680722329 184.09197646193087 411
1738680722369 188.6537278403034 412
1738680722409 160.98637257214733 413
1738680722448 160.7402594336339 414
1738680722488 178.4818466672151 415
1738680722529 171.3521710885945 416
1738680722569 175.39552264418361 417
1738680722609 156.7140112831669 418
1738680722649 176.8974908953095 419
1738680722689 126.2932042117106 420
1738680722729 162.37164437056725 421
1738680722769 166.13581004780954 422
1738680722809 189.59340487877813 423
1738680722850 167.51714020890017 424
1738680722891 152.4515730831398 425
1738680722931 180.3046649259191 426
1738680722971 144.43943611257095 427
1738680723011 169.10937251120038 428
1738680723051 147.50677071923386 429
1738680723092 179.82255203603904 430
1738680723131 167.79029130588725 431
1738680723171 169.56783620280285 432
1738680723211 152.2087774792377 433
1738680723250 159.12679618040218 434
1738680723290 171.7897916830967 435
1738680723330 161.61074842831562 436
1738680723370 152.7394230464285 437
1738680723410 156.91162211909193 438
1738680723450 241.40899336947768 439
1738680723490 194.479522184942 440
1738680723530 179.0374844164813 441
1738680723570 157.30989855287524 442
1738680723611 171.21320904871914 443
1738680723651 153.55022937797983 444
1738680723691 182.95735182187357 445
1738680723731 162.07542794552353 446
1738680723770 175.08507531702998 447
1738680723810 185.11122042440562 448
1738680723850 172.19831705892128 449
1738680723889 152.49076494893487 450
1738680723929 148.63795493140128 451
1738680723968 179.57824168269335 452
1738680724008 184.84626325717412 453
1738680724048 184.58409645449828 454
1738680724088 182.28648110734716 455
1738680724128 170.7899126955344 456
1738680724168 162.2305313473542 457
1738680724207 170.8281381176438 458
1738680724247 160.66802383913526 459
1738680724286 176.3788516069382 460
1738680724326 168.11543979147103 461
1738680724365 167.66509167986024 462
1738680724405 135.31241101468 463
1738680724446 174.87870026915044 464
1738680724488 173.59492041400333 465
1738680724528 153.53448209464992 466
1738680724567 172.75324986020797 467
1738680724607 192.9276015364557 468
1738680724647 170.00862167494446 469
1738680724688 155.99786578003068 470
1738680724727 161.299218915558 471
1738680724767 144.9922711475035 472
1738680724807 175.98046243427524 473
1738680724847 178.82688876145474 474
1738680724886 170.88342160139607 475
1738680724927 149.78127665823592 476
1738680724966 225.92530914023735 477
1738680725006 162.6846372114346 478
1738680725046 176.86736522071433 479
1738680725087 152.08155376060785 480
1738680725127 169.988677829801 481
1738680725167 166.82588382830374 482
1738680725208 172.46686404960167 483
1738680725249 165.84688034353312 484
1738680725289 163.81509258669556 485
1738680725329 167.21310107232847 486
1738680725369 181.9889538205558 487
1738680725409 185.2408854380999 488
1738680725448 173.56421764081645 489
1738680725488 164.26379455381425 490
1738680725528 169.62606731448045 491
1738680725568 187.2192968067542 492
1738680725607 137.4680328158582 493
1738680725647 177.55569891983683 494
1738680725687 182.96840978201232 495
1738680725727 226.17257320114754 496
1738680725767 197.42501029683075 497
1738680725808 172.1667526861812 498
1738680725848 145.91795560293082 499
