1738825252175 263.90772195599715 0
1738825252211 153.3397041884932 1
1738825252246 168.77205964581592 2
1738825252280 178.818173178143 3
1738825252314 164.41452085822047 4
1738825252348 238.6903674198676 5
1738825252382 156.01208267368312 6
1738825252415 194.2140408305629 7
1738825252449 159.67402306310987 8
1738825252482 94.77020382838818 9
1738825252516 158.74452735843803 10
1738825252548 171.9453238468406 11
1738825252582 174.20756743694926 12
1738825252615 221.62567178645105 13
1738825252648 142.74083464963797 14
1738825252681 167.6990301736324 15
1738825252714 173.34232341954905 16
1738825252748 148.2057149351048 17
1738825252781 236.0645763815777 18
1738825252815 200.3164873098863 19
1738825252848 144.87046467193682 20
1738825252883 246.73688719111476 21
1738825252917 195.75894753578808 22
1738825252950 148.38702426692896 23
1738825252983 181.228186491518 24
1738825253016 215.88035733541798 25
1738825253049 163.55413605635064 26
1738825253082 117.60937547809633 27
1738825253115 202.23007739464524 28
1738825253148 147.65391737802702 29
1738825253181 207.44357826896 30
1738825253214 175.39261537123994 31
1738825253246 148.58392215563978 32
1738825253279 115.73715364404671 33
1738825253312 140.21257181660422 34
1738825253346 154.26897022356513 35
1738825253380 118.3284015329502 36
1738825253413 160.53142390496063 37
1738825253447 151.30037370868615 38
1738825253480 142.4728515121242 39
1738825253513 89.76485078704172 40
1738825253546 199.73303363154218 41
1738825253579 158.8975174931122 42
1738825253613 174.9427400291374 43
1738825253646 168.4364220274714 44
1738825253680 116.44481344041479 45
1738825253713 159.7857754737185 46
1738825253746 173.15281451067173 47
1738825253779 199.01149277520585 48
1738825253812 163.66704573302516 49
1738825253846 168.28621084173673 50
1738825253880 159.167607348966 51
1738825253913 158.99559983811167 52
1738825253946 160.1287106722443 53
1738825253979 186.23773871603055 54
1738825254012 132.08712648884202 55
1738825254044 112.14183010787124 56
1738825254077 149.6637431510382 57
1738825254110 184.1422530990791 58
1738825254142 67.07839024424166 59
1738825254175 168.26822178115833 60
1738825254208 150.19418757993972 61
1738825254240 188.72529972948254 62
1738825254273 160.54087969739408 63
1738825254306 159.62091571445973 64
1738825254339 229.5425425323367 65
1738825254373 200.82223067921984 66
1738825254406 140.08059271819374 67
1738825254439 176.4060753548051 68
1738825254473 168.6280624227943 69
1738825254508 211.10812759360547 70
1738825254541 65.55757515260804 71
1738825254574 167.24315171439255 72
1738825254607 186.65758364990955 73
1738825254643 124.37955325806566 74
1738825254677 185.81149387815512 75
1738825254711 99.54507864311326 76
1738825254744 151.34493725614834 77
1738825254778 210.02720665871993 78
1738825254811 84.2431156877929 79
1738825254844 154.0687969929337 80
1738825254877 157.10819048424224 81
1738825254910 129.5950243432272 82
1738825254943 145.63217718302369 83
1738825254976 173.3223317482794 84
1738825255009 134.40404771785816 85
1738825255042 202.48661212585085 86
1738825255075 189.91365872662237 87
1738825255108 186.49051138144824 88
1738825255140 47.51649459197491 89
1738825255174 178.18270836369175 90
1738825255206 233.0616203934904 91
1738825255239 167.85961158483985 92
1738825255275 114.5633600942271 93
1738825255308 165.74517305283297 94
1738825255342 188.51998957848525 95
1738825255375 147.6190571368724 96
1738825255410 357.8203491542514 97
1738825255444 194.05630650098527 98
1738825255477 206.69095072535578 99
1738825255511 171.08804931354055 100
1738825255557 122.07680329600885 101
1738825255608 227.65051818928515 102
1738825255648 135.8952791782069 103
1738825255684 124.18184083814033 104
1738825255720 168.87092696197948 105
1738825255756 147.9201672667542 106
1738825255791 237.5480233794879 107
1738825255827 170.8512567090225 108
1738825255862 179.68271949415183 109
1738825255897 168.98194257296288 110
1738825255930 70.71534853348544 111
1738825255964 169.11357212142215 112
1738825255997 231.16809834725794 113
1738825256030 279.43696944404456 114
1738825256063 73.02286114200899 115
1738825256096 154.70897023521783 116
1738825256129 167.49196598663468 117
1738825256163 232.3567626232346 118
1738825256197 175.12248874136623 119
1738825256230 196.93721859616335 120
1738825256263 233.01071719500447 121
1738825256296 161.9273427324516 122
1738825256330 158.89992361481956 123
1738825256363 165.60611667586218 124
1738825256396 164.8769469199628 125
1738825256429 88.55142807501328 126
1738825256470 161.44075441896314 127
1738825256505 252.46608994431057 128
1738825256539 192.3085273815001 129
1738825256572 133.7523333948488 130
1738825256606 159.09240349476414 131
1738825256639 198.3409813846578 132
1738825256672 215.53999393253932 133
1738825256705 182.9850080351242 134
1738825256738 200.91373103398777 135
1738825256771 174.18042697990418 136
1738825256804 140.86366059872853 137
1738825256838 72.84885036486426 138
1738825256871 133.5882727705248 139
1738825256904 176.67550570239933 140
1738825256937 156.51930613050075 141
1738825256970 153.3784554483234 142
1738825257003 152.92798692777504 143
1738825257036 144.2005577033467 144
1738825257069 104.383902692261 145
1738825257102 194.3953587695518 146
1738825257135 268.71634149886876 147
1738825257167 175.9596581400118 148
1738825257201 183.3448987994516 149
1738825257233 170.40902281497299 150
1738825257266 371.62266736358504 151
1738825257299 174.1982177310506 152
1738825257332 133.77540673538635 153
1738825257366 197.0123259828757 154
1738825257399 177.8055840178343 155
1738825257432 80.43840411009604 156
1738825257465 206.37956667157158 157
1738825257498 232.3069847756862 158
1738825257531 175.98180811578223 159
1738825257566 235.33292729143062 160
1738825257599 212.94377116490628 161
1738825257632 182.520830178456 162
1738825257666 204.2471728767913 163
1738825257703 177.36393582132482 164
1738825257753 69.39089846655497 165
1738825257801 179.59684302539506 166
1738825257839 162.03717657589496 167
1738825257875 172.61583603621682 168
1738825257910 19.799837776241908 169
1738825257946 221.26815575788223 170
1738825257981 199.87955613642796 171
1738825258017 223.50021419056583 172
1738825258052 155.9175710743439 173
1738825258086 185.46238938018183 174
1738825258119 206.33771209779482 175
1738825258152 116.00389242763194 176
1738825258187 142.14367865444032 177
1738825258220 159.30082428244788 178
1738825258254 172.91185133266376 179
1738825258288 138.4464185440259 180
1738825258321 194.761032731601 181
1738825258355 153.02241969105793 182
1738825258388 114.19013327665344 183
1738825258421 223.89789247433657 184
1738825258454 128.97531370476045 185
1738825258494 140.9058194238467 186
1738825258529 189.45535552433628 187
1738825258563 89.19756672535188 188
1738825258597 145.98442986946483 189
1738825258630 173.49226218011043 190
1738825258663 350.66059632820765 191
1738825258697 158.12415410463205 192
1738825258730 143.111437871718 193
1738825258764 226.2168689002329 194
1738825258797 188.82779630904565 195
1738825258830 237.35826779046315 196
1738825258863 160.8270676872114 197
1738825258896 148.48943935120826 198
1738825258928 120.46305693094264 199
1738825258962 147.5738461609049 200
1738825258996 221.16933115350193 201
1738825259029 172.3567776535178 202
1738825259061 193.39055220670093 203
1738825259094 175.3043965731324 204
1738825259127 188.4534611935957 205
1738825259161 171.38474642687717 206
1738825259193 170.45315059677569 207
1738825259226 188.41829499249945 208
1738825259259 144.7710545827507 209
1738825259293 167.9450259530594 210
1738825259327 195.3221589483028 211
1738825259360 153.85343948720774 212
1738825259393 154.81127035023385 213
1738825259426 166.44888206775408 214
1738825259459 162.84850221715175 215
1738825259492 218.87116143622083 216
1738825259525 143.04718523321873 217
1738825259558 175.21637869290169 218
1738825259591 121.90439510225542 219
1738825259624 205.89847112312336 220
1738825259658 150.19129441143923 221
1738825259691 261.2933676787335 222
1738825259724 240.41018532941868 223
1738825259758 157.03164052681853 224
1738825259791 177.02754784153285 225
1738825259824 124.53958999795309 226
1738825259858 167.5868178449868 227
1738825259892 172.83538528018178 228
1738825259925 257.2306102551264 229
1738825259959 91.79261850315642 230
1738825259995 174.25760200157052 231
1738825260031 162.3600231300765 232
1738825260067 160.86118884926532 233
1738825260101 161.6597695721489 234
1738825260134 139.30456763882015 235
1738825260168 182.25633537966593 236
1738825260201 116.00575068714825 237
1738825260234 167.07320027960796 238
1738825260268 181.1878221276701 239
1738825260302 179.46643763153915 240
1738825260335 148.57952044377956 241
1738825260369 146.11777768281183 242
1738825260402 154.97503824260897 243
1738825260435 98.18007364336025 244
1738825260469 133.9078691717705 245
1738825260503 173.9579374810816 246
1738825260537 181.022104734691 247
1738825260573 199.96913150986495 248
1738825260607 327.8096357723806 249
1738825260642 175.63561638404133 250
1738825260676 124.13067193384312 251
1738825260710 142.41148986080603 252
1738825260744 145.25517182599455 253
1738825260778 151.04142006978657 254
1738825260829 289.7323112343889 255
1738825260864 267.7866285013787 256
1738825260898 149.19008378567892 257
1738825260932 185.24605282977495 258
1738825260965 157.4567465234864 259
1738825260999 80.59104690999635 260
1738825261032 182.84325397472097 261
1738825261065 42.636894606259084 262
1738825261097 168.18368996674894 263
1738825261130 131.5124612635915 264
1738825261163 176.48957655847195 265
1738825261196 38.47604815675527 266
1738825261228 216.71016803221468 267
1738825261261 176.04703376060505 268
1738825261294 233.8134784295495 269
1738825261327 144.64108255399552 270
1738825261360 198.59944852541597 271
1738825261393 171.85374369477705 272
1738825261426 188.3360531280796 273
1738825261459 186.93947903395036 274
1738825261492 190.1639731754776 275
1738825261524 192.9333293931352 276
1738825261557 297.37632753815706 277
1738825261590 180.51096196102077 278
1738825261623 259.9727509328751 279
1738825261657 168.71260568500895 280
1738825261691 215.58245148123893 281
1738825261724 140.70309297978935 282
1738825261759 172.36139790920822 283
1738825261792 130.2155832893733 284
1738825261825 165.67745383747447 285
1738825261860 156.42158645949263 286
1738825261893 203.60991403347327 287
1738825261926 130.18093082267654 288
1738825261960 164.7861945619828 289
1738825261994 155.95944488940088 290
1738825262028 163.77306233729155 291
1738825262062 90.16355951263827 292
1738825262096 209.54985726039294 293
1738825262129 205.06941776263722 294
1738825262163 156.87862316050945 295
1738825262195 192.01330445342842 296
1738825262228 154.38833862724744 297
1738825262261 160.91383994487137 298
1738825262295 143.73798419922016 299
1738825262330 197.49351445603753 300
1738825262363 159.25495438049322 301
1738825262398 151.19027778790087 302
1738825262433 152.76541449678172 303
1738825262468 154.39005424143082 304
1738825262503 409.9879700762927 305
1738825262536 170.07623110737293 306
1738825262571 164.28993258752243 307
1738825262606 167.25574300750552 308
1738825262640 173.9277975919102 309
1738825262676 158.69437710556386 310
1738825262711 201.03019227262413 311
1738825262745 239.63309893236257 312
1738825262778 213.07339361863725 313
1738825262811 166.9762340513358 314
1738825262845 165.05437048993147 315
1738825262878 172.5394453383533 316
1738825262911 162.68784513780116 317
1738825262943 160.07088224880317 318
1738825262976 170.49610037448272 319
1738825263009 193.02810289608905 320
1738825263043 162.2697174618932 321
1738825263076 139.38314304672846 322
1738825263109 180.1461279669851 323
1738825263142 180.53931384839203 324
1738825263176 99.18561206359571 325
1738825263209 180.33811906993688 326
1738825263242 195.27754234746735 327
1738825263275 158.2805193759702 328
1738825263308 149.28001870923157 329
1738825263342 173.68895057089276 330
1738825263375 188.50697618781447 331
1738825263409 320.5920703907215 332
1738825263442 171.05293320573938 333
1738825263475 134.18676089968554 334
1738825263508 137.60244014929629 335
1738825263541 201.72494660915504 336
1738825263574 167.33514236999955 337
1738825263607 117.4422527581616 338
1738825263640 117.44523177384633 339
1738825263673 160.7113517392841 340
1738825263707 242.7674434802876 341
1738825263740 182.7927006824148 342
1738825263784 174.80217119942193 343
1738825263820 199.9369453786621 344
1738825263855 166.02614907250094 345
1738825263889 179.78594701376642 346
1738825263924 156.18958812796194 347
1738825263957 182.1632772265922 348
1738825263991 230.28423646119612 349
1738825264024 144.2573810876895 350
1738825264058 148.7538843537372 351
1738825264093 142.66428318977137 352
1738825264126 154.5974353819607 353
1738825264160 129.85762705813244 354
1738825264194 121.62829357910482 355
1738825264228 119.09697708978733 356
1738825264262 330.38448391934674 357
1738825264296 202.32222980215562 358
1738825264330 341.52613054492946 359
1738825264363 150.41429871525995 360
1738825264397 225.41251127453324 361
1738825264431 153.66610565240353 362
1738825264464 169.82232513372642 363
1738825264497 158.62835619808504 364
1738825264530 167.62357779935766 365
1738825264562 193.24062835770178 366
1738825264596 179.91858057830635 367
1738825264629 286.68515643303647 368
1738825264663 167.2514506776809 369
1738825264696 164.44887282492002 370
1738825264729 160.46309697764912 371
1738825264763 213.90227330840239 372
1738825264796 146.62436575046758 373
1738825264829 127.37700023680954 374
1738825264862 171.24224955956535 375
1738825264895 191.76641685904775 376
1738825264928 270.53342883376155 377
1738825264960 148.48827593409086 378
1738825264993 135.56047630824514 379
1738825265026 168.68014175501966 380
1738825265059 148.0759220983735 381
1738825265091 191.6196827630752 382
1738825265124 173.19808900882452 383
1738825265157 165.32241862815872 384
1738825265189 167.7861382408125 385
1738825265222 145.71635582380864 386
1738825265255 179.67827211020102 387
1738825265287 168.93487347069544 388
1738825265321 143.4679403910704 389
1738825265355 157.58747437068004 390
1738825265388 150.29665515066685 391
1738825265421 185.5111287229601 392
1738825265453 136.89193263460916 393
1738825265486 169.38576108878726 394
1738825265520 137.62375923471592 395
1738825265555 120.68228955507185 396
1738825265590 152.36493530989387 397
1738825265623 133.04913679724996 398
1738825265655 192.9596319003311 399
1738825265688 201.26993649768718 400
1738825265720 164.4284705231305 401
1738825265753 174.25065628168343 402
1738825265786 178.16759436987968 403
1738825265819 155.26387954315203 404
1738825265852 118.4118008643341 405
1738825265884 160.5454499105081 406
1738825265917 178.7361334590267 407
1738825265950 252.08338828554201 408
1738825265983 143.64871823818095 409
1738825266016 163.80040642013873 410
1738825266048 158.9647663184823 411
1738825266080 164.74723885777274 412
1738825266113 173.94371446218796 413
1738825266147 191.3913868363964 414
1738825266180 199.1237347914978 415
1738825266213 175.82167150428836 416
1738825266245 144.75731843730867 417
1738825266279 172.76682494604142 418
1738825266312 185.56479026831985 419
1738825266346 275.38930900774466 420
1738825266380 200.03148015103295 421
1738825266413 178.04530715834764 422
1738825266447 145.50563167413688 423
1738825266485 280.01634269857203 424
1738825266520 143.70110225699477 425
1738825266553 199.79401775777038 426
1738825266586 196.88485624065322 427
1738825266619 223.44098059394815 428
1738825266651 166.42508801998932 429
1738825266684 163.12697250844067 430
1738825266717 181.88018968709892 431
1738825266751 166.00819282234204 432
1738825266784 285.5290210241008 433
1738825266817 162.8665241957852 434
1738825266850 170.83570651192207 435
1738825266883 134.6354627227912 436
1738825266916 199.52816960011617 437
1738825266949 290.3175138837831 438
1738825266984 322.37954136514685 439
1738825267017 153.79708777015213 440
1738825267050 202.6406314565298 441
1738825267083 203.42805928909945 442
1738825267117 153.50214089233705 443
1738825267150 169.85775614871142 444
1738825267184 186.71115691050113 445
1738825267217 165.4984768359474 446
1738825267250 194.42974299109838 447
1738825267285 172.66084277909536 448
1738825267318 159.8711108407248 449
1738825267351 184.98580697694055 450
1738825267385 172.17457347551183 451
1738825267418 164.86901957022852 452
1738825267451 176.01102168004195 453
1738825267484 167.34664452554065 454
1738825267517 153.66010817762168 455
1738825267550 135.23866950191191 456
1738825267583 168.4925366792107 457
1738825267616 75.04196708145928 458
1738825267648 179.28698810563833 459
1738825267682 187.87125637401422 460
1738825267715 135.7739988334591 461
1738825267748 269.8661222742369 462
1738825267781 212.725084738867 463
1738825267813 119.18944720921631 464
1738825267847 103.93467956258226 465
1738825267881 194.67228102829085 466
1738825267914 234.5573402754341 467
1738825267957 114.61669486607757 468
1738825267992 202.58104075265166 469
1738825268026 158.41767886255502 470
1738825268059 163.19469416217666 471
1738825268092 123.32827364788385 472
1738825268124 220.44552426927166 473
1738825268158 159.55253309943177 474
1738825268191 138.42971666629424 475
1738825268224 139.70247478064147 476
1738825268257 182.4474763215869 477
1738825268290 178.38945102507924 478
1738825268324 144.144212890347 479
1738825268357 130.90493218275472 480
1738825268391 133.44496584605372 481
1738825268424 191.18351263995996 482
1738825268457 159.86962475916172 483
1738825268491 226.03469147173908 484
1738825268524 204.51454311297715 485
1738825268557 292.54085854402643 486
1738825268591 161.35399809391902 487
1738825268624 171.16026793056375 488
1738825268657 120.22085164158428 489
1738825268690 196.02511588866057 490
1738825268723 153.3593971571521 491
1738825268756 62.577560973402704 492
1738825268789 198.80640601503833 493
1738825268822 216.8779443862809 494
1738825268857 236.69326736615068 495
1738825268890 171.24252091237307 496
1738825268924 317.2635464273827 497
1738825268957 197.47928582228627 498
1738825268990 146.61774112573994 499
