1738680192125 177.2939469860093 0
1738680192160 149.14428706730226 1
1738680192193 162.95849982707279 2
1738680192226 160.45944484260787 3
1738680192258 174.41644014944214 4
1738680192291 152.0836241824344 5
1738680192341 177.11037299441767 6
1738680192378 179.78206185723525 7
1738680192418 164.42239287964256 8
1738680192453 181.3422917132419 9
1738680192488 178.8586751635728 10
1738680192522 169.48486000394792 11
1738680192556 158.09648198898245 12
1738680192590 167.41396426033802 13
1738680192623 150.438682882722 14
1738680192656 170.57164407108897 15
1738680192689 174.18137327212645 16
1738680192722 168.1743283654597 17
1738680192754 179.40185524362496 18
1738680192787 177.7865642130279 19
