1738826310624 161.9738227950843 0
1738826310671 152.54192339251412 1
1738826310717 171.42111135336842 2
1738826310763 168.21751495984643 3
1738826310810 170.13547832034382 4
1738826310858 171.7863153019648 5
1738826310907 163.5930015050349 6
1738826310955 161.24724000246513 7
1738826311002 148.38537666541185 8
1738826311049 152.0118719730981 9
1738826311096 168.3669068142589 10
1738826311144 151.9510894865635 11
1738826311190 157.89581364598837 12
1738826311236 150.6898944771956 13
1738826311284 173.04772453053462 14
1738826311330 166.6901813101804 15
1738826311375 187.0945976454304 16
