1738677936555 66.48979062017669 0
1738677936613 63.64320747053284 1
1738677936681 150.31486303392538 2
1738677936746 23.276340025477715 3
1738677936800 87.44170663667117 4
1738677936863 46.801093643294145 5
1738677936918 78.16506794415756 6
1738677936975 36.84389260121413 7
1738677937049 30.839902115260838 8
1738677937104 11.715837031127926 9
1738677937182 52.45653852523945 10
1738677937248 48.42246388666896 11
1738677937306 9.96637487940641 12
1738677937365 60.74234096481169 13
1738677937417 50.78387239944923 14
1738677937478 23.368662521729956 15
1738677937539 0.8674418251295808 16
1738677937606 44.511920879593745 17
1738677937678 25.748782040106292 18
1738677937750 7.564563810254749 19
1738677937826 30.139543476885237 20
1738677937898 18.09259723641562 21
1738677937963 46.72273925204387 22
1738677938033 26.11011227542295 23
1738677938098 3.844113152949098 24
1738677938172 28.34492584154136 25
1738677938247 0.005699915849016214 26
1738677938314 0.4654042229175711 27
1738677938383 1.2237046291503018 28
1738677938444 4.591975169239623 29
1738677938520 20.48917387421381 30
1738677938578 0.01974899048410387 31
1738677938637 9.59976989098308 32
1738677938702 3.7998480352841275 33
1738677938770 0.006369250949448202 34
1738677938832 13.216465142692885 35
1738677938903 9.484673721506345 36
1738677938959 2.7213906016340648 37
1738677939020 48.31139667597815 38
1738677939081 7.810704817969078 39
1738677939148 5.792777201391507 40
1738677939211 2.038919270359007 41
1738677939283 1.8153852726002022 42
1738677939350 7.29083561636506 43
1738677939409 16.887776708056133 44
1738677939470 0.03381022695846256 45
1738677939532 13.928755521613585 46
1738677939602 8.12917246985648 47
1738677939663 14.820989956896915 48
1738677939718 1.6829194630059527 49
1738677939782 3.9842570957766927 50
1738677939845 1.1268518591471623 51
1738677939913 2.7633135767733426 52
1738677939981 1.8331777119364026 53
1738677940065 2.4633544715950095 54
1738677940130 6.643502369172225 55
1738677940200 0.18855410016248442 56
1738677940260 0.26941207980354764 57
1738677940312 2.0625405214094887 58
1738677940371 0.16912230817207444 59
1738677940438 4.198421360052081 60
1738677940516 0.012412723587731742 61
1738677940565 0.3596244725863748 62
1738677940623 0.29349833820350885 63
1738677940688 0.13731743706902452 64
1738677940749 2.64571149188911 65
1738677940809 0.6891165174196296 66
1738677940873 0.19157679228554111 67
1738677940939 27.404257682101502 68
1738677941003 1.2758780458656915 69
1738677941102 1.157938773538517 70
1738677941187 0.7464113850468311 71
1738677941258 1.0147474641135872 72
1738677941312 0.7958805689089862 73
1738677941374 0.8452528276888097 74
1738677941427 4.7580283208555665 75
1738677941490 2.5592671943097094 76
1738677941560 2.703405338636477 77
1738677941630 0.5439086883597567 78
1738677941696 1.6653407504919204 79
1738677941761 1.9608169625885121 80
1738677941817 2.6883142419849353 81
1738677941889 1.617405610040009 82
1738677941965 0.6011456519887799 83
1738677942046 2.8199398001572327 84
1738677942133 0.06364104063214646 85
1738677942207 3.4823283369750535 86
1738677942289 2.07419991316851 87
1738677942345 1.0008422132033032 88
1738677942409 1.2148589913972112 89
1738677942478 0.9561261950388904 90
1738677942546 0.009963509227971963 91
1738677942627 0.016161611490010122 92
1738677942691 0.21655958630376243 93
1738677942760 0.3715756955264785 94
1738677942827 0.06259153880309537 95
1738677942896 1.18579096544047 96
1738677942971 1.2427177723355896 97
1738677943036 0.03782495422035774 98
1738677943103 0.009174266496918469 99
1738677943171 5.554682817760877e-06 100
1738677943237 0.3565780422828691 101
1738677943289 0.0022635436818196917 102
1738677943353 1.601383531436534 103
1738677943450 0.052205159245631926 104
1738677943529 0.03828562260370376 105
1738677943613 0.02018265972113246 106
1738677943676 0.019344709993775154 107
1738677943751 0.06527214950236783 108
1738677943810 0.18802373578581472 109
1738677943882 0.025890218862241517 110
1738677943941 0.35798810579474555 111
1738677944013 0.059671754601928834 112
1738677944057 0.028870276696986195 113
1738677944117 0.047025404511273745 114
1738677944191 0.007801020029480667 115
1738677944264 0.00031429329194777286 116
1738677944347 0.044291554304188394 117
1738677944405 1.3129493735570437 118
1738677944474 0.23701513836251245 119
1738677944542 0.20903305730227809 120
1738677944605 0.003349390632989215 121
1738677944662 0.02352002688558972 122
1738677944723 0.004706879638073129 123
1738677944797 0.0008771141308912077 124
1738677944857 0.01823416117368452 125
1738677944931 0.562078147429938 126
1738677944998 0.00174134426344923 127
1738677945064 0.6780067516914025 128
1738677945128 1.453272418023924 129
1738677945190 0.4875271818889446 130
1738677945242 4.5246444625795546e-05 131
1738677945306 0.13220952610988557 132
1738677945370 0.014790573290370333 133
1738677945435 0.02445315274311769 134
1738677945490 0.5871322551696433 135
1738677945555 0.05407503202910937 136
1738677945617 0.0004912536757309452 137
1738677945680 0.0047103111753498215 138
1738677945741 0.5479689610111365 139
1738677945802 0.19101518220949748 140
1738677945861 0.0017838426872211848 141
1738677945942 0.23189958025209115 142
1738677946036 0.007066442433149413 143
1738677946132 0.04810425220349682 144
1738677946201 0.21048018468715313 145
1738677946352 0.008856046003075213 146
1738677946419 0.008673828738201014 147
1738677946541 0.14328772802908646 148
1738677946636 0.00028616126609041294 149
1738677946751 0.28885980761826896 150
1738677946835 0.027440331291570346 151
1738677946939 0.04278353653560714 152
1738677947049 0.056381158770815475 153
1738677947110 0.006532009929929902 154
1738677947170 0.06924277746816213 155
1738677947232 0.0010622203079366857 156
1738677947292 0.013511539458925153 157
1738677947358 0.05124572475043132 158
1738677947428 0.1440958268759412 159
1738677947514 0.4088014972923136 160
1738677947567 0.4602754394714362 161
1738677947624 0.04542854869798039 162
1738677947666 0.08072469722548434 163
1738677947725 0.04209615672847715 164
1738677947784 0.002598120539125082 165
1738677947846 0.047140020335310305 166
1738677947907 0.09186439949969187 167
1738677947965 0.34232268396588605 168
1738677948023 0.00037394283674112576 169
1738677948085 0.26218396382776815 170
1738677948151 0.02593245193536954 171
1738677948217 0.07617682623883365 172
1738677948278 0.010310657069015221 173
1738677948338 0.38915749149581175 174
1738677948403 0.017123348377250554 175
1738677948468 0.08689635288737406 176
1738677948534 0.3744189541989016 177
1738677948599 0.4603395438544304 178
1738677948662 0.12421542651652595 179
1738677948725 0.23132888943995114 180
1738677948796 0.08940411293025761 181
1738677948854 0.09273947374598067 182
1738677948920 0.10051292408117854 183
1738677948988 0.023826345294574055 184
1738677949062 0.05286006043826131 185
1738677949130 0.09163596848790181 186
1738677949209 0.2802379190828075 187
1738677949280 0.20628102462698622 188
1738677949356 0.06713970098373666 189
1738677949429 0.24856021736028247 190
1738677949500 0.21091662340026043 191
1738677949558 0.0007023836932781249 192
1738677949626 0.23897348126726495 193
1738677949696 0.06505891536496286 194
1738677949756 0.02828460989211847 195
1738677949804 0.08680048593265487 196
1738677949869 0.03979410466985855 197
1738677949937 0.12149457744058537 198
1738677949999 0.06460700265615114 199
1738677950062 0.47414948372922744 200
1738677950117 0.06750167793534942 201
1738677950189 0.333456328556874 202
1738677950256 0.0017122142249755715 203
1738677950345 0.20044302800937552 204
1738677950415 0.005469590038162949 205
1738677950507 0.1367341144734826 206
1738677950570 0.0009898772009808324 207
1738677950649 0.2997243993350874 208
1738677950711 0.13366130250262118 209
1738677950773 0.1379676403244238 210
1738677950822 0.2746777251438268 211
1738677950884 0.00040798765834431863 212
1738677951032 0.025390578367562828 213
1738677951119 0.007720787910367513 214
1738677951201 6.52876676227746e-05 215
1738677951261 0.009872435513387937 216
1738677951321 0.10042756835518316 217
1738677951381 0.015201882490845406 218
1738677951443 0.21881218263613786 219
1738677951504 0.008119137075604403 220
1738677951563 0.0010146523962007927 221
1738677951619 0.287603400814698 222
1738677951749 0.10066860374780229 223
1738677951810 0.00017662016101034023 224
1738677951876 0.05979179894464627 225
1738677951943 0.010032348514293113 226
1738677952013 0.03633683835110413 227
1738677952084 0.03598514819271499 228
1738677952179 0.0006448841202052887 229
1738677952273 0.033823146456657134 230
1738677952363 0.004954338919165471 231
1738677952437 0.1962144164860773 232
1738677952495 0.1666035807033481 233
1738677952559 0.004453640009930974 234
1738677952620 0.0005083271845593974 235
1738677952713 0.000631782915088105 236
1738677952786 0.0016653016677668346 237
1738677952835 0.05306660654068102 238
1738677952900 0.0001245308240271175 239
1738677952965 0.3795461380687868 240
1738677953029 0.0030556166796328306 241
1738677953095 0.15772569855501786 242
1738677953150 0.06290942038562113 243
1738677953213 0.46790947644033964 244
1738677953275 0.034957957833534344 245
1738677953341 0.057972738970771466 246
1738677953401 0.0023300788640244403 247
1738677953456 0.022692798820307586 248
1738677953511 0.009371836740876762 249
1738677953569 0.06380418755053062 250
1738677953625 0.0687082341960785 251
1738677953692 0.37602951107070454 252
1738677953752 0.031829542335204485 253
1738677953810 0.035269128022336234 254
1738677953878 0.2263225517868292 255
1738677953953 0.06723197473247722 256
1738677954075 0.32887813366275637 257
1738677954151 0.16701011325071805 258
1738677954219 4.373028446932936e-06 259
1738677954284 0.04077666199759187 260
1738677954348 0.2518744742361593 261
1738677954408 0.00030460115708400454 262
1738677954469 0.02327203446464473 263
1738677954531 0.0006412800178054912 264
1738677954607 0.015270427246655482 265
1738677954669 0.18450459504066874 266
1738677954729 1.7324362243770536e-06 267
1738677954789 0.014255161005709498 268
1738677954849 0.06491586924448231 269
1738677954906 0.04566799921498207 270
1738677954997 0.0015794360758588533 271
1738677955060 0.13348518621366323 272
1738677955126 0.06769609846038882 273
1738677955224 0.00972733293687863 274
1738677955296 0.0008038053090316136 275
1738677955360 0.0972835529959114 276
1738677955418 0.08218020295276018 277
1738677955488 0.0009956524262159181 278
1738677955545 0.18544128578022223 279
1738677955614 0.08065805736984971 280
1738677955691 0.00022102989602777224 281
1738677955747 0.2957565902511652 282
1738677955809 0.04021630262651632 283
1738677955870 0.35748718730455015 284
1738677955992 0.2608890421192406 285
1738677956066 0.09301570658260004 286
1738677956136 0.00667330485682046 287
1738677956201 0.08541102852114169 288
1738677956252 0.020369218785860163 289
1738677956316 0.07156112770851551 290
1738677956378 0.05591545429549495 291
1738677956437 0.00970055020156156 292
1738677956501 0.03814532098142814 293
1738677956551 0.09999149311088432 294
1738677956607 0.03299814366396466 295
1738677956670 0.1754579656630906 296
1738677956729 0.8838212686297444 297
1738677956791 0.17648268579435328 298
1738677956851 0.0005066632005199608 299
1738677956910 0.0871177253574863 300
1738677956966 0.0012344024793621475 301
1738677957026 0.004407960757612555 302
1738677957090 0.023799771719823996 303
1738677957138 0.03992721316239403 304
1738677957185 0.009936409536316984 305
1738677957232 0.12076618499259026 306
1738677957292 0.06095899072623986 307
1738677957352 0.008710546406258408 308
1738677957414 0.03368244324279529 309
1738677957472 0.000251446045766048 310
1738677957531 0.05378905901868108 311
1738677957579 0.03181043763079009 312
1738677957648 8.3960552907526e-06 313
1738677957709 0.019426469886532936 314
1738677957769 0.026466503419081154 315
1738677957851 0.1631519531576905 316
1738677957915 0.1322771298811372 317
1738677957976 9.167687145814904e-06 318
1738677958038 0.11341208682236387 319
1738677958104 0.013092802900811317 320
1738677958169 0.1911504099517073 321
1738677958236 0.020326994971836067 322
1738677958302 0.021583871940545018 323
1738677958360 0.00038461949525930205 324
1738677958423 0.020809409671435578 325
1738677958492 0.14408243308407132 326
1738677958557 0.1677458762797057 327
1738677958624 0.07233000373852914 328
1738677958682 0.04908176775018508 329
1738677958744 0.43839534947743747 330
1738677958799 0.006705103762537711 331
1738677958858 0.0005259345598889318 332
1738677958917 0.008196801036647931 333
1738677958969 0.011929814959887328 334
1738677959117 0.015624604247376842 335
1738677959183 0.0014037067833720354 336
1738677959243 0.014003117555293305 337
1738677959306 0.04586742992557838 338
1738677959365 0.00012054736545534025 339
1738677959421 0.07158771577836259 340
1738677959480 0.010521910794302442 341
1738677959539 0.059345312261929004 342
1738677959606 0.061499603079692954 343
1738677959660 0.033981687693178046 344
1738677959710 0.34544072301134165 345
1738677959768 0.0005038164493156324 346
1738677959832 0.0027101552766013886 347
1738677959891 0.1173602890248741 348
1738677959949 0.0037874037141989304 349
1738677960007 0.05702857971925126 350
1738677960070 0.017716237373751324 351
1738677960125 0.2590200249765946 352
1738677960206 0.02227897176592337 353
1738677960266 0.1063913326672668 354
1738677960329 0.03154406071945624 355
1738677960395 0.20242590555028087 356
1738677960457 0.046172467810546854 357
1738677960523 0.011426839612581348 358
1738677960583 0.1432194611792815 359
1738677960658 0.0020383269506833975 360
1738677960717 0.03125395723891689 361
1738677960781 1.5302029977327732e-05 362
1738677960840 0.02644566808025457 363
1738677960928 0.03731738248211438 364
1738677960982 0.35313457841272455 365
1738677961048 0.00026125187850637317 366
1738677961113 0.0635209044494352 367
1738677961185 0.020031688948283367 368
1738677961245 0.033018533376867366 369
1738677961304 0.14711583954841453 370
1738677961363 0.23640311735542127 371
1738677961426 0.06478405342384726 372
1738677961492 0.02066755549875773 373
1738677961555 0.18331933538634515 374
1738677961616 0.0005075450030267293 375
1738677961684 0.01867893206151193 376
1738677961750 0.043413532831806226 377
1738677961822 0.3351782433562159 378
1738677961897 0.03906533732307366 379
1738677961964 0.01014164179153789 380
1738677962080 0.08336746514967164 381
1738677962162 0.06532406819643351 382
1738677962223 0.3575544348492518 383
1738677962295 0.006035064808866263 384
1738677962369 0.2542026819897407 385
1738677962429 0.08177521296394856 386
1738677962482 0.12272914730058951 387
1738677962548 0.45525822064790206 388
1738677962597 0.012487938172534381 389
1738677962662 1.7236973439212486e-05 390
1738677962731 0.0038314336423815377 391
1738677962796 0.013105223479703085 392
1738677962872 0.0039021960971289543 393
1738677962931 0.030703693818053514 394
1738677962993 0.002301396618509936 395
1738677963056 0.000665593198661527 396
1738677963122 0.00011259914945482975 397
1738677963216 0.03350119907496392 398
1738677963277 0.05456157952911453 399
1738677963337 0.08748235885523653 400
1738677963399 0.04013898606330072 401
1738677963464 0.007381970012516832 402
1738677963519 0.005739757255298584 403
1738677963616 0.025497834594230523 404
1738677963676 0.01350728436028287 405
1738677963748 0.0040702570679100915 406
1738677963804 0.07172610488886623 407
1738677963869 1.6555963819314225e-05 408
1738677963932 0.10319410715658084 409
1738677963994 0.01882853232306024 410
1738677964059 0.05072703534950279 411
1738677964116 0.04813976368827845 412
1738677964196 0.04074785907604637 413
1738677964253 0.007644306893741005 414
1738677964311 0.2649352720467582 415
1738677964369 0.12186547744207452 416
1738677964429 0.0007186469239301787 417
1738677964493 0.026889876506860026 418
1738677964551 0.009269815023029756 419
1738677964619 0.012311635758996896 420
1738677964682 0.0013355895669663275 421
1738677964740 0.21470187092467388 422
1738677964803 0.12462423006203689 423
1738677964857 0.4616832811377359 424
1738677964928 0.001665160060778757 425
1738677965004 0.1179386905026823 426
1738677965070 2.3345868543876324e-05 427
1738677965131 0.3704916189635713 428
1738677965200 0.19618239804836737 429
1738677965255 0.00067015706467826 430
1738677965342 0.0005439160389886561 431
1738677965419 0.0001745368609813551 432
1738677965486 0.16000514593912238 433
1738677965538 0.15303130027890924 434
1738677965592 0.12357214967420235 435
1738677965654 0.014433707757281247 436
1738677965709 0.005043008107970974 437
1738677965780 0.1812962828819816 438
1738677965842 0.0050824025864649345 439
1738677965898 0.06946959687951998 440
1738677965959 0.13469989667608012 441
1738677966031 0.004833648725394582 442
1738677966099 0.025541265245268376 443
1738677966166 2.9509230130201237e-05 444
1738677966328 0.01870131437215273 445
1738677966523 0.14257343264268924 446
1738677966763 0.009162431146915182 447
1738677966899 0.007781002818168193 448
1738677967014 0.2827849538852089 449
1738677967228 0.00735873744474123 450
1738677967334 0.006351055075666736 451
1738677967397 0.07341844041216393 452
1738677967452 0.010756330323550821 453
1738677967529 0.014493527607054768 454
1738677967592 0.39143869170089596 455
1738677967659 0.20232289623045854 456
1738677967871 0.09787490875468871 457
1738677967935 0.07738236330171923 458
1738677968003 0.04610062451284777 459
1738677968063 0.01955314659274145 460
1738677968127 0.002689664640694883 461
1738677968202 0.025998318041115263 462
1738677968268 0.009729586147696385 463
1738677968357 0.0005754737930807301 464
1738677968419 0.000981783883601489 465
1738677968490 0.00815759798517547 466
1738677968547 0.0002842721583737501 467
1738677968608 0.04922222767877957 468
1738677968672 0.09492738650947252 469
1738677968734 0.12010055545852005 470
1738677968802 0.131489874356235 471
1738677968872 0.0015169813867382954 472
1738677968943 0.036461188491708214 473
1738677969016 0.012176677659108508 474
1738677969083 0.21129274228912157 475
1738677969152 0.005020705984903841 476
1738677969232 0.02123230903557118 477
1738677969294 0.08248534860652816 478
1738677969346 0.019743379764466416 479
1738677969404 0.031773401606407875 480
1738677969477 0.0017831372782319617 481
1738677969539 0.08010959044695914 482
1738677969598 0.04469153173340945 483
1738677969658 0.00016605665061369666 484
1738677969718 0.03733322875052492 485
1738677969778 0.033658719502632425 486
1738677969839 0.06601745896910317 487
1738677969898 0.001977231993997032 488
1738677969953 0.14870118543589703 489
1738677970030 0.10458569776208965 490
1738677970111 0.012544733089460854 491
1738677970185 0.04427772394149106 492
1738677970262 0.0016175526797325434 493
1738677970321 0.7653704529324624 494
1738677970418 0.16982904406573213 495
1738677970483 0.012474123172402804 496
1738677970542 0.08105442887836943 497
1738677970596 0.00016065150590966726 498
1738677970658 0.004402995273394455 499
