1738824014938 173.11567983583652 0
1738824014944 168.6836251974077 1
1738824014951 167.08164219392947 2
1738824014957 172.76789819260082 3
1738824014963 167.46242152017257 4
1738824014968 171.23018609442707 5
1738824014974 164.88506598882645 6
1738824014980 168.4786188408302 7
1738824014986 170.14872132406208 8
1738824014992 171.16425846622548 9
1738824014997 166.9276496377183 10
1738824015003 167.5330276930072 11
1738824015008 169.88803993350885 12
1738824015014 170.8843159314012 13
1738824015019 168.39370510224293 14
1738824015025 167.49808876310038 15
1738824015032 171.80617719218066 16
1738824015038 167.5803901959657 17
1738824015044 165.8306880604153 18
1738824015051 168.1448811096314 19
1738824015057 170.19399164056446 20
1738824015063 169.9041423162228 21
1738824015069 163.34012585048632 22
1738824015075 168.7071505152433 23
1738824015081 164.81840314879585 24
1738824015087 163.82363840925547 25
1738824015093 167.78871274417037 26
1738824015099 169.09714917523704 27
1738824015104 171.1220834101492 28
1738824015111 167.29195387825598 29
1738824015118 168.03619603246182 30
1738824015124 170.13578688926782 31
1738824015130 172.406693043493 32
1738824015136 169.12003852205444 33
1738824015142 173.04272979466566 34
1738824015148 168.2918969242508 35
1738824015155 167.41092013806286 36
