1738825016447 155.12474782907103 0
1738825016489 176.2156042544708 1
1738825016530 163.57009378431474 2
1738825016570 151.70059754523194 3
1738825016611 174.24434641834029 4
1738825016654 160.49491566395733 5
1738825016696 210.24200582841564 6
1738825016737 172.27827525392192 7
1738825016778 151.13912291327887 8
1738825016822 177.06276426931348 9
1738825016863 151.17097008777367 10
1738825016904 156.12117362824262 11
1738825016946 168.90100294061486 12
1738825016986 166.20587871478534 13
1738825017027 175.06186248664045 14
1738825017067 157.44159143685178 15
1738825017107 165.52706247331412 16
1738825017149 181.28745293915446 17
1738825017189 187.99154367790894 18
1738825017230 177.95505431199348 19
1738825017270 159.54938159244287 20
1738825017310 165.31880715351386 21
1738825017351 192.6571828447387 22
1738825017392 156.63571614417947 23
1738825017432 178.65414613299504 24
1738825017473 178.25095939688322 25
1738825017514 160.73796743499008 26
1738825017556 179.36821582727296 27
1738825017598 176.37012464879012 28
1738825017638 163.76375662018165 29
1738825017679 168.81190118442484 30
1738825017720 152.69775370110324 31
1738825017760 170.70658050543864 32
1738825017801 157.78692665688263 33
1738825017842 179.93674543436293 34
1738825017883 169.1611043949181 35
1738825017924 163.7306015174745 36
1738825017964 149.63576723751586 37
1738825018006 183.0666746637833 38
1738825018047 164.83228466347705 39
1738825018087 171.98776214110413 40
1738825018127 154.55041943523915 41
1738825018168 163.47520816222203 42
1738825018208 151.1725535831845 43
1738825018250 144.93932607314304 44
1738825018292 177.66483547693315 45
1738825018333 209.9737672940859 46
1738825018373 166.35524555716034 47
1738825018413 174.52654345862263 48
1738825018454 152.02899800802868 49
1738825018495 179.37495984412615 50
1738825018535 170.48403959312475 51
1738825018575 192.30598833332954 52
1738825018616 173.87891743368056 53
1738825018656 176.90129468750328 54
1738825018697 170.84904627768094 55
1738825018737 170.85270606762256 56
1738825018778 170.78698503393295 57
1738825018819 182.3958659489836 58
1738825018860 160.12117885868344 59
1738825018900 186.9081409169114 60
1738825018940 162.01969063466177 61
1738825018981 166.55619625486747 62
1738825019023 176.4628207190507 63
1738825019063 161.06437307418145 64
1738825019104 177.60323914147287 65
1738825019145 163.76007688530214 66
1738825019188 169.58272356893795 67
1738825019232 168.64905162778297 68
1738825019275 169.07152483207264 69
1738825019316 159.03810997536107 70
1738825019357 174.59829849796415 71
1738825019398 147.06354943534234 72
1738825019440 160.35537079777558 73
1738825019480 183.11125557416366 74
1738825019521 170.68128185986305 75
1738825019561 177.07689641037817 76
1738825019602 170.75046791234556 77
1738825019642 155.8699754578566 78
1738825019682 185.55131063036487 79
1738825019723 154.23352751639675 80
1738825019764 173.88259995574123 81
1738825019804 150.74401576860697 82
1738825019845 163.62578569487314 83
1738825019885 180.05469192398772 84
1738825019926 173.51118695888113 85
1738825019967 186.07347970023525 86
1738825020008 172.85809329662877 87
1738825020048 157.347710682946 88
1738825020089 180.13892772515692 89
1738825020129 215.0913137616726 90
1738825020170 188.2184495604646 91
1738825020211 184.43916099539507 92
1738825020253 155.70735869782493 93
1738825020294 163.79195944395434 94
1738825020335 168.9705678528343 95
1738825020376 173.83745763283832 96
1738825020416 170.63768045193692 97
1738825020457 164.99583564111106 98
1738825020497 169.1303573155633 99
1738825020537 177.29352461064045 100
1738825020578 171.16658193840786 101
1738825020618 184.26398764219886 102
1738825020658 163.7456294718173 103
1738825020699 166.0248225634963 104
1738825020742 166.44655004024827 105
1738825020784 197.6558014582374 106
1738825020826 177.38350655290353 107
1738825020867 165.2338827427287 108
1738825020907 169.13988010412203 109
1738825020948 165.9992212906558 110
1738825020988 178.0872817892353 111
1738825021029 173.4336872056616 112
1738825021069 166.3808973222891 113
1738825021109 175.48921214354786 114
1738825021150 168.64208481931408 115
1738825021190 168.22908543862732 116
1738825021231 156.13678345736088 117
1738825021272 220.63387599786003 118
1738825021312 161.18520382975527 119
1738825021354 153.3871345467794 120
1738825021396 183.7626262827756 121
1738825021438 185.1301493662182 122
1738825021479 180.593496367658 123
1738825021520 178.2313788114407 124
1738825021560 160.25837900010904 125
1738825021600 153.32973843048015 126
1738825021642 154.96865083415756 127
1738825021683 190.3462796821817 128
1738825021723 143.06978655945443 129
1738825021764 161.35877175120743 130
1738825021804 150.71155345210488 131
1738825021845 169.0224734800645 132
1738825021886 172.46931070890562 133
1738825021926 223.21358087923403 134
1738825021967 191.16253504198647 135
1738825022008 155.30007313083917 136
1738825022048 163.4945311814439 137
1738825022089 168.56601475126635 138
1738825022130 190.12162620081367 139
1738825022171 155.73476638622523 140
1738825022211 163.58421877442564 141
1738825022251 194.24185104562423 142
1738825022292 192.17944884991132 143
1738825022332 177.8627332257485 144
1738825022373 172.8279490038962 145
1738825022413 170.80059878340185 146
1738825022454 147.62591928452963 147
1738825022494 172.875545875965 148
1738825022535 165.40661394835553 149
1738825022575 168.11276053582856 150
1738825022615 159.1147428147333 151
1738825022655 156.75768617446454 152
1738825022696 166.54998778539928 153
1738825022737 173.6367508227315 154
1738825022778 174.43950564280806 155
1738825022818 169.24106726318604 156
1738825022859 163.3635404424784 157
1738825022899 162.16830455358408 158
1738825022940 233.60141947121284 159
1738825022980 166.30770534063845 160
1738825023020 162.28774150417493 161
1738825023061 186.6739404136847 162
1738825023101 197.50420192888427 163
1738825023142 186.04097392480384 164
1738825023182 166.91008560999154 165
1738825023222 176.87385440254323 166
1738825023263 219.52779406631151 167
1738825023304 264.4253735663809 168
1738825023345 183.93793389819314 169
1738825023385 167.0431997077541 170
1738825023426 163.11688628192553 171
1738825023466 154.41977412244682 172
1738825023507 145.68280071745713 173
1738825023547 181.33572973364014 174
1738825023588 181.84566448623247 175
1738825023629 173.22102219469372 176
1738825023670 188.9408407361858 177
1738825023710 176.452245236589 178
1738825023751 151.27645411809578 179
1738825023791 158.59647767254438 180
1738825023832 156.3807008462798 181
1738825023873 182.87740855126177 182
1738825023913 171.85149782076002 183
1738825023953 175.30934958915762 184
1738825023994 168.39449254548364 185
1738825024035 162.72372366415638 186
1738825024076 160.84508553555895 187
1738825024116 138.64332981962866 188
1738825024157 174.59766758885598 189
1738825024197 168.01879875003183 190
1738825024237 156.01989860943544 191
1738825024278 152.74874538065126 192
1738825024318 184.37818830533277 193
1738825024359 171.2565627357326 194
1738825024400 137.6852760652253 195
1738825024441 158.65986982925332 196
1738825024482 187.36519153838597 197
1738825024522 176.88249275227167 198
1738825024563 168.3742918480718 199
1738825024604 231.98189203842497 200
1738825024644 163.37604828976714 201
1738825024685 186.2984973556505 202
1738825024725 152.16720527240236 203
1738825024765 170.8938041771785 204
1738825024806 185.5450548726626 205
1738825024847 168.33968635763267 206
1738825024887 203.60368189887046 207
1738825024929 177.57314921213114 208
1738825024969 164.10279497484512 209
1738825025010 157.46779939305904 210
1738825025050 172.0701815950143 211
1738825025091 155.22222617295307 212
1738825025131 176.9284358169978 213
1738825025171 178.25334453872188 214
1738825025212 175.63368794218962 215
1738825025252 173.74335359722477 216
1738825025292 171.96559198198955 217
1738825025333 215.9981404892118 218
1738825025373 169.95016255312743 219
1738825025414 164.10974000557144 220
1738825025454 163.2054854268589 221
1738825025495 167.88400816496224 222
1738825025535 201.81054945178911 223
1738825025576 140.38884926923728 224
1738825025616 168.91586833600655 225
1738825025657 191.048760327489 226
1738825025698 150.71688944496591 227
1738825025738 173.90307182556924 228
1738825025779 186.17957456782756 229
1738825025819 161.8182596156561 230
1738825025859 151.42167066895365 231
1738825025900 159.53510529344257 232
1738825025940 166.1008866841485 233
1738825025981 180.22199850633234 234
1738825026022 165.9322373533193 235
1738825026062 192.6975411286271 236
1738825026102 175.7421812309248 237
1738825026143 168.4766777218678 238
1738825026184 164.4774871617569 239
1738825026224 176.729303769378 240
1738825026265 183.40624862038018 241
1738825026305 169.1502572601508 242
1738825026347 167.70861330325408 243
1738825026387 169.88121524963876 244
1738825026427 246.65957789300637 245
1738825026468 169.984648210098 246
1738825026508 169.48372447467062 247
1738825026548 173.81487741662053 248
1738825026589 165.30279477328767 249
1738825026629 170.60979481252332 250
1738825026670 161.29347671435815 251
1738825026710 170.76795727123516 252
1738825026751 211.59364565628437 253
1738825026791 168.63940386156008 254
1738825026832 158.17118011657593 255
1738825026872 201.63742417096455 256
1738825026913 114.4187588008407 257
1738825026953 160.64954636734893 258
1738825026993 148.27770875595897 259
1738825027033 155.48395799267544 260
1738825027074 136.71400067532431 261
1738825027114 174.50182289442316 262
1738825027155 176.2306712046336 263
1738825027195 163.03144862604813 264
1738825027236 178.2071744929942 265
1738825027276 181.56796378251207 266
1738825027317 171.46071147716287 267
1738825027358 172.9192491361093 268
1738825027399 196.77890456304038 269
1738825027439 158.77367785669045 270
1738825027480 180.0302604300293 271
1738825027521 181.25900809792282 272
1738825027561 145.15217530985313 273
1738825027602 178.75585401027462 274
1738825027642 175.76758513561578 275
1738825027682 156.3569331313595 276
1738825027723 161.44584023223788 277
1738825027763 167.84493633904046 278
1738825027804 153.3211321568638 279
1738825027845 161.98558421664453 280
1738825027886 153.22204592309353 281
1738825027927 179.52402554766888 282
1738825027967 184.49264949049987 283
1738825028007 174.68898294341727 284
1738825028048 164.26643409155733 285
1738825028089 157.64936008269947 286
1738825028129 150.158308737056 287
1738825028169 186.86001558967894 288
1738825028210 176.5540614250199 289
1738825028250 153.7576400236536 290
1738825028291 204.458732087735 291
1738825028332 168.00237472378433 292
1738825028373 166.11608322879738 293
1738825028413 158.3313328124357 294
1738825028454 175.52999789596657 295
1738825028495 192.38467794938285 296
1738825028535 166.82782218039597 297
1738825028576 157.49249741440653 298
1738825028616 173.8999909774927 299
1738825028657 138.31409706681555 300
1738825028697 157.57521937122314 301
1738825028737 164.50120179760145 302
1738825028778 144.88066630579848 303
1738825028818 165.2474706829621 304
1738825028859 175.4333525225337 305
1738825028899 187.17422961076366 306
1738825028940 183.07322981547412 307
1738825028981 151.81382783243907 308
1738825029021 162.01527080586249 309
1738825029061 155.11143794891655 310
1738825029101 151.44687553137626 311
1738825029142 144.9014071433505 312
1738825029182 161.60932559266723 313
1738825029222 154.278093882669 314
1738825029263 172.91817587648228 315
1738825029304 159.04020980052584 316
1738825029345 223.20951987153882 317
1738825029386 163.74260224908625 318
1738825029426 172.01895036475824 319
1738825029466 145.1499833042004 320
1738825029506 153.02864440634562 321
1738825029547 164.49362981744852 322
1738825029587 167.12843268635163 323
1738825029628 170.8989905688231 324
1738825029668 187.2078380038523 325
1738825029709 146.47971496275397 326
1738825029749 168.38441681445926 327
1738825029790 164.7807214557145 328
1738825029830 178.43377668042146 329
1738825029871 170.602783525452 330
1738825029912 171.75081634237733 331
1738825029953 181.30888339476948 332
1738825029994 170.02679930213287 333
1738825030035 183.7175305826225 334
1738825030075 154.03877584307344 335
1738825030115 162.43701639705088 336
1738825030155 173.46102123088653 337
1738825030196 172.90303347262525 338
1738825030236 164.35933417746253 339
1738825030276 176.27834080996092 340
1738825030318 150.96356643753415 341
1738825030358 168.45280589867565 342
1738825030399 156.69187817255917 343
1738825030440 176.29703946973194 344
1738825030480 171.32577182949427 345
1738825030520 147.05946920850997 346
1738825030561 183.90669780283525 347
1738825030602 153.25384477697037 348
1738825030642 192.24005177525913 349
1738825030683 155.77916993555226 350
1738825030723 170.8574151657558 351
1738825030764 154.7894606714348 352
1738825030804 173.0318255867954 353
1738825030845 172.1205382386617 354
1738825030886 172.42118376463597 355
1738825030926 176.1095859512204 356
1738825030967 171.9479730741358 357
1738825031007 160.27441256887167 358
1738825031047 154.68564708003822 359
1738825031088 138.71343234464865 360
1738825031128 123.68628269071284 361
1738825031169 166.57979035761437 362
1738825031209 178.91464112643752 363
1738825031249 189.2890360577133 364
1738825031291 170.17820738348047 365
1738825031332 167.8169078686348 366
1738825031372 212.28108021129344 367
1738825031413 186.92261138239823 368
1738825031453 164.24220856229687 369
1738825031494 154.69858604241222 370
1738825031534 173.1157668817005 371
1738825031574 167.53395193844437 372
1738825031615 149.49642249337796 373
1738825031655 168.43737834747895 374
1738825031695 161.00061644879216 375
1738825031738 170.4013302368892 376
1738825031778 175.99599300126314 377
1738825031819 165.401113257598 378
1738825031859 167.7007591472765 379
1738825031900 199.05958687736822 380
1738825031940 206.14698131689707 381
1738825031981 174.0225763705014 382
1738825032021 152.70110817316757 383
1738825032062 178.76620589422228 384
1738825032103 171.22404308095201 385
1738825032143 167.86263429415922 386
1738825032184 166.26021755712014 387
1738825032224 160.95406376788506 388
1738825032265 164.0497582684129 389
1738825032306 183.09295449390575 390
1738825032346 162.28509330807205 391
1738825032387 165.7633350876073 392
1738825032427 172.51075556600108 393
1738825032468 164.520609734351 394
1738825032508 143.9007499412121 395
1738825032549 165.99292901358677 396
1738825032589 172.66879576286482 397
1738825032629 180.57643977745187 398
1738825032670 171.40093178876313 399
1738825032710 180.44006382941274 400
1738825032751 195.56682473097842 401
1738825032793 166.63658640639235 402
1738825032833 161.27672465134108 403
1738825032874 143.00437140703298 404
1738825032914 185.52345504393156 405
1738825032954 167.362686083006 406
1738825032995 182.38659390185637 407
1738825033035 173.71680512149155 408
1738825033075 176.5606298826143 409
1738825033115 176.39359278669784 410
1738825033156 188.86968212569215 411
1738825033196 152.90488228227045 412
1738825033236 172.28601853464167 413
1738825033277 175.5769433877269 414
1738825033317 178.24692245896662 415
1738825033358 146.659424783942 416
1738825033400 158.58430174322834 417
1738825033440 143.0881551515385 418
1738825033480 180.17710618051586 419
1738825033520 165.5927230088782 420
1738825033560 180.62163509653004 421
1738825033601 165.30698584189057 422
1738825033641 179.18493936637316 423
1738825033681 169.21593791466313 424
1738825033722 169.38048982251647 425
1738825033762 161.15430967630073 426
1738825033803 154.86164843054908 427
1738825033844 158.21936756451157 428
1738825033885 167.3397638287581 429
1738825033925 165.11462446500326 430
1738825033966 182.27903137143937 431
1738825034006 191.62194418767072 432
1738825034047 157.00010482447308 433
1738825034087 160.60502127635723 434
1738825034127 168.77820342717857 435
1738825034168 171.93356491135805 436
1738825034210 202.4277871681589 437
1738825034251 184.05207788910766 438
1738825034292 170.41891111261597 439
1738825034334 165.41662825023852 440
1738825034378 176.20396766716425 441
1738825034422 172.88760341322137 442
1738825034464 198.96193580996288 443
1738825034505 176.6914231974372 444
1738825034546 182.99193826910113 445
1738825034587 166.3878805187668 446
1738825034628 178.30647845098065 447
1738825034668 149.40270391532542 448
1738825034708 171.8872726851509 449
1738825034749 183.01957778614107 450
1738825034789 162.9422024582619 451
1738825034829 147.83091732800267 452
1738825034869 168.47498363093138 453
1738825034910 176.4657397309198 454
1738825034951 181.911884770388 455
1738825034991 159.99507209049128 456
1738825035031 155.20272966196885 457
1738825035071 165.75974207213218 458
1738825035111 151.52045412402202 459
1738825035152 182.05672942535685 460
1738825035193 159.0716688449142 461
1738825035234 171.10629765753524 462
1738825035274 146.726022167543 463
1738825035315 178.5602455402514 464
1738825035356 185.86370484808853 465
1738825035396 167.48935026070066 466
1738825035437 164.466503078843 467
1738825035478 168.67245424715222 468
1738825035518 180.31217134442795 469
1738825035559 187.53052821335228 470
1738825035599 172.34027512791033 471
1738825035640 161.5915964261735 472
1738825035680 160.45077047636158 473
1738825035721 155.62555992313136 474
1738825035761 169.83334941411638 475
1738825035802 166.7645233889952 476
1738825035842 234.99407782194805 477
1738825035882 170.26723586544867 478
1738825035923 172.26240519182477 479
1738825035963 171.4042338183035 480
1738825036003 179.54849400202832 481
1738825036043 169.75674139997045 482
1738825036084 178.6056886309548 483
1738825036124 143.97146594828473 484
1738825036164 166.3696807094141 485
1738825036205 172.50611156377528 486
1738825036246 162.93331119371277 487
1738825036287 169.32816337371423 488
1738825036329 192.63900926854066 489
1738825036369 163.3990995956831 490
1738825036409 162.04983141489205 491
1738825036450 172.27307203596308 492
1738825036489 174.2060281487878 493
1738825036530 181.30576097822845 494
1738825036570 178.0813280142063 495
1738825036610 165.76863407681563 496
1738825036651 164.3219682303667 497
1738825036691 177.21498294314642 498
1738825036731 181.49433444690905 499
