1738825725810 169.31213782154168 0
1738825725828 169.29170084356673 1
1738825725861 169.2740205742168 2
1738825725883 169.25703693783163 3
1738825725904 169.24072127486855 4
1738825725942 169.22504613177506 5
1738825725968 169.20998520965128 6
1738825725987 169.19551331511036 7
1738825725999 169.18160631324295 8
1738825726015 169.16824108259496 9
1738825726032 169.15539547207246 10
1738825726046 169.14304825969077 11
1738825726061 169.13117911308885 12
1738825726080 169.1197685517326 13
1738825726114 169.10879791073538 14
1738825726150 169.09824930622588 15
1738825726208 169.08810560219655 16
1738825726243 169.07835037877004 17
1738825726275 169.06896790182174 18
1738825726309 169.0599430939012 19
1738825726342 169.05126150639578 20
1738825726393 169.04290929288376 21
1738825726427 169.03487318362605 22
1738825726452 169.02714046114718 23
1738825726536 169.01969893685896 24
1738825726585 169.01253692868258 25
1738825726631 169.00564323962547 26
1738825726681 168.99900713727314 27
1738825726704 168.9926183341551 28
1738825726747 168.98646696894957 29
1738825726765 168.98054358848884 30
1738825726797 168.97483913053256 31
1738825726828 168.96934490727514 32
1738825726852 168.96405258955645 33
1738825726869 168.95895419174497 34
1738825726889 168.95404205726513 35
1738825726908 168.9493088447413 36
1738825726925 168.94474751473126 37
1738825726941 168.94035131702515 38
1738825726955 168.93611377848444 39
1738825727026 168.93202869139836 40
1738825727051 168.92809010233603 41
1738825727087 168.92429230147226 42
1738825727103 168.92062981236728 43
1738825727118 168.9170973821809 44
1738825727138 168.91368997230254 45
1738825727154 168.9104027493788 46
1738825727171 168.90723107672272 47
1738825727183 168.90417050608718 48
1738825727200 168.90121676978765 49
1738825727216 168.89836577315896 50
1738825727234 168.8956135873321 51
1738825727251 168.8929564423172 52
1738825727264 168.89039072037974 53
1738825727276 168.8879129496969 54
