1738826077957 167.9076943001145 0
1738826077965 166.64103345747927 1
1738826077973 171.97001227869484 2
1738826077985 165.55770155796273 3
1738826077992 167.45790807613622 4
1738826077999 170.72559823884652 5
1738826078007 167.7828088923243 6
1738826078015 172.63573112035078 7
1738826078022 170.60934063885892 8
1738826078029 166.09253792239193 9
1738826078036 166.39241851751783 10
1738826078043 170.22809968402188 11
1738826078051 169.30374782981292 12
1738826078059 168.0515986682173 13
1738826078066 168.71599154686876 14
