1738679791125 142.58994199375053 0
1738679791162 189.3764225150793 1
1738679791199 176.77395550159602 2
1738679791235 175.3550886936344 3
1738679791274 170.85355466804896 4
1738679791312 154.64667358301494 5
1738679791351 168.601064440915 6
1738679791388 164.84762816495171 7
1738679791426 185.34490412247018 8
1738679791462 170.98572917677444 9
1738679791499 172.37320661432778 10
1738679791536 168.32642380482295 11
1738679791573 180.39806965314375 12
1738679791610 170.60710192262326 13
1738679791647 178.34886491546249 14
1738679791683 178.34732867453806 15
1738679791718 172.01710434544793 16
1738679791754 177.16780534878097 17
1738679791789 159.96647708475277 18
1738679791827 164.2865174216966 19
1738679791864 173.3742103788872 20
1738679791899 177.06799941172292 21
1738679791935 162.88425970501407 22
1738679791970 168.39411951165886 23
1738679792007 163.15084079162693 24
1738679792043 147.97035234152685 25
1738679792079 168.08376825498294 26
1738679792115 176.54405667711222 27
1738679792151 162.80705892412598 28
1738679792187 170.11195435611015 29
1738679792222 177.93183489250444 30
1738679792258 167.60613559640225 31
1738679792294 179.20012331750146 32
1738679792330 162.23866494146588 33
1738679792365 168.23377798330628 34
1738679792401 154.75736166236604 35
1738679792439 175.38625401238772 36
1738679792475 174.56990669003918 37
1738679792512 166.9203138690925 38
1738679792548 171.19150073282623 39
1738679792584 173.9403334065823 40
1738679792620 163.61781796260448 41
1738679792655 169.51254800402265 42
1738679792691 156.19696868956825 43
1738679792727 166.178678266604 44
1738679792763 160.9416972440087 45
1738679792798 156.46523100993392 46
1738679792834 154.60757916012764 47
1738679792869 160.91975153886204 48
1738679792904 157.51734321005787 49
1738679792940 163.57211424541836 50
1738679792975 171.69795868224702 51
1738679793012 168.86767683177078 52
1738679793048 169.83299298718316 53
1738679793083 181.42769743538932 54
1738679793119 176.42414263015982 55
1738679793155 170.30653095993122 56
1738679793190 166.53452982290602 57
1738679793226 166.8342311387222 58
1738679793261 227.26000728225148 59
1738679793298 162.34830689712322 60
1738679793334 170.63082263519377 61
1738679793370 172.14850590068735 62
1738679793406 161.40960282558783 63
1738679793441 164.25825573001072 64
1738679793477 170.53467416291542 65
