1738677589135 170.93429703808556 0
1738677589152 168.93252554124766 1
1738677589172 167.00413780693736 2
1738677589187 165.1461453083608 3
1738677589204 163.35568346451728 4
1738677589217 161.63000647951915 5
1738677589232 159.96648239697976 6
1738677589250 158.36258836050632 7
1738677589266 156.81590607170463 8
1738677589280 155.32411743746354 9
1738677589294 153.88500039863007 10
1738677589308 152.49642493251253 11
1738677589328 151.15634922196773 12
1738677589345 149.862815984127 13
1738677589362 148.6139489521083 14
1738677589378 147.40794950333608 15
1738677589391 146.24309342835926 16
1738677589406 145.11772783430982 17
1738677589419 144.0302681773906 18
1738677589432 142.97919541901422 19
1738677589444 141.96305330043816 20
1738677589456 140.9804457309579 21
1738677589469 140.0300342849242 22
1738677589483 139.11053580304872 23
1738677589499 138.22072009365115 24
1738677589511 137.35940772968198 25
1738677589525 136.52546793752924 26
1738677589547 135.71781657378304 27
1738677589569 134.93541418629218 28
1738677589581 134.1772641559995 29
1738677589593 133.44241091618855 30
1738677589605 132.729938245916 31
1738677589618 132.0389676345367 32
1738677589629 131.3686567143591 33
1738677589641 130.7181977585908 34
1738677589654 130.08681624185343 35
1738677589667 129.47376946065876 36
1738677589687 128.87834521134693 37
1738677589700 128.2998605230922 38
1738677589713 127.7376604436806 39
1738677589725 127.19111687586023 40
1738677589737 126.6596274621569 41
1738677589749 126.14261451613454 42
1738677589760 125.63952399816493 43
1738677589772 125.1498245338521 44
1738677589785 124.67300647333317 45
1738677589797 124.20858098975235 46
1738677589809 123.7560792152754 47
1738677589822 123.3150514130804 48
1738677589834 122.88506618382482 49
1738677589847 122.46570970515276 50
1738677589859 122.05658500286515 51
1738677589870 121.65731125243323 52
1738677589882 121.26752310959144 53
1738677589895 120.8868700687968 54
1738677589908 120.51501584839473 55
1738677589921 120.15163780137739 56
1738677589933 119.7964263506689 57
1738677589947 119.4490844479145 58
1738677589959 119.10932705479509 59
1738677589972 118.77688064592783 60
1738677589987 118.45148273245367 61
1738677589998 118.13288140544992 62
1738677590011 117.82083489834123 63
1738677590025 117.51511116751806 64
1738677590038 117.21548749040336 65
1738677590050 116.92175008024104 66
1738677590063 116.63369371690881 67
1738677590076 116.35112139308849 68
1738677590087 116.07384397515324 69
1738677590157 115.80167987815904 70
1738677590172 115.53445475435258 71
1738677590185 115.27200119463237 72
1738677590199 115.01415844242355 73
1738677590212 114.76077211944926 74
1738677590230 114.51169396290278 75
1738677590252 114.26678157354573 76
1738677590268 114.02589817427686 77
1738677590283 113.78891237873566 78
1738677590299 113.55569796952238 79
1738677590319 113.32613368563422 80
1738677590333 113.10010301873344 81
1738677590354 112.87749401787987 82
1738677590372 112.65819910237512 83
1738677590384 112.44211488238042 84
1738677590399 112.22914198698473 85
1738677590412 112.01918489941244 86
1738677590428 111.81215179907366 87
1738677590440 111.60795441017167 88
1738677590452 111.40650785659513 89
1738677590465 111.20773052283252 90
1738677590480 111.01154392065882 91
1738677590494 110.81787256135348 92
1738677590510 110.62664383321967 93
1738677590529 110.43778788418402 94
1738677590563 110.25123750926521 95
1738677590577 110.0669280427089 96
1738677590591 109.88479725459443 97
1738677590606 109.70478525172767 98
1738677590619 109.52683438264076 99
1738677590633 109.35088914652854 100
1738677590656 109.1768961059576 101
1738677590670 109.00480380319058 102
1738677590684 108.8345626799757 103
1738677590697 108.66612500065705 104
1738677590710 108.49944477846752 105
1738677590724 108.33447770487189 106
1738677590736 108.17118108183315 107
1738677590748 108.00951375688061 108
1738677590760 107.8494360608628 109
1738677590772 107.6909097482739 110
1738677590783 107.53389794004642 111
1738677590796 107.37836506870755 112
1738677590808 107.22427682580087 113
1738677590822 107.07160011147926 114
1738677590835 106.92030298617867 115
1738677590848 106.77035462428609 116
1738677590863 106.62172526971894 117
1738677590877 106.47438619333664 118
1738677590891 106.32830965210735 119
1738677590906 106.1834688499581 120
1738677590920 106.03983790023722 121
1738677590934 105.89739178972289 122
1738677590949 105.75610634411282 123
1738677590963 105.61595819493438 124
1738677590977 105.47692474781518 125
1738677590991 105.33898415205836 126
1738677591004 105.202115271468 127
1738677591018 105.0662976563728 128
1738677591035 104.9315115167982 129
1738677591049 104.79773769673938 130
1738677591063 104.66495764948942 131
1738677591077 104.5331534139786 132
1738677591092 104.40230759208306 133
1738677591105 104.27240332686257 134
1738677591121 104.14342428168878 135
1738677591135 104.01535462022694 136
1738677591147 103.88817898723596 137
1738677591160 103.76188249015246 138
1738677591172 103.63645068142661 139
1738677591193 103.51186954157845 140
1738677591205 103.3881254629449 141
1738677591220 103.26520523408847 142
1738677591233 103.14309602484101 143
1738677591249 103.02178537195527 144
1738677591263 102.90126116533982 145
1738677591277 102.78151163485258 146
1738677591292 102.66252533763044 147
1738677591312 102.54429114593222 148
1738677591330 102.42679823547394 149
1738677591345 102.31003607423612 150
1738677591358 102.19399441172347 151
1738677591373 102.0786632686581 152
1738677591388 101.9640329270888 153
1738677591405 101.85009392089846 154
1738677591423 101.73683702669395 155
1738677591435 101.62425325506211 156
1738677591453 101.51233384217689 157
1738677591466 101.4010702417431 158
1738677591478 101.29045411726317 159
1738677591490 101.18047733461295 160
1738677591503 101.07113195491449 161
1738677591517 100.9624102276931 162
1738677591532 100.85430458430706 163
1738677591547 100.74680763163896 164
1738677591559 100.63991214603747 165
1738677591572 100.53361106749978 166
1738677591585 100.42789749408409 167
1738677591597 100.32276467654341 168
1738677591609 100.21820601317116 169
1738677591621 100.11421504484977 170
1738677591634 100.01078545029429 171
1738677591648 99.9079110414827 172
1738677591663 99.80558575926538 173
1738677591677 99.70380366914642 174
1738677591690 99.60255895722948 175
1738677591702 99.5018459263219 176
1738677591715 99.4016589921901 177
1738677591737 99.30199267996026 178
1738677591778 99.20284162065866 179
1738677591807 99.10420054788516 180
1738677591826 99.0060642946153 181
1738677591841 98.90842779012517 182
1738677591855 98.81128605703424 183
1738677591870 98.71463420846108 184
1738677591883 98.618467445288 185
1738677591905 98.52278105352937 186
1738677591926 98.42757040180004 187
1738677591941 98.33283093887925 188
1738677591955 98.23855819136685 189
1738677591970 98.14474776142708 190
1738677591982 98.05139532461753 191
1738677591995 97.95849662779871 192
1738677592007 97.8660474871218 193
1738677592019 97.774043786091 194
1738677592032 97.6824814736975 195
1738677592045 97.59135656262215 196
1738677592058 97.50066512750449 197
1738677592072 97.41040330327465 198
1738677592085 97.32056728354627 199
1738677592098 97.23115331906784 200
1738677592111 97.14215771622978 201
1738677592130 97.05357683562546 202
1738677592143 96.96540709066386 203
1738677592153 96.87764494623143 204
1738677592161 96.7902869174018 205
1738677592168 96.70332956819111 206
1738677592181 96.61676951035689 207
1738677592193 96.53060340223936 208
1738677592205 96.44482794764288 209
1738677592218 96.3594398947562 210
1738677592231 96.27443603511024 211
1738677592245 96.18981320257123 212
1738677592259 96.10556827236854 213
1738677592272 96.02169816015534 214
1738677592286 95.93819982110104 215
1738677592299 95.85507024901418 216
1738677592316 95.77230647549456 217
1738677592330 95.68990556911346 218
1738677592344 95.60786463462092 219
1738677592359 95.52618081217899 220
1738677592375 95.44485127661981 221
1738677592388 95.36387323672783 222
1738677592403 95.28324393454494 223
1738677592420 95.20296064469784 224
1738677592434 95.1230206737467 225
1738677592446 95.04342135955415 226
1738677592461 94.96416007067423 227
1738677592479 94.88523420575993 228
1738677592494 94.80664119298937 229
1738677592509 94.7283784895091 230
1738677592523 94.65044358089432 231
1738677592539 94.57283398062555 232
1738677592554 94.49554722958071 233
1738677592570 94.41858089554206 234
1738677592583 94.34193257271804 235
1738677592600 94.26559988127838 236
1738677592614 94.18958046690315 237
1738677592628 94.11387200034444 238
1738677592643 94.0384721770004 239
1738677592658 93.96337871650132 240
1738677592673 93.88858936230724 241
1738677592688 93.81410188131653 242
1738677592705 93.73991406348519 243
1738677592721 93.6660237214565 244
1738677592734 93.5924286902005 245
1738677592752 93.51912682666305 246
1738677592764 93.44611600942414 247
1738677592776 93.37339413836494 248
1738677592788 93.30095913434364 249
1738677592800 93.22880893887931 250
1738677592814 93.15694151384392 251
1738677592826 93.0853548411618 252
1738677592838 93.0140469225169 253
1738677592850 92.94301577906678 254
1738677592862 92.87225945116374 255
1738677592874 92.80177599808268 256
1738677592887 92.7315634977551 257
1738677592901 92.66162004650974 258
1738677592913 92.59194375881883 259
1738677592928 92.52253276705035 260
1738677592940 92.45338522122596 261
1738677592952 92.38449928878407 262
1738677592965 92.31587315434854 263
1738677592982 92.24750501950207 264
1738677592997 92.17939310256482 265
1738677593012 92.11153563837743 266
1738677593028 92.04393087808899 267
1738677593043 91.97657708894917 268
1738677593056 91.9094725541048 269
1738677593070 91.8426155724005 270
1738677593082 91.77600445818354 271
1738677593096 91.70963754111226 272
1738677593108 91.64351316596871 273
1738677593120 91.57762969247455 274
1738677593133 91.51198549511078 275
1738677593144 91.44657896294079 276
1738677593156 91.38140849943682 277
1738677593173 91.31647252230947 278
1738677593186 91.25176946334078 279
1738677593198 91.18729776821982 280
1738677593211 91.12305589638173 281
1738677593224 91.05904232084927 282
1738677593245 90.9952555280774 283
1738677593261 90.93169401780051 284
1738677593277 90.86835630288223 285
1738677593297 90.80524090916794 286
1738677593313 90.74234637533954 287
1738677593338 90.67967125277298 288
1738677593356 90.61721410539785 289
1738677593372 90.5549735095594 290
1738677593388 90.49294805388284 291
1738677593409 90.43113633913967 292
1738677593436 90.36953697811632 293
1738677593459 90.30814859548467 294
1738677593477 90.2469698276747 295
1738677593490 90.18599932274911 296
1738677593508 90.12523574027978 297
1738677593526 90.06467775122601 298
1738677593539 90.00432403781492 299
1738677593550 89.94417329342325 300
1738677593563 89.88422422246099 301
1738677593575 89.82447554025694 302
1738677593590 89.76492597294552 303
1738677593603 89.70557425735556 304
1738677593619 89.64641914090046 305
1738677593636 89.58745938146983 306
1738677593651 89.5286937473229 307
1738677593665 89.47012101698316 308
1738677593680 89.4117399791345 309
1738677593696 89.35354943251883 310
1738677593714 89.29554818583495 311
1738677593729 89.23773505763889 312
1738677593743 89.1801088762455 313
1738677593759 89.12266847963133 314
1738677593785 89.0654127153388 315
1738677593799 89.00834044038157 316
1738677593814 88.95145052115123 317
1738677593828 88.89474183332497 318
1738677593841 88.83821326177465 319
1738677593858 88.78186370047685 320
1738677593878 88.72569205242407 321
1738677593893 88.66969722953719 322
1738677593909 88.61387815257868 323
1738677593926 88.55823375106719 324
1738677593941 88.50276296319298 325
1738677593955 88.44746473573447 326
1738677593971 88.39233802397581 327
1738677593985 88.33738179162522 328
1738677593997 88.28259501073467 329
1738677594012 88.22797666162005 330
1738677594028 88.1735257327827 331
1738677594047 88.11924122083168 332
1738677594066 88.06512213040676 333
1738677594079 88.01116747410266 334
1738677594093 87.9573762723938 335
1738677594109 87.90374755356018 336
1738677594126 87.85028035361401 337
1738677594146 87.79697371622707 338
1738677594176 87.74382669265901 339
1738677594205 87.69083834168646 340
1738677594221 87.63800772953277 341
1738677594235 87.58533392979878 342
1738677594251 87.53281602339405 343
1738677594264 87.4804530984692 344
1738677594285 87.42824425034861 345
1738677594299 87.3761885814642 346
1738677594319 87.32428520128973 347
1738677594334 87.27253322627575 348
1738677594350 87.22093177978549 349
1738677594364 87.16947999203127 350
1738677594378 87.11817700001156 351
1738677594394 87.06702194744891 352
1738677594407 87.01601398472816 353
1738677594429 86.9651522688359 354
1738677594445 86.91443596329984 355
1738677594462 86.86386423812951 356
1738677594484 86.81343626975706 357
1738677594499 86.763151240979 358
1738677594515 86.71300834089836 359
1738677594530 86.66300676486755 360
1738677594542 86.61314571443184 361
1738677594556 86.5634243972733 362
1738677594575 86.51384202715539 363
1738677594587 86.46439782386817 364
1738677594603 86.41509101317396 365
1738677594617 86.3659208267537 366
1738677594636 86.31688650215364 367
1738677594650 86.2679872827328 368
1738677594664 86.21922241761095 369
1738677594677 86.17059116161683 370
1738677594689 86.1220927752372 371
1738677594702 86.07372652456638 372
1738677594717 86.02549168125613 373
1738677594730 85.97738752246612 374
1738677594743 85.92941333081494 375
1738677594756 85.88156839433155 376
1738677594769 85.83385200640723 377
1738677594785 85.78626346574798 378
1738677594798 85.73880207632745 379
1738677594812 85.69146714734028 380
1738677594825 85.64425799315589 381
1738677594838 85.59717393327293 382
1738677594850 85.55021429227376 383
1738677594864 85.50337839977989 384
1738677594883 85.45666559040741 385
1738677594896 85.4100752037231 386
1738677594910 85.363606584201 387
1738677594923 85.31725908117922 388
1738677594937 85.27103204881736 389
1738677594951 85.22492484605421 390
1738677594973 85.17893683656594 391
1738677594992 85.13306738872464 392
1738677595010 85.08731587555737 393
1738677595028 85.04168167470546 394
1738677595048 84.99616416838437 395
1738677595065 84.95076274334367 396
1738677595088 84.90547679082788 397
1738677595103 84.86030570653703 398
1738677595117 84.81524889058826 399
1738677595129 84.77030574747741 400
1738677595141 84.72547568604095 401
1738677595154 84.6807581194186 402
1738677595165 84.63615246501585 403
1738677595177 84.59165814446737 404
1738677595189 84.54727458360024 405
1738677595202 84.5030012123979 406
1738677595217 84.45883746496436 407
1738677595230 84.4147827794886 408
1738677595250 84.37083659820956 409
1738677595263 84.32699836738125 410
1738677595277 84.28326753723829 411
1738677595290 84.23964356196176 412
1738677595306 84.19612589964541 413
1738677595325 84.1527140122621 414
1738677595339 84.10940736563064 415
1738677595356 84.06620542938302 416
1738677595382 84.02310767693162 417
1738677595399 83.98011358543721 418
1738677595413 83.9372226357768 419
1738677595432 83.89443431251219 420
1738677595450 83.85174810385841 421
1738677595463 83.8091635016529 422
1738677595476 83.76668000132453 423
1738677595491 83.72429710186324 424
1738677595503 83.68201430578998 425
1738677595520 83.63983111912651 426
1738677595532 83.59774705136604 427
1738677595546 83.55576161544383 428
1738677595560 83.51387432770807 429
1738677595575 83.4720847078911 430
1738677595587 83.43039227908093 431
1738677595606 83.38879656769295 432
1738677595626 83.34729710344196 433
1738677595647 83.30589341931437 434
1738677595667 83.2645850515408 435
1738677595683 83.2233715395689 436
1738677595698 83.18225242603623 437
1738677595716 83.1412272567437 438
1738677595734 83.10029558062907 439
1738677595754 83.05945694974066 440
1738677595772 83.01871091921146 441
1738677595789 82.9780570472333 442
1738677595807 82.93749489503152 443
1738677595835 82.89702402683955 444
1738677595863 82.8566440098739 445
1738677595882 82.81635441430947 446
1738677595900 82.7761548132549 447
1738677595924 82.73604478272829 448
1738677595947 82.69602390163294 449
1738677595967 82.65609175173371 450
1738677595985 82.6162479176331 451
1738677596010 82.57649198674801 452
1738677596025 82.53682354928628 453
1738677596040 82.49724219822389 454
1738677596053 82.45774752928199 455
1738677596071 82.41833914090437 456
1738677596086 82.37901663423504 457
1738677596101 82.33977961309607 458
1738677596120 82.30062768396562 459
1738677596135 82.26156045595602 460
1738677596150 82.22257754079239 461
1738677596163 82.18367855279111 462
1738677596178 82.14486310883865 463
1738677596195 82.10613082837062 464
1738677596211 82.06748133335093 465
1738677596226 82.02891424825118 466
1738677596240 81.99042920003026 467
1738677596255 81.95202581811401 468
1738677596271 81.91370373437529 469
1738677596285 81.87546258311404 470
1738677596299 81.83730200103756 471
1738677596313 81.79922162724107 472
1738677596328 81.7612211031883 473
1738677596345 81.72330007269237 474
1738677596360 81.68545818189675 475
1738677596376 81.64769507925655 476
1738677596390 81.61001041551975 477
1738677596403 81.57240384370881 478
1738677596417 81.5348750191023 479
1738677596432 81.49742359921682 480
1738677596445 81.46004924378887 481
1738677596459 81.42275161475732 482
1738677596472 81.38553037624544 483
1738677596485 81.34838519454355 484
1738677596500 81.31131573809176 485
1738677596515 81.27432167746254 486
1738677596532 81.23740268534398 487
1738677596549 81.20055843652268 488
1738677596563 81.1637886078672 489
1738677596577 81.12709287831132 490
1738677596590 81.0904709288377 491
1738677596608 81.0539224424617 492
1738677596620 81.01744710421504 493
1738677596634 80.98104460112995 494
1738677596647 80.9447146222233 495
1738677596660 80.90845685848086 496
1738677596672 80.87227100284179 497
1738677596686 80.83615675018315 498
1738677596698 80.80011379730473 499
