1738677901219 26.098847225219526 0
1738677901276 7.695754985592165 1
1738677901333 15.422750049799053 2
1738677901409 8.161114802038005 3
1738677901499 0.07406693806978314 4
1738677901555 1.3260576684521197 5
1738677901617 1.1351885784435944 6
1738677901689 0.6093378231882113 7
1738677901748 0.1950324560160996 8
1738677901810 0.022597777588158074 9
1738677901872 0.0011702179270870253 10
1738677901934 0.001067125544979509 11
1738677902002 0.048145890850589027 12
1738677902070 0.2666390106855045 13
1738677902133 0.08648579740219156 14
1738677902193 0.15991814331932688 15
1738677902253 0.0002538341652843156 16
1738677902316 0.01613990801826958 17
1738677902373 0.00028054206396238476 18
1738677902430 0.057698569494832576 19
1738677902490 0.03044566604491957 20
1738677902557 7.821071045907248e-05 21
1738677902618 0.20150425903108785 22
1738677902686 0.006299307040643897 23
1738677902751 2.5552604734879616e-05 24
1738677902813 0.03424246881781064 25
1738677902877 0.1504500332737545 26
1738677902945 0.03257211192983826 27
1738677903005 0.1394255315064007 28
1738677903058 0.00013984160116344108 29
1738677903121 0.011341142722907368 30
1738677903183 0.04052317698942509 31
1738677903244 0.006723205296630149 32
1738677903301 0.10301975905598242 33
1738677903361 9.806783431237604e-05 34
1738677903424 0.10272716410148117 35
1738677903492 0.7640722000451604 36
1738677903568 0.14767728986270545 37
1738677903630 0.0005333732013733057 38
1738677903688 0.016646072734828068 39
1738677903751 7.381673230097295e-05 40
1738677903811 0.003338670546535534 41
1738677903877 0.002954372331706032 42
1738677903946 0.18315565800614855 43
1738677904014 0.012503958544397786 44
1738677904072 0.026036996764029492 45
1738677904132 0.00015192595283282148 46
1738677904191 0.09398187711871588 47
1738677904252 0.016708055595189508 48
1738677904329 0.006067216182709177 49
1738677904392 0.474285163323242 50
1738677904459 0.09018207757716322 51
1738677904523 0.0031773475200176766 52
1738677904589 0.0025696961006165266 53
1738677904654 0.0075018452540425475 54
1738677904717 0.20212596765623903 55
1738677904779 0.2684978437154077 56
1738677904845 0.008000405113438164 57
1738677904907 0.06585095201902674 58
1738677904963 0.08970455087807563 59
1738677905026 0.007088381066935786 60
1738677905092 0.08174566315864326 61
1738677905146 0.003309793104580763 62
1738677905210 0.07417328194735369 63
1738677905266 0.0005422231007220113 64
1738677905329 0.06287021230400111 65
1738677905390 0.011309390014402268 66
1738677905454 0.03342718792844644 67
1738677905524 0.027477547954802835 68
1738677905586 0.00010363736239359271 69
1738677905647 0.06755119484871201 70
1738677905705 0.005747278161352321 71
1738677905764 0.012281293616586655 72
1738677905821 0.18386348169222083 73
1738677905882 0.0002844486451588701 74
1738677905941 0.0023465462120546544 75
1738677906005 0.09140499410711236 76
1738677906080 0.0011139025927163096 77
1738677906139 3.6803400783813675e-05 78
1738677906199 0.0003771563802660232 79
1738677906266 0.002915496633292162 80
1738677906328 0.0009680316852860449 81
1738677906388 0.002781182253150124 82
1738677906447 0.003889359590371238 83
1738677906505 0.005982399752102175 84
1738677906567 0.019605177552796824 85
1738677906634 0.15361174653996465 86
1738677906692 0.00020049594713541109 87
1738677906765 0.020988811131136247 88
1738677906820 0.08776059720612994 89
1738677906879 0.0033706856931326012 90
1738677906940 0.019975550711865034 91
1738677907005 0.030407349946579197 92
1738677907073 0.00044123988403340747 93
1738677907135 0.0014777023007271056 94
1738677907203 0.06025166552681565 95
1738677907269 0.08116221712100807 96
1738677907327 0.016436469111669696 97
1738677907390 0.001107385572431627 98
1738677907448 0.03175766615881472 99
1738677907513 0.16622187582499964 100
1738677907578 0.008964310561418257 101
1738677907639 0.01553845303329731 102
1738677907693 0.14559530636678283 103
1738677907745 0.0024688533264689916 104
1738677907804 8.354110499185717e-05 105
1738677907869 0.0778846794363202 106
1738677907927 0.019423536831218974 107
1738677907987 0.18144954572376631 108
1738677908050 0.12996501499988136 109
1738677908115 0.06773376583602325 110
1738677908179 0.011467515964290187 111
1738677908242 0.05649098213403617 112
1738677908298 0.020874780774193732 113
1738677908359 0.0016373751009287763 114
1738677908417 0.03108804110170767 115
1738677908479 0.0001104131192170871 116
1738677908541 1.2559041774517488 117
1738677908604 0.0012727077991548982 118
1738677908664 0.00018794854404183725 119
1738677908724 0.029619863920976004 120
1738677908785 0.010635367641274861 121
1738677908844 0.0817837419064532 122
1738677908898 0.00012334651537842625 123
1738677908948 0.01838495565483241 124
1738677909006 0.0016812951502508022 125
1738677909064 0.002693083493577092 126
1738677909124 0.010536942987761333 127
1738677909184 0.002018274858690913 128
1738677909248 0.05456816437970026 129
1738677909306 0.8991285687503264 130
1738677909365 0.05642414627950872 131
1738677909434 0.0006988780460380321 132
1738677909492 0.016454741809642046 133
1738677909548 0.007771573389485959 134
1738677909612 0.007396754626576128 135
1738677909671 0.16405443412360024 136
1738677909731 0.0022933648429379287 137
1738677909791 0.23141231119373595 138
1738677909857 0.004862419878010404 139
1738677909912 0.028159566542327718 140
1738677909972 0.006382324767125321 141
1738677910072 0.06282318322216761 142
1738677910134 0.01592311293709627 143
1738677910191 0.0998236483949723 144
1738677910244 0.11517228093484838 145
1738677910310 0.18008464208034147 146
1738677910368 0.023311238814323287 147
1738677910429 0.4177925366841995 148
1738677910486 0.18445826289984835 149
1738677910550 0.013283808634543212 150
1738677910614 0.12179817437828501 151
1738677910680 0.047599464881323154 152
1738677910738 0.049070101018790474 153
1738677910803 0.16866767556487638 154
1738677910867 0.7141903496408548 155
1738677910916 0.011237813019445778 156
1738677910980 0.00649495853673506 157
1738677911038 0.052962639936495505 158
1738677911101 0.0014595897497829643 159
1738677911151 0.023539047306809908 160
1738677911215 0.002002240277644338 161
1738677911271 0.37982888104291257 162
1738677911337 0.024754285437030173 163
1738677911404 6.060291828887016e-05 164
1738677911466 0.045879275790349484 165
1738677911528 0.06282231343368636 166
1738677911587 0.06353754043663858 167
1738677911650 0.004540245787594578 168
1738677911710 0.09904632029741284 169
1738677911769 0.01134433273694678 170
1738677911841 0.0802512414320423 171
1738677911905 0.058822371810468045 172
1738677911968 0.29730122623823646 173
1738677912028 0.08268259731109237 174
1738677912088 0.0009139948597474961 175
1738677912163 0.34064879654976066 176
1738677912216 0.10164685805116679 177
1738677912309 0.03635261831614801 178
1738677912388 0.15984736550068246 179
1738677912468 0.13506631323375723 180
1738677912530 0.003245776950837288 181
1738677912596 0.1500180245720322 182
1738677912657 0.0023118519849835845 183
1738677912717 0.15166391340334823 184
1738677912774 0.005625376769293342 185
1738677912833 0.15666989555869018 186
1738677912881 0.11781568999599842 187
1738677912936 0.0008169631143006285 188
1738677913004 0.11498159208640393 189
1738677913055 0.013491146089078102 190
1738677913114 0.19455795971585332 191
1738677913181 0.051777985414905706 192
1738677913239 0.017246646385439084 193
1738677913300 0.07613967128574854 194
1738677913358 0.03161091880777429 195
1738677913419 0.03571613595832325 196
1738677913468 0.027178701282762504 197
1738677913529 0.011996913364272718 198
1738677913587 0.2754384579934252 199
1738677913647 0.0971126704182637 200
1738677913725 0.043365066297302586 201
1738677913785 0.017555644063044967 202
1738677913837 0.023886686073688573 203
1738677913883 0.01188424733628854 204
1738677913939 0.032693510159908776 205
1738677914000 0.036296778638363565 206
1738677914052 0.23970003663016554 207
1738677914111 0.1343379028898371 208
1738677914178 0.06276889418621738 209
1738677914244 0.16338672021581227 210
1738677914298 0.06764417523499526 211
1738677914370 0.038752825786720055 212
1738677914427 0.03296586816237569 213
1738677914558 0.12720946655099855 214
1738677914626 0.005297868343740039 215
1738677914692 0.0030851852621559925 216
1738677914774 0.08423603615001796 217
1738677914851 0.03888284008631083 218
1738677914908 0.001000736086584018 219
1738677914967 0.04562760599246227 220
1738677915015 0.13348042703471316 221
1738677915078 0.057663353539745776 222
1738677915149 0.37019476148609154 223
1738677915206 0.00525482049193455 224
1738677915270 0.013805091348694721 225
1738677915335 0.10509208002376433 226
1738677915408 0.022444030527504773 227
1738677915496 0.11359577878605523 228
1738677915544 1.5228933149627026 229
1738677915605 0.023565326555344976 230
1738677915687 0.000851226029651127 231
1738677915750 0.012378895041509809 232
1738677915810 0.3554345628456627 233
1738677915870 0.5119258618990213 234
1738677915927 0.01669019141324508 235
1738677915974 0.10808925592097542 236
1738677916022 0.040196908465653554 237
1738677916086 0.008074356786664754 238
1738677916150 0.0934316116793172 239
1738677916202 0.06027869950117477 240
1738677916269 0.015382341766796582 241
1738677916322 0.025889475934768542 242
1738677916395 0.06931661446231029 243
1738677916454 0.04129318636250235 244
1738677916508 0.006710643992548765 245
1738677916579 0.12797738141811832 246
1738677916640 0.03910522055528788 247
1738677916712 0.2133281732053642 248
1738677916774 0.10138431450399324 249
1738677916839 0.03848724725244085 250
1738677916902 0.019667499943525183 251
1738677916956 0.15884579765718979 252
1738677917028 0.15604446214916765 253
1738677917091 0.07826719622584508 254
1738677917156 0.06362899979122415 255
1738677917222 0.21746331630068805 256
1738677917286 0.36426359727938745 257
1738677917356 0.03996728036662298 258
1738677917434 0.011225522134344698 259
1738677917494 0.00031400080643113215 260
1738677917561 0.07675621599042792 261
1738677917625 0.0779682956113895 262
1738677917684 0.17221504157370926 263
1738677917745 0.006535294896324731 264
1738677917971 0.31453484719483593 265
1738677918042 0.02677976676394107 266
1738677918105 0.022802610784410305 267
1738677918192 0.94380017669921 268
1738677918255 0.024462476024773604 269
1738677918314 0.01328988750651927 270
1738677918383 0.0048087180925307504 271
1738677918449 5.767492004518293e-05 272
1738677918529 0.27344989874764625 273
1738677918594 0.01372635454502796 274
1738677918656 0.0017509477163763565 275
1738677918716 0.12500924204668665 276
1738677918774 0.006696368476198914 277
1738677918833 0.059632551082673485 278
1738677918918 0.15187786126561553 279
1738677918976 0.00577969659327053 280
1738677919037 0.020342544090199893 281
1738677919153 0.05148108659028276 282
1738677919216 0.16820160632273154 283
1738677919278 3.23308391395981e-06 284
1738677919353 5.742551053938206e-05 285
1738677919452 0.16708185841786344 286
1738677919514 0.012407978972702554 287
1738677919579 0.24741910371113218 288
1738677919638 0.03220865337633472 289
1738677919699 0.07332458374359734 290
1738677919757 0.06415857326309594 291
1738677919823 0.024911986875275308 292
1738677919890 0.004480415825184308 293
1738677919978 0.06722076451605723 294
1738677920039 0.8230860374656946 295
1738677920187 0.09741389968258686 296
1738677920303 0.03683126479590524 297
1738677920371 0.014553833183471572 298
1738677920451 0.0010555012033659922 299
1738677920553 0.07067624499470125 300
1738677920621 0.0011265020309937834 301
1738677920685 0.11552980341611396 302
1738677920754 0.0013500840712237137 303
1738677920818 0.07587812711183584 304
1738677920934 5.020303758857147e-06 305
1738677921033 0.38726515648244336 306
1738677921139 0.0017075728047329852 307
1738677921272 0.19177766323598056 308
1738677921338 0.06382939788440023 309
1738677921423 2.5895415869567077e-05 310
1738677921513 0.0003312990112605327 311
1738677921707 0.0006001441359242722 312
1738677921780 0.02621627635545327 313
1738677921866 0.30988325701653296 314
1738677921990 0.3776031313698019 315
1738677922137 0.07643367342915386 316
1738677922257 0.0004612788826685898 317
1738677922436 0.01655791511836475 318
1738677922525 0.009938804406889299 319
1738677922585 0.023594893582696078 320
1738677922666 0.01494320984242235 321
1738677922734 0.09447104918854457 322
1738677922808 0.052530877213063064 323
1738677922865 0.0091705967879371 324
1738677922936 0.015563585443944197 325
1738677922998 0.010646912384825376 326
1738677923063 0.08852195710740769 327
1738677923125 0.0636019584738809 328
1738677923190 7.38883861439657e-07 329
1738677923250 0.00010246551890683211 330
1738677923321 0.04570716380029969 331
1738677923395 0.04942728472163268 332
1738677923467 0.06595699153610349 333
1738677923542 0.04531481430534147 334
1738677923606 0.0010778796760412888 335
1738677923656 0.18301653794132947 336
1738677923754 0.014586006122230169 337
1738677923809 0.03989861599069142 338
1738677923862 0.1135224560576646 339
1738677923917 0.04809637260159522 340
1738677924007 0.0029861808159428733 341
1738677924070 0.000532389042575337 342
1738677924131 0.3351953208527475 343
1738677924206 0.01993027791303116 344
1738677924281 0.010925342164208129 345
1738677924348 0.0005093951713458316 346
1738677924411 0.020885725042243113 347
1738677924477 0.07698652814616413 348
1738677924557 0.1381301396504767 349
1738677924624 0.062090159989064725 350
1738677924692 0.0007281935074823695 351
1738677924758 0.016507931313267856 352
1738677924820 0.05550124957361413 353
1738677924903 0.005832023062199316 354
1738677924965 0.28501010631681845 355
1738677925023 0.06264743219406194 356
1738677925083 0.0184321309626747 357
1738677925147 1.8297387428006192e-05 358
1738677925195 0.00836603706910314 359
1738677925249 0.27353554471877983 360
1738677925304 0.56632605189454 361
1738677925372 0.05296434154272064 362
1738677925440 0.01203151566650484 363
1738677925503 0.05942623142176013 364
1738677925567 0.009684232984673202 365
1738677925637 0.020276686055662293 366
1738677925749 0.14245135065456518 367
1738677925821 0.0019340887605733 368
1738677925889 0.0005265288078645722 369
1738677925955 5.209666461637887e-05 370
1738677926022 0.008095002103082777 371
1738677926084 0.0002031959874247376 372
1738677926156 0.00896254749864934 373
1738677926237 0.07540797466623207 374
1738677926309 0.052830584999961336 375
1738677926378 0.015757672401385203 376
1738677926444 0.0020908163734054356 377
1738677926507 0.003880157045715976 378
1738677926556 0.2558004942377056 379
1738677926611 0.016434421624420423 380
1738677926703 0.01236978142927081 381
1738677926787 0.01847736706650308 382
1738677926855 0.031012450113513113 383
1738677926920 0.3622430597336393 384
1738677926978 0.09822402005539915 385
1738677927032 0.015906523032820197 386
1738677927104 0.029448060521028076 387
1738677927170 0.03514005927555389 388
1738677927238 0.035824384443885506 389
1738677927288 0.00040557237478160477 390
1738677927347 0.2710856611542677 391
1738677927406 0.001980205594991824 392
1738677927467 0.0009496930373304124 393
1738677927534 0.00041908210986304665 394
1738677927601 0.028626377538442004 395
1738677927672 0.2591037526593765 396
1738677927740 0.036346568364033535 397
1738677927842 0.0091104025632736 398
1738677927925 0.003343943959421703 399
1738677927990 0.004953622609362327 400
1738677928052 0.003033803509250617 401
1738677928113 0.10022320879335023 402
1738677928170 1.3396975041583426e-05 403
1738677928227 6.389628517200133e-06 404
1738677928275 0.33686606452361234 405
1738677928355 0.12941122308377875 406
1738677928419 0.12847712611222808 407
1738677928494 0.0007909631673030062 408
1738677928548 0.4724666644875639 409
1738677928609 0.26549165181697904 410
1738677928685 0.35527712322596217 411
1738677928742 0.019337711337103058 412
1738677928801 0.014805867235647991 413
1738677928873 0.008578487480524954 414
1738677928954 8.944037357839997e-05 415
1738677929028 0.26918781582014506 416
1738677929096 3.0791440032548814e-05 417
1738677929162 0.0002919046426095997 418
1738677929232 0.015602153233352943 419
1738677929282 0.007915740069536357 420
1738677929341 0.0389978824014145 421
1738677929397 0.005440627804377722 422
1738677929451 0.05558047544774156 423
1738677929506 0.7801230470734971 424
1738677929566 0.010200117721543354 425
1738677929615 0.31948960958746514 426
1738677929685 0.12997309820201952 427
1738677929757 0.16747023707201925 428
1738677929830 0.07883577506661374 429
1738677929916 0.015272392519003574 430
1738677930012 0.03924081146831291 431
1738677930096 0.11535099989176115 432
1738677930165 0.056533770787464556 433
1738677930244 0.06607967944257562 434
1738677930355 0.11011608427308264 435
1738677930407 7.336692812361181e-05 436
1738677930475 0.0033627974156906315 437
1738677930535 0.07515376755966714 438
1738677930595 0.03453697038020754 439
1738677930659 0.028995941108191484 440
1738677930720 0.011560669127386408 441
1738677930785 0.02689842192080014 442
1738677930843 0.05977605656287339 443
1738677930905 0.00032509622778967024 444
1738677930965 0.03004698108446365 445
1738677931030 0.0662278073557467 446
1738677931090 0.10070528928099877 447
1738677931148 0.1082470578907495 448
1738677931208 0.12285804129173054 449
1738677931273 0.015225935680602893 450
1738677931344 0.18062209076373587 451
1738677931409 0.009081219902025974 452
1738677931474 0.04034669660840058 453
1738677931538 0.016864100267466983 454
1738677931627 7.363216043451016e-05 455
1738677931696 9.056076322804234e-05 456
1738677931751 0.19238972732862178 457
1738677931822 0.028687151876637205 458
1738677931901 0.00856414016805528 459
1738677931968 0.12737723081761568 460
1738677932060 0.003069028225702396 461
1738677932139 0.027584366118078296 462
1738677932212 0.05019813806243224 463
1738677932278 0.0039815275369499345 464
1738677932335 0.030656939217982928 465
1738677932413 0.07768407496255825 466
1738677932491 0.029342987357441553 467
1738677932556 0.05981070646527843 468
1738677932636 0.003212142795234824 469
1738677932715 0.05585514343967961 470
1738677932822 0.16960396600461172 471
1738677932895 0.024527270748737954 472
1738677932958 0.0035705814305436166 473
1738677933030 0.11155132135052827 474
1738677933101 0.0057281004730116835 475
1738677933166 0.010574184262532801 476
1738677933223 0.09685374126723811 477
1738677933300 0.02006014895226879 478
1738677933374 0.02309919225070297 479
1738677933440 0.16669668499468102 480
1738677933498 0.133114546729185 481
1738677933549 0.025682683430412703 482
1738677933610 0.2759475723247412 483
1738677933676 0.028343512685121964 484
1738677933730 0.10297263515094121 485
1738677933785 0.0032131407073374076 486
1738677933847 0.15306020358479602 487
1738677933909 0.0008871384974003672 488
1738677933964 0.010256070169078025 489
1738677934039 0.14877834017512487 490
1738677934114 0.08732185027708451 491
1738677934197 0.001598184593352538 492
1738677934275 0.6043329043147609 493
1738677934340 0.09127814976448811 494
1738677934400 5.794157555379508e-08 495
1738677934465 0.03221135105964107 496
1738677934533 0.11531927282050627 497
1738677934592 0.28714100716424973 498
1738677934659 0.12697936298021636 499
