1738680107680 171.65350330172362 0
1738680107688 169.75274759666834 1
1738680107694 171.3490434142529 2
1738680107700 168.45762019841078 3
1738680107706 169.92943398174944 4
1738680107712 171.76731179136664 5
1738680107718 168.07613880342328 6
1738680107724 167.07278111781898 7
1738680107729 168.023138796168 8
1738680107735 169.37515394250858 9
1738680107742 170.10494416682815 10
1738680107748 169.34057562861358 11
1738680107755 169.62955331819168 12
1738680107761 168.5970137993004 13
1738680107768 167.5952560565653 14
1738680107775 169.78285697614098 15
1738680107782 167.79095875716118 16
1738680107789 169.18088588776249 17
1738680107795 170.74300449007845 18
1738680107802 167.0888087166344 19
1738680107808 170.60182857214915 20
1738680107816 167.05551807766366 21
1738680107822 171.66236910121933 22
1738680107828 168.3047939027004 23
1738680107834 168.19151974562956 24
1738680107840 169.657010576545 25
1738680107846 167.69387349039397 26
1738680107852 166.7720297373007 27
1738680107857 169.89222559190392 28
1738680107863 166.87260221546958 29
1738680107869 166.99964872589783 30
1738680107875 168.38910667240737 31
1738680107881 168.6170905693826 32
1738680107887 168.375833737539 33
1738680107894 167.7964442394236 34
1738680107901 166.34347976819635 35
1738680107908 170.66995357534972 36
1738680107914 168.23136712441413 37
1738680107921 168.8308076751373 38
1738680107927 169.77839716136484 39
1738680107934 169.61754548466533 40
1738680107940 169.62105366479153 41
1738680107947 167.1603992072908 42
1738680107954 166.6144377208227 43
1738680107962 169.52740161421713 44
1738680107968 165.81021977511634 45
1738680107975 168.8355831258792 46
1738680107981 169.62500888547393 47
1738680107988 169.6988627145361 48
1738680107995 171.41120537614782 49
1738680108002 170.7903787630754 50
1738680108009 171.9895782617864 51
1738680108016 168.2953592615523 52
1738680108023 169.36357378313943 53
1738680108029 170.3785329061938 54
1738680108036 171.62892033650516 55
1738680108043 166.49943062217207 56
1738680108050 168.79552619532973 57
1738680108056 165.56700629430375 58
1738680108063 171.69586346239467 59
