1738680446373 191.4796415567818 0
1738680446413 172.20372937837595 1
1738680446451 175.56494465363537 2
1738680446491 166.06921226238848 3
1738680446532 174.23658261989968 4
1738680446572 133.193596808073 5
1738680446610 185.16600459551094 6
1738680446648 156.52572104557044 7
1738680446686 162.93331510070183 8
1738680446724 189.47766348616136 9
1738680446762 165.6063136912121 10
1738680446800 144.6170005103722 11
1738680446837 183.92200371071283 12
1738680446914 167.50337871585796 13
1738680446952 215.61795088054015 14
1738680446990 167.13063013269525 15
1738680447029 177.52105996643206 16
1738680447066 150.7403974284957 17
1738680447105 180.95108544205692 18
1738680447144 200.79300752949595 19
1738680447182 175.7511783459686 20
1738680447221 188.78639336322362 21
1738680447259 169.1148780340506 22
1738680447296 157.80761980276577 23
1738680447336 144.9883271007091 24
1738680447375 177.49889926862642 25
1738680447413 170.64561217642873 26
1738680447451 163.71061726541765 27
1738680447488 181.44826180080275 28
1738680447527 152.80243145851213 29
1738680447565 162.2831206509589 30
1738680447603 143.877192778806 31
1738680447642 139.76953204805898 32
1738680447681 199.17139348010232 33
1738680447719 167.72029975501152 34
1738680447757 161.80779538836285 35
1738680447795 178.2686492341517 36
1738680447833 176.18390242808724 37
1738680447872 159.35317416513038 38
1738680447910 158.02175869054224 39
1738680447950 171.87932436137132 40
1738680447987 184.70568741244313 41
1738680448025 160.52624329552822 42
1738680448063 187.81714978031934 43
1738680448101 156.23027917957467 44
1738680448140 168.19621729679608 45
1738680448178 183.8069436498237 46
1738680448216 180.86574278569486 47
1738680448254 148.15701452643768 48
1738680448292 197.7108333820918 49
1738680448330 168.5552991488233 50
1738680448367 187.49398085018046 51
1738680448405 164.3864508496266 52
1738680448444 175.7873708047663 53
1738680448482 173.70620630364186 54
1738680448522 168.97859397110608 55
1738680448560 176.59925070014626 56
1738680448598 173.76596012347974 57
1738680448637 165.73765769531045 58
1738680448676 155.50200979370481 59
1738680448714 198.10342580854575 60
1738680448752 165.33579566366913 61
1738680448789 158.31471932659733 62
1738680448826 187.60169098478784 63
1738680448864 175.64444895605143 64
1738680448902 191.48247749247145 65
1738680448940 150.16693707798976 66
1738680448978 179.60603850405346 67
1738680449016 243.2584179468841 68
1738680449054 183.36100961809737 69
1738680449092 153.30904758431313 70
1738680449130 170.0135306146946 71
1738680449168 170.83152801356871 72
1738680449206 172.1994632214635 73
1738680449245 170.46681234912833 74
1738680449283 146.63399393991932 75
1738680449322 169.6445840097245 76
1738680449362 151.21965810254653 77
1738680449399 170.53904376436125 78
1738680449437 173.27852528175575 79
1738680449475 165.96851080474124 80
1738680449513 165.39181580121436 81
1738680449551 169.18794100159064 82
1738680449590 183.34004310769035 83
1738680449628 169.53450113366767 84
1738680449666 141.25331391893755 85
1738680449704 201.20565824362396 86
1738680449742 150.4835678856508 87
1738680449781 154.98606369113395 88
1738680449819 173.55859217660145 89
1738680449857 170.9819267578456 90
1738680449896 162.9723138054463 91
1738680449934 155.35954771687295 92
1738680449973 179.472010206854 93
1738680450011 171.0861414775794 94
1738680450049 177.82818150909995 95
1738680450087 178.57067237443383 96
1738680450128 161.3780658694814 97
1738680450166 169.01723401670125 98
1738680450204 178.711979618827 99
1738680450242 172.62947279612166 100
1738680450280 163.3673356309421 101
1738680450320 163.34816530244333 102
1738680450357 239.9531426953181 103
1738680450395 166.5856983289582 104
1738680450433 185.89306287457921 105
1738680450472 169.0302320367618 106
1738680450510 164.28412003451365 107
1738680450548 175.48091775197 108
1738680450585 214.72391885260558 109
1738680450624 158.12264579744482 110
1738680450662 168.08837364457767 111
1738680450700 164.21817469399943 112
1738680450738 161.75423727195653 113
1738680450776 168.43178838937501 114
1738680450814 181.65476506431818 115
1738680450853 195.45246399267668 116
1738680450891 159.15731277031858 117
1738680450929 154.01777043346527 118
1738680450967 165.3334576833903 119
1738680451006 145.49893832412175 120
1738680451044 173.67047730927462 121
1738680451082 162.5790001247884 122
1738680451120 165.1459124865173 123
1738680451158 154.86942902843543 124
1738680451196 173.05515433113257 125
1738680451234 216.97877266797198 126
1738680451272 155.65068393776787 127
1738680451310 170.27509730620423 128
1738680451348 181.535393139437 129
1738680451386 172.73632838907784 130
1738680451425 160.8604264995307 131
1738680451462 181.1295528848153 132
1738680451500 155.68611400990622 133
1738680451539 166.9732285273865 134
1738680451578 187.19400116993114 135
1738680451616 153.48334763895122 136
1738680451654 197.92388064495313 137
1738680451692 149.13203237339505 138
1738680451729 153.13389679167054 139
1738680451767 168.85751814599575 140
1738680451805 157.14341087522286 141
1738680451844 157.4649985849576 142
1738680451882 159.288279893637 143
1738680451922 170.265725598825 144
1738680451959 149.35635853555124 145
1738680451998 187.12056248628224 146
1738680452036 191.11748755648665 147
1738680452074 152.10387687926107 148
1738680452111 170.96194535521158 149
1738680452149 179.8914654533187 150
1738680452187 159.63415021685992 151
1738680452226 163.12864274863375 152
1738680452264 233.82187827316062 153
1738680452302 163.76463887144226 154
1738680452340 182.3738092053643 155
1738680452378 160.37609238938037 156
1738680452416 157.08982667904667 157
1738680452455 186.68214970489413 158
1738680452494 170.44764670518282 159
1738680452532 162.4571957964573 160
1738680452570 197.94200006639093 161
1738680452608 157.78074107060908 162
1738680452645 180.69281948523175 163
1738680452683 160.65435857834873 164
1738680452722 163.16622968153214 165
1738680452760 160.43717607913175 166
1738680452797 175.85717295476178 167
1738680452835 164.6280450842177 168
1738680452873 142.52014927284048 169
1738680452911 175.65021396797687 170
1738680452949 158.81808177873614 171
1738680452987 173.18265879469334 172
1738680453025 161.80546789714631 173
1738680453063 166.45820012249303 174
1738680453101 172.11951073368525 175
1738680453139 196.24328949431057 176
1738680453177 178.66701985281384 177
1738680453215 172.97132053621553 178
1738680453253 171.4262622434504 179
1738680453291 178.38833601245076 180
1738680453330 203.07379048749607 181
1738680453368 143.28343182324372 182
1738680453405 174.06716447983842 183
1738680453443 172.51239127284413 184
1738680453481 184.8665997778543 185
1738680453520 172.39449666202214 186
1738680453558 206.49748104684244 187
1738680453595 163.66092826476597 188
1738680453634 160.24188686076172 189
1738680453673 164.02978043570542 190
1738680453711 174.23980682948334 191
1738680453749 205.76857115694025 192
1738680453787 199.86812058408313 193
1738680453825 161.51434050545734 194
1738680453863 179.3768636090403 195
1738680453901 183.44631853632876 196
1738680453938 169.79928710886048 197
1738680453976 149.48546625018815 198
1738680454014 177.74797683043494 199
1738680454053 173.14969490565116 200
1738680454091 157.77718485511343 201
1738680454129 170.9102841636917 202
1738680454167 172.81191216619004 203
1738680454205 182.20528408264786 204
1738680454242 178.0435531005168 205
1738680454280 159.6830135309088 206
1738680454318 153.81639763972012 207
1738680454356 178.47465141770326 208
1738680454394 176.86191468728532 209
1738680454432 168.01252701725974 210
1738680454470 159.4321424909255 211
1738680454508 186.13242205528883 212
1738680454546 162.3817957428954 213
1738680454584 163.4753236093034 214
1738680454622 161.86393390233167 215
1738680454661 175.91816698013136 216
1738680454699 145.75437223849644 217
1738680454737 147.11759314118618 218
1738680454774 183.29468508825485 219
1738680454812 187.21437968780384 220
1738680454850 212.2635725185424 221
1738680454888 183.53334027247163 222
1738680454926 173.23386584541464 223
1738680454964 148.80280985350356 224
1738680455002 176.9850270391376 225
1738680455040 160.52375858281226 226
1738680455078 182.53776152435583 227
1738680455116 182.91499763155645 228
1738680455154 166.4792395891383 229
1738680455192 169.8270833204213 230
1738680455230 187.04462717898735 231
1738680455269 179.23656312725663 232
1738680455307 189.5485891976323 233
1738680455345 170.83457282159983 234
1738680455383 101.45980802757957 235
1738680455421 175.05869664002685 236
1738680455459 187.55442141393144 237
1738680455496 175.81546900809997 238
1738680455534 183.156055291433 239
1738680455572 165.16797265697463 240
1738680455609 166.3898393784498 241
1738680455648 173.11935757272363 242
1738680455686 165.0148613091278 243
1738680455724 168.14002227564393 244
1738680455762 179.7369737142928 245
1738680455801 155.56671290916665 246
1738680455839 190.0509686397252 247
1738680455877 171.82303576768138 248
1738680455915 181.03225827575494 249
1738680455953 182.38018249908774 250
1738680455991 151.8416324814095 251
1738680456029 172.03411835855584 252
1738680456067 169.24509945470143 253
1738680456105 162.0197098971911 254
1738680456143 188.5514966878893 255
1738680456181 170.79894571481924 256
1738680456219 202.39283733100095 257
1738680456257 160.9301457413389 258
1738680456295 165.13685253264157 259
1738680456333 153.03058784234247 260
1738680456371 154.41875119608665 261
1738680456409 184.66896527425462 262
1738680456447 157.9887696634247 263
1738680456485 203.54986242883012 264
1738680456523 156.62147451891693 265
1738680456561 171.77197809155712 266
1738680456599 181.391666346179 267
1738680456637 206.05359429458764 268
1738680456675 173.1294033239055 269
1738680456713 193.4577503356621 270
1738680456752 172.2564123993017 271
1738680456790 179.60784517422192 272
1738680456828 158.92377878620138 273
1738680456866 133.85057287533337 274
1738680456903 162.57831507967907 275
1738680456941 159.83805597420533 276
1738680456979 178.25736669266652 277
1738680457017 162.76276555161053 278
1738680457054 151.523255629685 279
1738680457092 171.3437851469455 280
1738680457131 173.58472066203677 281
1738680457169 169.16072059785202 282
1738680457207 149.69233541610825 283
1738680457245 170.51745218705565 284
1738680457284 183.46382682130053 285
1738680457321 161.46740393653792 286
1738680457360 173.5869427614482 287
1738680457398 194.6673252874879 288
1738680457436 166.44086376980218 289
1738680457473 159.10689716141093 290
1738680457511 148.50036834507605 291
1738680457549 174.73392284721788 292
1738680457587 172.35559110757288 293
1738680457624 165.86196607394393 294
1738680457664 193.68193689950544 295
1738680457702 151.87877137889774 296
1738680457740 170.86002817925785 297
1738680457778 169.57325068921403 298
1738680457817 178.83424940030793 299
1738680457855 158.28021223779166 300
1738680457892 177.91562336786757 301
1738680457930 165.6128176772069 302
1738680457968 178.43271319903837 303
1738680458006 151.68188598174328 304
1738680458045 155.68579279100092 305
1738680458083 198.9062423321277 306
1738680458121 165.52721021240686 307
1738680458159 161.30316771292593 308
1738680458197 170.29724773582635 309
1738680458236 177.25039603300567 310
1738680458274 178.07949860086438 311
1738680458311 145.36175185869902 312
1738680458350 164.73179563361225 313
1738680458387 165.9609494146426 314
1738680458425 179.28948563258328 315
1738680458463 183.066425329603 316
1738680458501 171.76531403521508 317
1738680458538 165.48139081952766 318
1738680458576 153.99530632736455 319
1738680458614 168.6858571702286 320
1738680458652 171.70339577839826 321
1738680458690 195.59162228004973 322
1738680458728 230.1330084582541 323
1738680458766 177.6070400802209 324
1738680458805 164.38575764027027 325
1738680458842 185.54769071927726 326
1738680458881 157.24520898245908 327
1738680458919 177.7909822930914 328
1738680458957 150.00003827294327 329
1738680458995 161.28055749216048 330
1738680459033 162.4446720593824 331
1738680459071 159.37876758480255 332
1738680459109 169.12273166108923 333
1738680459147 165.6620649454694 334
1738680459186 162.54242007296367 335
1738680459224 173.21445082554268 336
1738680459262 145.3959905302241 337
1738680459299 162.18938299707358 338
1738680459338 160.47924436766985 339
1738680459376 169.6371324843621 340
1738680459414 159.96810339301726 341
1738680459453 132.40161924310576 342
1738680459491 155.76226870848737 343
1738680459528 168.16065776400583 344
1738680459566 168.09144113197812 345
1738680459604 201.03522221047268 346
1738680459642 171.72721229012336 347
1738680459681 175.73353998225187 348
1738680459719 159.21945273109375 349
1738680459757 173.84475173723942 350
1738680459794 152.71223743861 351
1738680459832 234.30050027453743 352
1738680459870 169.051060119998 353
1738680459909 171.56303488116498 354
1738680459947 189.8437664597812 355
1738680459986 163.81495393038895 356
1738680460024 151.85734320123157 357
1738680460062 217.0624435735595 358
1738680460099 143.9445733205774 359
1738680460137 168.17019125577687 360
1738680460176 183.21358055213653 361
1738680460214 161.3921291660053 362
1738680460253 183.71845264960785 363
1738680460290 203.2204658150259 364
1738680460329 163.6610646684719 365
1738680460366 164.1805043451942 366
1738680460405 153.96662288191263 367
1738680460442 165.49718682936626 368
1738680460481 157.99456041440854 369
1738680460520 167.45004614000203 370
1738680460558 179.34643774757373 371
1738680460596 185.56637547294983 372
1738680460634 168.60094906394247 373
1738680460673 167.40038012257938 374
1738680460710 166.0291519285311 375
1738680460748 171.48866697415917 376
1738680460786 144.32709514043535 377
1738680460824 157.21665752607228 378
1738680460863 173.14889223141978 379
1738680460901 148.79465596018628 380
1738680460939 136.79604060363963 381
1738680460977 173.20857471963188 382
1738680461016 183.10036614160725 383
1738680461054 172.58467772508936 384
1738680461092 178.14160550635222 385
1738680461130 176.51435569742554 386
1738680461168 124.83336706245474 387
1738680461207 183.36499483685543 388
1738680461245 151.7980234392883 389
1738680461283 181.28699732436547 390
1738680461321 162.77084060176165 391
1738680461359 214.446183102631 392
1738680461397 173.81971398793425 393
1738680461435 172.11256399446776 394
1738680461472 162.25634073780344 395
1738680461510 166.90362132386122 396
1738680461549 168.49608361145226 397
1738680461587 162.773824304609 398
1738680461626 189.47898814773814 399
1738680461663 176.72941934482023 400
1738680461701 146.83899561808934 401
1738680461739 144.92568809278507 402
1738680461777 197.0283198137766 403
1738680461815 169.4555676244602 404
1738680461853 175.0286112889384 405
1738680461891 162.00645156935846 406
1738680461929 182.1666129451834 407
1738680461966 145.69601612334836 408
1738680462005 191.08813144283312 409
1738680462043 167.54033402334608 410
1738680462082 170.093662656112 411
1738680462119 169.9813741461745 412
1738680462158 166.0852116560064 413
1738680462196 175.1364270774575 414
1738680462234 164.31233538714224 415
1738680462272 160.62341934564458 416
1738680462310 178.90482871782265 417
1738680462348 170.67087265874895 418
1738680462386 169.0831106062736 419
1738680462424 191.12596877854406 420
1738680462462 188.6591384256033 421
1738680462500 159.39726154430903 422
1738680462538 149.98949140331783 423
1738680462576 155.9176628215942 424
1738680462614 159.24434350577718 425
1738680462652 173.5040761818289 426
1738680462690 195.73483546379245 427
1738680462728 182.47984619375922 428
1738680462766 156.40392984707603 429
1738680462804 170.12885986833922 430
1738680462842 178.66213459622895 431
1738680462880 172.20407711393378 432
1738680462918 178.54431211353435 433
1738680462956 162.94255006047848 434
1738680462994 168.97864957736772 435
1738680463032 194.4851958855668 436
1738680463070 197.59764620670828 437
1738680463108 178.94002670183286 438
1738680463147 160.12203188657094 439
1738680463185 187.60057738876438 440
1738680463223 168.30313648601924 441
1738680463261 153.02362413726934 442
1738680463299 158.20334977127234 443
1738680463338 146.78320626703436 444
1738680463376 169.28253609197455 445
1738680463413 178.73830342992207 446
1738680463452 173.38476522064764 447
1738680463490 161.89702142138412 448
1738680463527 154.3783812444834 449
1738680463565 160.1100457052559 450
1738680463603 163.2451340627554 451
1738680463641 171.20990667890973 452
1738680463680 164.6859620269175 453
1738680463718 157.1508576254696 454
1738680463756 167.310791605013 455
1738680463794 178.93854620273518 456
1738680463832 163.08420343867772 457
1738680463870 183.73992171251163 458
1738680463908 171.54963382029334 459
1738680463946 157.44604822629123 460
1738680463984 165.96312155926802 461
1738680464022 163.1708177956317 462
1738680464060 157.2508765488624 463
1738680464098 175.2738408549871 464
1738680464136 160.7027461493213 465
1738680464174 171.9578139261901 466
1738680464213 159.49440234845653 467
1738680464251 179.84504090136437 468
1738680464289 167.48257734181323 469
1738680464327 171.83401616750368 470
1738680464365 161.59116314224144 471
1738680464403 153.43094741282798 472
1738680464441 163.41525604662567 473
1738680464478 170.21873289540625 474
1738680464516 188.4488039838818 475
1738680464554 184.2382039901075 476
1738680464592 167.42882854481155 477
1738680464630 156.33624854706338 478
1738680464667 168.0930652160452 479
1738680464705 176.56978767053064 480
1738680464744 197.6121442358365 481
1738680464782 170.13261308623652 482
1738680464820 171.13363561205082 483
1738680464858 171.6049871142783 484
1738680464896 166.45458715094787 485
1738680464934 166.56081283054593 486
1738680464972 160.8748622068585 487
1738680465009 179.30240327725096 488
1738680465047 172.95785564072852 489
1738680465085 161.54627403807277 490
1738680465123 179.83569649090654 491
1738680465162 193.8831642728512 492
1738680465200 159.3463749601696 493
1738680465238 186.0385144038906 494
1738680465277 171.37835242100925 495
1738680465315 152.86679682655927 496
1738680465353 158.34932479025437 497
1738680465391 154.1719764405692 498
1738680465429 149.97079807024554 499
