1738678436853 127.20224325959553 0
1738678436867 122.73573959081351 1
1738678436884 100.27668887406878 2
1738678436902 78.97456474621319 3
1738678436925 82.9208255805663 4
1738678436941 79.04230191973035 5
1738678436964 75.41246267989145 6
1738678436982 103.37607591583682 7
1738678436999 74.23615814729166 8
1738678437019 69.7167595218108 9
1738678437036 52.399943091356086 10
1738678437057 55.91665241958119 11
1738678437075 56.38271892317354 12
1738678437092 53.42660691131669 13
1738678437117 63.09702281353557 14
1738678437139 56.55559970887735 15
1738678437160 54.56374014098499 16
1738678437175 65.58967012858821 17
1738678437190 62.366417476629614 18
1738678437205 49.71678045984315 19
1738678437219 43.6744163342349 20
1738678437234 55.37597134744738 21
1738678437249 70.53671031621789 22
1738678437263 53.430900750181436 23
1738678437277 56.978855135425746 24
1738678437290 58.472227593816314 25
1738678437305 58.3399774204367 26
1738678437319 58.95637534959276 27
1738678437333 56.164580820884865 28
1738678437349 38.77863006127847 29
1738678437363 56.54449234617037 30
1738678437377 48.33747295507129 31
1738678437392 51.75929666066135 32
1738678437407 47.36260916835168 33
1738678437426 39.49041079973067 34
1738678437442 48.64016265766205 35
1738678437458 66.79665613498766 36
1738678437477 37.79707189903099 37
1738678437495 49.902681961252554 38
1738678437512 62.95885130237766 39
1738678437528 49.612118195938336 40
1738678437547 40.78005191862271 41
1738678437565 42.9253910836115 42
1738678437582 33.558960584446005 43
1738678437596 34.26554121003948 44
1738678437610 40.773332090197194 45
1738678437627 33.88406872833503 46
1738678437644 38.4922837469981 47
1738678437659 33.07709522030175 48
1738678437674 45.063243991878586 49
1738678437688 48.22097738765496 50
1738678437702 41.19551879545335 51
1738678437719 25.54670645137327 52
1738678437733 36.38893328746837 53
1738678437746 35.40298379380154 54
1738678437762 32.945090224842694 55
1738678437784 39.603164568153545 56
1738678437802 30.830909434784736 57
1738678437817 33.55642123970235 58
1738678437832 32.60531717011471 59
1738678437846 35.64120530096102 60
1738678437864 39.46840970257374 61
1738678437882 30.739646145807555 62
1738678437898 30.83933157689666 63
1738678437914 28.272472928674297 64
1738678437930 27.356818419156333 65
1738678437949 30.595572888932043 66
1738678437970 26.499303646126645 67
1738678437995 27.998853777740226 68
1738678438013 29.723403749825046 69
1738678438030 33.179558388113925 70
1738678438045 36.33082078315334 71
1738678438066 26.94325170740598 72
1738678438085 33.754354889343304 73
1738678438101 31.632623399733678 74
1738678438123 21.587862515790647 75
1738678438140 29.254500759323697 76
1738678438155 28.865140890224897 77
1738678438170 31.392527249396206 78
1738678438186 23.775407923357182 79
1738678438202 26.12417585214186 80
1738678438217 30.39822959326518 81
1738678438232 30.597739826550058 82
1738678438247 25.124817255220727 83
1738678438270 25.92233641820806 84
1738678438295 40.42253537793578 85
1738678438323 36.26017526829411 86
1738678438345 24.79854313498095 87
1738678438361 35.92963447730269 88
1738678438382 24.582740272450604 89
1738678438397 23.76546977169423 90
1738678438411 21.349540703369932 91
1738678438425 31.44027310722941 92
1738678438439 27.957499523027963 93
1738678438454 21.663866954143845 94
1738678438468 24.000743237805256 95
1738678438483 29.001686562972562 96
1738678438498 21.468752032289743 97
1738678438513 25.01780045489848 98
1738678438538 25.174921321333844 99
1738678438558 20.932891945466288 100
1738678438574 30.03343621602125 101
1738678438592 21.454291432437785 102
1738678438613 22.370632047214535 103
1738678438630 16.00693260321685 104
1738678438647 19.47352449433574 105
1738678438665 24.42289869806142 106
1738678438684 18.503130374066735 107
1738678438703 22.613428222822577 108
1738678438721 26.793429459620167 109
1738678438737 19.370680267402708 110
1738678438755 26.902872183879225 111
1738678438771 22.780820163700554 112
1738678438787 19.397535682402523 113
1738678438803 19.655687311416614 114
1738678438820 25.693394238962252 115
1738678438836 18.446373169553432 116
1738678438849 19.324970065673586 117
1738678438866 16.954321974767414 118
1738678438882 18.513352114559076 119
1738678438897 19.856575374945656 120
1738678438914 14.19819740904742 121
1738678438931 17.269848059892595 122
1738678438950 17.75568549068871 123
1738678438970 14.240594023835152 124
1738678438988 25.49783885803922 125
1738678439004 14.571716175320274 126
1738678439025 14.483263079970623 127
1738678439044 15.577073290087215 128
1738678439062 19.96815171926069 129
1738678439077 11.261490272081177 130
1738678439096 17.469307881964138 131
1738678439114 12.576189920391585 132
1738678439130 15.389632344797656 133
1738678439150 18.10433880974952 134
1738678439167 15.334079723459544 135
1738678439186 23.683037893328837 136
1738678439202 22.390652636492632 137
1738678439224 17.575532847391884 138
1738678439241 9.495103207370267 139
1738678439260 13.074285022432054 140
1738678439280 20.420438999389688 141
1738678439309 12.064784555186906 142
1738678439328 11.831990430978573 143
1738678439347 16.77268607635432 144
1738678439369 13.416108146828632 145
1738678439386 20.634585282624336 146
1738678439405 14.365029643121426 147
1738678439430 12.8501023062416 148
1738678439451 13.69408533819495 149
1738678439470 7.979997890050638 150
1738678439486 10.783206634118397 151
1738678439503 11.522198524665443 152
1738678439522 8.806972944155875 153
1738678439540 10.679167850791522 154
1738678439556 9.328375360948824 155
1738678439573 11.36993564640888 156
1738678439590 12.357078307287978 157
1738678439606 10.282931440500874 158
1738678439624 9.984663735380051 159
1738678439643 9.362765140598095 160
1738678439660 17.58942952981978 161
1738678439676 13.168941980894505 162
1738678439691 10.413430598143474 163
1738678439707 8.808611801616928 164
1738678439724 10.270405375692912 165
1738678439746 10.340378533485508 166
1738678439772 9.17317039871946 167
1738678439789 9.86229984820036 168
1738678439810 10.276902439866385 169
1738678439836 7.815339644519779 170
1738678439853 9.834795082478566 171
1738678439875 14.980920252022184 172
1738678439891 8.992219722159286 173
1738678439908 9.17646812246557 174
1738678439926 11.585683252259432 175
1738678439940 10.259085349693583 176
1738678439956 8.107418467354629 177
1738678439972 8.96080095540832 178
1738678439993 9.165111519028578 179
1738678440019 8.650639113822335 180
1738678440042 7.350765559928965 181
1738678440059 8.094874269196545 182
1738678440076 7.850118432655319 183
1738678440093 11.10046873783284 184
1738678440115 9.479954850834375 185
1738678440137 9.203505948269047 186
1738678440154 9.793372159053542 187
1738678440170 6.938944135478229 188
1738678440186 7.48406094183278 189
1738678440202 8.150841810054818 190
1738678440217 6.568369961891811 191
1738678440232 13.621279289792547 192
1738678440248 5.709928490079016 193
1738678440262 7.865908696415157 194
1738678440278 8.184284675322173 195
1738678440300 7.786991316143748 196
1738678440317 6.999141119208218 197
1738678440334 7.1190635383159355 198
1738678440354 6.7621109232919085 199
1738678440373 8.00275959921759 200
1738678440390 6.272984263172002 201
1738678440406 7.257776849925827 202
1738678440425 5.603247795307451 203
1738678440441 7.1883680544574196 204
1738678440465 6.729785315463393 205
1738678440485 9.272152109003073 206
1738678440503 8.65188867268732 207
1738678440522 5.992018004033734 208
1738678440539 4.3838736839335235 209
1738678440556 8.201332022183738 210
1738678440576 6.260014861998778 211
1738678440593 7.129364626236997 212
1738678440607 5.995263079702712 213
1738678440624 5.573046303823683 214
1738678440641 4.378163857173749 215
1738678440657 6.469365147896029 216
1738678440675 7.782834101882151 217
1738678440695 4.724864130642198 218
1738678440725 6.956419670488635 219
1738678440743 6.467789595894783 220
1738678440760 5.901790224275582 221
1738678440777 4.751192634296647 222
1738678440792 6.244625186124125 223
1738678440812 5.531121766515926 224
1738678440826 6.451581660760012 225
1738678440842 4.224528650475762 226
1738678440859 4.915066011730733 227
1738678440877 5.551168752737485 228
1738678440892 6.813401209085077 229
1738678440909 5.107976870032978 230
1738678440930 3.9106602845094955 231
1738678440945 6.2889294313162365 232
1738678440960 4.387991960817118 233
1738678440982 5.3446583241905845 234
1738678441001 5.75666756555918 235
1738678441020 4.701175465654035 236
1738678441036 4.245001952516162 237
1738678441054 6.823374627856368 238
1738678441072 4.450049458072964 239
1738678441087 4.9438461515641725 240
1738678441103 4.5198097478992825 241
1738678441123 6.710912884537948 242
1738678441142 4.259767007743606 243
1738678441160 4.033665732057461 244
1738678441176 3.497065233865757 245
1738678441192 5.862082026201935 246
1738678441210 5.703159504018083 247
1738678441227 4.77257486904736 248
1738678441244 3.8663485088372074 249
1738678441259 5.283169160651855 250
1738678441279 5.312264468559697 251
1738678441295 4.819648826210042 252
1738678441312 4.134001200042855 253
1738678441328 6.008432940970133 254
1738678441352 4.105873324230399 255
1738678441368 4.045672563243093 256
1738678441384 4.808286546293665 257
1738678441402 4.529840048925961 258
1738678441423 5.090385392143914 259
1738678441439 4.190422436585882 260
1738678441464 4.602646057727855 261
1738678441481 5.162346810144848 262
1738678441495 4.1692506617937495 263
1738678441510 4.166850320582539 264
1738678441527 3.147241511758652 265
1738678441560 4.472779066372316 266
1738678441577 3.63231552411023 267
1738678441593 3.2976716058327202 268
1738678441605 3.1862330733117767 269
1738678441624 4.886279820297051 270
1738678441639 3.604708085823165 271
1738678441655 3.55185695278294 272
1738678441676 3.9796162946706177 273
1738678441694 3.017972629982225 274
1738678441713 2.7694139250315377 275
1738678441729 3.0696574626859556 276
1738678441748 2.9244507795899386 277
1738678441767 2.6645829619928336 278
1738678441785 2.4675336992013803 279
1738678441803 3.1637563189062066 280
1738678441821 2.793895686893494 281
1738678441838 3.4264631121577036 282
1738678441859 3.616329111769387 283
1738678441875 4.1606300861217225 284
1738678441894 3.359012529118451 285
1738678441912 3.0271364958866904 286
1738678441930 3.266789769492868 287
1738678441946 2.812223448192798 288
1738678441964 2.856867311946407 289
1738678441981 3.251773430104688 290
1738678441996 2.1606473065568728 291
1738678442015 2.72451331094272 292
1738678442033 3.5895462034123824 293
1738678442049 3.2274381666817975 294
1738678442065 2.6436611950833164 295
1738678442085 3.722262011103385 296
1738678442102 2.7070096027125903 297
1738678442138 2.7058370460259225 298
1738678442159 3.8882221276334064 299
1738678442188 1.8343993820821167 300
1738678442203 2.132468546893202 301
1738678442218 2.3016029844392434 302
1738678442235 2.698992743706728 303
1738678442253 3.78082300281511 304
1738678442269 2.160944258656548 305
1738678442287 2.2295985446602837 306
1738678442305 2.105770425828273 307
1738678442323 2.42353496794976 308
1738678442343 1.6460343683191763 309
1738678442368 2.6534471159901916 310
1738678442384 3.181873637995381 311
1738678442399 2.351408496117675 312
1738678442417 2.891063428939849 313
1738678442432 1.9666039737968029 314
1738678442449 2.3214416717211908 315
1738678442464 2.3290983285565185 316
1738678442480 2.018670305706651 317
1738678442494 2.0388121708346323 318
1738678442510 2.771565715318471 319
1738678442527 2.894744572124878 320
1738678442551 2.089670005969973 321
1738678442577 2.5988194307315324 322
1738678442599 2.3122563545869066 323
1738678442621 1.9851246408570817 324
1738678442647 2.7527516325358086 325
1738678442672 2.2600307316649775 326
1738678442700 1.609318290011662 327
1738678442716 2.116513315597046 328
1738678442737 2.1988449643912564 329
1738678442752 1.769433868931246 330
1738678442770 1.6349192917702895 331
1738678442789 1.7947754523263115 332
1738678442813 2.1509404041452718 333
1738678442840 1.6690351483762584 334
1738678442857 2.3357731333614415 335
1738678442880 1.9953981559061493 336
1738678442899 1.9412864809103056 337
1738678442919 1.72894482971936 338
1738678442937 2.5332738270376987 339
1738678442955 1.866474460623004 340
1738678442975 1.5992406845312388 341
1738678442993 2.4660131839474313 342
1738678443016 2.005390862129315 343
1738678443037 1.9993471538629675 344
1738678443057 2.1614595192014114 345
1738678443081 1.957699897748514 346
1738678443101 1.8826869298691467 347
1738678443142 1.550523236362998 348
1738678443160 1.705981023477617 349
1738678443175 1.0671425612966305 350
1738678443191 2.0709227574629243 351
1738678443210 1.3882333359282135 352
1738678443226 1.8193629485187648 353
1738678443242 1.313273090617658 354
1738678443257 1.6200094767321385 355
1738678443273 2.224670953388943 356
1738678443298 1.639656575619608 357
1738678443313 2.1605694699445235 358
1738678443329 1.229233739895335 359
1738678443346 1.5278165935856274 360
1738678443364 1.2340112336287608 361
1738678443382 1.4437296295253093 362
1738678443401 1.3946859408588503 363
1738678443420 1.3676381393923456 364
1738678443442 1.5371686905890045 365
1738678443464 1.3217502805765597 366
1738678443487 1.9583991971317694 367
1738678443502 1.7834214727000417 368
1738678443517 1.437754089922484 369
1738678443532 1.553282848627498 370
1738678443549 2.138379762314638 371
1738678443566 1.0236492100908574 372
1738678443584 1.2009612319767349 373
1738678443600 1.207014390030602 374
1738678443615 1.1465482318117426 375
1738678443632 1.719195528655396 376
1738678443650 1.0230431517576033 377
1738678443668 1.424820426636118 378
1738678443683 1.0791273585277783 379
1738678443698 1.6988437528922635 380
1738678443712 1.462367129035751 381
1738678443725 1.044480714292945 382
1738678443746 1.1304809616184026 383
1738678443765 1.0244387029559008 384
1738678443784 1.2583195317238685 385
1738678443800 1.7571629136824334 386
1738678443815 1.0319562899337953 387
1738678443834 1.0845302846272817 388
1738678443849 1.723943280499638 389
1738678443867 1.3292604989039645 390
1738678443882 1.7024098677381858 391
1738678443900 1.8234824283823232 392
1738678443917 0.8399947662514085 393
1738678443936 1.3159035174857996 394
1738678443953 1.379050896358753 395
1738678443969 0.8944650564516364 396
1738678443991 1.0521076115902748 397
1738678444019 1.249515970900635 398
1738678444036 1.28187610686756 399
1738678444051 1.6389241706382305 400
1738678444065 0.9777927782745972 401
1738678444080 1.7688144778798827 402
1738678444099 1.1296757440220235 403
1738678444118 1.322064690385909 404
1738678444130 1.1440952483262887 405
1738678444148 1.1567630248001834 406
1738678444164 1.0996322168103725 407
1738678444187 1.2018712727322487 408
1738678444209 1.1018214461509597 409
1738678444227 1.2131541928330223 410
1738678444243 0.8261710474581234 411
1738678444261 0.6658266103903133 412
1738678444280 1.1294252395118394 413
1738678444295 1.0746871515978271 414
1738678444311 1.0508064597751048 415
1738678444326 0.9636270766214357 416
1738678444341 1.1198804025115547 417
1738678444356 0.7934090226742939 418
1738678444371 0.6953596364733633 419
1738678444387 0.9775173561028909 420
1738678444402 0.9415044521043296 421
1738678444420 0.7451616210191405 422
1738678444439 1.1088338669873752 423
1738678444459 0.753778283047735 424
1738678444475 1.0507263703930345 425
1738678444491 1.6584451302147325 426
1738678444509 1.104557822350062 427
1738678444527 1.1121317745889419 428
1738678444544 0.7776836947075182 429
1738678444561 1.6185222917149238 430
1738678444577 0.7605988753047775 431
1738678444596 0.8010966433268649 432
1738678444612 1.1255781084790824 433
1738678444628 0.8313866990286052 434
1738678444648 1.3175701849070736 435
1738678444667 0.9741959079797384 436
1738678444685 0.8865252757325327 437
1738678444703 1.0486587214340615 438
1738678444721 1.1673707073322455 439
1738678444738 0.9104807146473629 440
1738678444753 0.8349237860620032 441
1738678444771 1.0940832467843926 442
1738678444791 0.825859145358436 443
1738678444811 0.6664520769825774 444
1738678444827 0.859597146308415 445
1738678444843 0.660384671351831 446
1738678444863 1.1155605011210485 447
1738678444883 1.5478686036367908 448
1738678444901 0.7994535295153998 449
1738678444918 0.8181002867165461 450
1738678444937 0.9069087274237537 451
1738678444954 0.9448098280285518 452
1738678444971 0.6534513593415109 453
1738678444993 0.7346342388194451 454
1738678445011 0.5956611700976472 455
1738678445027 0.8853638108575206 456
1738678445044 1.2304643859837818 457
1738678445060 0.8715329316101298 458
1738678445074 1.0593468211527906 459
1738678445090 0.7293858860904652 460
1738678445109 0.6047182107315221 461
1738678445127 0.7982317215774093 462
1738678445143 1.0863376429762743 463
1738678445159 0.8040404943455328 464
1738678445175 0.9981819582712355 465
1738678445192 1.0430243257360687 466
1738678445207 0.489120638542995 467
1738678445222 0.7761597096993218 468
1738678445237 0.654599680654442 469
1738678445255 0.9521022170023427 470
1738678445272 0.5903035241616501 471
1738678445287 0.8506525632827912 472
1738678445304 1.0798796160621913 473
1738678445318 1.3269867779575857 474
1738678445333 0.6472013871200885 475
1738678445346 0.5386503367944013 476
1738678445361 0.9164348918521396 477
1738678445380 0.6632010918674176 478
1738678445394 0.4383397293727496 479
1738678445409 1.0262630974383078 480
1738678445424 0.6609196804329892 481
1738678445441 0.7570713187040888 482
1738678445458 0.7428941316704771 483
1738678445482 0.511903530345726 484
1738678445498 0.8947767555078358 485
1738678445515 0.5893745298880676 486
1738678445534 0.4603863828806508 487
1738678445551 0.5303836762911536 488
1738678445571 0.6860718360458427 489
1738678445588 0.5218625226667144 490
1738678445605 0.6186579264138886 491
1738678445620 0.434182343824636 492
1738678445637 0.4819619667384001 493
1738678445654 0.7250122320904575 494
1738678445669 0.861325738303053 495
1738678445684 0.497001569072668 496
1738678445704 0.5590759558531778 497
1738678445718 0.614204802557527 498
1738678445733 0.5020513309078286 499
