1738823456723 67.67078563651309 0
1738823456745 63.435553698167425 1
1738823456764 44.90931741161444 2
1738823456783 41.422386963572706 3
1738823456800 39.058842575724235 4
1738823456818 32.24376472024013 5
1738823456837 54.70395895360884 6
1738823456855 25.774748853404798 7
1738823456877 24.545814388412733 8
1738823456899 32.31454326806844 9
1738823456920 18.78330695319423 10
1738823456940 16.58821725865689 11
1738823456966 13.627854360461765 12
1738823456987 13.849827487545394 13
1738823457010 10.6025570355369 14
1738823457028 12.19963388135102 15
1738823457049 12.429136959585056 16
1738823457070 8.214962016341577 17
1738823457089 9.747395181143112 18
1738823457112 6.625350419949573 19
1738823457129 5.335604711845479 20
1738823457147 5.403177404116024 21
1738823457165 7.133612312957581 22
1738823457182 6.7865711244390425 23
1738823457204 3.0661108437973295 24
1738823457223 4.053806517274717 25
1738823457243 3.082495408604739 26
1738823457265 4.511086772090278 27
1738823457297 3.347742579846004 28
1738823457332 2.556094152025964 29
1738823457352 2.4886048339489806 30
1738823457375 2.155185050162264 31
1738823457397 2.7972043739626193 32
1738823457418 1.9660257362641236 33
1738823457441 1.9688408097979369 34
1738823457467 1.3895631267890487 35
1738823457492 1.5285760320837838 36
1738823457523 1.3864035596093462 37
1738823457554 2.445291484251061 38
1738823457574 1.1104269797585034 39
1738823457595 1.4331556867697728 40
1738823457615 1.1283233757229054 41
1738823457630 1.081431896449679 42
1738823457650 1.0241834185739134 43
1738823457666 1.0458791790998645 44
1738823457698 0.6838118888000051 45
1738823457714 0.4424033245318863 46
1738823457730 0.3832545218318274 47
1738823457760 0.34796875627293605 48
1738823457788 0.3993942206149893 49
1738823457810 0.5475234552338231 50
1738823457831 0.37681391899185734 51
1738823457856 0.6202049880889645 52
1738823457878 0.5236116683775632 53
1738823457901 0.3110413573506844 54
1738823457924 0.5223272159007112 55
1738823457951 0.47692930052182136 56
1738823457976 0.5219833642841163 57
1738823457997 0.4721831618977917 58
1738823458024 0.5110464982619652 59
1738823458187 0.31180798902880663 60
1738823458217 0.2952530037720665 61
1738823458241 0.5055641473650042 62
1738823458267 0.14284145344293023 63
1738823458292 0.3359462313652803 64
1738823458316 0.35618059821262726 65
1738823458339 0.3930869009969608 66
1738823458366 0.22191744437314476 67
1738823458386 0.2354921369869781 68
1738823458408 0.19991443018268848 69
1738823458432 0.22360825445599739 70
1738823458458 0.17542320891908442 71
1738823458487 0.2014114890503091 72
1738823458514 0.15315192197328156 73
1738823458535 0.20709027229805266 74
1738823458555 0.3785130614829306 75
1738823458576 0.2095509267580849 76
1738823458597 0.20187890987489185 77
1738823458622 0.19048982550553428 78
1738823458645 0.2663807713598745 79
1738823458668 0.11893377487528106 80
1738823458694 0.1786674604643369 81
1738823458720 0.09818507980062449 82
1738823458739 0.20997918830827278 83
1738823458759 0.21249855615715546 84
1738823458774 0.13041144186293477 85
1738823458792 0.11526239753695564 86
1738823458819 0.11415008893893136 87
1738823458838 0.16338033357942014 88
1738823458855 0.06558104806278738 89
1738823458870 0.1876210705924292 90
1738823458894 0.14336173698402674 91
1738823458918 0.12066474265866944 92
1738823458942 0.08908764759355274 93
1738823458965 0.10311804108545176 94
1738823458989 0.09009623511112448 95
1738823459007 0.1128093157751988 96
1738823459025 0.09530464934689023 97
1738823459041 0.14112300330568237 98
1738823459056 0.1226654417016953 99
1738823459075 0.10963703423562357 100
1738823459093 0.08207664709758858 101
1738823459110 0.10067840316175902 102
1738823459135 0.08562625841098588 103
1738823459154 0.09168102450115344 104
1738823459170 0.12918484136106456 105
1738823459193 0.06678314655266285 106
1738823459220 0.10426005799509099 107
1738823459243 0.06766661401323114 108
1738823459263 0.11397799992367175 109
1738823459285 0.08066327118930128 110
1738823459308 0.08429136287429376 111
1738823459329 0.1211289039465027 112
1738823459349 0.11173863506009755 113
1738823459368 0.06315340775606891 114
1738823459386 0.09450181578768739 115
1738823459404 0.09736887855497006 116
1738823459420 0.08786399520968431 117
1738823459438 0.10063618187191638 118
1738823459454 0.07904509768608961 119
1738823459470 0.11400807682048715 120
1738823459488 0.08711679291518433 121
1738823459512 0.08601495606027952 122
1738823459535 0.11209669519179831 123
1738823459559 0.1104876242290561 124
1738823459578 0.06889589268841537 125
1738823459600 0.08071900242119621 126
1738823459617 0.10809098463920133 127
1738823459635 0.08570594058404031 128
1738823459659 0.0866578310737994 129
1738823459676 0.06667822714502855 130
1738823459696 0.1003263893203484 131
1738823459718 0.061538480482628964 132
1738823459736 0.05820215266470923 133
1738823459756 0.14808801777677497 134
1738823459776 0.12888261400805948 135
1738823459798 0.11407532502916043 136
1738823459821 0.1417258614805002 137
1738823459843 0.09037713416445632 138
1738823459863 0.055655337833924845 139
1738823459880 0.09177335860043578 140
1738823459897 0.092491057992701 141
1738823459913 0.07487900207444385 142
1738823459931 0.09974087228541478 143
1738823459948 0.08359254287322448 144
1738823459967 0.08154060286577566 145
1738823459982 0.06160803839214801 146
1738823459999 0.08925259121907816 147
1738823460047 0.08452336738755703 148
1738823460066 0.08055790357293657 149
1738823460092 0.07506935564597093 150
1738823460110 0.07578046457829045 151
1738823460129 0.07829132162240163 152
1738823460158 0.0824340111357843 153
1738823460180 0.11729548924224323 154
1738823460217 0.11783483355444091 155
1738823460260 0.12983929570798372 156
1738823460283 0.09118157078257354 157
1738823460306 0.061177140808583476 158
1738823460336 0.09190949274957873 159
1738823460356 0.08829860337568042 160
1738823460380 0.14910474566772058 161
1738823460404 0.08565887889866272 162
1738823460428 0.07539452488146234 163
1738823460449 0.12615970148366906 164
1738823460469 0.10592690135403036 165
1738823460490 0.05838600985696986 166
1738823460507 0.06986004961195667 167
1738823460525 0.10751874582470734 168
1738823460543 0.10818599974131285 169
1738823460562 0.05486176047779738 170
1738823460581 0.14422711953519957 171
1738823460597 0.0623114794041058 172
1738823460615 0.06193445661611984 173
1738823460638 0.06586206692830297 174
1738823460661 0.07255585823315654 175
1738823460683 0.08250104470894713 176
1738823460710 0.09510103361523271 177
1738823460738 0.07280726806310978 178
1738823460758 0.10239527666303268 179
1738823460775 0.07877509561259917 180
1738823460793 0.08660899479507801 181
1738823460817 0.10736944031122941 182
1738823460834 0.07470903770771897 183
1738823460851 0.14210612486929813 184
1738823460878 0.057684950158309725 185
1738823460899 0.05690283790532297 186
1738823460922 0.08236125737394592 187
1738823460949 0.08662234451205716 188
1738823460976 0.07216400033740761 189
1738823460999 0.07017142850100097 190
1738823461026 0.12154470162594617 191
1738823461044 0.04341541855666446 192
1738823461065 0.08321473078458153 193
1738823461087 0.09031720446715888 194
1738823461103 0.10745199050072352 195
1738823461123 0.11122508010638536 196
1738823461149 0.0762741677394853 197
1738823461174 0.0910847385412299 198
1738823461196 0.09250655526865778 199
1738823461219 0.08650344678453852 200
1738823461244 0.07415575836489985 201
1738823461262 0.04883365803785564 202
1738823461283 0.11067456100787416 203
1738823461300 0.11816851220550682 204
1738823461319 0.10084399332448536 205
1738823461337 0.05736107945152713 206
1738823461355 0.0841515690557296 207
1738823461378 0.1219917103612418 208
1738823461400 0.07293720129778385 209
1738823461444 0.06796716655352088 210
1738823461488 0.07568061581712017 211
1738823461515 0.18739199539450233 212
1738823461533 0.08005741902339233 213
1738823461550 0.15681053972719797 214
1738823461568 0.08277488245983951 215
1738823461584 0.07372139800189105 216
1738823461601 0.09443094738957565 217
1738823461625 0.07972476255531034 218
1738823461648 0.0744654314537431 219
1738823461670 0.06805967008858256 220
1738823461693 0.09837278911246164 221
1738823461714 0.0679318937488154 222
1738823461737 0.09546735615225012 223
1738823461763 0.12223947401269433 224
1738823461793 0.08845645662445283 225
1738823461813 0.05872682203100801 226
1738823461834 0.07067520725782701 227
1738823461855 0.07466427124813638 228
1738823461876 0.09311993858132164 229
1738823461901 0.08139442907865814 230
1738823461920 0.07456580714612271 231
1738823461948 0.0666839790375929 232
1738823461977 0.060096553293318936 233
1738823462008 0.05114418242810532 234
1738823462025 0.08655453613230152 235
1738823462044 0.10772910447542068 236
1738823462067 0.05842809922827786 237
1738823462089 0.11309405144703247 238
1738823462112 0.0940048025576414 239
1738823462129 0.11233171675757334 240
1738823462155 0.11881067380411499 241
1738823462172 0.08684196741943899 242
1738823462191 0.09112588077659536 243
1738823462229 0.0783963913412276 244
1738823462256 0.07849359287931913 245
1738823462278 0.08693447438369709 246
1738823462303 0.09629299098008967 247
1738823462330 0.10144135782961597 248
1738823462360 0.0856219419324562 249
1738823462387 0.06883586924748038 250
1738823462415 0.07153185779306254 251
1738823462443 0.15179462479293168 252
1738823462471 0.10433582703572769 253
1738823462505 0.0648989719863794 254
1738823462524 0.06217323263375525 255
1738823462541 0.12833646531420567 256
1738823462559 0.08772244379746283 257
1738823462578 0.06602814599966006 258
1738823462598 0.06535323942852805 259
1738823462621 0.09450836300462731 260
1738823462642 0.06814124145625244 261
1738823462665 0.12921413089969028 262
1738823462704 0.06566453116353163 263
1738823462725 0.09882357637802248 264
1738823462747 0.07753759285165861 265
1738823462778 0.08230293218237296 266
1738823462801 0.060267088065425904 267
1738823462826 0.1080865589405813 268
1738823462852 0.07964899659204985 269
1738823462877 0.061351227277439246 270
1738823462900 0.07595602641280416 271
1738823462926 0.08244255414042753 272
1738823462950 0.08429321046227996 273
1738823462971 0.07677175560247312 274
1738823463007 0.07429067616514555 275
1738823463033 0.0914173499071962 276
1738823463055 0.10765745278158727 277
1738823463099 0.0721201807287041 278
1738823463122 0.08261828765786103 279
1738823463148 0.07725110926926257 280
1738823463170 0.08005186078529718 281
1738823463195 0.06723590638153554 282
1738823463215 0.06995455625832696 283
1738823463242 0.08965388162475127 284
1738823463263 0.08666063525179168 285
1738823463287 0.05691039907441084 286
1738823463307 0.061617858036744556 287
1738823463324 0.09955540617387502 288
1738823463344 0.13890334283086253 289
1738823463370 0.11821867981235845 290
1738823463388 0.05452022501891616 291
1738823463413 0.10488130574774379 292
1738823463432 0.07400270710012954 293
1738823463454 0.045392856415778615 294
1738823463473 0.13551829307268673 295
1738823463496 0.08191758292003161 296
1738823463520 0.055595142910226804 297
1738823463542 0.08973093236413794 298
1738823463559 0.10632688200956568 299
1738823463584 0.06678187008131324 300
1738823463602 0.09541861288222422 301
1738823463619 0.0728167577965625 302
1738823463639 0.09092279184834688 303
1738823463657 0.09032468105335342 304
1738823463674 0.051036480440505995 305
1738823463693 0.07092093137266942 306
1738823463707 0.09147979501583257 307
1738823463726 0.060460976942518986 308
1738823463747 0.08077776043095383 309
1738823463770 0.08625828391375086 310
