1738825427714 134.22593913418442 0
1738825427748 161.72007906396436 1
1738825427781 175.86018089332234 2
1738825427814 167.61306897037824 3
1738825427847 177.6816775048941 4
1738825427881 156.67035752855492 5
1738825427915 156.300761115295 6
1738825427950 169.5972457954317 7
1738825427985 176.2300030165508 8
1738825428019 158.96614654724712 9
1738825428052 181.4593690778947 10
1738825428086 166.8842767449276 11
1738825428119 155.27452756412092 12
1738825428152 177.63151158663925 13
1738825428186 150.6662290378874 14
1738825428219 145.98143857845204 15
1738825428252 165.57698384815583 16
1738825428285 185.7617611728417 17
