1738679271285 169.78847509526568 0
1738679271308 169.7765854766338 1
1738679271325 169.76226841848774 2
1738679271343 169.74586036237733 3
1738679271358 169.72767328523298 4
1738679271374 169.70799456815882 5
1738679271388 169.68708732413157 6
1738679271399 169.66519106930483 7
1738679271415 169.64252264463107 8
1738679271431 169.619277312752 9
1738679271448 169.59562997018975 10
1738679271462 169.57173642730706 11
1738679271477 169.547734718733 12
1738679271492 169.52374641533532 13
1738679271508 169.49987791566883 14
1738679271524 169.47622170039884 15
1738679271538 169.45285753770673 16
1738679271553 169.42985363131322 17
1738679271570 169.40726770565374 18
1738679271586 169.38514802504028 19
1738679271602 169.36353434544912 20
1738679271618 169.34245879897236 21
1738679271640 169.32194671204115 22
1738679271659 169.3020173593262 23
1738679271673 169.28268465580135 24
1738679271690 169.26395778986318 25
1738679271703 169.24584180065978 26
1738679271716 169.22833810293875 27
1738679271729 169.2114449627864 28
1738679271742 169.19515792762854 29
1738679271754 169.17947021380775 30
1738679271767 169.1643730549593 31
1738679271781 169.1498560142829 32
1738679271795 169.13590726366897 33
1738679271809 169.12251383248062 34
1738679271824 169.10966182863072 35
1738679271838 169.09733663442793 36
1738679271852 169.0855230794998 37
1738679271866 169.07420559293698 38
1738679271880 169.06336833664523 39
1738679271893 169.05299532173794 40
1738679271906 169.04307050965693 41
1738679271921 169.0335778995692 42
1738679271936 169.02450160345927 43
1738679271953 169.0158259102107 44
1738679271967 169.00753533985988 45
1738679271981 168.9996146890949 46
1738679271994 168.9920490689759 47
1738679272010 168.98482393576046 48
1738679272026 168.9780181186771 49
1738679272041 168.97159997265518 50
1738679272056 168.96554069077803 51
1738679272071 168.95981401136189 52
1738679272083 168.95439595907567 53
1738679272097 168.94926461573425 54
1738679272123 168.94439991700315 55
1738679272136 168.9397834717727 56
1738679272157 168.93539840139982 57
1738679272171 168.93122919639367 58
1738679272180 168.92726158844434 59
1738679272187 168.92348243596922 60
1738679272194 168.91987962159098 61
1738679272203 168.91644196016276 62
1738679272213 168.91315911613452 63
1738679272220 168.9100215292042 64
1738679272228 168.90702034732902 65
1738679272236 168.90414736628566 66
1738679272249 168.9013949750661 67
1738679272256 168.89875610648184 68
1738679272263 168.89622419242278 69
1738679272269 168.89379312328168 70
1738679272275 168.8914572111126 71
1738679272281 168.8892111561396 72
1738679272288 168.8870500162771 73
1738679272294 168.88496917935822 74
1738679272300 168.88296433780502 75
1738679272307 168.8810314654991 76
1738679272313 168.87916679664053 77
1738679272328 168.87736680640447 78
1738679272343 168.87562819322355 79
1738679272358 168.87394786254552 80
1738679272374 168.87232291192697 81
1738679272384 168.87075061734197 82
