1738680605878 169.27726086794326 0
1738680605885 169.06026012312782 1
1738680605893 171.05572309273902 2
1738680605900 169.30017407343013 3
1738680605906 166.06420898762644 4
1738680605913 168.15857421160877 5
1738680605920 168.5035473518096 6
1738680605927 172.47474676527779 7
1738680605933 163.8837439281562 8
1738680605939 168.35848822139428 9
1738680605946 167.7173412558961 10
1738680605952 170.16068779619087 11
1738680605959 172.2728595325888 12
1738680605965 167.60006986199312 13
1738680605972 166.25346262459246 14
1738680605978 174.07916584133807 15
1738680605985 170.54122254505825 16
1738680605991 170.15438757542043 17
1738680605998 175.4323634019498 18
1738680606004 169.61878861332755 19
1738680606011 171.1667633907208 20
1738680606024 164.70695016621772 21
1738680606032 168.9276678371399 22
1738680606040 166.36747833744704 23
1738680606048 168.66270648608864 24
1738680606054 166.9454754192803 25
1738680606062 170.17749995187447 26
1738680606069 171.45751493405365 27
1738680606076 168.9931637019596 28
1738680606084 165.97557134563064 29
1738680606090 170.5751844818508 30
1738680606097 168.44732208103514 31
1738680606106 166.19524814926993 32
1738680606113 168.55691821401678 33
1738680606119 172.39905965961742 34
1738680606126 171.75343332603697 35
1738680606133 167.9258208487021 36
1738680606140 170.7580620947897 37
1738680606148 174.42838966255883 38
