1738825716645 167.31819780324574 0
1738825716685 179.45139649844194 1
1738825716725 168.83840346012886 2
1738825716763 161.71558897591848 3
1738825716802 176.92871874631706 4
1738825716842 170.29834198822726 5
1738825716888 151.01429753390806 6
1738825716932 168.80335917802944 7
1738825716976 175.25404246594331 8
1738825717015 157.04943221997922 9
1738825717053 156.23360909566657 10
1738825717091 155.9520753040726 11
1738825717128 186.4682023706302 12
1738825717166 146.68072714896098 13
1738825717204 185.82999831987087 14
1738825717242 162.87681625243906 15
1738825717282 188.32230407082844 16
1738825717323 154.03169919861233 17
1738825717364 151.36416823298524 18
1738825717403 162.01106697460747 19
1738825717440 197.63184476215966 20
1738825717478 175.60002310791964 21
1738825717515 173.60004859820592 22
