1738679538407 169.46928671508385 0
1738679538431 169.44333499653624 1
1738679538456 169.4184167957523 2
1738679538468 169.39448763780138 3
1738679538486 169.37150502504997 4
1738679538502 169.34942834800967 5
1738679538518 169.3282188002291 6
1738679538538 169.3078392970474 7
1738679538553 169.28825439803262 8
1738679538568 169.26943023293822 9
1738679538581 169.25133443101637 10
1738679538597 169.23393605353695 11
1738679538613 169.2172055293649 12
1738679538627 169.2011145934581 13
1738679538644 169.18563622815182 14
1738679538660 169.17074460710404 15
1738679538677 169.15641504177987 16
1738679538693 169.14262393035978 17
1738679538705 169.1293487089622 18
1738679538743 169.1165678050738 19
1738679538779 169.10426059308858 20
1738679538796 169.09240735185904 21
1738679538813 169.08098922416806 22
1738679538834 169.06998817803472 23
1738679538852 169.05938696977006 24
1738679538873 169.04916910870355 25
1738679538891 169.03931882350466 26
1738679538907 169.02982103002665 27
1738679538925 169.02066130060325 28
1738679538956 169.01182583473332 29
1738679538971 169.00330143108883 30
