1738823404039 185.1178975116159 0
1738823404061 185.09632608996893 1
1738823404089 185.05535414653505 2
1738823404109 184.99694678987444 3
1738823404136 184.9228817515171 4
1738823404153 184.83476636352813 5
1738823404175 184.73405316741315 6
1738823404197 184.62205422973747 7
1738823404219 184.49995424378298 8
1738823404243 184.36882249797972 9
1738823404269 184.22962379137172 10
1738823404295 184.08322837452877 11
1738823404356 183.93042099149898 12
1738823404378 183.77190909492106 13
1738823404398 183.6083303025259 14
1738823404420 183.44025915913488 15
1738823404439 183.26821326404672 16
1738823404459 183.0926588195036 17
1738823404476 182.91401565180774 18
1738823404494 182.73266175268563 19
1738823404513 182.54893738469593 20
1738823404531 182.36314879087934 21
1738823404559 182.17557154546287 22
1738823404581 181.9864535792671 23
1738823404617 181.79601791051834 24
1738823404643 181.60446510904046 25
1738823404681 181.41197551928047 26
1738823404698 181.21871126530144 27
1738823404713 181.02481805874834 28
1738823404730 180.8304268288394 29
1738823404747 180.63565519165257 30
1738823404766 180.44060877434825 31
1738823404785 180.24538240848491 32
1738823404801 180.05006120523515 33
1738823404819 179.854721524081 34
1738823404843 179.65943184545227 35
1738823404869 179.4642535567618 36
1738823404890 179.26924166037338 37
1738823404910 179.07444541120805 38
1738823404935 178.87990889094286 39
1738823404981 178.68567152507674 40
1738823405003 178.4917685485215 41
1738823405038 178.29823142482206 42
1738823405080 178.10508822360697 43
1738823405111 177.91236396041674 44
1738823405136 177.7200809026488 45
1738823405157 177.52825884498804 46
1738823405180 177.3369153573589 47
1738823405207 177.14606600813306 48
1738823405226 176.95572456505903 49
1738823405246 176.7659031761303 50
1738823405272 176.57661253239357 51
1738823405308 176.38786201449625 52
1738823405331 176.19965982459505 53
1738823405353 176.0120131050865 54
1738823405369 175.82492804547306 55
1738823405388 175.63840997854976 56
1738823405403 175.4524634669773 57
1738823405421 175.26709238120048 58
1738823405436 175.0822999695776 59
1738823405455 174.8980889214972 60
1738823405477 174.71446142418353 61
1738823405497 174.5314192138207 62
1738823405525 174.34896362156354 63
1738823405550 174.16709561494548 64
1738823405573 173.98581583514365 65
1738823405596 173.80512463051542 66
1738823405623 173.62502208677864 67
1738823405647 173.44550805417126 68
1738823405668 173.26658217189183 69
1738823405687 173.08824389009348 70
1738823405706 172.91049248967497 71
1738823405727 172.7333271000898 72
1738823405753 172.55674671537102 73
1738823405772 172.38075020855038 74
1738823405802 172.20533634463257 75
1738823405819 172.03050379226804 76
1738823405839 171.85625113425593 77
1738823405863 171.68257687699298 78
1738823405879 171.50947945897443 79
1738823405898 171.33695725844117 80
1738823405922 171.1650086002593 81
1738823405939 170.9936317621079 82
1738823405964 170.8228249800449 83
1738823405984 170.65258645351327 84
1738823406006 170.4829143498429 85
1738823406026 170.313806808299 86
1738823406049 170.14526194372272 87
1738823406070 169.977277849804 88
1738823406085 169.809852602024 89
1738823406102 169.64298426030012 90
1738823406119 169.47667087136307 91
1738823406135 169.31091047089316 92
1738823406152 169.14570108543953 93
1738823406168 168.9810407341444 94
1738823406184 168.81692743029146 95
1738823406204 168.65335918269682 96
1738823406229 168.4903339969565 97
1738823406254 168.32784987656734 98
1738823406273 168.1659048239317 99
1738823406296 168.0044968412589 100
1738823406317 167.84362393137346 101
1738823406333 167.68328409843906 102
1738823406345 167.52347534860735 103
1738823406361 167.36419569059848 104
1738823406378 167.20544313622077 105
1738823406394 167.04721570083493 106
1738823406410 166.88951140376926 107
1738823406425 166.73232826868997 108
1738823406439 166.57566432393145 109
1738823406459 166.41951760279045 110
1738823406485 166.26388614378817 111
1738823406508 166.10876799090266 112
1738823406530 165.95416119377512 113
1738823406553 165.80006380789285 114
1738823406577 165.64647389475059 115
1738823406600 165.49338952199298 116
1738823406623 165.34080876353963 117
1738823406654 165.18872969969507 118
1738823406680 165.0371504172444 119
1738823406706 164.88606900953673 120
1738823406723 164.73548357655716 121
1738823406754 164.585392224989 122
1738823406775 164.4357930682664 123
1738823406799 164.2866842266195 124
1738823406820 164.1380638271114 125
1738823406844 163.9899300036694 126
1738823406876 163.84228089710962 127
1738823406902 163.69511465515686 128
1738823406923 163.54842943245924 129
1738823406945 163.40222339059878 130
1738823406964 163.2564946980983 131
1738823406988 163.11124153042434 132
1738823407010 162.96646206998764 133
1738823407028 162.8221545061404 134
1738823407052 162.67831703517115 135
1738823407075 162.5349478602974 136
1738823407101 162.39204519165654 137
1738823407124 162.24960724629446 138
1738823407146 162.1076322481532 139
1738823407167 161.96611842805646 140
1738823407186 161.82506402369452 141
1738823407210 161.6844672796076 142
1738823407229 161.54432644716834 143
1738823407254 161.4046397845636 144
1738823407273 161.26540555677482 145
1738823407293 161.12662203555848 146
1738823407329 160.98828749942535 147
1738823407355 160.85040023361952 148
1738823407375 160.71295853009684 149
1738823407393 160.5759606875027 150
1738823407410 160.43940501114983 151
1738823407438 160.3032898129956 152
1738823407462 160.16761341161882 153
1738823407486 160.03237413219682 154
1738823407509 159.8975703064817 155
1738823407529 159.7632002727768 156
1738823407547 159.629262375913 157
1738823407569 159.4957549672246 158
1738823407593 159.36267640452573 159
1738823407619 159.2300250520857 160
1738823407643 159.0977992806051 161
1738823407659 158.9659974671918 162
1738823407680 158.83461799533626 163
1738823407702 158.70365925488764 164
1738823407727 158.57311964202933 165
1738823407747 158.44299755925465 166
1738823407773 158.31329141534272 167
1738823407796 158.18399962533414 168
1738823407818 158.05512061050678 169
1738823407838 157.92665279835154 170
1738823407856 157.79859462254828 171
1738823407873 157.67094452294168 172
1738823407888 157.5437009455173 173
1738823407903 157.4168623423773 174
1738823407919 157.29042717171683 175
1738823407935 157.16439389779998 176
1738823407947 157.038760990936 177
1738823407967 156.91352692745554 178
1738823407986 156.78869018968703 179
1738823408005 156.66424926593302 180
1738823408026 156.54020265044673 181
1738823408040 156.41654884340855 182
1738823408056 156.2932863509026 183
1738823408076 156.1704136848936 184
1738823408097 156.04792936320348 185
1738823408119 155.92583190948838 186
1738823408146 155.80411985321558 187
1738823408170 155.68279172964043 188
1738823408190 155.56184607978358 189
1738823408206 155.44128145040807 190
1738823408221 155.32109639399675 191
1738823408237 155.2012894687295 192
1738823408254 155.0818592384608 193
1738823408269 154.96280427269716 194
1738823408286 154.8441231465748 195
1738823408303 154.7258144408373 196
1738823408323 154.6078767418135 197
1738823408344 154.49030864139527 198
1738823408365 154.3731087370155 199
1738823408385 154.25627563162612 200
1738823408404 154.13980793367625 201
1738823408426 154.02370425709043 202
1738823408449 153.90796322124692 203
1738823408468 153.792583450956 204
1738823408486 153.67756357643856 205
1738823408505 153.56290223330456 206
1738823408527 153.44859806253166 207
1738823408547 153.33464971044413 208
1738823408569 153.22105582869128 209
1738823408590 153.10781507422672 210
1738823408613 152.99492610928704 211
1738823408630 152.88238760137108 212
1738823408653 152.770198223219 213
1738823408672 152.65835665279135 214
1738823408693 152.5468615732486 215
1738823408711 152.4357116729303 216
1738823408726 152.32490564533484 217
1738823408746 152.21444218909855 218
1738823408768 152.10432000797573 219
1738823408802 151.9945378108182 220
1738823408828 151.885094311555 221
1738823408854 151.77598822917247 222
1738823408872 151.66721828769394 223
1738823408902 151.5587832161599 224
1738823408915 151.4506817486082 225
1738823408941 151.34291262405387 226
1738823408968 151.2354745864699 227
1738823408993 151.1283663847671 228
1738823409010 151.02158677277487 229
1738823409035 150.91513450922136 230
1738823409056 150.80900835771445 231
1738823409076 150.703207086722 232
1738823409103 150.59772946955275 233
1738823409124 150.49257428433728 234
1738823409151 150.38774031400865 235
1738823409172 150.28322634628339 236
1738823409203 150.1790311736426 237
1738823409225 150.0751535933131 238
1738823409246 149.9715924072485 239
1738823409270 149.86834642211048 240
1738823409296 149.76541444925016 241
1738823409315 149.66279530468947 242
1738823409348 149.56048780910268 243
1738823409373 149.45849078779793 244
1738823409393 149.35680307069876 245
1738823409416 149.25542349232592 246
1738823409435 149.1543508917792 247
1738823409452 149.05358411271897 248
1738823409470 148.9531220033486 249
1738823409485 148.85296341639588 250
1738823409504 148.7531072090955 251
1738823409519 148.65355224317102 252
1738823409534 148.55429738481706 253
1738823409558 148.45534150468157 254
1738823409597 148.35668347784818 255
1738823409625 148.25832218381882 256
1738823409646 148.1602565064957 257
1738823409667 148.0624853341645 258
1738823409687 147.96500755947636 259
1738823409705 147.86782207943108 260
1738823409720 147.77092779535965 261
1738823409735 147.67432361290705 262
1738823409754 147.57800844201512 263
1738823409769 147.4819811969058 264
1738823409786 147.38624079606373 265
1738823409803 147.29078616221986 266
1738823409819 147.1956162223341 267
1738823409836 147.10072990757885 268
1738823409859 147.0061261533222 269
1738823409876 146.91180389911162 270
1738823409893 146.8177620886566 271
1738823409912 146.72399966981305 272
1738823409930 146.63051559456642 273
1738823409948 146.53730881901518 274
1738823409971 146.4443783033549 275
1738823409987 146.35172301186176 276
1738823410005 146.25934191287644 277
1738823410020 146.1672339787879 278
1738823410036 146.07539818601757 279
1738823410055 145.98383351500323 280
1738823410072 145.89253895018285 281
1738823410092 145.80151347997932 282
1738823410109 145.71075609678405 283
1738823410123 145.62026579694157 284
1738823410139 145.53004158073367 285
1738823410156 145.44008245236418 286
1738823410172 145.35038741994282 287
1738823410189 145.26095549547017 288
1738823410227 145.17178569482223 289
1738823410246 145.08287703773482 290
1738823410268 144.99422854778842 291
1738823410288 144.90583925239295 292
1738823410312 144.81770818277258 293
1738823410329 144.72983437395052 294
1738823410352 144.64221686473408 295
1738823410375 144.55485469769968 296
1738823410396 144.46774691917776 297
1738823410419 144.38089257923804 298
1738823410446 144.29429073167464 299
1738823410470 144.20794043399144 300
1738823410495 144.1218407473871 301
1738823410521 144.0359907367407 302
1738823410533 143.95038947059706 303
1738823410554 143.86503602115212 304
1738823410577 143.77992946423865 305
1738823410605 143.69506887931155 306
1738823410627 143.61045334943393 307
1738823410647 143.52608196126226 308
1738823410668 143.44195380503277 309
1738823410689 143.35806797454657 310
1738823410709 143.27442356715616 311
1738823410735 143.19101968375088 312
1738823410763 143.10785542874316 313
1738823410780 143.0249299100545 314
1738823410801 142.94224223910155 315
1738823410822 142.85979153078213 316
1738823410848 142.77757690346172 317
1738823410871 142.69559747895948 318
1738823410889 142.61385238253467 319
1738823410910 142.53234074287295 320
1738823410929 142.4510616920729 321
1738823410953 142.37001436563241 322
1738823410985 142.2891979024353 323
1738823411013 142.2086114447377 324
1738823411031 142.12825413815497 325
1738823411058 142.04812513164822 326
1738823411079 141.9682235775111 327
1738823411098 141.8885486313565 328
1738823411115 141.8090994521036 329
1738823411129 141.72987520196455 330
1738823411152 141.65087504643157 331
1738823411169 141.5720981542639 332
1738823411189 141.49354369747485 333
1738823411208 141.415210851319 334
1738823411230 141.33709879427911 335
1738823411255 141.2592067080537 336
1738823411275 141.18153377754396 337
1738823411296 141.1040791908413 338
1738823411324 141.02684213921455 339
1738823411347 140.9498218170975 340
1738823411373 140.87301742207632 341
1738823411400 140.79642815487696 342
1738823411423 140.72005321935293 343
1738823411446 140.6438918224727 344
1738823411477 140.56794317430752 345
1738823411496 140.492206488019 346
1738823411522 140.41668097984694 347
1738823411543 140.3413658690972 348
1738823411564 140.2662603781293 349
1738823411590 140.19136373234468 350
1738823411610 140.1166751601744 351
1738823411630 140.04219389306715 352
1738823411663 139.96791916547747 353
1738823411689 139.8938502148537 354
1738823411709 139.81998628162606 355
1738823411754 139.74632660919508 356
1738823411780 139.67287044391955 357
1738823411802 139.59961703510504 358
1738823411819 139.52656563499207 359
1738823411842 139.45371549874451 360
1738823411856 139.3810658844382 361
1738823411872 139.308616053049 362
1738823411889 139.23636526844177 363
1738823411904 139.16431279735863 364
1738823411919 139.09245790940764 365
1738823411939 139.02079987705145 366
1738823411962 138.94933797559602 367
1738823411979 138.87807148317938 368
1738823412001 138.8069996807603 369
1738823412023 138.7361218521072 370
1738823412044 138.66543728378716 371
1738823412067 138.59494526515448 372
1738823412093 138.52464508833995 373
1738823412119 138.45453604823987 374
1738823412136 138.3846174425048 375
1738823412161 138.31488857152902 376
1738823412185 138.24534873843933 377
1738823412209 138.17599724908447 378
1738823412230 138.10683341202432 379
1738823412256 138.03785653851898 380
1738823412273 137.96906594251826 381
1738823412294 137.900460940651 382
1738823412314 137.83204085221433 383
1738823412340 137.7638049991634 384
1738823412370 137.69575270610048 385
1738823412392 137.62788330026473 386
1738823412425 137.56019611152172 387
1738823412469 137.49269047235296 388
1738823412484 137.42536571784564 389
1738823412504 137.35822118568217 390
1738823412519 137.2912562161301 391
1738823412538 137.2244701520317 392
1738823412559 137.1578623387939 393
1738823412576 137.09143212437803 394
1738823412596 137.0251788592898 395
1738823412617 136.95910189656922 396
1738823412657 136.89320059178044 397
1738823412678 136.82747430300194 398
1738823412702 136.7619223908164 399
1738823412718 136.696544218301 400
1738823412735 136.63133915101727 401
1738823412754 136.56630655700155 402
1738823412774 136.50144580675493 403
1738823412792 136.4367562732337 404
1738823412808 136.37223733183947 405
1738823412837 136.30788836040963 406
1738823412868 136.24370873920762 407
1738823412892 136.17969785091327 408
1738823412909 136.11585508061344 409
1738823412926 136.0521798157923 410
1738823412947 135.98867144632194 411
1738823412971 135.92532936445284 412
1738823412990 135.86215296480455 413
1738823413010 135.7991416443562 414
1738823413033 135.73629480243733 415
1738823413047 135.67361184071842 416
1738823413069 135.61109216320165 417
1738823413089 135.5487351762118 418
1738823413106 135.48654028838692 419
1738823413127 135.42450691066927 420
1738823413149 135.36263445629606 421
1738823413169 135.30092234079058 422
1738823413188 135.23936998195293 423
1738823413202 135.1779767998512 424
1738823413219 135.1167422168124 425
1738823413234 135.05566565741347 426
1738823413250 134.9947465484725 427
1738823413267 134.9339843190398 428
1738823413284 134.87337840038902 429
1738823413301 134.81292822600844 430
1738823413317 134.7526332315922 431
1738823413337 134.69249285503142 432
1738823413356 134.6325065364057 433
1738823413380 134.57267371797448 434
1738823413399 134.51299384416814 435
1738823413417 134.4534663615797 436
1738823413437 134.3940907189561 437
1738823413454 134.33486636718985 438
1738823413476 134.27579275931026 439
1738823413498 134.21686935047526 440
1738823413522 134.1580955979628 441
1738823413544 134.09947096116264 442
1738823413563 134.04099490156776 443
1738823413579 133.98266688276618 444
1738823413595 133.92448637043276 445
1738823413610 133.86645283232076 446
1738823413625 133.8085657382537 447
1738823413643 133.7508245601172 448
1738823413658 133.69322877185076 449
1738823413673 133.63577784943968 450
1738823413689 133.578471270907 451
1738823413705 133.52130851630528 452
1738823413723 133.46428906770885 453
1738823413746 133.40741240920548 454
1738823413771 133.35067802688872 455
1738823413789 133.2940854088497 456
1738823413814 133.2376340451695 457
1738823413828 133.18132342791108 458
1738823413852 133.12515305111145 459
1738823413880 133.069122410774 460
1738823413896 133.01323100486056 461
1738823413913 132.95747833328377 462
1738823413927 132.90186389789935 463
1738823413946 132.84638720249833 464
1738823413959 132.79104775279947 465
1738823413972 132.7358450564417 466
1738823413988 132.68077862297633 467
1738823414004 132.62584796385968 468
1738823414019 132.57105259244545 469
1738823414035 132.5163920239773 470
1738823414052 132.46186577558115 471
1738823414067 132.40747336625813 472
1738823414090 132.35321431687672 473
1738823414109 132.2990881501658 474
1738823414129 132.24509439070687 475
1738823414150 132.19123256492708 476
1738823414175 132.13750220109168 477
1738823414193 132.08390282929696 478
1738823414219 132.03043398146283 479
1738823414242 131.97709519132573 480
1738823414261 131.92388599443134 481
1738823414279 131.87080592812757 482
1738823414302 131.81785453155732 483
1738823414319 131.76503134565144 484
1738823414336 131.71233591312156 485
1738823414353 131.6597677784533 486
1738823414371 131.6073264878989 487
1738823414386 131.5550115894705 488
1738823414402 131.50282263293317 489
1738823414418 131.4507591697978 490
1738823414435 131.39882075331448 491
1738823414452 131.34700693846523 492
1738823414476 131.29531728195758 493
1738823414500 131.24375134221748 494
1738823414523 131.19230867938253 495
1738823414546 131.14098885529543 496
1738823414570 131.0897914334969 497
1738823414585 131.03871597921923 498
1738823414602 130.9877620593795 499
