1738823563052 119.4687347863136 0
1738823563068 101.14963452342434 1
1738823563087 91.0764347990389 2
1738823563100 82.0381393010352 3
1738823563117 99.4005508094784 4
1738823563136 83.10812985127755 5
1738823563156 92.94947430764881 6
1738823563174 74.23161523273356 7
1738823563191 67.0350209273703 8
1738823563209 74.04985430027702 9
1738823563227 59.865667936042655 10
1738823563242 59.03509073120291 11
1738823563259 62.3466998111989 12
1738823563277 85.75177461688087 13
1738823563294 52.8777241449691 14
1738823563309 78.13263593578782 15
1738823563325 65.14718118278235 16
1738823563340 49.89656132372081 17
1738823563357 70.82784503244956 18
1738823563376 55.871856068408356 19
1738823563394 63.32379678735422 20
1738823563407 60.29635591423797 21
1738823563431 66.87039755619156 22
1738823563449 56.82867585596778 23
1738823563469 45.56149004770297 24
1738823563483 55.30360069684273 25
1738823563502 45.597007550585786 26
1738823563519 40.80933657215393 27
1738823563535 39.152911468169016 28
1738823563553 34.79414375264033 29
1738823563573 54.017404408751474 30
1738823563592 52.05314826545494 31
1738823563612 43.07445801285834 32
1738823563629 38.18626858809752 33
1738823563644 49.29520718661946 34
1738823563658 64.04152025948389 35
1738823563674 57.081619562229186 36
1738823563689 36.99420796566939 37
1738823563708 50.852079175319204 38
1738823563737 46.8385466620738 39
1738823563758 54.798325692468225 40
1738823563776 34.73050524099246 41
1738823563795 40.067699943860625 42
1738823563812 37.67605504607677 43
1738823563829 41.49401590998279 44
1738823563857 38.501419463664384 45
1738823563874 29.21170660792409 46
1738823563892 45.798832743437394 47
1738823563912 33.318845806545085 48
1738823563929 39.702449864995614 49
1738823563949 36.744923528107826 50
1738823563964 38.76466537271177 51
1738823563980 38.98460743275646 52
1738823563996 33.12959978409873 53
1738823564012 31.202734438895593 54
1738823564028 43.06510025658423 55
1738823564043 35.72807499412206 56
1738823564057 31.006454608979134 57
1738823564073 38.23755670177761 58
1738823564090 30.07252836181314 59
1738823564121 38.985550894183824 60
1738823564147 35.91272509477902 61
1738823564174 24.55338882973808 62
1738823564189 32.80593139304768 63
1738823564209 34.213164166168504 64
1738823564223 29.117167528594063 65
1738823564239 32.497952146916695 66
1738823564251 33.684900008612296 67
1738823564266 35.214130217242904 68
1738823564281 28.44433834422947 69
1738823564297 42.10019843002747 70
1738823564310 53.947002966665934 71
1738823564338 27.45869933348421 72
1738823564359 27.14840075143319 73
1738823564386 50.00004662977201 74
1738823564411 24.673011161719106 75
1738823564429 33.76625560721398 76
1738823564449 21.82240355592017 77
1738823564471 20.636540445473262 78
1738823564488 26.77122752569571 79
1738823564506 27.829019345757352 80
1738823564529 32.399954892362054 81
1738823564578 29.185465928022087 82
1738823564597 21.740437698536418 83
1738823564617 26.77972992137494 84
1738823564635 26.98963824011123 85
1738823564653 27.588110667072126 86
1738823564671 38.18663479251292 87
1738823564690 20.412596573653673 88
1738823564704 22.25753052621453 89
1738823564735 33.12872634892033 90
1738823564753 23.754351683110166 91
1738823564775 20.40080110532358 92
1738823564795 26.769789234782696 93
1738823564820 21.550561869560745 94
1738823564836 25.942411884457176 95
1738823564852 22.760390567368262 96
1738823564870 18.924334574209073 97
1738823564894 19.19505795426617 98
1738823564910 19.25857488108313 99
1738823564926 21.45676015982469 100
1738823564944 20.90442430156884 101
1738823564963 16.762377309374017 102
1738823564978 17.534953003429695 103
1738823564997 22.088539127236327 104
1738823565020 20.10329581070851 105
1738823565035 30.050788616538604 106
1738823565056 19.943472760359022 107
1738823565071 18.732900424081635 108
1738823565091 20.582791356852173 109
1738823565113 18.520907675486104 110
1738823565138 13.393280881722596 111
1738823565157 17.610982601932267 112
1738823565178 14.88603447360054 113
1738823565197 17.99386119442438 114
1738823565213 23.93398019536225 115
1738823565228 19.355676860256043 116
1738823565246 24.00493478704168 117
1738823565263 22.060135187883652 118
1738823565280 16.55454034641953 119
1738823565296 13.331898711456194 120
1738823565320 14.947441320184964 121
1738823565338 13.48596706764368 122
1738823565357 15.53473497009801 123
1738823565373 14.52388909387389 124
1738823565389 15.572176789248614 125
1738823565406 14.43553499418825 126
1738823565423 16.798561379223415 127
1738823565442 20.5695119648725 128
1738823565459 22.003708798010447 129
1738823565475 15.70153495535481 130
1738823565496 14.565209817560199 131
1738823565513 15.081374627223466 132
1738823565536 16.689422014462043 133
1738823565553 14.163087174990475 134
1738823565569 15.792111124078435 135
1738823565588 13.6341451352699 136
1738823565607 11.190805756310251 137
1738823565624 13.901047076851087 138
1738823565647 17.081716600893486 139
1738823565673 12.995180724269494 140
1738823565694 15.6317101913096 141
1738823565711 10.456482158206738 142
1738823565725 14.735226726898071 143
1738823565741 13.647262262758483 144
1738823565764 13.489219920795824 145
1738823565791 10.614813296930276 146
1738823565806 13.836041695158833 147
1738823565823 11.202239518683701 148
1738823565841 11.55584042283936 149
1738823565857 12.499586263166115 150
1738823565883 14.14219412165156 151
1738823565896 12.239814809362718 152
1738823565917 10.489960261841002 153
1738823565941 11.249674513426202 154
1738823565959 11.333954080546189 155
1738823565973 13.824765387429952 156
1738823565991 13.53184884564431 157
1738823566009 14.897171396649785 158
1738823566029 8.830499006618298 159
1738823566058 9.86532419388864 160
1738823566074 11.575307334722988 161
1738823566097 13.406001727683334 162
1738823566142 16.756386783787438 163
1738823566166 18.649199341583603 164
1738823566188 14.173631786566672 165
1738823566210 16.38367688845705 166
1738823566228 9.496164345306754 167
1738823566246 9.878881728101268 168
1738823566269 9.074124621566831 169
1738823566290 11.794172751811978 170
1738823566308 9.230101703882486 171
1738823566329 8.195382154721806 172
1738823566382 10.106085691243555 173
1738823566407 10.07400300045313 174
1738823566435 8.60839282036679 175
1738823566454 8.108206102009479 176
1738823566476 8.167663921183394 177
1738823566523 7.751790996998722 178
1738823566548 11.913195218392522 179
1738823566564 9.683069483324985 180
1738823566579 8.024011209112317 181
1738823566600 7.146433844302932 182
1738823566616 10.396965105409068 183
1738823566632 9.713353719790165 184
1738823566650 9.052441870501308 185
1738823566668 7.957375099615769 186
1738823566685 8.303127802424097 187
1738823566703 10.603292076259535 188
1738823566721 9.194461792073376 189
1738823566738 8.760404165200741 190
1738823566759 12.905219734373217 191
1738823566777 7.676085092322997 192
1738823566797 9.24016180567908 193
1738823566817 8.038375518932433 194
1738823566839 7.297357127436242 195
1738823566859 8.345995474210318 196
1738823566881 8.46337646951556 197
1738823566900 7.183307858671675 198
1738823566916 8.389206030037874 199
1738823566934 6.737199104833736 200
1738823566950 7.325718213899354 201
1738823566970 7.438901500045381 202
1738823566985 8.34133789912163 203
1738823567005 6.796222397154755 204
1738823567024 6.617442456461107 205
1738823567042 7.232843527144763 206
1738823567064 8.00790177435706 207
1738823567080 7.571234715489822 208
1738823567099 6.4234760790800145 209
1738823567115 6.131014058355201 210
1738823567129 6.905614109264545 211
1738823567144 5.891121440752647 212
1738823567159 5.5581686976975 213
1738823567175 7.59748458252129 214
1738823567191 6.347846565991069 215
1738823567206 5.69769996669697 216
1738823567258 7.500450364717863 217
1738823567332 5.654740186614699 218
1738823567350 7.9680630513356565 219
1738823567374 7.343832689434591 220
1738823567404 6.116081635765144 221
1738823567429 6.795089338076099 222
1738823567446 6.175368088378348 223
1738823567467 5.050421320746585 224
1738823567486 6.169789089835562 225
1738823567505 4.541093271273887 226
1738823567522 5.585335569333043 227
1738823567536 4.968324102261194 228
1738823567555 9.354159806420855 229
1738823567573 6.039639416090734 230
1738823567604 6.699129371946173 231
1738823567618 5.227306143534902 232
1738823567636 4.779290653853684 233
1738823567650 6.253826852885569 234
1738823567668 5.0629574197905525 235
1738823567682 5.508750181738464 236
1738823567697 5.165635748502597 237
1738823567716 5.738026498948636 238
1738823567735 6.392120799684805 239
1738823567761 4.766662134330547 240
1738823567784 4.55344255211972 241
1738823567803 5.524324026465749 242
1738823567822 4.882580789861471 243
1738823567841 4.3859171949917775 244
1738823567855 6.488669482159907 245
1738823567874 5.012620855800249 246
1738823567892 5.830542280015868 247
1738823567912 4.896126564718148 248
1738823567933 3.4397002610946856 249
1738823567958 4.427959733028782 250
1738823567978 4.138726188426112 251
1738823567999 3.4515314765217986 252
1738823568036 4.916245993515411 253
1738823568057 3.967541418191579 254
1738823568078 3.831265551385406 255
1738823568098 4.575616804240911 256
1738823568117 4.079354723230232 257
1738823568139 4.266552848168379 258
1738823568156 4.421551425155369 259
1738823568176 4.72114241002397 260
1738823568198 3.6700638729479746 261
1738823568214 3.425189471647461 262
1738823568233 3.650759800374044 263
1738823568257 3.7243644826390816 264
1738823568275 4.127964183722937 265
1738823568296 4.732806136527116 266
1738823568317 2.9920136047369765 267
1738823568336 3.0144298652339465 268
1738823568355 4.057940197061739 269
1738823568375 4.784394504147689 270
1738823568393 3.834457352992664 271
1738823568412 4.562106474219699 272
1738823568433 4.335704082215527 273
1738823568453 3.039081319441402 274
1738823568469 2.4423000570621967 275
1738823568490 3.227308665344066 276
1738823568510 2.7985367520315316 277
1738823568529 3.8715210434381864 278
1738823568548 3.4030604665561612 279
1738823568603 4.342144693169206 280
1738823568627 2.764018150110432 281
1738823568642 2.8969267537697414 282
1738823568661 3.147229729319818 283
1738823568680 3.831656993856977 284
1738823568702 3.624187487142429 285
1738823568718 2.5889968867986064 286
1738823568731 3.00273210631087 287
1738823568746 2.340888991157307 288
1738823568764 3.467695214570303 289
1738823568785 3.2095908278236123 290
1738823568836 3.3034994616779585 291
1738823568855 2.63990710629174 292
1738823568870 3.489438550274418 293
1738823568889 2.608127291421396 294
1738823568906 2.706602525084477 295
1738823568925 2.4936612764203177 296
1738823568944 3.338285008281416 297
1738823568964 2.663693279002186 298
1738823569005 2.091409895031786 299
1738823569024 2.3501356791058137 300
1738823569043 2.260333796701245 301
1738823569067 3.4477036027798365 302
1738823569086 2.4726312060067404 303
1738823569103 2.7236462033754014 304
1738823569123 2.4336560759619728 305
1738823569139 2.868409254722917 306
1738823569162 2.768262492364845 307
1738823569184 2.663997465118173 308
1738823569199 3.166127025482837 309
1738823569213 2.790288275009259 310
1738823569232 2.2814310974781478 311
1738823569248 2.4024249332979 312
1738823569263 2.1537357663475025 313
1738823569277 3.044678936531199 314
1738823569295 2.680355209302356 315
1738823569311 2.500567783563863 316
1738823569326 2.300207343169561 317
1738823569343 2.7793563434159765 318
1738823569352 1.7318702374311694 319
1738823569368 2.732435181026981 320
1738823569380 1.8794060332703553 321
1738823569394 2.81574574986879 322
1738823569407 2.0771560686524966 323
1738823569426 2.1608444613586344 324
1738823569446 2.4025871328681974 325
1738823569460 2.262151398924753 326
1738823569481 2.129743062015746 327
1738823569501 2.917146343731298 328
1738823569524 2.1232591103560883 329
1738823569549 1.8801860854057484 330
1738823569566 2.0113675548441567 331
1738823569582 1.7238197415341217 332
1738823569598 2.734039681921909 333
1738823569613 1.7787978150448474 334
1738823569629 1.5104941846659734 335
1738823569645 2.1569447735183154 336
1738823569660 1.717511850418442 337
1738823569680 1.592964831968038 338
1738823569696 1.5859187602487297 339
1738823569710 2.1042129997901027 340
1738823569729 2.082084977712358 341
1738823569759 1.5496480675450688 342
1738823569782 2.5518300681130532 343
1738823569801 1.8500771749835354 344
1738823569817 1.949062323812641 345
1738823569834 2.1175077227243766 346
1738823569857 1.7081593262119283 347
1738823569873 1.8396219116236003 348
1738823569892 1.7097402279801337 349
1738823569912 1.849718411403437 350
1738823569930 1.7300644861618255 351
1738823569948 1.7892399486294663 352
1738823569967 1.3193873926861133 353
1738823569986 1.3060796608265133 354
1738823570002 1.3993981366988648 355
1738823570020 1.5125960627011312 356
1738823570038 1.5149456999021416 357
1738823570055 2.2266818370225567 358
1738823570076 1.7779253738116625 359
1738823570095 1.721127267464563 360
1738823570115 2.4235471791865 361
1738823570138 1.0963114754726433 362
1738823570172 1.423918758264587 363
1738823570193 1.6425312503275917 364
1738823570218 1.3486380350167246 365
1738823570239 1.175393078552295 366
1738823570260 1.3966840611362652 367
1738823570280 1.3894045611668584 368
1738823570302 1.2384387679286915 369
1738823570321 1.1497730913109387 370
1738823570341 1.2506170728853458 371
1738823570356 1.4288330364378146 372
1738823570373 1.4513706190913171 373
1738823570388 1.7944156316233382 374
1738823570405 1.330277104522404 375
1738823570421 1.1300334031276713 376
1738823570433 1.7271205848645088 377
1738823570448 1.6689369899686133 378
1738823570464 1.245154882316917 379
1738823570484 1.0789905439234253 380
1738823570503 1.2103911641785547 381
1738823570523 1.2739505598887442 382
1738823570541 1.677051488201076 383
1738823570565 1.3912837351628426 384
1738823570586 1.197839403029988 385
1738823570607 1.4031141391724107 386
1738823570629 1.5384838705233255 387
1738823570649 1.2292346126312288 388
1738823570672 1.7243436038523374 389
1738823570690 1.4863168724973028 390
1738823570713 0.974652807932863 391
1738823570730 1.2667691494033573 392
1738823570748 0.943314586676075 393
1738823570775 0.9284482573948099 394
1738823570794 1.581021711832572 395
1738823570817 1.347455853267774 396
1738823570834 1.6203300099164681 397
1738823570859 1.7368122208999819 398
1738823570880 0.9838699762627487 399
1738823570907 0.8210772017414506 400
1738823570924 1.1651286176491236 401
1738823570943 1.2561142225691864 402
1738823570957 0.9761241858660406 403
1738823570972 1.1949779563310674 404
1738823570987 1.1879137896253797 405
1738823571004 0.9616228221277785 406
1738823571020 1.350584217188251 407
1738823571037 0.8557582032358184 408
1738823571055 1.6861920718367103 409
1738823571073 0.9649526099816699 410
1738823571088 1.3041154442987235 411
1738823571102 1.1376018768235576 412
1738823571121 0.8776973111150344 413
1738823571136 1.3189305869811931 414
1738823571152 1.2817509670993683 415
1738823571167 1.151417508703716 416
1738823571188 0.9112479583108899 417
1738823571204 0.864511129441665 418
1738823571220 1.2125143983617999 419
1738823571235 0.8853172930913931 420
1738823571253 1.0791801627219262 421
1738823571269 0.9661966295442027 422
1738823571286 1.471933895947918 423
1738823571301 1.2279648185889283 424
1738823571319 0.950497174879649 425
1738823571335 1.207918903797012 426
1738823571353 0.7463361425636146 427
1738823571371 0.8746939864520102 428
1738823571390 1.004493696829918 429
1738823571408 0.7179022191492478 430
1738823571432 1.1300441062828117 431
1738823571448 1.0351510849970669 432
1738823571466 0.9843665471484655 433
1738823571481 0.9658998045190338 434
1738823571499 1.004973459035531 435
1738823571519 0.9820670939539685 436
1738823571536 1.0021341836116482 437
1738823571554 0.6710661297944559 438
1738823571569 1.0228759673233987 439
1738823571593 0.9761571932665641 440
1738823571611 0.8267233323474442 441
1738823571628 0.7861416423188904 442
1738823571645 0.8699940951139421 443
1738823571659 0.6231816210809512 444
1738823571676 0.9214042668312726 445
1738823571693 0.7986756603292272 446
1738823571710 0.7393440382520822 447
1738823571728 0.5545379582667713 448
1738823571744 0.5828800264871434 449
1738823571766 0.7629040927615492 450
1738823571787 0.7907065311351239 451
1738823571805 0.7329403582897289 452
1738823571829 0.6710485670700607 453
1738823571848 0.9233167815158162 454
1738823571860 0.6246898467882235 455
1738823571877 0.8347490593471096 456
1738823571895 0.739268072789053 457
1738823571911 0.5406798086033708 458
1738823571932 0.9578158946047013 459
1738823571949 0.71799438027845 460
1738823571964 0.5503097722496216 461
1738823571979 0.9527890924010556 462
1738823571997 0.6165727526944907 463
1738823572015 0.7439578347011888 464
1738823572035 0.7025870987398437 465
1738823572053 0.6640806356747132 466
1738823572074 0.9201089834718278 467
1738823572093 0.9685052306993007 468
1738823572113 0.5695618172777255 469
1738823572128 0.7726334917278228 470
1738823572147 0.8604000418331522 471
1738823572162 0.6563824738563167 472
1738823572176 0.6805359494044854 473
1738823572190 0.7646035955404185 474
1738823572202 0.523343130596219 475
1738823572217 1.0819190675328354 476
1738823572236 0.9136894081508405 477
1738823572256 0.6756203315327797 478
1738823572274 0.6318356727521806 479
1738823572303 0.5743457147427786 480
1738823572314 0.6345892186182438 481
1738823572332 0.5470626821977963 482
1738823572355 0.48683732704735505 483
1738823572372 0.3968508630734028 484
1738823572390 0.5096106649247928 485
1738823572406 0.7029794492382161 486
1738823572424 0.7315983631739337 487
1738823572439 0.5542195247342177 488
1738823572457 0.44383719685246625 489
1738823572471 0.4980420619475861 490
1738823572487 0.5669551868398673 491
1738823572506 0.5900895711956268 492
1738823572525 0.7236686149788637 493
1738823572542 0.6855162331681667 494
1738823572559 0.6274310514844231 495
1738823572578 0.6216691842172221 496
1738823572593 0.45372261997811886 497
1738823572609 0.4758113975807022 498
1738823572626 0.5610069766021536 499
