1738680104190 166.92317896838478 0
1738680104196 170.05454959973534 1
1738680104203 169.0992280891417 2
1738680104210 170.37980682997286 3
1738680104216 168.24316862196096 4
1738680104223 167.60951801537936 5
1738680104229 168.82140587605633 6
1738680104235 164.79325739964128 7
1738680104241 168.89057030191324 8
1738680104248 169.85473189985072 9
1738680104254 166.69004987993205 10
1738680104260 166.1175438256435 11
1738680104266 170.35652020960063 12
1738680104276 168.42273764813532 13
1738680104282 166.88164583182294 14
1738680104289 169.7137175966921 15
1738680104296 168.11400223774044 16
1738680104303 168.19311829758124 17
1738680104310 171.95088336532498 18
1738680104316 171.25934803634115 19
1738680104322 165.9193997562447 20
1738680104328 170.59316954330106 21
