1738679508849 143.58513617088994 0
1738679508891 168.43489527390403 1
1738679508933 175.58927270094333 2
1738679508974 157.52334359741292 3
1738679509016 174.14079543630618 4
1738679509074 147.19254332906942 5
1738679509122 168.0555933614012 6
1738679509165 171.6578239586175 7
1738679509209 179.4043646207013 8
1738679509250 155.43364286626482 9
1738679509293 172.41974861134986 10
1738679509334 167.77971123189218 11
1738679509376 188.0649891921195 12
1738679509417 153.77815191081513 13
1738679509458 154.92842311989435 14
1738679509499 145.71365751860165 15
1738679509541 148.6313949250765 16
1738679509582 155.55786328058704 17
1738679509623 163.90683950322907 18
1738679509664 176.6910610887396 19
1738679509706 181.84878171426297 20
1738679509748 169.80215209111185 21
1738679509791 159.85329661526154 22
1738679509834 165.3200520289423 23
1738679509875 169.05007903991802 24
1738679509916 156.16196549662223 25
1738679509958 169.70409531638447 26
1738679509999 155.36425165361672 27
1738679510041 200.46710828177277 28
1738679510082 157.98837272654114 29
1738679510123 141.98742008495918 30
1738679510165 194.98130917619514 31
1738679510206 165.39992671580583 32
1738679510247 179.20462240430663 33
1738679510288 178.74655229801348 34
1738679510329 119.71409239613178 35
1738679510370 154.50969477445312 36
1738679510414 166.96718882481753 37
1738679510457 158.45865376630925 38
1738679510498 154.4401753101196 39
1738679510540 159.54440067160542 40
1738679510582 151.22603469811463 41
1738679510623 165.21827336164083 42
1738679510664 151.02784101209926 43
1738679510705 201.2963348186271 44
1738679510746 169.97545527934756 45
1738679510788 221.48403731844445 46
1738679510829 171.97115220932923 47
1738679510870 159.01611862331376 48
1738679510911 148.27757616238526 49
1738679510953 234.07278567249125 50
1738679510994 179.96806038770214 51
1738679511035 164.51065739186453 52
1738679511079 172.73628279814477 53
1738679511123 149.69884218222523 54
1738679511164 161.1977930223109 55
1738679511205 167.85199093187853 56
1738679511247 172.43580992585973 57
1738679511288 168.96481043555252 58
1738679511329 174.94300204715563 59
1738679511370 173.08054871558352 60
1738679511411 209.65577743535218 61
1738679511452 164.3494224765158 62
1738679511498 177.411974086216 63
1738679511541 166.61114317821983 64
1738679511584 169.51772809436912 65
1738679511626 150.70205002167694 66
1738679511668 158.1296437839169 67
1738679511710 148.1802296611162 68
1738679511751 178.20238018639836 69
1738679511792 179.9031316955623 70
1738679511834 170.51404520119505 71
1738679511876 139.93283670912518 72
1738679511918 155.7166640573505 73
1738679511959 177.24931937974182 74
1738679512001 165.02708680553505 75
1738679512043 162.2004112060321 76
1738679512084 177.9260152416859 77
1738679512131 161.11751567053378 78
1738679512177 147.7533593606839 79
1738679512223 155.35768537537294 80
1738679512269 166.64599900146368 81
1738679512315 180.47481912760824 82
1738679512360 197.7776798410574 83
1738679512406 149.28490576908766 84
1738679512450 177.79426583195774 85
1738679512495 168.50621610190376 86
1738679512540 174.56194898017728 87
1738679512586 177.44191926822631 88
1738679512632 178.0053994910792 89
1738679512677 203.8831678329774 90
1738679512722 172.35293368719383 91
1738679512768 243.01918376093678 92
1738679512813 169.45629302629837 93
1738679512857 158.2986401169114 94
1738679512899 139.57699198250396 95
1738679512941 166.2084521980432 96
1738679512982 170.37959438760691 97
1738679513024 188.46591967838725 98
1738679513065 184.18472213843805 99
1738679513107 165.67950842110673 100
1738679513148 181.02160302188622 101
1738679513190 151.3429212187171 102
1738679513231 159.18733524937778 103
1738679513272 168.76939065364257 104
1738679513313 178.06784319521685 105
1738679513354 151.17332449669098 106
1738679513396 169.37610941421698 107
1738679513437 164.68836876952787 108
1738679513478 173.87960374820435 109
1738679513520 189.49494867080443 110
1738679513561 168.1910148061431 111
1738679513602 149.97345672504508 112
1738679513643 161.81262876583068 113
1738679513685 177.21565313959553 114
1738679513726 166.9499056725945 115
1738679513767 154.76704743900666 116
1738679513808 186.1054842666945 117
1738679513849 156.5411197401808 118
1738679513890 162.7892989305447 119
1738679513931 169.11861196272758 120
1738679513972 169.63880052380404 121
1738679514014 165.25877138837046 122
1738679514056 163.71886707987065 123
1738679514098 144.74955022919934 124
1738679514139 179.68057576871107 125
1738679514181 149.421859478083 126
1738679514222 171.16107075728135 127
1738679514263 161.46880026497385 128
1738679514304 170.97363656790105 129
1738679514346 151.92576814740144 130
1738679514387 162.61309464779094 131
1738679514428 158.1786269466717 132
1738679514469 162.6565486859215 133
1738679514510 179.60052758427736 134
1738679514551 158.67904021846684 135
1738679514592 153.7025055202488 136
1738679514633 168.57154396822833 137
1738679514673 164.47982084477522 138
1738679514715 138.55570666517372 139
1738679514756 194.6466259496584 140
1738679514797 170.23353672869442 141
1738679514838 159.2258553349821 142
1738679514879 169.90838398070466 143
1738679514921 183.64110372969316 144
1738679514961 166.96531116000418 145
1738679515003 167.9194053283289 146
1738679515048 171.20590263732942 147
1738679515092 126.8608372102877 148
1738679515134 168.4046248895721 149
1738679515175 193.6480314586959 150
1738679515216 149.6362946923089 151
1738679515257 168.85888536710996 152
1738679515299 151.60769125797248 153
1738679515340 259.2074706950387 154
1738679515381 157.6626687301769 155
1738679515422 177.27999697313052 156
1738679515463 157.13988120951493 157
1738679515505 156.80546194485382 158
1738679515546 165.18877376988712 159
1738679515588 175.41052318246895 160
1738679515629 137.95522870235706 161
1738679515670 159.6399311731798 162
1738679515711 174.90350220023038 163
1738679515752 182.62547970935813 164
1738679515793 156.24189003947464 165
1738679515834 164.40560701597258 166
1738679515876 172.0218936744996 167
1738679515917 167.49963491230733 168
1738679515958 161.40417360454845 169
1738679515998 176.44365794369264 170
1738679516040 171.36675087765292 171
1738679516081 225.23096509448018 172
1738679516122 166.92468472633385 173
1738679516163 177.0282476170656 174
1738679516205 188.80501616920154 175
1738679516246 152.21785021109912 176
1738679516288 196.66542173457094 177
1738679516329 165.2720624101563 178
1738679516370 166.96230078920433 179
1738679516411 166.7923951730885 180
1738679516452 151.19806674708363 181
1738679516493 156.65327416418882 182
1738679516534 180.72440493986954 183
1738679516575 161.7972512376888 184
1738679516617 172.6717136456186 185
1738679516658 171.78936582537816 186
1738679516699 169.80395899911065 187
1738679516740 189.58041582739196 188
1738679516782 185.73116726491088 189
1738679516823 162.8820322426035 190
1738679516864 159.76553763631605 191
1738679516905 155.3701494582794 192
1738679516948 159.08013342833203 193
1738679516991 189.28883687307675 194
1738679517032 186.2055046773243 195
1738679517074 162.23983558976175 196
1738679517115 163.8794446782863 197
1738679517156 169.41756150744908 198
1738679517197 172.8772439634054 199
1738679517238 162.54948041389753 200
1738679517279 168.60814687998584 201
1738679517320 156.78875288888256 202
1738679517361 169.85500496008171 203
1738679517402 173.01201302786953 204
1738679517443 172.82419100221435 205
1738679517485 178.37846923467595 206
1738679517527 163.35292771521495 207
1738679517568 171.87677285880636 208
1738679517609 162.65421254922262 209
1738679517650 148.7460386478115 210
1738679517691 172.6020459341059 211
1738679517732 180.26209483309748 212
1738679517773 153.6323127104467 213
1738679517814 169.47257055387863 214
1738679517855 171.19614082393073 215
1738679517896 171.5520056306193 216
1738679517937 169.92969589016437 217
1738679517978 170.29032521888809 218
1738679518019 161.97075502398977 219
1738679518061 156.62809855351017 220
1738679518102 173.70222899549012 221
1738679518144 160.10323349198515 222
1738679518185 190.88217671582126 223
1738679518227 182.05764931399187 224
1738679518268 175.93185765172964 225
1738679518309 209.8804107946812 226
1738679518350 187.30014988474394 227
1738679518391 175.35840333923397 228
1738679518432 165.01885908063971 229
1738679518473 170.1145612436951 230
1738679518514 167.81765133851385 231
1738679518555 182.799523395093 232
1738679518596 145.45961584508495 233
1738679518637 164.1560788584238 234
1738679518679 163.6793953450521 235
1738679518720 158.18193487707148 236
1738679518760 149.9155791014312 237
1738679518801 165.1329120591144 238
1738679518843 176.32782443631336 239
1738679518883 182.00359984444847 240
1738679518924 159.2822776935548 241
1738679518965 178.08508501427931 242
1738679519007 165.5250194219264 243
1738679519049 184.88257440608422 244
1738679519090 171.77190635423372 245
1738679519131 170.91024393967137 246
1738679519172 173.24736997219813 247
1738679519213 205.87389330566833 248
1738679519254 169.05832633564998 249
1738679519295 153.18394022914663 250
1738679519336 161.44152423969817 251
1738679519377 178.8020820571538 252
1738679519418 160.62214252215566 253
1738679519459 163.79003808012595 254
1738679519501 170.82078788524453 255
1738679519543 179.78916547908457 256
1738679519584 146.00906643110332 257
1738679519625 181.37852866010525 258
1738679519666 155.1031574037538 259
1738679519707 147.464793255041 260
1738679519749 174.62905646449155 261
1738679519790 152.52710146579608 262
1738679519831 162.53276969285167 263
1738679519872 168.07128030903476 264
1738679519913 175.55101054107382 265
1738679519954 156.83079531781522 266
1738679519995 162.61444069311048 267
1738679520036 142.27115197680672 268
1738679520080 181.83804023921667 269
1738679520123 166.36455592259964 270
1738679520165 170.38701921925875 271
1738679520207 161.39235703683818 272
1738679520248 165.56479545391988 273
1738679520289 194.2378108834231 274
1738679520330 147.61610427607275 275
1738679520372 186.45958323783037 276
1738679520413 143.14846782372018 277
1738679520454 169.52022669081396 278
1738679520496 166.26807172475415 279
1738679520537 165.62244698190256 280
1738679520579 159.60406907766017 281
1738679520620 163.15586452033295 282
1738679520661 184.96846805808835 283
1738679520703 188.57449544804206 284
1738679520744 164.03898079669537 285
1738679520785 173.93599145166579 286
1738679520826 159.15575893608204 287
1738679520868 191.24284633386722 288
1738679520909 176.9128050668568 289
1738679520951 153.98157769511838 290
1738679520991 185.54771117529575 291
1738679521032 186.60458536510004 292
1738679521074 196.88673534659205 293
1738679521115 173.38466928422056 294
1738679521156 162.033258778406 295
1738679521197 163.25028381055586 296
1738679521241 171.26379448034086 297
1738679521283 170.3869468019613 298
1738679521324 160.51959687375995 299
1738679521365 170.8501141536438 300
1738679521406 183.96606257797163 301
1738679521447 168.19876294749886 302
1738679521489 159.7202037440747 303
1738679521530 162.7885273806171 304
1738679521571 171.10652799947914 305
1738679521613 186.8027461908738 306
1738679521654 182.76655690711533 307
1738679521696 159.5198006955288 308
1738679521737 155.94687908570026 309
1738679521778 175.55169157451792 310
1738679521820 153.24830435560847 311
1738679521864 157.87625237825193 312
1738679521909 164.43517526853543 313
1738679521951 164.02182813161986 314
1738679521996 173.38675561706722 315
1738679522041 157.40617016455752 316
1738679522083 166.04599954062135 317
1738679522125 172.30603581926886 318
1738679522166 162.56636003141756 319
1738679522207 171.69691310034113 320
1738679522249 172.17206683031338 321
1738679522290 169.0598862684109 322
1738679522331 158.8755247438819 323
1738679522373 175.24332642204715 324
1738679522414 179.0543011396186 325
1738679522456 174.96137631028157 326
1738679522497 169.38451964557188 327
1738679522538 163.45909120804288 328
1738679522580 169.6187730997506 329
1738679522621 173.03092382844488 330
1738679522663 182.01523845526503 331
1738679522704 165.89856909321398 332
1738679522745 157.63872497201837 333
1738679522786 162.11037279579023 334
1738679522827 163.3929274647389 335
1738679522868 163.10220169141556 336
1738679522909 166.34707398510162 337
1738679522951 162.154180943263 338
1738679522991 161.20615314748423 339
1738679523033 161.6931703072153 340
1738679523075 160.5250301089698 341
1738679523116 158.26971039571225 342
1738679523157 184.42184116833644 343
1738679523199 160.76936219322243 344
1738679523240 153.49050677617473 345
1738679523282 164.93782792411474 346
1738679523323 153.14730922213568 347
1738679523364 209.94085822389542 348
1738679523405 180.18875287824793 349
1738679523446 183.98947440776058 350
1738679523487 159.3582312265494 351
1738679523528 173.55361163991242 352
1738679523569 186.71658605308312 353
1738679523610 173.46552657905548 354
1738679523651 169.15570171432645 355
1738679523692 178.26958352094644 356
1738679523734 152.53134604653053 357
1738679523775 171.17923959752446 358
1738679523816 150.457831028515 359
1738679523857 174.41576152796625 360
1738679523898 166.9193211385967 361
1738679523939 177.98932512934581 362
1738679523980 165.70816783285255 363
1738679524021 169.95113815305493 364
1738679524062 171.20101661598594 365
1738679524103 173.0469218474042 366
1738679524144 174.59146481250258 367
1738679524186 156.20333121837123 368
1738679524227 159.25996101649818 369
1738679524268 166.8702830407769 370
1738679524309 149.28640201337245 371
1738679524350 167.02087275179903 372
1738679524391 121.9725317684252 373
1738679524432 162.37309035671473 374
1738679524473 181.0712596547012 375
1738679524515 160.49144645588015 376
1738679524556 156.20725890436657 377
1738679524597 169.59876753298298 378
1738679524638 191.50443992956235 379
1738679524679 174.47983424297573 380
1738679524720 191.36999274467226 381
1738679524761 173.41097355191 382
1738679524802 184.34223164977712 383
1738679524843 174.38870800523668 384
1738679524884 145.15553915397447 385
1738679524925 167.89843823443883 386
1738679524968 240.2295327000261 387
1738679525009 164.40599670802632 388
1738679525051 174.50655969519377 389
1738679525092 155.51174383400874 390
1738679525133 171.9655997303148 391
1738679525174 182.1122406490084 392
1738679525215 168.83963316814643 393
1738679525256 140.32740667182122 394
1738679525297 159.0997711441005 395
1738679525338 170.68594387027503 396
1738679525378 181.02458630407293 397
1738679525419 158.75860750835744 398
1738679525460 170.25110700959868 399
1738679525501 160.02675612925634 400
1738679525543 156.51174493497396 401
1738679525584 165.967805596211 402
1738679525626 165.28524990841652 403
1738679525667 155.85750119921784 404
1738679525708 160.34950065105917 405
1738679525749 154.3883404063996 406
1738679525790 165.07788779412135 407
1738679525831 147.98929997470321 408
1738679525872 176.9153113825927 409
1738679525914 188.38684197338378 410
1738679525955 183.64549936560675 411
1738679525996 168.45750055138043 412
1738679526037 162.18302603653245 413
1738679526079 177.2831227670448 414
1738679526120 176.09517409894713 415
1738679526161 170.99545593120465 416
1738679526202 167.77858340964616 417
1738679526243 188.03942780555525 418
1738679526284 169.3100905348297 419
1738679526325 174.49437759327122 420
1738679526366 146.94408284080282 421
1738679526408 179.94297662218074 422
1738679526450 177.79341777991726 423
1738679526492 164.07357469822668 424
1738679526534 212.70433192786075 425
1738679526577 182.7090038856052 426
1738679526619 165.45586213024225 427
1738679526661 181.24438920115972 428
1738679526703 166.9189370921147 429
1738679526745 178.602349209482 430
1738679526787 181.49109689501364 431
1738679526828 167.4155929843954 432
1738679526869 157.5175503828152 433
1738679526910 173.41546075161253 434
1738679526952 174.8716733411403 435
1738679526992 174.27809822839527 436
1738679527033 173.3179593496032 437
1738679527075 170.46841470511094 438
1738679527116 169.95687440577265 439
1738679527157 174.35314401131427 440
1738679527198 176.85280729397223 441
1738679527240 147.07566499078885 442
1738679527283 158.27997432920645 443
1738679527324 162.2994666957373 444
1738679527366 165.08443119429828 445
1738679527406 150.81389295275096 446
1738679527447 184.31138372393778 447
1738679527489 168.23220800631847 448
1738679527530 164.06062585064052 449
1738679527571 187.32251707401377 450
1738679527612 160.4786309524086 451
1738679527653 173.08045554360965 452
1738679527694 209.23412714165084 453
1738679527735 163.25872334319098 454
1738679527776 154.1077991093261 455
1738679527818 168.49869106502103 456
1738679527860 176.16845539674947 457
1738679527902 186.73965969594553 458
1738679527943 150.20672382125298 459
1738679527984 169.7212081559419 460
1738679528025 169.52871208077482 461
1738679528067 168.03644478939046 462
1738679528109 146.79575408050735 463
1738679528151 170.515211663708 464
1738679528192 170.48725534887572 465
1738679528234 157.2419238589083 466
1738679528275 202.85984875570176 467
1738679528316 161.33697555876668 468
1738679528357 173.28861396342674 469
1738679528397 146.5219028477594 470
1738679528438 165.72775401668832 471
1738679528479 152.14278998958974 472
1738679528520 151.130221717597 473
1738679528561 172.80969248593402 474
1738679528603 169.08599231058128 475
1738679528644 139.92495433831547 476
1738679528685 163.18405496078617 477
1738679528726 165.12125145037712 478
1738679528768 157.14386976859035 479
1738679528808 182.24021579481527 480
1738679528849 192.4820694296112 481
1738679528891 171.3116836838669 482
1738679528931 171.58497197200379 483
1738679528972 180.73660190628354 484
1738679529014 153.61785284201096 485
1738679529056 175.90876427774782 486
1738679529098 140.95544994806747 487
1738679529139 166.60454724625237 488
1738679529181 178.44459557346227 489
1738679529222 168.1565500882333 490
1738679529263 162.72759907636507 491
1738679529304 170.16374196643872 492
1738679529345 149.59739373635014 493
1738679529386 197.2373479520989 494
1738679529427 182.40273776919173 495
1738679529468 168.71313296433047 496
1738679529510 168.05771484884696 497
1738679529551 150.65745017675516 498
1738679529592 189.13617520991065 499
