1738826037857 169.3179111913769 0
1738826037885 169.31020354601472 1
1738826037921 169.30183500510984 2
1738826037950 169.29291313996032 3
1738826037974 169.28353601901705 4
1738826038000 169.27379261200727 5
1738826038024 169.26376325264116 6
1738826038061 169.25352013849275 7
1738826038082 169.2431278511333 8
1738826038101 169.23264388328238 9
1738826038116 169.2221191627646 10
1738826038133 169.21159856552273 11
1738826038163 169.20112141194417 12
1738826038190 169.19072194237629 13
1738826038217 169.1804297690064 14
1738826038247 169.1702703023224 15
1738826038271 169.1602651511897 16
1738826038298 169.1504324962239 17
1738826038318 169.14078743663484 18
1738826038341 169.13134231109458 19
1738826038365 169.12210699346147 20
1738826038392 169.11308916439452 21
1738826038411 169.1042945600296 22
1738826038429 169.09572719897653 23
1738826038445 169.0873895889441 24
1738826038461 169.07928291431605 25
1738826038479 169.07140720599315 26
1738826038497 169.06376149478984 27
1738826038515 169.05634394963354 28
1738826038536 169.04915200176615 29
1738826038562 169.04222691880892 30
1738826038585 169.03555698738612 31
1738826038611 169.02913105104057 32
1738826038630 169.0229384804567 33
1738826038650 169.01696914602644 34
1738826038686 169.01121339242928 35
1738826038731 169.0056620149622 36
1738826038752 169.00030623739943 37
1738826038773 168.99518349795267 38
1738826038799 168.99027846933154 39
1738826038819 168.98557713662123 40
1738826038854 168.98106666666354 41
1738826038886 168.97673529173858 42
1738826038920 168.97257220586624 43
1738826038941 168.96856747225624 44
