1738825323441 186.00783998158605 0
1738825323475 170.4553679187049 1
1738825323509 183.9882406592482 2
1738825323543 162.99212464827195 3
1738825323576 175.05431379135416 4
1738825323610 172.33595850846 5
1738825323645 164.98824437701663 6
1738825323681 159.8877763833978 7
1738825323715 175.76951989632755 8
1738825323749 172.68161857620834 9
1738825323782 162.16434227860583 10
1738825323816 155.9443203509612 11
1738825323850 168.18708143734239 12
1738825323883 176.52457680544282 13
1738825323916 179.62707879076544 14
1738825323950 167.11705535313826 15
1738825323983 158.3289442510269 16
1738825324019 150.92601851295652 17
1738825324055 164.33494071126017 18
1738825324092 188.74532255915972 19
1738825324128 171.4692807596759 20
1738825324162 167.91799172188993 21
1738825324196 171.11071564927636 22
1738825324230 190.1949689530843 23
1738825324264 173.91700234641377 24
1738825324298 158.99323424544426 25
1738825324331 169.85232318210993 26
1738825324365 177.9819470320552 27
1738825324398 161.0943284756481 28
1738825324431 171.8610248181812 29
1738825324464 142.3451428270553 30
1738825324498 158.81014169305845 31
1738825324532 160.96295066013204 32
1738825324570 169.09502163281888 33
