1738679042009 173.20217868552479 0
1738679042017 166.26539153098457 1
1738679042023 168.34688095616664 2
1738679042030 173.0637250684736 3
1738679042036 167.24365116503796 4
1738679042043 168.89497202517592 5
1738679042048 168.92116607885467 6
1738679042054 163.69627995760493 7
1738679042060 172.51649512607773 8
1738679042066 171.93756412781278 9
1738679042072 168.476939224224 10
1738679042077 172.0863235754577 11
1738679042084 168.37751894550306 12
1738679042090 168.74644179811744 13
1738679042095 173.1217743667161 14
1738679042102 167.0617929619468 15
1738679042108 165.79972371036098 16
1738679042114 169.95507466485455 17
1738679042120 166.98194795203912 18
1738679042126 169.14873734191488 19
1738679042132 174.02800897577836 20
1738679042138 169.96383577171073 21
1738679042144 165.80129832430023 22
1738679042150 171.05552123693215 23
1738679042156 171.11131029694107 24
1738679042162 166.9623641449662 25
1738679042168 169.7198091733293 26
1738679042175 171.5550019430782 27
1738679042182 170.9348970433671 28
1738679042188 166.22678576174138 29
1738679042195 164.8096169474156 30
1738679042201 169.43414991941947 31
1738679042207 168.57989911727626 32
1738679042214 168.29720804649946 33
1738679042220 166.710759943257 34
1738679042226 175.74774234346773 35
1738679042232 168.3564345510445 36
