1738680915816 173.62250517244365 0
1738680915823 170.7148829851558 1
1738680915831 166.71097948015282 2
1738680915837 173.49246845350513 3
1738680915844 164.43700336820118 4
1738680915851 172.89335031195645 5
1738680915858 162.5898550291386 6
1738680915864 169.68312159366408 7
1738680915871 171.5769023538103 8
1738680915878 170.37184758121103 9
1738680915884 169.38794529484824 10
1738680915891 166.45935104734824 11
1738680915898 169.44549087328136 12
1738680915906 172.31860406075444 13
1738680915913 166.31635100528746 14
1738680915921 171.52605815027795 15
1738680915928 169.26567443540284 16
1738680915935 165.2609283090501 17
1738680915942 167.74032847291724 18
1738680915949 172.13481887652827 19
1738680915956 168.64415937508235 20
1738680915964 173.743701921734 21
1738680915971 167.34015736612437 22
1738680915978 169.8584031188541 23
1738680915985 169.69839521026563 24
1738680915991 171.14901953459767 25
1738680915998 168.56302173402227 26
1738680916006 168.53482767639352 27
1738680916012 165.45184772710155 28
1738680916019 169.13150581308318 29
1738680916026 169.4271246460252 30
1738680916033 171.05864716774377 31
1738680916040 169.64347480961655 32
1738680916046 169.70514830515137 33
1738680916053 173.81230098198853 34
1738680916059 174.29493053474621 35
1738680916065 168.87774355872511 36
1738680916072 173.2182660581815 37
1738680916079 168.74194970232912 38
1738680916086 173.60699014094797 39
1738680916092 167.59951572211673 40
1738680916099 169.2682940279463 41
1738680916105 171.3613767077317 42
1738680916112 169.26091976671367 43
1738680916119 165.8893290366653 44
1738680916125 168.35706459979886 45
1738680916131 167.2984686663046 46
1738680916139 165.61150091208495 47
1738680916146 171.17087849532044 48
