1738822804536 112.06023566973553 0
1738822804551 91.8168297051772 1
1738822804572 92.0288080609773 2
1738822804590 76.33475605159768 3
1738822804606 81.29824983879024 4
1738822804623 83.09340311206138 5
1738822804639 87.9717150722834 6
1738822804654 66.66479727707579 7
1738822804672 89.6043420135703 8
1738822804690 70.85043930322986 9
1738822804715 69.74682191724114 10
1738822804755 77.78049304805633 11
1738822804775 84.53080350256826 12
1738822804803 54.61580731901244 13
1738822804831 59.45568792478644 14
1738822804851 64.68521268588252 15
1738822804870 64.05117528939486 16
1738822804889 83.4792723261488 17
1738822804906 82.8984051835357 18
1738822804926 57.128224396165656 19
1738822804944 48.5768224164221 20
1738822804966 55.10688389214011 21
1738822804986 54.19517717660822 22
1738822805006 63.16296460419899 23
1738822805025 42.98631022924408 24
1738822805042 54.433656434628325 25
1738822805063 92.72099182506251 26
1738822805087 63.62633559311239 27
1738822805110 47.41982559461109 28
1738822805131 81.02237312744863 29
1738822805147 63.37480488017822 30
1738822805166 52.47166512355884 31
1738822805187 51.40314190347737 32
1738822805209 39.623563670398276 33
1738822805224 44.425721480036565 34
1738822805244 51.62053053210484 35
1738822805265 43.22780003195724 36
1738822805282 58.69159113037768 37
1738822805303 45.003850527729384 38
1738822805319 52.84084758437644 39
1738822805338 37.40661610817911 40
1738822805362 52.52837429832274 41
1738822805382 41.174144633926176 42
1738822805399 42.54039992318935 43
1738822805419 40.37758086709221 44
1738822805436 59.336696852686245 45
1738822805452 51.75981665060946 46
1738822805473 38.92130620156145 47
1738822805491 46.27746075911381 48
1738822805511 45.224576579516224 49
1738822805528 30.601532048177535 50
1738822805543 44.493485567929405 51
1738822805557 45.37193519774339 52
1738822805571 35.545579382317754 53
1738822805602 32.07460002841725 54
1738822805619 29.19749871546549 55
1738822805638 53.6067024964611 56
1738822805661 33.81176434080832 57
1738822805674 33.903618547000626 58
1738822805693 28.348905296642076 59
1738822805716 25.77922028428514 60
1738822805733 26.49884588708874 61
1738822805747 33.93406789224232 62
1738822805767 26.82473841639238 63
1738822805786 35.258525813022864 64
1738822805805 32.38930410540548 65
1738822805823 33.310473643914264 66
1738822805841 30.623517570676334 67
1738822805865 30.762452843565168 68
1738822805884 29.518076662018665 69
1738822805901 29.522608378297555 70
1738822805919 24.213292459780607 71
1738822805953 27.310586141365444 72
1738822805973 26.164185404892677 73
1738822805992 27.8353408837202 74
1738822806011 44.727315010695065 75
1738822806032 30.36479932218559 76
1738822806049 27.2492613619253 77
1738822806066 31.80388870625533 78
1738822806083 32.91830414445963 79
1738822806099 21.922348568390248 80
1738822806117 26.251810789908394 81
1738822806136 33.402655681154386 82
1738822806156 43.94038766095079 83
1738822806172 26.760451228485522 84
1738822806190 22.467169118168837 85
1738822806207 23.978620975705173 86
1738822806231 18.405666580698547 87
1738822806253 22.06606098497526 88
1738822806272 23.004939969509472 89
1738822806291 30.481156054913082 90
1738822806311 25.611679364379494 91
1738822806333 26.225346524374636 92
1738822806347 21.1876038595316 93
1738822806367 17.021506668972737 94
1738822806386 33.15292253901313 95
1738822806405 27.823797087646174 96
1738822806425 21.87580161813167 97
1738822806443 22.570997792193705 98
1738822806461 23.23793486687944 99
1738822806484 18.868020670240256 100
1738822806503 23.255274101816173 101
1738822806526 17.396122284975608 102
1738822806544 12.850986761841702 103
1738822806565 20.196458748507094 104
1738822806584 18.954974254550788 105
1738822806606 22.610065530621938 106
1738822806624 10.572530614410708 107
1738822806641 21.45862434064763 108
1738822806658 18.47398402691505 109
1738822806678 16.036463888331383 110
1738822806698 28.51421305584932 111
1738822806714 23.936444008985312 112
1738822806734 19.06662676988356 113
1738822806751 16.368693292013837 114
1738822806766 13.388813723102245 115
1738822806784 17.42849931401145 116
1738822806801 13.509803003167614 117
1738822806822 15.325145354153666 118
1738822806839 18.584091922179493 119
1738822806858 17.790017816396677 120
1738822806878 17.317284326662108 121
1738822806892 17.06355932748836 122
1738822806913 13.05814321715499 123
1738822806934 14.067416651712783 124
1738822806952 14.280127159100006 125
1738822806971 15.74849825331613 126
1738822806988 13.739617748845124 127
1738822807014 14.916802155063458 128
1738822807033 13.753767780069893 129
1738822807053 15.161725548672216 130
1738822807071 14.571749414480209 131
1738822807097 14.380916353313404 132
1738822807126 11.669404921552788 133
1738822807150 17.65610101921587 134
1738822807168 15.150322425450543 135
1738822807184 13.462373938413647 136
1738822807205 12.688772983709525 137
1738822807225 13.510447939947912 138
1738822807245 10.816723302019877 139
1738822807263 11.287969637763675 140
1738822807280 12.69685272708988 141
1738822807300 13.307645673385428 142
1738822807316 14.11108569147101 143
1738822807334 14.450195402394622 144
1738822807349 15.651617006459412 145
1738822807365 12.067739978058393 146
1738822807379 12.097093248902693 147
1738822807402 11.245219160947336 148
1738822807418 12.52737502159906 149
1738822807435 12.2444393856097 150
1738822807452 12.310184184656968 151
1738822807470 7.748188487816413 152
1738822807501 13.63354879367136 153
1738822807518 15.332303659586547 154
1738822807538 16.250218336341483 155
1738822807564 12.683037262823245 156
1738822807588 10.959067741575431 157
1738822807607 9.298477094084921 158
1738822807626 8.87412458698765 159
1738822807647 10.446409938080908 160
1738822807664 9.489723480025198 161
1738822807687 9.93846712871672 162
1738822807724 10.934878552545653 163
1738822807743 9.725388633013385 164
1738822807764 8.397668791779168 165
1738822807783 13.70291645147357 166
1738822807798 9.857542713215947 167
1738822807819 11.859500657517188 168
1738822807841 8.931487000349577 169
1738822807861 11.812236552135372 170
1738822807877 7.898995367549567 171
1738822807898 8.540982835251253 172
1738822807916 9.430149313545783 173
1738822807932 13.178113736753764 174
1738822807946 10.789608287777295 175
1738822807961 7.91048559058007 176
1738822807976 8.281135157535672 177
1738822807994 8.453708262342143 178
1738822808009 7.683665742025171 179
1738822808024 9.46354617934416 180
1738822808040 8.462782760866379 181
1738822808056 7.21861601036745 182
1738822808085 11.443789945217874 183
1738822808106 6.647365843086274 184
1738822808128 11.922276465667576 185
1738822808148 7.463418672907182 186
1738822808166 7.793235817876254 187
1738822808186 6.6216803783465625 188
1738822808205 10.549824064056985 189
1738822808221 7.951834065415469 190
1738822808240 8.338420838447183 191
1738822808264 7.658896891158255 192
1738822808289 6.285405928437298 193
1738822808310 7.986615453120135 194
1738822808328 6.433494690150964 195
1738822808343 5.213242387435365 196
1738822808368 8.29959054425908 197
1738822808391 8.836139058781578 198
1738822808413 5.842849329128529 199
1738822808431 6.790637581484837 200
1738822808452 5.633037775866134 201
1738822808467 6.9581328015692865 202
1738822808484 9.357087931081672 203
1738822808505 8.168965314133152 204
1738822808524 5.934589547393342 205
1738822808542 6.561958190497995 206
1738822808565 5.03505015287243 207
1738822808589 6.863668189549059 208
1738822808609 6.482072857950318 209
1738822808625 6.6342526402880475 210
1738822808640 6.010514492802771 211
1738822808657 6.261419011422466 212
1738822808674 4.9825992474372285 213
1738822808695 8.701105048989415 214
1738822808710 4.607530565345947 215
1738822808725 6.658077301289157 216
1738822808739 5.632760342844842 217
1738822808755 4.008901234430183 218
1738822808771 9.844866827113217 219
1738822808787 7.361558960866135 220
1738822808811 8.037649834314264 221
1738822808835 5.09524828995694 222
1738822808853 5.283155077578599 223
1738822808869 5.061607771591295 224
1738822808889 4.270553885316424 225
1738822808917 4.755771812585589 226
1738822808942 5.179868126859914 227
1738822808961 4.133908888170272 228
1738822808979 5.454584966683014 229
1738822808998 6.658873343043342 230
1738822809024 5.648904242197774 231
1738822809042 4.3759535741832565 232
1738822809060 4.7581349490607066 233
1738822809083 4.870046961384367 234
1738822809106 7.15937088833702 235
1738822809126 4.308691027671311 236
1738822809145 4.927731772447189 237
1738822809166 4.734532988304872 238
1738822809189 4.003889180538074 239
1738822809204 4.288746557902848 240
1738822809219 4.672498391193131 241
1738822809237 4.58980432041476 242
1738822809255 3.7920983701044846 243
1738822809271 5.47451616795707 244
1738822809287 3.384601344608714 245
1738822809304 4.864690122513466 246
1738822809325 3.537464197350987 247
1738822809344 4.856006255559015 248
1738822809360 3.8401035984720835 249
1738822809379 3.331571332540087 250
1738822809398 4.007032476989817 251
1738822809420 3.353626178683569 252
1738822809439 6.413738213137628 253
1738822809465 3.496024778268106 254
1738822809487 4.496316528377257 255
1738822809508 4.086064454075903 256
1738822809526 3.4698685787297308 257
1738822809548 3.0400085180192096 258
1738822809572 4.6943459034232315 259
1738822809592 4.847895614718623 260
1738822809618 5.006010967655771 261
1738822809634 3.733298474462319 262
1738822809654 4.1855111381759995 263
1738822809673 3.0595689656753886 264
1738822809701 3.88101715475004 265
1738822809720 2.980203883489094 266
1738822809739 4.176616127159218 267
1738822809763 3.8975532748511896 268
1738822809784 4.150869640528357 269
1738822809808 3.221435481886594 270
1738822809829 4.150005088214151 271
1738822809850 2.215269223124586 272
1738822809867 3.858265169171858 273
1738822809887 3.19372735180398 274
1738822809906 2.9287518542645854 275
1738822809927 2.6702629739130823 276
1738822809946 2.948224180278666 277
1738822809965 2.4295326670456414 278
1738822809985 4.541229117398524 279
1738822810008 3.190421473159971 280
1738822810023 2.3688039890872745 281
1738822810040 2.5147427133743396 282
1738822810057 3.363670132501205 283
1738822810077 4.002761470908114 284
1738822810100 2.6311130088102788 285
1738822810124 2.547841087747799 286
1738822810139 2.2256334413925227 287
1738822810156 3.311492109732441 288
1738822810178 3.927637726143909 289
1738822810199 3.0756346698082635 290
1738822810226 4.241653034874347 291
1738822810242 2.631696057512958 292
1738822810260 2.408831046564 293
1738822810275 3.8204987638544305 294
1738822810291 2.242822208396535 295
1738822810306 2.63411351857901 296
1738822810329 2.8712433206071477 297
1738822810351 2.7467797818545976 298
1738822810372 2.4732203232965504 299
1738822810396 3.759689848739443 300
1738822810421 2.4464660068376225 301
1738822810441 3.0600922145291207 302
1738822810462 2.439576284666964 303
1738822810479 2.890301140398858 304
1738822810498 2.6789846571864677 305
1738822810514 2.656913498677913 306
1738822810534 2.168194264894734 307
1738822810554 3.0698503401429713 308
1738822810570 2.2301603295976524 309
1738822810594 3.048425244368185 310
1738822810613 2.310658787625805 311
1738822810638 2.0283562642538913 312
1738822810658 2.8651661740696444 313
1738822810676 2.730175466807965 314
1738822810692 1.9610879234193657 315
1738822810706 2.3704178501137423 316
1738822810721 2.325654052823592 317
1738822810736 2.581347467689758 318
1738822810756 3.086539407978822 319
1738822810772 2.367247781441031 320
1738822810787 1.9249958710379376 321
1738822810803 1.8132116222383345 322
1738822810819 2.243129254812509 323
1738822810838 2.685710438409601 324
1738822810857 2.8411319967377597 325
1738822810874 2.145648257386307 326
1738822810892 2.299451330756273 327
1738822810912 2.1602985403312567 328
1738822810932 1.7970365467690745 329
1738822810953 2.553502191631044 330
1738822810970 2.1910625826908903 331
1738822810987 1.3906930820618981 332
1738822811006 1.4076073952195203 333
1738822811026 2.001480422492736 334
1738822811044 2.344776830376078 335
1738822811061 2.032605111083323 336
1738822811077 2.2729909905884838 337
1738822811093 1.5612004059411133 338
1738822811107 1.6369558677867722 339
1738822811122 1.3782443652855125 340
1738822811137 1.7773088881404129 341
1738822811154 1.8462364183303808 342
1738822811169 2.079008176430005 343
1738822811187 1.5764343781821193 344
1738822811210 3.636354020860523 345
1738822811235 2.2193189416131 346
1738822811280 2.070335391404637 347
1738822811302 1.2712319692208458 348
1738822811317 1.5966664607607541 349
1738822811333 1.3006026753886186 350
1738822811347 1.9742627780722277 351
1738822811362 1.6860384774802015 352
1738822811378 1.7527210642645943 353
1738822811394 1.3448187089534982 354
1738822811410 1.4309735928132594 355
1738822811425 2.215813190110335 356
1738822811443 1.7862333893253766 357
1738822811465 1.3204030072498283 358
1738822811484 1.9703846182787068 359
1738822811502 1.991281843359457 360
1738822811521 1.6895995569321418 361
1738822811539 1.0761212914912925 362
1738822811560 1.6807241173980985 363
1738822811578 1.6286647373078444 364
1738822811606 1.4921498091183776 365
1738822811624 1.6023752056215301 366
1738822811641 1.7960442834413328 367
1738822811659 1.1744466020697402 368
1738822811677 2.082474734420427 369
1738822811701 1.5998259199313971 370
1738822811724 1.2764051811262467 371
1738822811746 1.790413048989606 372
1738822811770 1.6308243173290837 373
1738822811787 1.483427399892264 374
1738822811802 1.0806724582360305 375
1738822811818 1.5808215530290552 376
1738822811833 1.177479834890632 377
1738822811848 1.5680224183381413 378
1738822811862 1.1177273053006265 379
1738822811878 1.1489552669054417 380
1738822811892 0.9107208359675959 381
1738822811907 0.8206996741214432 382
1738822811923 1.2089096225830847 383
1738822811948 2.250973633902657 384
1738822811965 1.2583617373889064 385
1738822811984 1.1065981826997462 386
1738822812007 0.8654494873094664 387
1738822812025 1.1945985649759252 388
1738822812045 1.408875170684243 389
1738822812065 0.9141402432122632 390
1738822812081 1.19856830047432 391
1738822812097 1.1580366472395276 392
1738822812117 0.822041605003991 393
1738822812133 1.172012709330775 394
1738822812153 0.6822260054763881 395
1738822812171 1.839975385209253 396
1738822812190 1.331752949689246 397
1738822812207 1.435662969981025 398
1738822812224 1.662165050337989 399
1738822812239 0.9878924916329318 400
1738822812257 1.186003983167769 401
1738822812273 1.2080041469589364 402
1738822812289 0.8604126315145738 403
1738822812312 0.8691080251688128 404
1738822812334 0.8196672596750594 405
1738822812351 1.2351571073943588 406
1738822812370 0.9693562553717535 407
1738822812390 1.2038363905426137 408
1738822812405 1.1259910473024763 409
1738822812421 0.8500356421734557 410
1738822812447 0.9427042397867401 411
1738822812468 0.7235560258805844 412
1738822812488 0.8280874745243725 413
1738822812506 0.9486197463118462 414
1738822812525 1.6518680970467745 415
1738822812544 1.1014545102353062 416
1738822812559 0.7942303991246148 417
1738822812573 0.8708227761928313 418
1738822812590 1.4094825264791198 419
1738822812604 0.8264022949640166 420
1738822812619 1.0198724811276174 421
1738822812635 0.6514464594390585 422
1738822812650 1.335221579639282 423
1738822812664 1.0464991707707008 424
1738822812680 0.7874444995485118 425
1738822812699 0.8543147144383173 426
1738822812717 0.6858802816390809 427
1738822812737 0.7442273061283866 428
1738822812753 0.9398223907357371 429
1738822812770 0.6872389134935496 430
1738822812788 0.7903277734184961 431
1738822812804 0.7258150862404478 432
1738822812822 0.743012494137141 433
1738822812842 0.8208727280377544 434
1738822812856 0.7477171921613072 435
1738822812872 0.68793681335205 436
1738822812889 0.9043310040385135 437
1738822812906 0.8912578643639456 438
1738822812922 0.6308618261831864 439
1738822812938 0.6667771828546908 440
1738822812953 0.5867486855775089 441
1738822812968 0.5174302000451906 442
1738822812983 0.6638754793608703 443
1738822812998 0.8779635485955686 444
1738822813014 0.7107914788308498 445
1738822813029 1.0446725653706601 446
1738822813045 0.5902384322113753 447
1738822813065 0.8180148526418726 448
1738822813086 1.1175101825168026 449
1738822813117 0.6792070773823206 450
1738822813142 0.6589391301719442 451
1738822813159 0.7609789386236241 452
1738822813175 0.6754347325082728 453
1738822813193 0.8269010018623522 454
1738822813208 0.8828464954482665 455
1738822813223 0.5699891473934066 456
1738822813241 0.739748218395172 457
1738822813260 0.5530658851456455 458
1738822813278 1.033593340220906 459
1738822813294 1.0628004423141222 460
1738822813316 0.7931117124576778 461
1738822813335 0.5769508226014779 462
1738822813352 0.8994119823053465 463
1738822813369 1.03411820605071 464
1738822813387 0.9334934090374645 465
1738822813404 0.9353657161183445 466
1738822813427 0.3861288050046129 467
1738822813449 0.5437862427439402 468
1738822813468 0.8634611261564489 469
1738822813485 1.0499824771830175 470
1738822813507 0.5883118775590163 471
1738822813525 0.513815040542493 472
1738822813553 0.8816220332847634 473
1738822813570 0.6005418953987474 474
1738822813593 0.666226324021571 475
1738822813613 0.7635799416969151 476
1738822813634 0.6871260026360796 477
1738822813654 0.4187264663432874 478
1738822813673 0.6172720434856196 479
1738822813694 0.7245291904060374 480
1738822813717 0.6895045986360799 481
1738822813739 0.6591759987753302 482
1738822813756 0.6949574720767966 483
1738822813773 0.5938889573894074 484
1738822813792 0.7123812128018008 485
1738822813810 0.6766073483403602 486
1738822813829 0.6646416359304298 487
1738822813851 0.6160298485452649 488
1738822813866 0.6001430637897749 489
1738822813883 0.6745152222320748 490
1738822813903 0.5039832360843477 491
1738822813923 0.6999911464892598 492
1738822813945 1.1495694826646572 493
1738822813965 0.5992849936359107 494
1738822813982 0.4629486287633852 495
1738822814002 0.4949049121154337 496
1738822814019 0.5364454763503088 497
1738822814037 0.4987069850314039 498
1738822814057 0.4988974241941738 499
