1738677617450 160.93402304382525 0
1738677617467 160.76758847647446 1
1738677617484 160.6017538365324 2
1738677617502 160.4365166683645 3
1738677617523 160.27187452660922 4
1738677617539 160.10782497613485 5
1738677617556 159.94436559199661 6
1738677617569 159.78149395939374 7
1738677617583 159.619207673627 8
1738677617597 159.4575043400559 9
1738677617614 159.296381574057 10
1738677617628 159.13583700098104 11
1738677617651 158.9758682561119 12
1738677617667 158.81647298462397 13
1738677617684 158.65764884154135 14
1738677617699 158.49939349169586 15
1738677617714 158.34170460968633 16
1738677617729 158.1845798798371 17
1738677617749 158.02801699615748 18
1738677617765 157.87201366230087 19
1738677617779 157.71656759152427 20
1738677617795 157.56167650664798 21
1738677617809 157.40733814001538 22
1738677617823 157.2535502334528 23
1738677617843 157.10031053822988 24
1738677617859 156.94761681501976 25
1738677617873 156.79546683385942 26
1738677617888 156.64385837411072 27
1738677617903 156.49278922442085 28
1738677617915 156.34225718268343 29
1738677617929 156.19226005599964 30
1738677617942 156.04279566063968 31
1738677617955 155.89386182200397 32
1738677617967 155.74545637458505 33
1738677617983 155.5975771619291 34
1738677617997 155.4502220365982 35
1738677618014 155.30338886013212 36
1738677618030 155.1570755030109 37
1738677618047 155.0112798446171 38
1738677618065 154.86599977319835 39
1738677618083 154.72123318583033 40
1738677618103 154.57697798837944 41
1738677618123 154.4332320954659 42
1738677618140 154.28999343042713 43
1738677618161 154.14725992528093 44
1738677618177 154.00502952068908 45
1738677618193 153.86330016592098 46
1738677618208 153.72206981881763 47
1738677618223 153.58133644575545 48
1738677618237 153.4410980216104 49
1738677618252 153.30135252972244 50
1738677618268 153.16209796185979 51
1738677618282 153.0233323181836 52
1738677618295 152.8850536072127 53
1738677618306 152.7472598457884 54
1738677618319 152.60994905903956 55
1738677618331 152.47311928034793 56
1738677618341 152.33676855131313 57
1738677618353 152.2008949217185 58
1738677618364 152.06549644949632 59
1738677618377 151.93057120069395 60
1738677618388 151.79611724943956 61
1738677618399 151.6621326779081 62
1738677618412 151.52861557628762 63
1738677618425 151.39556404274558 64
1738677618439 151.2629761833952 65
1738677618454 151.13085011226238 66
1738677618467 150.999183951252 67
1738677618484 150.86797583011528 68
1738677618499 150.73722388641653 69
1738677618512 150.60692626550033 70
1738677618526 150.477081120459 71
1738677618540 150.34768661209995 72
1738677618554 150.21874090891322 73
1738677618567 150.09024218703928 74
1738677618581 149.96218863023694 75
1738677618595 149.83457842985115 76
1738677618610 149.70740978478136 77
1738677618623 149.58068090144957 78
1738677618637 149.45438999376887 79
1738677618651 149.328535283112 80
1738677618666 149.20311499827983 81
1738677618680 149.07812737547027 82
1738677618693 148.95357065824723 83
1738677618708 148.82944309750965 84
1738677618722 148.70574295146054 85
1738677618737 148.5824684855766 86
1738677618751 148.4596179725773 87
1738677618765 148.33718969239476 88
1738677618778 148.21518193214334 89
1738677618790 148.09359298608933 90
1738677618802 147.9724211556211 91
1738677618814 147.85166474921917 92
1738677618827 147.73132208242626 93
1738677618840 147.61139147781776 94
1738677618854 147.49187126497213 95
1738677618866 147.3727597804416 96
1738677618879 147.2540553677226 97
1738677618892 147.13575637722687 98
1738677618905 147.0178611662523 99
1738677618918 146.90036809895395 100
1738677618932 146.78327554631542 101
1738677618945 146.66658188611996 102
1738677618957 146.55028550292192 103
1738677618970 146.43438478801858 104
1738677618983 146.31887813942149 105
1738677618996 146.2037639618284 106
1738677619009 146.08904066659525 107
1738677619022 145.97470667170805 108
1738677619035 145.86076040175527 109
1738677619052 145.74720028789974 110
1738677619066 145.6340247678514 111
1738677619080 145.52123228583957 112
1738677619095 145.40882129258574 113
1738677619111 145.29679024527601 114
1738677619126 145.18513760753433 115
1738677619143 145.07386184939512 116
1738677619157 144.96296144727654 117
1738677619169 144.85243488395372 118
1738677619182 144.7422806485317 119
1738677619195 144.63249723641934 120
1738677619207 144.52308314930255 121
1738677619220 144.41403689511793 122
1738677619233 144.30535698802657 123
1738677619246 144.19704194838798 124
1738677619259 144.08909030273387 125
1738677619271 143.98150058374242 126
1738677619284 143.8742713302124 127
1738677619299 143.76740108703734 128
1738677619315 143.66088840518017 129
1738677619332 143.5547318416475 130
1738677619352 143.4489299594644 131
1738677619367 143.34348132764902 132
1738677619383 143.23838452118744 133
1738677619399 143.13363812100874 134
1738677619412 143.02924071395978 135
1738677619425 142.92519089278056 136
1738677619437 142.82148725607945 137
1738677619449 142.7181284083084 138
1738677619460 142.61511295973858 139
1738677619472 142.51243952643586 140
1738677619486 142.4101067302364 141
1738677619499 142.30811319872257 142
1738677619511 142.2064575651987 143
1738677619523 142.10513846866712 144
1738677619537 142.00415455380414 145
1738677619551 141.9035044709364 146
1738677619565 141.80318687601692 147
1738677619578 141.7032004306016 148
1738677619590 141.6035438018258 149
1738677619603 141.50421566238055 150
1738677619617 141.4052146904896 151
1738677619633 141.3065395698861 152
1738677619647 141.20818898978922 153
1738677619661 141.11016164488146 154
1738677619675 141.01245623528547 155
1738677619688 140.91507146654132 156
1738677619704 140.81800604958366 157
1738677619718 140.72125870071915 158
1738677619732 140.6248281416039 159
1738677619746 140.52871309922097 160
1738677619760 140.43291230585794 161
1738677619780 140.33742449908485 162
1738677619793 140.24224842173174 163
1738677619807 140.14738282186684 164
1738677619822 140.0528264527743 165
1738677619836 139.95857807293254 166
1738677619850 139.86463644599226 167
1738677619865 139.77100034075482 168
1738677619881 139.6776685311506 169
1738677619896 139.58463979621746 170
1738677619909 139.4919129200792 171
1738677619921 139.39948669192438 172
1738677619932 139.30735990598495 173
1738677619944 139.21553136151508 174
1738677619956 139.1239998627701 175
1738677619969 139.03276421898548 176
1738677619981 138.9418232443559 177
1738677619992 138.8511757580145 178
1738677620003 138.76082058401212 179
1738677620017 138.6707565512966 180
1738677620029 138.58098249369223 181
1738677620044 138.49149724987942 182
1738677620059 138.4022996633741 183
1738677620072 138.31338858250754 184
1738677620086 138.22476286040612 185
1738677620101 138.13642135497122 186
1738677620116 138.0483629288591 187
1738677620132 137.96058644946098 188
1738677620145 137.87309078888325 189
1738677620158 137.78587482392751 190
1738677620174 137.69893743607096 191
1738677620188 137.61227751144676 192
1738677620202 137.52589394082452 193
1738677620216 137.4397856195907 194
1738677620231 137.35395144772946 195
1738677620245 137.26839032980305 196
1738677620260 137.18310117493292 197
1738677620274 137.09808289678037 198
1738677620288 137.0133344135275 199
1738677620301 136.92885464785843 200
1738677620318 136.84464252694002 201
1738677620330 136.76069698240357 202
1738677620345 136.67701695032562 203
1738677620358 136.59360137120945 204
1738677620372 136.5104491899666 205
1738677620386 136.4275593558983 206
1738677620400 136.34493082267696 207
1738677620415 136.2625625483279 208
1738677620430 136.18045349521114 209
1738677620444 136.09860263000309 210
1738677620458 136.01700892367845 211
1738677620472 135.93567135149223 212
1738677620489 135.85458889296177 213
1738677620503 135.7737605318488 214
1738677620518 135.69318525614167 215
1738677620534 135.61286205803765 216
1738677620546 135.53278993392513 217
1738677620559 135.4529678843661 218
1738677620571 135.3733949140788 219
1738677620584 135.29407003191994 220
1738677620598 135.21499225086768 221
1738677620611 135.13616058800397 222
1738677620627 135.05757406449774 223
1738677620641 134.97923170558738 224
1738677620654 134.90113254056385 225
1738677620666 134.8232756027537 226
1738677620678 134.74565992950195 227
1738677620690 134.66828456215546 228
1738677620702 134.59114854604596 229
1738677620714 134.5142509304734 230
1738677620727 134.4375907686893 231
1738677620739 134.36116711788006 232
1738677620751 134.28497903915073 233
1738677620763 134.2090255975082 234
1738677620776 134.1333058618451 235
1738677620790 134.0578189049233 236
1738677620806 133.98256380335786 237
1738677620821 133.90753963760076 238
1738677620836 133.83274549192475 239
1738677620850 133.7581804544075 240
1738677620865 133.6838436169153 241
1738677620879 133.60973407508757 242
1738677620895 133.53585092832074 243
1738677620909 133.46219327975263 244
1738677620923 133.38876023624658 245
1738677620937 133.31555090837605 246
1738677620951 133.242564410409 247
1738677620965 133.16979986029207 248
1738677620980 133.09725637963567 249
1738677620995 133.02493309369814 250
1738677621008 132.9528291313708 251
1738677621027 132.8809436251625 252
1738677621042 132.8092757111844 253
1738677621056 132.73782452913503 254
1738677621072 132.66658922228515 255
1738677621085 132.59556893746282 256
1738677621100 132.52476282503824 257
1738677621113 132.45417003890933 258
1738677621130 132.38378973648648 259
1738677621146 132.31362107867807 260
1738677621161 132.24366322987572 261
1738677621175 132.1739153579397 262
1738677621188 132.1043766341844 263
1738677621202 132.03504623336372 264
1738677621217 131.9659233336568 265
1738677621236 131.89700711665355 266
1738677621252 131.82829676734033 267
1738677621267 131.75979147408586 268
1738677621283 131.69149042862676 269
1738677621298 131.62339282605367 270
1738677621311 131.55549786479708 271
1738677621324 131.48780474661325 272
1738677621336 131.4203126765704 273
1738677621351 131.35302086303471 274
1738677621364 131.28592851765657 275
1738677621379 131.21903485535674 276
1738677621394 131.1523390943126 277
1738677621409 131.08584045594463 278
1738677621422 131.01953816490263 279
1738677621437 130.95343144905232 280
1738677621452 130.88751953946175 281
1738677621466 130.82180167038794 282
1738677621480 130.75627707926347 283
1738677621499 130.6909450066832 284
1738677621513 130.62580469639087 285
1738677621530 130.5608553952661 286
1738677621544 130.49609635331103 287
1738677621558 130.43152682363748 288
1738677621572 130.36714606245357 289
1738677621586 130.30295332905106 290
1738677621600 130.2389478857922 291
1738677621615 130.17512899809694 292
1738677621631 130.1114959344301 293
1738677621647 130.0480479662886 294
1738677621663 129.98478436818874 295
1738677621678 129.92170441765353 296
1738677621694 129.85880739520005 297
1738677621707 129.79609258432694 298
1738677621721 129.733559271502 299
1738677621736 129.67120674614944 300
1738677621751 129.60903430063777 301
1738677621765 129.5470412302674 302
1738677621779 129.48522683325817 303
1738677621794 129.42359041073726 304
1738677621809 129.36213126672712 305
1738677621824 129.30084870813292 306
1738677621839 129.23974204473097 307
1738677621850 129.1788105891563 308
1738677621864 129.11805365689085 309
1738677621879 129.05747056625145 310
1738677621892 128.997060638378 311
1738677621907 128.9368231972216 312
1738677621921 128.87675756953274 313
1738677621934 128.8168630848497 314
1738677621947 128.7571390754866 315
1738677621960 128.69758487652203 316
1738677621973 128.6381998257872 317
1738677621986 128.57898326385475 318
1738677622000 128.51993453402687 319
1738677622013 128.4610529823241 320
1738677622027 128.4023379574739 321
1738677622041 128.34378881089913 322
1738677622057 128.28540489670712 323
1738677622071 128.22718557167795 324
1738677622085 128.16913019525364 325
1738677622100 128.11123812952675 326
1738677622116 128.05350873922933 327
1738677622133 127.99594139172194 328
1738677622147 127.93853545698255 329
1738677622162 127.88129030759549 330
1738677622176 127.82420531874072 331
1738677622190 127.76727986818283 332
1738677622207 127.71051333626014 333
1738677622221 127.6539051058741 334
1738677622238 127.59745456247835 335
1738677622254 127.54116109406816 336
1738677622270 127.48502409116968 337
1738677622285 127.4290429468294 338
1738677622301 127.37321705660356 339
1738677622319 127.31754581854769 340
1738677622349 127.26202863320593 341
1738677622370 127.20666490360088 342
1738677622388 127.15145403522303 343
1738677622407 127.09639543602046 344
1738677622423 127.04148851638853 345
1738677622436 126.98673268915968 346
1738677622448 126.93212736959312 347
1738677622465 126.87767197536475 348
1738677622479 126.82336592655697 349
1738677622496 126.76920864564863 350
1738677622510 126.715199557505 351
1738677622526 126.66133808936763 352
1738677622543 126.60762367084466 353
1738677622560 126.55405573390063 354
1738677622580 126.50063371284676 355
1738677622594 126.44735704433111 356
1738677622609 126.39422516732868 357
1738677622626 126.34123752313184 358
1738677622643 126.28839355534036 359
1738677622659 126.23569270985205 360
1738677622675 126.18313443485289 361
1738677622690 126.13071818080752 362
1738677622706 126.07844340044974 363
1738677622720 126.02630954877291 364
1738677622735 125.97431608302058 365
1738677622749 125.92246246267703 366
1738677622766 125.87074814945775 367
1738677622780 125.81917260730032 368
1738677622800 125.76773530235494 369
1738677622814 125.71643570297523 370
1738677622830 125.66527327970896 371
1738677622844 125.61424750528882 372
1738677622858 125.56335785462342 373
1738677622872 125.512603804788 374
1738677622886 125.4619848350154 375
1738677622899 125.41150042668713 376
1738677622915 125.3611500633242 377
1738677622931 125.31093323057829 378
1738677622946 125.26084941622273 379
1738677622963 125.21089811014372 380
1738677622978 125.16107880433132 381
1738677622993 125.11139099287085 382
1738677623007 125.0618341719339 383
1738677623021 125.0124078397697 384
1738677623037 124.96311149669644 385
1738677623059 124.91394464509253 386
1738677623077 124.86490678938802 387
1738677623090 124.81599743605597 388
1738677623103 124.76721609360395 389
1738677623116 124.71856227256546 390
1738677623130 124.67003548549147 391
1738677623144 124.62163524694196 392
1738677623156 124.57336107347754 393
1738677623169 124.52521248365102 394
1738677623183 124.47718899799908 395
1738677623196 124.42929013903397 396
1738677623211 124.38151543123526 397
1738677623226 124.33386440104157 398
1738677623240 124.28633657684234 399
1738677623254 124.23893148896978 400
1738677623268 124.19164866969054 401
1738677623283 124.14448765319776 402
1738677623300 124.09744797560298 403
1738677623318 124.05052917492807 404
1738677623330 124.0037307910972 405
1738677623345 123.95705236592902 406
1738677623358 123.9104934431285 407
1738677623371 123.86405356827926 408
1738677623383 123.81773228883553 409
1738677623395 123.77152915411446 410
1738677623407 123.72544371528815 411
1738677623423 123.67947552537609 412
1738677623438 123.63362413923724 413
1738677623451 123.58788911356244 414
1738677623469 123.54227000686664 415
1738677623483 123.49676637948143 416
1738677623501 123.45137779354725 417
1738677623517 123.4061038130059 418
1738677623539 123.36094400359306 419
1738677623556 123.31589793283065 420
1738677623571 123.27096517001944 421
1738677623592 123.22614528623161 422
1738677623610 123.18143785430323 423
1738677623628 123.136842448827 424
1738677623643 123.09235864614487 425
1738677623659 123.04798602434066 426
1738677623673 123.00372416323279 427
1738677623684 122.95957264436707 428
1738677623701 122.9155310510094 429
1738677623714 122.87159896813863 430
1738677623727 122.82777598243932 431
1738677623741 122.78406168229468 432
1738677623753 122.74045565777938 433
1738677623767 122.6969575006526 434
1738677623781 122.65356680435076 435
1738677623798 122.61028316398074 436
1738677623811 122.5671061763127 437
1738677623825 122.52403543977329 438
1738677623840 122.48107055443856 439
1738677623860 122.4382111220271 440
1738677623878 122.39545674589324 441
1738677623892 122.35280703102019 442
1738677623907 122.31026158401308 443
1738677623920 122.26782001309235 444
1738677623933 122.2254819280869 445
1738677623945 122.18324694042738 446
1738677623960 122.14111466313949 447
1738677623973 122.09908471083732 448
1738677623988 122.05715669971666 449
1738677624003 122.01533024754838 450
1738677624018 121.97360497367193 451
1738677624034 121.93198049898866 452
1738677624049 121.89045644595541 453
1738677624061 121.8490324385778 454
1738677624074 121.807708102404 455
1738677624086 121.76648306451813 456
1738677624098 121.7253569535338 457
1738677624110 121.68432939958785 458
1738677624124 121.64340003433384 459
1738677624137 121.60256849093581 460
1738677624150 121.56183440406183 461
1738677624162 121.52119740987791 462
1738677624177 121.48065714604154 463
1738677624193 121.4402132516955 464
1738677624211 121.39986536746176 465
1738677624226 121.35961313543514 466
1738677624240 121.31945619917722 467
1738677624256 121.27939420371024 468
1738677624279 121.2394267955109 469
1738677624293 121.19955362250435 470
1738677624307 121.15977433405811 471
1738677624321 121.12008858097602 472
1738677624334 121.08049601549223 473
1738677624350 121.0409962912653 474
1738677624366 121.00158906337214 475
1738677624379 120.96227398830207 476
1738677624393 120.92305072395105 477
1738677624413 120.88391892961562 478
1738677624429 120.84487826598719 479
1738677624449 120.80592839514608 480
1738677624464 120.7670689805559 481
1738677624478 120.72829968705747 482
1738677624496 120.68962018086339 483
1738677624509 120.65103012955205 484
1738677624525 120.61252920206205 485
1738677624539 120.5741170686865 486
1738677624557 120.53579340106731 487
1738677624572 120.49755787218955 488
1738677624584 120.45941015637594 489
1738677624599 120.42134992928109 490
1738677624614 120.38337686788604 491
1738677624630 120.34549065049275 492
1738677624645 120.30769095671845 493
1738677624661 120.26997746749026 494
1738677624676 120.23234986503965 495
1738677624690 120.19480783289696 496
1738677624706 120.15735105588605 497
1738677624722 120.11997922011892 498
1738677624736 120.08269201299015 499
