1738677668783 120.62678251642558 0
1738677668797 94.59857898941324 1
1738677668814 85.61530270235684 2
1738677668829 85.15446226049272 3
1738677668845 98.67863004615064 4
1738677668865 77.6384194113649 5
1738677668882 74.32694160449837 6
1738677668897 61.0596263346688 7
1738677668911 59.85763835413475 8
1738677668953 70.24977695043567 9
1738677668968 70.51675502883299 10
1738677668980 64.15717148263602 11
1738677668993 57.621513153439665 12
1738677669009 47.18742613125262 13
1738677669023 67.60570148717896 14
1738677669047 61.585895978371916 15
1738677669071 54.87181994402216 16
1738677669095 53.73602778905257 17
1738677669113 62.87958916114694 18
1738677669132 51.93066104367156 19
1738677669147 59.46953248383706 20
1738677669162 53.750304805215364 21
1738677669179 55.583475040699064 22
1738677669198 46.27421017250986 23
1738677669215 48.63803374909857 24
1738677669233 68.04941493313214 25
1738677669254 58.60648892813411 26
1738677669270 59.61447338159468 27
1738677669295 40.50464423999416 28
1738677669314 48.60286376172972 29
1738677669344 39.039103121809354 30
1738677669372 46.43760572332582 31
1738677669401 55.399917791173245 32
1738677669421 66.69887189133037 33
1738677669448 51.44542488822445 34
1738677669467 37.41960439439473 35
1738677669486 55.375381395279675 36
1738677669506 51.228248682647475 37
1738677669528 41.445918604033224 38
1738677669545 36.103279393638275 39
1738677669565 36.09337649528523 40
1738677669582 34.013259424666515 41
1738677669598 47.56625130241764 42
1738677669616 55.541575565831806 43
1738677669633 36.920708293735174 44
1738677669649 50.31991886009575 45
1738677669665 37.95513509979718 46
1738677669682 43.7196342616289 47
1738677669699 40.246703257604935 48
1738677669718 38.33927658214812 49
1738677669733 45.759067026176965 50
1738677669748 39.54752536052975 51
1738677669764 61.622621473862864 52
1738677669778 33.94975752652496 53
1738677669801 41.07145295197065 54
1738677669817 51.192654105001886 55
1738677669831 35.44235071521685 56
1738677669845 35.37879988833267 57
1738677669861 32.93333927495426 58
1738677669877 46.71539478491145 59
1738677669894 32.96875600512735 60
1738677669912 36.902830557844325 61
1738677669928 35.37000081087262 62
1738677669945 31.01891809342347 63
1738677669962 27.669555898736917 64
1738677669979 33.956215599799805 65
1738677669996 28.85145341664188 66
1738677670011 25.074984461518916 67
1738677670029 29.372743026980032 68
1738677670049 32.63342915228317 69
1738677670064 35.838596129801715 70
1738677670080 40.3116533678301 71
1738677670099 26.44568432109448 72
1738677670115 42.50278577671687 73
1738677670130 28.02495116817449 74
1738677670146 31.892802711146437 75
1738677670159 34.782701789852005 76
1738677670173 26.44850193724235 77
1738677670188 27.862838579176607 78
1738677670218 28.88253500646739 79
1738677670229 25.25800065847429 80
1738677670242 34.08520517545287 81
1738677670257 27.91765705601632 82
1738677670280 23.429509004723396 83
1738677670300 23.587530522377584 84
1738677670321 26.033090587816 85
1738677670341 19.825384341521946 86
1738677670361 25.14116080716605 87
1738677670384 24.724103452637866 88
1738677670401 26.883246551584676 89
1738677670416 18.76888304213925 90
1738677670433 23.599348753108323 91
1738677670452 26.22511629937998 92
1738677670470 21.97667991487294 93
1738677670501 20.64659555839991 94
1738677670517 20.61601303664147 95
1738677670537 18.719316321503538 96
1738677670552 23.377427106619503 97
1738677670570 19.946682587253918 98
1738677670599 31.998009586664356 99
1738677670636 25.28156903816114 100
1738677670662 19.290114439201933 101
1738677670677 19.30649868454054 102
1738677670693 23.117325981439134 103
1738677670710 17.401008978448107 104
1738677670729 13.816587503244067 105
1738677670748 18.967107589338234 106
1738677670768 20.817351522072954 107
1738677670789 23.767350995297544 108
1738677670813 24.028235632673976 109
1738677670829 23.309041618561118 110
1738677670844 15.907398865796752 111
1738677670859 17.149315595408208 112
1738677670875 19.3807597025672 113
1738677670892 14.292483394810771 114
1738677670907 19.392737002996018 115
1738677670923 20.287676776854642 116
1738677670939 14.782647811177993 117
1738677670956 16.98259468229557 118
1738677670972 16.368188142830498 119
1738677670987 15.343001036921029 120
1738677671002 13.349399582865079 121
1738677671020 16.191983361418135 122
1738677671038 18.948878586293088 123
1738677671054 18.56313551162044 124
1738677671073 22.900062480394432 125
1738677671089 13.835993549899962 126
1738677671106 15.010559209250141 127
1738677671123 18.55731558441741 128
1738677671139 14.057407338192201 129
1738677671156 13.677451901952827 130
1738677671173 14.915258881583215 131
1738677671189 13.011842983313057 132
1738677671205 16.248039013169404 133
1738677671221 17.342473407627512 134
1738677671236 19.744741870999032 135
1738677671252 14.295630773788359 136
1738677671271 14.842134888864388 137
1738677671289 13.112081276648679 138
1738677671304 11.547710684804589 139
1738677671320 16.346410977823712 140
1738677671337 16.360227751337597 141
1738677671355 13.799693892954279 142
1738677671371 16.56533610046568 143
1738677671390 11.28243858920171 144
1738677671406 19.861197143675565 145
1738677671424 12.231516317652545 146
1738677671439 15.544209707762574 147
1738677671457 21.14655023761523 148
1738677671476 11.039347318917693 149
1738677671492 16.237847754508685 150
1738677671508 15.707371269241003 151
1738677671527 13.381228210817655 152
1738677671542 13.143393468020221 153
1738677671559 12.856666200200518 154
1738677671574 11.716341571099468 155
1738677671593 9.0258776920282 156
1738677671613 10.123509380897122 157
1738677671629 14.787660952063677 158
1738677671647 10.215186993055685 159
1738677671664 9.43708697729964 160
1738677671680 10.783522799653287 161
1738677671694 10.978292350024498 162
1738677671712 9.89674740682208 163
1738677671743 10.233446987391051 164
1738677671758 13.474009264600763 165
1738677671773 10.916528254154386 166
1738677671787 8.860359961884972 167
1738677671801 9.539752378602557 168
1738677671817 9.736715650369232 169
1738677671831 10.057891456448706 170
1738677671845 13.879002115005486 171
1738677671859 11.88990272930796 172
1738677671873 13.563786458246453 173
1738677671886 9.854299382561226 174
1738677671900 9.858822906669197 175
1738677671915 13.295659779209505 176
1738677671929 9.797447304077085 177
1738677671945 9.041824561715144 178
1738677671966 9.758730743069536 179
1738677671980 9.07090874923398 180
1738677671994 7.108384113227645 181
1738677672010 10.750914889873231 182
1738677672024 8.82810989775835 183
1738677672038 7.755683665601087 184
1738677672056 7.956488123667742 185
1738677672073 6.470953214519616 186
1738677672092 7.243076475368866 187
1738677672110 6.743001687834587 188
1738677672122 7.7920105499278405 189
1738677672138 10.100707630258855 190
1738677672154 8.797726377621098 191
1738677672171 8.493127142169826 192
1738677672189 8.867383918121611 193
1738677672206 7.298441742542543 194
1738677672228 8.577024055686651 195
1738677672244 9.302681809587174 196
1738677672258 8.098249540084021 197
1738677672272 8.032686451080425 198
1738677672287 7.364121204974569 199
1738677672301 9.367539146527733 200
1738677672315 7.804744278193479 201
1738677672328 7.581099059605948 202
1738677672342 6.35026327625841 203
1738677672411 5.437201330972468 204
1738677672436 10.126973542033046 205
1738677672448 7.9235956978721065 206
1738677672463 6.126562750333193 207
1738677672477 5.3720079618030345 208
1738677672490 6.756359442355943 209
1738677672505 5.356074739883821 210
1738677672517 6.8468451409584805 211
1738677672532 7.839075710505535 212
1738677672550 7.258750970612636 213
1738677672564 7.689014495624542 214
1738677672580 8.059657016332345 215
1738677672594 5.759010955663682 216
1738677672611 4.992218255454028 217
1738677672628 4.836881596396617 218
1738677672645 5.284792922744841 219
1738677672664 5.356560653509725 220
1738677672680 5.681898218629963 221
1738677672698 6.195827562097986 222
1738677672715 4.8610441294517175 223
1738677672745 5.352277534489632 224
1738677672760 5.63039047580448 225
1738677672774 6.080460497938238 226
1738677672791 6.378331547906162 227
1738677672807 4.53212497103687 228
1738677672826 5.853351419008255 229
1738677672840 5.720255622857163 230
1738677672855 5.619126841732068 231
1738677672870 4.025741938634485 232
1738677672887 5.90645434816459 233
1738677672907 4.904808802867341 234
1738677672925 3.4422830885209597 235
1738677672944 5.046105413784558 236
1738677672959 5.113757334584084 237
1738677672973 5.645955766161615 238
1738677672988 4.4793961143755086 239
1738677673006 4.372997971359669 240
1738677673020 5.012316090021998 241
1738677673039 4.422011159621328 242
1738677673088 5.717690993930149 243
1738677673108 4.01398287729944 244
1738677673123 3.9103934690190156 245
1738677673139 4.523357985069886 246
1738677673156 3.4731482523695956 247
1738677673172 5.1758551747121535 248
1738677673188 4.647534456454618 249
1738677673205 3.8504238859491533 250
1738677673220 4.1350273183255855 251
1738677673235 6.82001273577404 252
1738677673252 3.3369907616330057 253
1738677673269 3.959563578513897 254
1738677673290 4.044614772476824 255
1738677673304 4.343335927955201 256
1738677673323 4.241647323013466 257
1738677673343 4.9349838786118285 258
1738677673384 3.360881603089726 259
1738677673401 6.600701533499932 260
1738677673415 3.302108822950466 261
1738677673429 4.462560325504909 262
1738677673446 3.1773799609283833 263
1738677673461 3.576272798612019 264
1738677673476 3.1188247299305454 265
1738677673490 6.339037349920985 266
1738677673503 4.513637063662166 267
1738677673521 4.328135675182112 268
1738677673536 4.062655422757943 269
1738677673552 2.952728860854437 270
1738677673570 3.151584254804891 271
1738677673586 2.8285849515996295 272
1738677673607 3.485182495735225 273
1738677673625 3.7803684194419973 274
1738677673642 2.876365599421102 275
1738677673657 3.3254634034755273 276
1738677673673 2.983635386896609 277
1738677673690 3.40613448962563 278
1738677673705 3.319359982870563 279
1738677673722 3.428295436149589 280
1738677673739 4.193966449862157 281
1738677673757 2.9566372275727275 282
1738677673774 3.3506419809372976 283
1738677673795 2.9623834950638117 284
1738677673811 2.866045099571667 285
1738677673826 2.4949866411727784 286
1738677673839 3.114282858710586 287
1738677673853 3.059808209805668 288
1738677673869 3.1209389112091244 289
1738677673888 3.0684998102578915 290
1738677673904 2.573261316872663 291
1738677673921 3.0251056917772967 292
1738677673938 3.145480370139392 293
1738677673953 2.8575600502680105 294
1738677673970 2.8734760552475636 295
1738677673987 2.689703236831779 296
1738677674003 2.654104334730751 297
1738677674018 2.3112835132002982 298
1738677674032 3.068368406477972 299
1738677674047 2.0506316420563864 300
1738677674063 3.1666018262602473 301
1738677674079 2.5067058210820474 302
1738677674096 2.4219262335580622 303
1738677674110 2.6918704026197724 304
1738677674129 2.5230106056341497 305
1738677674147 2.758434961586344 306
1738677674163 3.955908175901587 307
1738677674179 1.9627610301449545 308
1738677674197 2.901737355536972 309
1738677674214 2.3255187709910556 310
1738677674232 2.162363858999424 311
1738677674247 2.5504061614484894 312
1738677674259 2.373390883296196 313
1738677674275 2.9049909576374073 314
1738677674290 2.477365603080885 315
1738677674305 4.319753245961259 316
1738677674321 2.142017759748939 317
1738677674336 3.1594295717053797 318
1738677674350 2.358181082427977 319
1738677674364 2.187878220267488 320
1738677674382 1.7336031614640943 321
1738677674397 3.3103037941045383 322
1738677674414 2.4222807185582194 323
1738677674432 2.05480413969334 324
1738677674449 2.08595590668292 325
1738677674464 2.4043321314101425 326
1738677674480 2.3577506979216913 327
1738677674496 1.8661276570437637 328
1738677674511 2.2382375892037403 329
1738677674525 2.208613753309337 330
1738677674539 1.5392419631270327 331
1738677674554 1.9322717246199368 332
1738677674568 2.163196476387381 333
1738677674583 2.651207118742964 334
1738677674596 1.9209736638922021 335
1738677674610 1.6587908142605816 336
1738677674624 2.2950765956249457 337
1738677674638 2.350476883177575 338
1738677674652 1.9599292078645332 339
1738677674666 2.039623027916492 340
1738677674680 1.0067375132897094 341
1738677674694 2.0532031205130523 342
1738677674708 2.5648027442161108 343
1738677674722 1.9150607284695926 344
1738677674737 2.140639458723537 345
1738677674750 2.0692320193856975 346
1738677674765 1.3337985562863215 347
1738677674781 1.5829326090848799 348
1738677674799 1.2528451462629568 349
1738677674814 1.2434844400786706 350
1738677674829 1.3176795292288737 351
1738677674844 2.263456290369932 352
1738677674861 1.7603278068131052 353
1738677674879 1.6466010672566795 354
1738677674894 1.5228126720268298 355
1738677674909 1.588457043104377 356
1738677674924 2.425889171842249 357
1738677674943 1.8056628892207112 358
1738677674958 1.5886183883232168 359
1738677674976 1.7292985847056443 360
1738677674990 1.263205606880439 361
1738677675006 2.270645531102792 362
1738677675024 1.9562755636043496 363
1738677675040 1.8668969868240735 364
1738677675057 1.6588638935078095 365
1738677675074 1.6033746050221072 366
1738677675092 1.8210907426706995 367
1738677675109 1.4074428958638685 368
1738677675128 1.8895496761712938 369
1738677675144 1.4920949091057225 370
1738677675158 1.5183399396067976 371
1738677675172 1.6651153941328531 372
1738677675187 1.1817717238920686 373
1738677675201 1.235357052788348 374
1738677675215 0.8847245718963684 375
1738677675230 1.6299117860382677 376
1738677675244 1.0700460515390677 377
1738677675259 1.4339778419786156 378
1738677675275 1.3264063621018405 379
1738677675289 1.9807047189649878 380
1738677675305 1.3660797758539391 381
1738677675321 0.9896430155148641 382
1738677675335 1.2152871816582929 383
1738677675350 1.594105056303316 384
1738677675365 1.2052638865706902 385
1738677675381 2.002944558593103 386
1738677675398 1.0635062681728573 387
1738677675418 1.5413114852076237 388
1738677675435 1.5291615984870803 389
1738677675450 1.1853071544644191 390
1738677675472 1.094268951803915 391
1738677675489 1.1007984876784407 392
1738677675505 0.8945485331527351 393
1738677675520 1.0821197955019317 394
1738677675538 1.1898696330842267 395
1738677675553 1.1402264602481997 396
1738677675572 1.0290373116225875 397
1738677675587 0.779136242967066 398
1738677675603 1.1630079922432137 399
1738677675623 1.1034501474900964 400
1738677675640 1.069092338991663 401
1738677675658 0.9641725599999676 402
1738677675675 1.16620755269956 403
1738677675694 0.8503094632914667 404
1738677675710 1.4977290088736868 405
1738677675727 1.6448050612347387 406
1738677675745 0.9376809186182602 407
1738677675763 1.0758389780287756 408
1738677675779 1.1651813329149 409
1738677675793 0.7641587649309524 410
1738677675807 1.1762976975068056 411
1738677675821 1.2571644571283869 412
1738677675835 0.8185008210246122 413
1738677675847 0.8272255629066273 414
1738677675861 0.7543780592422575 415
1738677675877 0.7549364781905904 416
1738677675892 0.8013119829425419 417
1738677675908 1.1425906418116023 418
1738677675923 1.0590915468931843 419
1738677675938 1.1090412242436798 420
1738677675954 0.9818267324282539 421
1738677675970 1.1404775420967788 422
1738677675986 0.8154207940234258 423
1738677676004 1.195711690056296 424
1738677676022 0.8071676574157098 425
1738677676040 0.7496516234267223 426
1738677676056 0.7189733567803805 427
1738677676074 1.0210124813865167 428
1738677676091 0.9252138129165204 429
1738677676107 1.0463811755852723 430
1738677676132 1.3010309432617684 431
1738677676146 1.1424066041043286 432
1738677676160 1.1210340520902016 433
1738677676176 0.8866408083815578 434
1738677676191 0.9212927696607127 435
1738677676205 0.9615918323702771 436
1738677676220 1.1555982732318126 437
1738677676235 0.8838681367758469 438
1738677676249 0.714320119593195 439
1738677676264 1.0768521740373405 440
1738677676280 0.7466279825161983 441
1738677676298 0.8683863173483288 442
1738677676313 0.7104389732703054 443
1738677676329 0.9418294691275017 444
1738677676345 0.49333709881503784 445
1738677676364 0.5284609693243006 446
1738677676379 0.6129077676622959 447
1738677676393 0.7260500098308964 448
1738677676406 0.7318619652239641 449
1738677676421 0.6681419970552431 450
1738677676435 0.7299675310008058 451
1738677676449 0.46832884723643786 452
1738677676463 0.47302485404627864 453
1738677676478 0.8217239636402932 454
1738677676492 0.6543794290826549 455
1738677676507 0.42991553815022576 456
1738677676525 0.7707569982523956 457
1738677676540 0.9496135703733113 458
1738677676553 0.5656197867783821 459
1738677676566 0.7130693746344039 460
1738677676582 0.532874153989229 461
1738677676599 0.9240118327936451 462
1738677676615 0.5304926129129791 463
1738677676631 0.8461208806304296 464
1738677676647 0.7599482279687847 465
1738677676666 0.6846136722748265 466
1738677676683 0.8130362832791249 467
1738677676701 0.6887289901295809 468
1738677676716 0.8068549813954774 469
1738677676732 0.9398456398576241 470
1738677676748 0.6458031058519256 471
1738677676769 0.6589731740013105 472
1738677676783 0.864487601976356 473
1738677676799 0.7685446184578792 474
1738677676813 0.40743405351517636 475
1738677676827 0.8221955590712197 476
1738677676842 0.5678632605221453 477
1738677676857 0.7437960658950391 478
1738677676871 0.6386787607088924 479
1738677676886 0.7054197040210295 480
1738677676903 0.5732144674066262 481
1738677676919 0.49342087641405025 482
1738677676934 0.649277234116115 483
1738677676948 0.5443990918164652 484
1738677676965 0.8526839480993708 485
1738677676981 0.6473136663547361 486
1738677677004 0.49876673331314 487
1738677677023 0.5046860674200658 488
1738677677039 0.5994433246286381 489
1738677677055 0.5935793983667077 490
1738677677072 0.573586752364337 491
1738677677088 0.8018570098366687 492
1738677677105 0.6108008611191305 493
1738677677124 0.6211587773701861 494
1738677677142 0.4072790279410307 495
1738677677159 0.5895599644649004 496
1738677677178 0.6355794395443447 497
1738677677193 0.4881593309974655 498
1738677677212 0.4278414583249729 499
