1738822793499 114.17962154340023 0
1738822793521 104.55437705953454 1
1738822793567 95.66172011495246 2
1738822793591 84.71746132442368 3
1738822793625 85.91643425661412 4
1738822793652 86.84863071805994 5
1738822793671 68.10681425275935 6
1738822793704 78.9989346849544 7
1738822793717 91.01698312205166 8
1738822793737 72.58009969570038 9
1738822793754 83.33577970313989 10
1738822793770 68.23099442311862 11
1738822793795 76.2238402671842 12
1738822793820 58.05979176878223 13
1738822793844 64.97015423791305 14
1738822793862 56.26830726767911 15
1738822793884 57.7080133411257 16
1738822793904 70.77155271491927 17
1738822793930 57.50093925984571 18
1738822793955 62.5309400657594 19
1738822793977 62.0506715009265 20
1738822793998 47.067352326304665 21
1738822794017 66.54297825373469 22
1738822794034 50.88113230141491 23
1738822794050 56.869479181929464 24
1738822794067 50.69901653891066 25
1738822794089 57.050521804359406 26
1738822794103 64.1557430466953 27
1738822794125 51.58719529067207 28
1738822794140 63.589543850542995 29
1738822794158 54.87709649722696 30
1738822794179 76.16030656886664 31
1738822794199 51.44492905599656 32
1738822794215 52.98390564353256 33
1738822794235 46.24613765378704 34
1738822794256 51.572136883388346 35
1738822794272 60.83506830991138 36
1738822794289 40.67682924168161 37
1738822794308 40.473336471826094 38
1738822794330 53.26821847288111 39
1738822794355 39.446772507502786 40
1738822794373 67.24709943562148 41
1738822794398 53.578111355415224 42
1738822794422 54.10043674655973 43
1738822794469 51.603981979080956 44
1738822794519 55.39284619708023 45
1738822794539 35.32499850494961 46
1738822794555 36.27358806177782 47
1738822794572 45.581352961055245 48
1738822794587 37.752601716756764 49
1738822794599 40.00798901864355 50
1738822794612 36.87260701252634 51
1738822794625 39.46450016838 52
1738822794637 37.057007910418506 53
1738822794652 40.27838581170226 54
1738822794671 36.11904094308237 55
1738822794687 35.958518411137064 56
1738822794705 38.285566500253424 57
1738822794721 36.284382092921994 58
1738822794735 35.53790785142963 59
1738822794750 43.45795163787725 60
1738822794772 35.12301237186158 61
1738822794798 27.05001937970876 62
1738822794822 31.588961966246355 63
1738822794856 46.10913657519793 64
1738822794883 35.47217968964446 65
1738822794904 34.2107186955844 66
1738822794920 36.78885176152643 67
1738822794936 32.54673588538946 68
1738822794950 34.28787336788304 69
1738822794966 24.383914075753204 70
1738822794982 41.05321327613785 71
1738822794998 30.939872453078426 72
1738822795016 25.673523146546295 73
1738822795032 30.798171832683682 74
1738822795056 35.330432420457136 75
1738822795079 28.529717320982602 76
1738822795099 30.429602048909093 77
1738822795118 23.74695849902854 78
1738822795136 21.18536990497165 79
1738822795151 39.048859994650705 80
1738822795169 24.66934923210521 81
1738822795188 18.56625065727218 82
1738822795209 33.5651974105559 83
1738822795249 25.570219161276302 84
1738822795266 26.032673856352236 85
1738822795286 27.501826315085662 86
1738822795306 22.7661339056314 87
1738822795324 27.932067365979517 88
1738822795345 20.562475516922834 89
1738822795365 23.126168416339027 90
1738822795386 42.23263937919851 91
1738822795405 32.926630409484055 92
1738822795420 21.695380868536372 93
1738822795433 22.3213900105369 94
1738822795449 26.245083788119572 95
1738822795461 20.63187259778545 96
1738822795476 19.941548207923407 97
1738822795490 18.692302273035445 98
1738822795504 20.62078306928258 99
1738822795520 23.537101539163274 100
1738822795534 22.047196170619245 101
1738822795548 22.83011336557998 102
1738822795561 18.553374862380046 103
1738822795576 18.40855849748584 104
1738822795593 17.73633593269751 105
1738822795609 21.724660153285797 106
1738822795624 25.830512506274477 107
1738822795639 19.79077004667239 108
1738822795655 20.73179948430979 109
1738822795672 21.179230651028966 110
1738822795691 25.7594299240289 111
1738822795705 22.805666476859052 112
1738822795722 18.94929682507614 113
1738822795740 20.763329911174793 114
1738822795762 21.5707066121745 115
1738822795785 20.13718450022808 116
1738822795806 16.185284804061386 117
1738822795827 15.942237350318381 118
1738822795843 19.082414088999904 119
1738822795861 22.838218314194858 120
1738822795879 14.888823615344588 121
1738822795897 14.623287430297145 122
1738822795909 14.519070521311273 123
1738822795923 15.346975781394917 124
1738822795938 16.027227685528466 125
1738822795950 16.824051559058386 126
1738822795965 15.119828389592854 127
1738822795980 14.239299659210289 128
1738822795996 15.22841302809972 129
1738822796009 13.852028415933983 130
1738822796023 13.172511671341296 131
1738822796041 17.205456277957985 132
1738822796058 15.48116745125226 133
1738822796077 13.193876380828828 134
1738822796097 15.234526256291069 135
1738822796113 13.29546141702758 136
1738822796128 10.479442082660894 137
1738822796148 11.769661741603883 138
1738822796166 12.920445657980766 139
1738822796187 17.22353931314392 140
1738822796207 13.99753011747928 141
1738822796226 16.38579406893256 142
1738822796242 10.553672212524313 143
1738822796262 15.152296438162866 144
1738822796282 14.144085029327295 145
1738822796303 13.646203053519281 146
1738822796323 12.665535550298488 147
1738822796342 11.567196136662902 148
1738822796364 9.118950808639175 149
1738822796380 10.872572333840752 150
1738822796395 12.102354548913643 151
1738822796410 10.399065492006914 152
1738822796427 14.959524078098518 153
1738822796440 16.13070523716376 154
1738822796459 12.283418123116968 155
1738822796477 13.302930336169167 156
1738822796496 9.407207521682025 157
1738822796514 9.693637639790127 158
1738822796528 11.820438419064327 159
1738822796549 8.827611492416489 160
1738822796564 9.497510909205156 161
1738822796588 11.467335629044054 162
1738822796608 9.56996101824053 163
1738822796628 10.927062207349339 164
1738822796645 17.48381574583512 165
1738822796661 15.892960039451356 166
1738822796683 9.991559327809728 167
1738822796698 9.379163593295536 168
1738822796713 8.855598809141313 169
1738822796734 11.014454784930303 170
1738822796757 10.375494568087271 171
1738822796782 10.515110814868049 172
1738822796802 8.799604320571808 173
1738822796816 10.244877891796648 174
1738822796831 8.438401626135745 175
1738822796847 10.543360531310515 176
1738822796863 8.264427303709837 177
1738822796877 7.969848965717189 178
1738822796892 9.40523862145941 179
1738822796908 8.137276233135255 180
1738822796923 7.425372750051442 181
1738822796940 6.7872466531692055 182
1738822796956 11.543541964670213 183
1738822796972 6.844039995435012 184
1738822796993 8.449727157400554 185
1738822797013 5.508692168470143 186
1738822797030 8.710707577221518 187
1738822797047 8.740177583110302 188
1738822797068 8.97912884162306 189
1738822797083 8.471280454270826 190
1738822797100 8.187756799930902 191
1738822797122 7.304850031277489 192
1738822797134 7.676746151533068 193
1738822797154 8.21207447071631 194
1738822797177 7.899445839678473 195
1738822797194 7.736101398809793 196
1738822797213 7.5909356944959425 197
1738822797233 6.9085764707746815 198
1738822797251 6.768930448676472 199
1738822797269 8.428628187721738 200
1738822797285 6.371080986945018 201
1738822797303 8.586769292658628 202
1738822797324 6.403121650163652 203
1738822797342 4.688015386890464 204
1738822797364 6.954002277224933 205
1738822797391 6.713931574050441 206
1738822797411 6.5601596823427935 207
1738822797427 6.088392541775928 208
1738822797443 6.765400142409005 209
1738822797461 10.585001539628303 210
1738822797477 7.184377896278802 211
1738822797493 6.11994526474843 212
1738822797509 5.463169585879091 213
1738822797530 7.043295392422901 214
1738822797549 7.876004467083639 215
1738822797568 6.275979544318761 216
1738822797587 6.370596400888072 217
1738822797607 6.904782125548144 218
1738822797626 6.127329635225796 219
1738822797647 5.5667571139968635 220
1738822797664 5.071142282203988 221
1738822797678 5.983584049771259 222
1738822797695 5.462986423588516 223
1738822797710 4.822775182418799 224
1738822797729 5.262862030193414 225
1738822797745 4.6130923984714585 226
1738822797761 5.838132934740384 227
1738822797777 4.868625638776123 228
1738822797794 5.576117805599443 229
1738822797816 3.5955177688804754 230
1738822797833 4.585637300144845 231
1738822797852 5.8338942556425595 232
1738822797883 4.947176111853744 233
1738822797902 3.867122475554038 234
1738822797922 4.517967847012085 235
1738822797939 3.8270552204011734 236
1738822797957 5.0207745903018095 237
1738822797979 4.220595940304365 238
1738822797996 5.106095049949802 239
1738822798015 5.793195281296982 240
1738822798036 4.192333855019093 241
1738822798052 4.9219728932150755 242
1738822798067 5.508297143527393 243
1738822798085 4.572855709978462 244
1738822798100 4.647705809781525 245
1738822798116 4.18522644915965 246
1738822798135 4.554431263402267 247
1738822798149 4.300605835021113 248
1738822798167 5.392069009547169 249
1738822798184 3.641124660382529 250
1738822798211 4.327281190718649 251
1738822798230 5.799436684331837 252
1738822798254 3.5319581490050416 253
1738822798278 4.870122507435098 254
1738822798292 3.4419486551049805 255
1738822798310 4.232204470052235 256
1738822798330 3.844250126151853 257
1738822798347 3.6256187696080704 258
1738822798364 2.785850146362097 259
1738822798382 3.571953206760648 260
1738822798402 3.710957217493891 261
1738822798420 3.2185973860229713 262
1738822798438 4.169772133562883 263
1738822798456 5.766985510683421 264
1738822798471 4.719680733191106 265
1738822798486 3.4557317301609105 266
1738822798500 3.8401249626654894 267
1738822798515 4.652919161884122 268
1738822798531 3.4005068459856402 269
1738822798549 2.8075869685659587 270
1738822798567 5.392652576047774 271
1738822798589 6.015530655868027 272
1738822798610 3.7346230502667574 273
1738822798632 3.70831413500914 274
1738822798653 3.134012800579876 275
1738822798669 2.9303791408344004 276
1738822798685 2.751712862860962 277
1738822798698 3.5237144958479374 278
1738822798712 3.5219923724571625 279
1738822798728 4.242596415432829 280
1738822798743 5.328703368909881 281
1738822798760 3.437662075288194 282
1738822798779 3.3293159259408993 283
1738822798794 2.214932986455657 284
1738822798810 4.56873316279758 285
1738822798823 4.836425728756892 286
1738822798839 3.0846711958272484 287
1738822798854 3.121985960268145 288
1738822798873 2.592998037352292 289
1738822798893 2.9481417400156578 290
1738822798910 2.5992831857452416 291
1738822798933 2.4520047133974656 292
1738822798955 2.5297610857654567 293
1738822798974 2.9955162008311143 294
1738822798995 2.9245633193811527 295
1738822799011 2.3159544077968626 296
1738822799029 3.40144338956909 297
1738822799044 2.3677263616047357 298
1738822799058 3.0520178892432552 299
1738822799073 2.391483770232511 300
1738822799087 2.2980507728150057 301
1738822799102 2.148967503454003 302
1738822799117 2.811584699969149 303
1738822799130 3.766217064588017 304
1738822799145 2.877333691871106 305
1738822799160 2.401214354439904 306
1738822799178 1.9981158809545818 307
1738822799199 2.27698154757895 308
1738822799215 2.2855268106273616 309
1738822799235 2.1581197527253395 310
1738822799256 2.7026160580916296 311
1738822799278 2.034975318771159 312
1738822799297 2.03541393782555 313
1738822799318 2.326409305631832 314
1738822799334 3.581812723259857 315
1738822799352 2.737729178552726 316
1738822799375 2.5254929200611995 317
1738822799395 1.7983910172507707 318
1738822799412 2.6042749107056524 319
1738822799430 2.1362378507036874 320
1738822799451 3.1515152894539082 321
1738822799467 1.8718088209941417 322
1738822799482 2.3777373823179793 323
1738822799511 2.4884412470512376 324
1738822799534 2.673186067272717 325
1738822799550 2.4154737520730567 326
1738822799575 1.4333232432773815 327
1738822799595 1.8500105722067235 328
1738822799617 2.160781104029518 329
1738822799638 1.901513755935605 330
1738822799657 1.4192932863261851 331
1738822799675 1.8602201587927722 332
1738822799689 2.4459800521671777 333
1738822799706 1.6391899473360219 334
1738822799729 1.5304975397665201 335
1738822799744 1.68646075983046 336
1738822799763 1.8492943207253514 337
1738822799783 2.685001053071843 338
1738822799800 1.355114126270539 339
1738822799816 1.8608277465472873 340
1738822799835 1.3443418505248885 341
1738822799868 2.3038254879702245 342
1738822799888 2.7769304652205746 343
1738822799911 1.7248271052012396 344
1738822799928 1.1524222111681746 345
1738822799948 2.177059540171535 346
1738822799969 1.5291228277280389 347
1738822799989 2.2546704152984502 348
1738822800009 1.3356068219417971 349
1738822800025 1.4963403290659758 350
1738822800050 2.0777721646646428 351
1738822800073 1.6664395632133693 352
1738822800093 1.8456639750744452 353
1738822800111 1.318598795370202 354
1738822800128 1.1505598752290649 355
1738822800147 1.9023360509724305 356
1738822800164 1.7768526271781833 357
1738822800181 1.1529485250890839 358
1738822800201 1.8030375697316627 359
1738822800236 2.140863868288817 360
1738822800265 1.4677116053261943 361
1738822800285 1.7773032763542949 362
1738822800303 1.45994323260541 363
1738822800325 2.0151091876628326 364
1738822800342 1.8335731943040254 365
1738822800360 1.4856518876085776 366
1738822800383 1.0174113985234008 367
1738822800405 1.6669475054150864 368
1738822800424 1.4087442059735693 369
1738822800439 1.6814851712756047 370
1738822800456 1.4023787998704274 371
1738822800473 1.351935475266825 372
1738822800488 1.0842506704245474 373
1738822800504 1.2402431129225988 374
1738822800520 1.858663310814746 375
1738822800537 1.088310927366294 376
1738822800555 1.0027663024030593 377
1738822800575 1.3067491205771145 378
1738822800592 1.6512083778094695 379
1738822800610 1.3156749293075962 380
1738822800636 1.3758102799323335 381
1738822800652 1.0312241918488312 382
1738822800670 1.4533382095811727 383
1738822800691 0.8036036928905539 384
1738822800705 0.9570238580690335 385
1738822800728 1.151753031220024 386
1738822800744 1.5679474754289981 387
1738822800763 0.9195166272855495 388
1738822800784 1.467817499908508 389
1738822800801 1.5846673063679801 390
1738822800819 1.391573475524033 391
1738822800838 1.307693855892538 392
1738822800855 1.1671931630330719 393
1738822800872 0.801999607806873 394
1738822800889 1.2964344315223872 395
1738822800908 0.9301166947937844 396
1738822800927 1.2150890653642867 397
1738822800943 1.4322932633843586 398
1738822800958 1.3644480380687727 399
1738822800974 1.130956822339598 400
1738822800992 1.452552432866801 401
1738822801010 1.3443420339616359 402
1738822801025 1.0068913363948626 403
1738822801041 0.5731910086657225 404
1738822801068 1.6643792377184163 405
1738822801093 1.1846570801748972 406
1738822801112 1.105058935289867 407
1738822801131 0.9303434822480681 408
1738822801165 1.2274045382689946 409
1738822801179 1.061578884540828 410
1738822801193 0.7839999142830192 411
1738822801206 0.8084998132348029 412
1738822801225 1.138169533043879 413
1738822801239 0.6505217659832134 414
1738822801260 0.8991263092880991 415
1738822801277 1.0237178751066076 416
1738822801294 0.8209641756332894 417
1738822801313 1.1418818684122252 418
1738822801330 0.9936452660334972 419
1738822801346 1.0624432037570528 420
1738822801359 0.908848059017199 421
1738822801376 0.9443826451135638 422
1738822801399 0.5768561647646033 423
1738822801414 0.803468376108151 424
1738822801431 1.074522293015951 425
1738822801447 0.7827454063388349 426
1738822801469 0.7496421627422375 427
1738822801489 0.5810367661368211 428
1738822801511 0.823518582276744 429
1738822801530 1.5928231181012833 430
1738822801550 0.7349511607001645 431
1738822801570 0.6096155076888988 432
1738822801591 1.0441609928156357 433
1738822801611 0.7191051334668789 434
1738822801627 0.5458549577758471 435
1738822801649 0.9864634650777492 436
1738822801680 0.8803249518997249 437
1738822801704 0.624711063209314 438
1738822801724 0.8563392549387904 439
1738822801741 0.7559778639095086 440
1738822801756 0.8062119604370845 441
1738822801772 0.6030080773383433 442
1738822801791 1.0812242628846924 443
1738822801810 1.0820834416860294 444
1738822801826 0.6148928797128831 445
1738822801849 0.8927852563647305 446
1738822801863 0.7691055502055327 447
1738822801879 0.726976643712963 448
1738822801895 0.631316127180163 449
1738822801908 0.48776121938714 450
1738822801926 0.9606108452799864 451
1738822801941 0.9681781971204273 452
1738822801957 0.722425531984402 453
1738822801975 0.6600898741553762 454
1738822801990 0.49764789377416757 455
1738822802006 0.862896632663683 456
1738822802025 0.754392124887105 457
1738822802041 0.6165172241056637 458
1738822802055 0.9685793547142169 459
1738822802070 0.8096196693503359 460
1738822802090 0.880107898055809 461
1738822802107 0.5887952773332138 462
1738822802126 1.021919452237702 463
1738822802143 0.5158890575217406 464
1738822802161 0.7185605649836084 465
1738822802176 0.7026904629112143 466
1738822802192 0.679318944287215 467
1738822802213 1.1009236599263594 468
1738822802230 0.5682531434202428 469
1738822802251 1.0719885691828974 470
1738822802270 0.6354532610867364 471
1738822802289 0.6683661595561806 472
1738822802314 0.6347528705549874 473
1738822802331 0.6142882683759063 474
1738822802347 0.6020997770354093 475
1738822802367 0.6065183773849843 476
1738822802386 0.5428238044074399 477
1738822802408 0.44675826807491503 478
1738822802424 0.8799623063197963 479
1738822802443 0.6616950978364806 480
1738822802459 0.6661338081474801 481
1738822802474 0.520030253603888 482
1738822802489 0.4348238757246879 483
1738822802503 1.311015702738527 484
1738822802519 0.660462379066146 485
1738822802535 0.5586069343161967 486
1738822802554 0.41671369521631285 487
1738822802576 0.3980641302721314 488
1738822802591 0.4268480040459287 489
1738822802616 0.6905635527434125 490
1738822802633 0.5904579227614599 491
1738822802654 0.460158345395673 492
1738822802672 0.5461251074905048 493
1738822802687 0.5828254873684606 494
1738822802702 0.42045682304679727 495
1738822802716 0.493138699715119 496
1738822802732 0.3821806946085608 497
1738822802747 0.523272401909623 498
1738822802763 0.29370442717320305 499
