1738825162123 169.83782096150625 0
1738825162148 169.81737960591377 1
1738825162169 169.7974238492506 2
1738825162184 169.77793978287653 3
1738825162199 169.7589139585318 4
1738825162215 169.7403333716305 5
1738825162231 169.72218544519245 6
1738825162248 169.7044580143878 7
1738825162263 169.68713931167093 8
1738825162282 169.67021795248087 9
1738825162302 169.6536829214848 10
1738825162344 169.63752355934474 11
1738825162372 169.62172954998601 12
1738825162392 169.6062909083485 13
1738825162414 169.59119796860125 14
1738825162432 169.57644137280266 15
1738825162457 169.5620120599892 16
1738825162476 169.5479012556749 17
1738825162511 169.53410046174682 18
1738825162532 169.52060144674033 19
1738825162548 169.5073962364793 20
1738825162569 169.49447710506806 21
1738825162589 169.48183656621998 22
1738825162605 169.46946736491049 23
1738825162620 169.45736246934223 24
1738825162634 169.44551506320917 25
1738825162649 169.43391853824912 26
1738825162665 169.42256648707325 27
1738825162685 169.41145269626082 28
1738825162704 169.40057113971122 29
1738825162719 169.38991597224037 30
1738825162739 169.37948152341517 31
1738825162759 169.36926229161386 32
1738825162779 169.35925293830616 33
1738825162798 169.34944828254277 34
1738825162815 169.33984329564757 35
1738825162832 169.33043309610377 36
1738825162848 169.32121294462726 37
1738825162864 169.31217823941927 38
1738825162880 169.3033245115924 39
1738825162895 169.29464742076274 40
1738825162911 169.2861427508013 41
1738825162928 169.27780640574028 42
1738825162943 169.26963440582625 43
1738825162964 169.26162288371626 44
1738825162982 169.2537680808104 45
1738825163010 169.24606634371665 46
1738825163031 169.23851412084156 47
1738825163045 169.2311079591034 48
1738825163068 169.22384450076254 49
1738825163088 169.21672048036424 50
1738825163110 169.20973272179057 51
1738825163127 169.20287813541628 52
1738825163141 169.1961537153655 53
