1738824926556 169.45495332681253 0
1738824926564 168.8229014227875 1
1738824926570 167.50951847400285 2
1738824926577 167.60673367297812 3
1738824926583 167.08108335397236 4
1738824926590 169.66767200792597 5
1738824926596 169.43191740558407 6
1738824926603 167.30142292913618 7
1738824926609 170.17604137769808 8
1738824926616 167.0748040835112 9
1738824926623 166.15173467371372 10
1738824926629 169.26744093221492 11
1738824926636 169.21713017032283 12
1738824926643 169.96294812439598 13
1738824926650 168.67910438876928 14
1738824926656 166.9196351856885 15
1738824926662 168.1611930380156 16
1738824926671 170.06080623913059 17
1738824926678 165.60521026917314 18
1738824926685 170.5698295075311 19
1738824926696 168.69492740239718 20
1738824926703 168.4852119143906 21
1738824926710 170.30785811628448 22
1738824926717 168.31806921251874 23
1738824926725 171.48167061317278 24
1738824926731 170.91441824985796 25
1738824926737 168.4627537886428 26
1738824926744 169.92037300428788 27
1738824926750 169.76609685353753 28
1738824926757 167.58067535447117 29
1738824926764 169.83816608513524 30
1738824926772 169.73896028682927 31
1738824926779 170.74201762973115 32
1738824926785 167.09808127724958 33
1738824926792 169.58283212866735 34
1738824926798 169.24669888548124 35
1738824926804 170.17043038443123 36
1738824926811 166.11404240691004 37
1738824926817 169.84157521282793 38
1738824926824 170.10091671871444 39
1738824926830 168.5111112375325 40
1738824926836 170.93598623761497 41
1738824926842 169.63990823146816 42
1738824926848 168.51533096756685 43
1738824926854 170.69261509505807 44
1738824926860 167.2844094124354 45
1738824926867 167.86321722626582 46
1738824926873 170.25273681701853 47
1738824926880 165.8895270832773 48
1738824926887 170.17999028980066 49
1738824926893 168.33279144335827 50
1738824926900 169.27862968546316 51
1738824926908 169.6480439397303 52
1738824926916 169.52238386349583 53
1738824926922 170.53375909237886 54
1738824926929 169.46191648223444 55
1738824926935 168.0368956077071 56
1738824926945 168.21018392454977 57
1738824926952 173.31224849507197 58
1738824926958 167.34659244386853 59
1738824926964 165.2233709059926 60
1738824926971 169.22537386278466 61
1738824926977 166.34811085505527 62
1738824926983 167.9781544567322 63
