1738680263869 168.6610501167574 0
1738680263905 171.3758578703328 1
1738680263939 181.19502718276868 2
1738680263973 161.5654803181113 3
1738680264007 179.16122884673678 4
1738680264041 162.78687298859336 5
1738680264076 183.04043808395795 6
1738680264112 181.96849229706982 7
1738680264147 152.0179840337844 8
1738680264183 156.59385083985777 9
1738680264218 172.38223849278776 10
1738680264252 178.77030345829107 11
1738680264286 151.77711788297557 12
1738680264319 171.1544743358811 13
1738680264353 154.0505167786808 14
1738680264386 179.0749104471656 15
1738680264419 149.9393614326745 16
1738680264454 132.4912328686657 17
1738680264489 180.50834341399246 18
1738680264523 184.68203871468702 19
1738680264556 169.19563843906866 20
1738680264589 190.5085989044708 21
1738680264622 187.59878047191407 22
1738680264655 184.29697792075902 23
1738680264689 173.56127985663997 24
1738680264722 193.0363082999071 25
1738680264755 169.349698141002 26
1738680264788 157.35414723639192 27
1738680264822 184.12066012156504 28
1738680264855 167.48674401148028 29
1738680264888 191.23489302399568 30
1738680264921 181.64842434705187 31
1738680264955 173.3859443067308 32
1738680264988 150.11547694900796 33
1738680265022 147.42880549953244 34
1738680265056 167.61629998608905 35
1738680265090 175.53950839074227 36
1738680265124 141.88484827609037 37
1738680265158 174.64431153817625 38
1738680265192 174.5757246289256 39
1738680265226 200.87210459034264 40
1738680265259 181.26594815222197 41
1738680265293 187.03019924226484 42
1738680265326 162.78442480461516 43
1738680265359 170.88302052038523 44
1738680265393 173.15016183131283 45
1738680265426 168.89031430503687 46
1738680265460 189.19676204333842 47
1738680265494 178.2645252615629 48
1738680265528 183.974410300926 49
1738680265561 187.13454632359876 50
1738680265594 187.1317236077439 51
1738680265627 162.84196778441367 52
1738680265661 184.2191841347809 53
1738680265694 168.29988902348632 54
1738680265727 167.5271633749422 55
1738680265760 163.43918879470152 56
1738680265793 131.00302123684347 57
1738680265826 144.63717114383877 58
1738680265860 186.12071117703806 59
1738680265893 173.65392537596284 60
1738680265926 177.25676689751882 61
1738680265960 180.7958589738583 62
1738680265995 164.6148049712439 63
1738680266029 175.48391392204704 64
1738680266062 151.17611702727123 65
1738680266097 163.2493264266837 66
1738680266132 159.83864771048033 67
1738680266166 181.42009910401472 68
1738680266200 183.23721185511775 69
1738680266234 149.73628528459088 70
1738680266268 172.2913232146581 71
1738680266301 163.5216325038034 72
1738680266334 158.30128942298077 73
1738680266367 189.05173909910135 74
1738680266400 132.43277111506643 75
1738680266433 166.64796995455157 76
1738680266467 180.2588118356054 77
1738680266500 189.32220402075205 78
1738680266534 158.58029365295934 79
1738680266568 174.60802574439145 80
1738680266601 141.53646605742435 81
1738680266634 144.22299878368867 82
1738680266669 183.66854003542647 83
1738680266704 130.53023728022006 84
1738680266738 163.95401675472942 85
1738680266771 167.97245578068686 86
1738680266805 171.8863248196508 87
1738680266837 180.69486823755992 88
1738680266871 179.29038458745703 89
1738680266905 155.01509647904217 90
1738680266939 159.1047685221017 91
1738680266972 175.7713491689316 92
1738680267006 171.61076022283768 93
1738680267039 168.88054797694542 94
1738680267072 143.96110292576873 95
1738680267105 172.53942093167123 96
1738680267139 159.49214660774265 97
1738680267172 151.25689916043675 98
1738680267205 174.81883419919592 99
1738680267238 165.9039318442598 100
1738680267271 184.07695197458938 101
1738680267304 168.3408619791335 102
1738680267337 171.2886272110456 103
1738680267371 180.33751866018173 104
1738680267404 171.8904974918477 105
1738680267437 167.14529324928165 106
1738680267471 175.08148677764083 107
1738680267505 161.360657671353 108
1738680267540 190.202164862739 109
1738680267573 176.71270467581436 110
1738680267607 190.3190452447031 111
1738680267640 197.36977149278908 112
1738680267674 171.6428427421286 113
1738680267708 182.1146759252867 114
1738680267741 181.90864072281977 115
1738680267775 160.85584100460292 116
1738680267814 156.90538894200208 117
1738680267847 169.36252720214935 118
1738680267880 176.11054980062724 119
1738680267914 142.73793656996023 120
1738680267946 173.65165030540498 121
1738680267980 155.53143720146304 122
1738680268014 171.3922496655328 123
1738680268047 172.40226090616164 124
1738680268081 166.12235388312752 125
1738680268114 146.66262029798133 126
1738680268147 176.5177234670483 127
1738680268181 164.27843898963258 128
1738680268216 108.4564303636683 129
1738680268249 149.63120296514424 130
1738680268283 176.84264470811152 131
1738680268316 178.3595881451523 132
1738680268349 181.44884176544085 133
1738680268382 163.54713946094074 134
1738680268416 186.7346134254621 135
1738680268449 169.28941762278998 136
1738680268483 181.09553249290337 137
1738680268516 158.6789437128075 138
1738680268549 168.24543820789907 139
1738680268582 178.35461635959362 140
1738680268615 179.5014076767297 141
1738680268648 178.6582054121794 142
1738680268682 163.27361731162247 143
1738680268715 161.4867112329377 144
1738680268749 152.77390432042293 145
1738680268783 171.89542181458557 146
1738680268816 172.33684380688624 147
1738680268850 165.30912774641774 148
1738680268883 180.46561344118464 149
1738680268917 174.71944321186405 150
1738680268949 182.44310844906224 151
1738680268985 183.4759402058553 152
1738680269018 155.31004531632465 153
1738680269052 168.14678612071995 154
1738680269086 175.28579282612773 155
1738680269119 191.65673838807385 156
1738680269153 145.41281739696916 157
1738680269186 175.1571651332222 158
1738680269219 155.0815584499997 159
1738680269252 164.24538819278408 160
1738680269286 160.19131874596397 161
1738680269319 158.75984932942225 162
1738680269352 172.87656194727887 163
1738680269385 141.8463170989711 164
1738680269418 163.78746803552568 165
1738680269451 167.024494664202 166
1738680269484 129.01396863172852 167
1738680269517 177.96116065216341 168
1738680269550 181.92350880021945 169
1738680269584 177.54187728303924 170
1738680269618 154.8250988916098 171
1738680269651 185.99862716845277 172
1738680269684 186.19748848997736 173
1738680269718 179.54282358963198 174
1738680269751 182.87685474168356 175
1738680269784 175.09184957452334 176
1738680269817 180.77197395168426 177
1738680269850 149.649934301693 178
1738680269884 129.60308060038872 179
1738680269917 160.95674578034746 180
1738680269950 144.69742479179857 181
1738680269984 156.38525913772662 182
1738680270017 191.13526365686144 183
1738680270051 177.23893407477513 184
1738680270085 175.03476061513786 185
1738680270118 181.19212423304128 186
1738680270151 210.1550725546405 187
1738680270185 157.06548002503902 188
1738680270218 136.16449791712068 189
1738680270252 180.20525844640423 190
1738680270286 183.81642514597235 191
1738680270319 176.81905061063762 192
1738680270352 126.70065546752822 193
1738680270385 181.12010399576843 194
1738680270418 169.19258801011787 195
1738680270451 163.826814214539 196
1738680270484 128.4110786300862 197
1738680270518 185.54951074901464 198
1738680270551 166.23925584951652 199
1738680270584 190.43703615876348 200
1738680270617 167.10272034095672 201
1738680270651 177.32366122464214 202
1738680270684 167.07760604853806 203
1738680270717 181.0916657042331 204
1738680270750 191.59018963312957 205
1738680270784 164.40361813359502 206
1738680270817 169.6541385445605 207
1738680270850 162.23181192407515 208
1738680270884 188.54758665581554 209
1738680270917 174.21989382122928 210
1738680270950 172.499501160698 211
1738680270983 181.68458587224316 212
1738680271017 177.08243702416954 213
1738680271051 173.1759066583186 214
1738680271084 169.92534810525945 215
1738680271117 144.81955470225597 216
1738680271151 159.82283940979735 217
1738680271184 180.07209771970986 218
1738680271217 170.41895028242593 219
1738680271250 177.12411704512786 220
1738680271283 190.78467569433315 221
1738680271316 151.7717236149112 222
1738680271351 174.1154966219371 223
1738680271384 168.55044807075257 224
1738680271418 179.55746280742443 225
1738680271452 170.6066874424612 226
1738680271485 179.39101390750105 227
1738680271519 179.65666124746957 228
1738680271553 169.16395151089708 229
1738680271586 181.08279799138398 230
1738680271620 140.47580786001137 231
1738680271653 179.91626796470553 232
1738680271687 181.78999982204118 233
1738680271720 182.88006606746254 234
1738680271753 172.18354313999697 235
1738680271786 185.20479894760712 236
1738680271819 174.2234284768011 237
1738680271852 199.13870220793245 238
1738680271885 189.34604136885653 239
1738680271918 156.59447700129542 240
1738680271951 160.48767470891707 241
1738680271985 186.32511132374816 242
1738680272018 172.42069663586696 243
1738680272051 167.45158757583857 244
1738680272085 122.71016401425372 245
1738680272118 164.05295768411864 246
1738680272151 166.3056639772884 247
1738680272185 189.3854469943696 248
1738680272218 185.24945187433067 249
1738680272251 170.65513704847498 250
1738680272284 212.08370990961456 251
1738680272318 170.27229950059686 252
1738680272351 166.93186772430758 253
1738680272384 170.07390829050212 254
1738680272419 167.89979905885494 255
1738680272452 155.6299185479184 256
1738680272485 194.45110311254274 257
1738680272519 152.57374049099278 258
1738680272562 172.42931008709016 259
1738680272598 177.13680202900997 260
1738680272632 162.11567818707383 261
1738680272666 191.35386593946268 262
1738680272699 178.9119667996802 263
1738680272733 152.5763225298318 264
1738680272766 175.1852182893399 265
1738680272799 178.25052380688075 266
1738680272832 189.5531754635218 267
1738680272865 182.93340856000904 268
1738680272899 161.08522288867817 269
1738680272932 190.5792146521693 270
1738680272964 163.91754606183252 271
1738680272998 181.0486834729776 272
1738680273031 144.50007990905956 273
1738680273065 171.77870396087567 274
1738680273098 172.6459886703322 275
1738680273131 149.96086034764397 276
1738680273165 184.11977472356517 277
1738680273198 175.46565524361202 278
1738680273231 162.6351701576806 279
1738680273264 163.691414612975 280
1738680273298 190.41226969294175 281
1738680273331 179.1870549172702 282
1738680273364 199.35587505595876 283
1738680273398 170.91764962207534 284
1738680273431 189.3276769309803 285
1738680273464 178.3692025400666 286
1738680273497 182.00547533129463 287
1738680273530 166.44444084990607 288
1738680273563 149.76799482279884 289
1738680273597 159.221992715977 290
1738680273630 177.36780599131464 291
1738680273664 151.44170486487766 292
1738680273697 160.40269806841204 293
1738680273730 192.01006651631442 294
1738680273764 174.2949513662856 295
1738680273797 169.93681015326962 296
1738680273830 176.2509488332678 297
1738680273864 148.04643097673917 298
1738680273897 160.1924018136924 299
1738680273930 116.68733140817533 300
1738680273963 146.57000600164167 301
1738680273996 149.57458687150026 302
1738680274030 184.70443997114853 303
1738680274063 174.11080650012306 304
1738680274097 183.0604684666411 305
1738680274130 188.92203343692452 306
1738680274163 187.3701068549559 307
1738680274197 175.2024396045861 308
1738680274230 175.71505184975777 309
1738680274263 179.58796008282243 310
1738680274296 158.3790601041406 311
1738680274329 151.90359191432265 312
1738680274362 140.84850308624405 313
1738680274396 171.27040261940687 314
1738680274429 147.88941208691966 315
1738680274462 182.20016007643065 316
1738680274497 175.8659746901077 317
1738680274538 179.74879152378693 318
1738680274573 172.83125773153338 319
1738680274607 157.7566442623231 320
1738680274641 168.9628229085442 321
1738680274675 176.64503104793351 322
1738680274709 161.63703724381566 323
1738680274742 195.24300321854324 324
1738680274776 164.3592276567012 325
1738680274809 191.55304361528584 326
1738680274842 160.48287483694202 327
1738680274876 159.81208922197217 328
1738680274910 165.98452031349257 329
1738680274943 155.9479885154349 330
1738680274977 183.13533288712352 331
1738680275011 185.37108425040395 332
1738680275044 180.40623760416653 333
1738680275078 178.66596313225855 334
1738680275111 189.78716996693865 335
1738680275145 125.37849505597315 336
1738680275178 149.83575344901212 337
1738680275211 180.6008363462758 338
1738680275244 168.7925817338139 339
1738680275277 165.96309158623959 340
1738680275311 163.04293024108793 341
1738680275345 160.3484642916375 342
1738680275378 159.91645606852796 343
1738680275412 177.70621124761718 344
1738680275445 183.51089136046187 345
1738680275478 160.01612458484854 346
1738680275511 156.905581089157 347
1738680275544 165.4861434501864 348
1738680275577 153.77653565070528 349
1738680275610 172.61212156901254 350
1738680275643 191.37673857192783 351
1738680275677 179.6473090978045 352
1738680275710 176.29441807836358 353
1738680275743 174.11347582256943 354
1738680275776 180.78816790878895 355
1738680275809 156.05889891537566 356
1738680275842 159.44832785072157 357
1738680275875 160.36120438118454 358
1738680275909 187.0829455117596 359
1738680275942 158.83902872554677 360
1738680275975 156.08902043585275 361
1738680276009 183.7698644239819 362
1738680276042 184.29089441290876 363
1738680276075 170.07786943343856 364
1738680276108 159.5744600685314 365
1738680276141 142.06479644411903 366
1738680276174 182.0591336972245 367
1738680276207 180.5000132016169 368
1738680276240 158.5035205099321 369
1738680276273 168.11842172811302 370
1738680276306 163.3708577306709 371
1738680276340 175.47698623037732 372
1738680276373 178.17280989302657 373
1738680276406 156.80537778544732 374
1738680276440 149.74349277550382 375
1738680276473 183.27750177832075 376
1738680276506 181.5712380314807 377
1738680276539 167.73676779558593 378
1738680276582 172.0167635684211 379
1738680276619 158.23568471021483 380
1738680276658 181.33479288879556 381
1738680276695 204.09535613607528 382
1738680276729 180.45657252334777 383
1738680276763 152.10521968564706 384
1738680276796 166.84117500336345 385
1738680276829 165.21464015368335 386
1738680276862 169.4003544067545 387
1738680276896 179.07756033534275 388
1738680276929 161.30893366719408 389
1738680276963 178.78163629336564 390
1738680276996 185.4400314312902 391
1738680277031 157.0811085991247 392
1738680277064 159.98321489140673 393
1738680277098 165.63643281962214 394
1738680277131 157.0956974506433 395
1738680277164 174.85016395362743 396
1738680277197 162.77172681935932 397
1738680277230 167.98612114468358 398
1738680277263 161.31383832539632 399
1738680277296 163.00442423189483 400
1738680277330 162.73928965554563 401
1738680277362 164.87330989156985 402
1738680277396 185.426148865302 403
1738680277429 152.8911018084526 404
1738680277463 172.66328186635664 405
1738680277496 164.28175868060967 406
1738680277530 182.09289000167854 407
1738680277563 186.59873310595904 408
1738680277597 165.11910125800696 409
1738680277630 190.46954976967828 410
1738680277663 191.95175565650734 411
1738680277697 168.9650989286251 412
1738680277730 184.7805699882363 413
1738680277764 169.44639938599295 414
1738680277797 162.55592970498753 415
1738680277830 206.21393647504655 416
1738680277863 191.28754071026066 417
1738680277896 168.29403607933605 418
1738680277930 186.33950351634843 419
1738680277963 169.7399782906886 420
1738680277996 180.22068854248414 421
1738680278030 175.4048940453793 422
1738680278063 150.43075906162264 423
1738680278096 173.4010651569421 424
1738680278129 174.74470094040527 425
1738680278162 185.88385814741198 426
1738680278195 182.21701660486178 427
1738680278229 188.39399061564973 428
1738680278262 172.96908080777757 429
1738680278295 148.28569646922747 430
1738680278328 222.6679226421825 431
1738680278361 179.2093709305303 432
1738680278395 169.5882016310483 433
1738680278428 142.69916348715284 434
1738680278461 162.9673950592943 435
1738680278494 184.7167619764703 436
1738680278528 178.34677283339718 437
1738680278561 184.42866743635355 438
1738680278594 170.0412293310189 439
1738680278627 172.99686007872305 440
1738680278661 182.7062200294894 441
1738680278694 159.85815028477234 442
1738680278727 162.34803346141382 443
1738680278760 183.597714691926 444
1738680278794 168.64305208569866 445
1738680278828 177.573778563619 446
1738680278861 146.5704496212661 447
1738680278894 171.16731015310359 448
1738680278927 186.76395919636852 449
1738680278961 161.3943495033878 450
1738680278995 181.26623757435755 451
1738680279028 139.1835462100316 452
1738680279062 159.45884597275457 453
1738680279095 165.78434472376065 454
1738680279129 171.72746231430236 455
1738680279162 181.9604209041439 456
1738680279196 155.93374323753707 457
1738680279229 176.51666162718004 458
1738680279262 163.3375358214247 459
1738680279295 181.7892117527948 460
1738680279328 166.50254067143348 461
1738680279361 154.27599031784806 462
1738680279394 161.2051085436794 463
1738680279427 181.02962931536607 464
1738680279460 176.21790836076403 465
1738680279494 179.56025896083642 466
1738680279527 164.29726206373542 467
1738680279560 171.5635807862559 468
1738680279593 164.83103754954664 469
1738680279626 159.83398741309477 470
1738680279659 172.60852057954443 471
1738680279693 174.10632628837658 472
1738680279726 177.19116209637903 473
1738680279760 165.82369161983328 474
1738680279793 172.67812396439473 475
1738680279825 173.18410522807937 476
1738680279858 145.56086789534118 477
1738680279891 158.10556663284 478
1738680279924 179.7462112836528 479
1738680279959 174.9109740355465 480
1738680279992 172.19380904420515 481
1738680280025 169.6699702817441 482
1738680280059 169.6577496435719 483
1738680280092 143.1461463809851 484
1738680280125 159.71246340453555 485
1738680280158 166.20667554147425 486
