1738826259075 175.16708268049786 0
1738826259123 124.8067866601743 1
1738826259170 177.04437870579932 2
1738826259217 160.30104083425644 3
1738826259296 173.1350594769555 4
1738826259352 175.7459345081415 5
1738826259400 172.73681011303967 6
1738826259448 192.62914640311618 7
1738826259496 174.92843600487507 8
1738826259543 174.6112141835231 9
1738826259589 183.5940814186898 10
1738826259636 175.67397137565922 11
1738826259682 164.47058379426102 12
1738826259729 181.4182380281949 13
1738826259776 161.9155834807067 14
1738826259822 146.59520322353507 15
1738826259869 203.58489076405897 16
1738826259916 203.48329694936996 17
1738826259964 188.0904133115735 18
1738826260010 181.9310421189371 19
1738826260057 174.70449157986175 20
1738826260104 170.9803629050425 21
1738826260151 181.9668425495271 22
1738826260196 175.76415781094272 23
1738826260243 152.87475997467476 24
1738826260290 160.9493868360764 25
1738826260337 157.12684155925916 26
1738826260384 167.3882105437996 27
1738826260431 182.06898395367574 28
1738826260478 180.59121698127228 29
1738826260524 170.25278328351033 30
1738826260571 151.75829299968015 31
1738826260616 152.1568100225184 32
1738826260662 171.94496557022825 33
1738826260710 150.2844751197366 34
1738826260757 166.8420609003503 35
1738826260804 134.0542452351197 36
1738826260850 151.3568785181709 37
1738826260896 179.653891214139 38
1738826260945 176.18312464641974 39
1738826260992 175.06798394186413 40
1738826261039 136.836082404504 41
1738826261085 142.41676813723063 42
1738826261132 160.5649690234364 43
1738826261180 180.73528434266885 44
1738826261228 182.40626871722156 45
1738826261276 154.2736795852397 46
1738826261323 169.1566733257753 47
1738826261370 188.185343771457 48
1738826261419 180.0738315024153 49
1738826261469 166.21630810871577 50
1738826261516 167.22417068705127 51
1738826261562 163.8065978757894 52
1738826261611 151.12165590273378 53
1738826261658 131.21030469535918 54
1738826261705 174.06815991418054 55
1738826261751 181.44077861391332 56
1738826261798 170.42122072217788 57
1738826261846 185.41873671144867 58
1738826261893 181.7295318727179 59
1738826261940 152.80441309997855 60
1738826261987 182.63214511158154 61
1738826262034 174.07612592712326 62
1738826262081 169.9544511827003 63
1738826262128 164.03035522640317 64
1738826262175 163.53933459687147 65
1738826262224 179.45332930416396 66
1738826262276 173.8730763505974 67
1738826262324 155.1592194811538 68
1738826262372 151.41984410380005 69
1738826262419 167.18264953827654 70
1738826262467 151.88939062136672 71
1738826262514 154.84376512998512 72
1738826262561 174.13170342910757 73
1738826262612 177.9451265386897 74
1738826262661 142.17591605774658 75
1738826262708 155.9788355538636 76
1738826262756 158.86923332481302 77
1738826262803 156.87212061895082 78
1738826262849 178.65210568882642 79
1738826262896 174.9555117657553 80
1738826262943 173.26415589212863 81
1738826262989 158.12676160933205 82
1738826263037 172.18699719866174 83
1738826263085 168.75529408418282 84
1738826263134 174.24049889239222 85
1738826263183 168.4257020925069 86
1738826263231 190.48734472700013 87
1738826263278 180.76153403956891 88
1738826263325 166.57550342423886 89
1738826263373 175.49029084500583 90
1738826263420 154.99743128021632 91
1738826263468 183.50896000704475 92
1738826263514 169.96015931716425 93
1738826263562 156.6227436410584 94
1738826263610 153.60991223643435 95
1738826263658 137.69334263555422 96
1738826263705 177.98833734544573 97
1738826263753 175.77462795755318 98
1738826263799 186.86407813125405 99
1738826263847 164.84894777889548 100
1738826263894 140.2006298722979 101
1738826263941 165.78936298940238 102
1738826263988 177.48939315207605 103
1738826264036 144.14145498829131 104
1738826264083 161.98488402874892 105
1738826264130 170.64299339923036 106
1738826264177 181.26574229758165 107
1738826264224 173.82702917326742 108
1738826264272 178.45704978720457 109
1738826264319 149.43989594150884 110
1738826264367 179.40672189432348 111
1738826264414 160.48423506427426 112
1738826264461 155.3492688261275 113
1738826264508 251.32857000355494 114
1738826264555 170.6295855819113 115
1738826264602 186.8539165999079 116
1738826264649 193.26236409441105 117
1738826264696 185.6531851155315 118
1738826264742 180.58619013518057 119
1738826264789 178.09035946129006 120
1738826264837 192.4658674001611 121
1738826264884 138.6090417015884 122
1738826264930 176.96565020251919 123
1738826264978 171.4951067682349 124
1738826265025 180.73517006167734 125
1738826265072 177.52231308658938 126
1738826265119 186.84145518413024 127
1738826265167 155.99939082948174 128
1738826265214 166.2994718006345 129
1738826265261 152.38350214569607 130
1738826265308 152.20635170192332 131
1738826265355 171.36072076127982 132
1738826265403 175.30039615198982 133
1738826265450 181.9413368367202 134
1738826265497 181.6466169789313 135
1738826265543 183.23418489466627 136
1738826265590 185.4944935632517 137
1738826265637 179.30817108012016 138
1738826265684 186.5588506297187 139
1738826265732 188.12049949093927 140
1738826265779 197.0465060233329 141
1738826265826 174.94028946169203 142
1738826265874 149.70529871629932 143
1738826265921 170.95986661656926 144
1738826265969 171.03607391638582 145
1738826266016 167.65692044965184 146
1738826266064 178.20343676480476 147
1738826266111 152.12510805281283 148
1738826266158 182.08501393036428 149
1738826266205 156.99527487156595 150
1738826266252 164.8452131807606 151
1738826266300 163.55445028587346 152
1738826266347 163.9891648012687 153
1738826266394 157.35397516322843 154
1738826266441 162.125580707274 155
1738826266488 127.11143359313171 156
1738826266534 167.80085505323981 157
1738826266582 177.56766078304085 158
1738826266628 170.92259963923888 159
1738826266676 152.82734508078386 160
1738826266723 190.5183392948044 161
1738826266769 169.4582629993772 162
1738826266816 171.4472235973441 163
1738826266864 180.02909419011922 164
1738826266911 174.5486776883207 165
1738826266958 179.23482802172273 166
1738826267004 214.03835967055952 167
1738826267051 163.81306695713997 168
1738826267098 160.19161397547833 169
1738826267145 141.98972121316882 170
1738826267192 157.09358838958283 171
1738826267239 167.416941628348 172
1738826267285 165.41284162958806 173
1738826267333 176.42807471831665 174
1738826267380 178.6287310844652 175
1738826267427 188.92473168301993 176
1738826267474 185.0417586439092 177
1738826267521 149.87724068053518 178
1738826267567 182.10944206536817 179
1738826267614 147.53174930647327 180
1738826267661 151.40312350423577 181
1738826267708 165.1364632039403 182
1738826267755 171.14342183796836 183
1738826267802 173.32604293626827 184
1738826267850 154.88129924428907 185
1738826267898 172.1186533010078 186
1738826267945 162.88323642481768 187
1738826267993 152.30387887888608 188
1738826268040 168.04108150012274 189
1738826268087 179.02261146367934 190
1738826268134 143.28489351447075 191
1738826268180 181.7009805215002 192
1738826268227 152.6200642174589 193
1738826268274 196.14338961248433 194
1738826268320 184.27596631955782 195
1738826268367 164.6018490728094 196
1738826268415 167.24962471292645 197
1738826268462 164.46320513870043 198
1738826268509 182.88382613325115 199
1738826268555 117.96734620656656 200
1738826268603 180.53174050876257 201
1738826268649 150.76902119524703 202
1738826268696 182.98585781875434 203
1738826268743 177.77237848845783 204
1738826268789 175.0511996155873 205
1738826268836 173.15915540594943 206
1738826268883 194.90478650147267 207
1738826268931 149.01545446925877 208
1738826268978 177.21634151813544 209
1738826269025 179.86499655634148 210
1738826269073 177.6650062959628 211
1738826269120 174.85301862913218 212
1738826269166 181.7538473212518 213
1738826269213 189.45481238807878 214
1738826269260 158.04533987040134 215
1738826269307 170.99120295378276 216
1738826269354 177.10313481625965 217
1738826269402 158.83850582952735 218
1738826269449 156.9284600057709 219
1738826269497 158.7074947981275 220
1738826269543 162.31872361401426 221
1738826269590 130.50567097584982 222
1738826269638 169.84950037352445 223
1738826269684 166.38973195735457 224
1738826269731 169.94181418868394 225
1738826269778 170.69237120320358 226
1738826269826 164.83649120792714 227
1738826269873 140.69006407008513 228
1738826269919 187.13273805810783 229
1738826269966 169.87928346289405 230
1738826270014 161.74625889950673 231
1738826270060 182.75735183264982 232
1738826270107 161.30045044702737 233
1738826270155 187.09032801351876 234
1738826270202 182.28068512946533 235
1738826270249 180.74263374127426 236
1738826270296 183.2729843031289 237
1738826270343 140.04333414081236 238
1738826270390 172.37510319749737 239
1738826270437 157.83349622427525 240
1738826270485 176.0822353605235 241
1738826270532 154.6578723891226 242
1738826270579 191.0980559657756 243
1738826270627 172.35628888691366 244
1738826270674 149.21981042141678 245
1738826270720 194.04964335205472 246
1738826270767 171.2319551867891 247
1738826270815 129.24861371375692 248
1738826270863 171.89844662949298 249
1738826270909 172.72079173649095 250
1738826270956 174.66753586794255 251
1738826271003 163.53906955206318 252
1738826271050 162.44259940650085 253
1738826271097 165.01069568469404 254
1738826271144 183.75673222127432 255
1738826271191 172.49395943563601 256
1738826271239 143.02595645223343 257
1738826271286 172.23821910148135 258
1738826271333 181.93561985267345 259
1738826271380 161.43612577578165 260
1738826271427 163.26846172917192 261
1738826271475 161.39787818939388 262
1738826271522 194.6761475728687 263
1738826271577 192.59181969611302 264
1738826271625 193.80019364290084 265
1738826271672 156.3195719148616 266
1738826271719 136.8166821407115 267
1738826271765 167.89300717162345 268
1738826271813 161.55350323269857 269
1738826271861 170.2663977443232 270
1738826271908 160.50050600927563 271
1738826271955 172.69383278088614 272
1738826272003 148.0597446549074 273
1738826272051 186.19929352154747 274
1738826272098 189.86848792624792 275
1738826272146 183.6319901953635 276
1738826272193 179.35858237859267 277
1738826272240 151.75903370445866 278
1738826272288 147.88202573962585 279
1738826272335 170.67475135813876 280
1738826272382 182.06826610650091 281
1738826272430 170.77176693522378 282
1738826272478 186.27791595667566 283
1738826272524 173.7396792054052 284
1738826272572 168.0831354982806 285
1738826272619 156.75008782649647 286
1738826272667 157.3758037273771 287
1738826272714 149.6784632132341 288
1738826272760 145.62389921764012 289
1738826272807 187.24794633242686 290
1738826272855 191.67129547568166 291
1738826272902 170.91847947855473 292
1738826272949 174.22461654539097 293
1738826272996 178.18895645139258 294
1738826273044 165.31068377881522 295
1738826273090 169.85146101982238 296
1738826273139 194.41423197879996 297
1738826273188 183.84805917611283 298
1738826273236 166.13987748669754 299
1738826273284 177.7496319539041 300
1738826273331 180.77045543411637 301
1738826273379 178.72506394955943 302
1738826273427 140.54596381352795 303
1738826273475 161.4975893266299 304
1738826273522 169.92706856158725 305
1738826273569 160.86237260124395 306
1738826273617 171.17751847721655 307
1738826273665 185.25935533375062 308
1738826273713 156.57241493892082 309
1738826273761 143.8832256539622 310
1738826273808 183.95987932591956 311
1738826273855 192.06036080204788 312
1738826273902 186.6947348632482 313
1738826273949 115.67157850419125 314
1738826273996 186.83080240035164 315
1738826274044 193.17179671885572 316
1738826274092 174.35441759357764 317
1738826274139 131.27834132232567 318
1738826274187 182.6626110600384 319
1738826274234 178.43907885066676 320
1738826274282 186.0695329040215 321
1738826274329 163.2561143931545 322
1738826274377 174.20409499392863 323
1738826274424 172.8308627619472 324
1738826274471 172.9979623342702 325
1738826274518 174.9624384512454 326
1738826274566 158.53988155980724 327
1738826274613 155.54560765919237 328
1738826274660 148.1493649499488 329
1738826274707 172.50332425927627 330
1738826274755 179.79868688515185 331
1738826274802 158.02493829500253 332
1738826274849 165.29166420595578 333
1738826274896 173.2178954381691 334
1738826274943 185.9835497569227 335
1738826274990 179.17045280050584 336
1738826275038 162.9686680942533 337
1738826275084 170.58446249393845 338
1738826275131 167.2754771748515 339
1738826275178 157.23450565707978 340
1738826275225 136.93524087015547 341
1738826275272 186.02190652413591 342
1738826275319 193.99493122624395 343
1738826275367 155.21702733277567 344
1738826275415 129.27190904649905 345
1738826275463 162.02132837495128 346
1738826275510 185.49967783695132 347
1738826275556 159.74478945284477 348
1738826275603 151.4390024471448 349
1738826275651 197.47674706837478 350
1738826275698 188.30623899719367 351
1738826275745 179.56349583133306 352
1738826275792 167.47483451325428 353
1738826275840 157.71501550914218 354
1738826275886 191.87923027004527 355
1738826275933 159.95464361503323 356
1738826275980 179.06820432692052 357
1738826276028 188.93042267995818 358
1738826276076 153.68147756820875 359
1738826276123 195.91566337105508 360
1738826276170 147.04270629037148 361
1738826276217 158.0327734724059 362
1738826276263 167.32570900923062 363
1738826276310 180.84168067397084 364
1738826276358 173.15641844529415 365
1738826276406 183.35294110371558 366
1738826276454 155.54626670880486 367
1738826276501 169.49406795561305 368
1738826276548 170.14982907137 369
1738826276595 162.21840130752366 370
1738826276642 162.42807573612464 371
1738826276689 176.85988638576922 372
1738826276736 163.2590653311096 373
1738826276783 179.02275347883992 374
1738826276830 166.04800408509468 375
1738826276877 162.96507280685393 376
1738826276924 172.92926724180617 377
1738826276972 186.02470670723253 378
1738826277019 163.70692191707266 379
1738826277066 111.11522326256782 380
1738826277113 163.95260968636967 381
1738826277160 191.09489995866895 382
1738826277207 162.43344617828276 383
1738826277254 174.7785149456689 384
1738826277302 176.940536256038 385
1738826277349 151.29765074624808 386
1738826277397 168.09029550661984 387
1738826277444 158.38989625998616 388
1738826277492 176.68084529185685 389
1738826277539 176.37057879621008 390
1738826277587 178.37798280230973 391
1738826277633 153.79737892003936 392
1738826277681 164.29743059690284 393
1738826277727 169.33628822104546 394
1738826277775 177.78327971126348 395
1738826277822 189.3316691766197 396
1738826277870 174.78219208510515 397
1738826277917 173.62030062342723 398
1738826277965 154.77704542847698 399
1738826278012 181.84154735395342 400
1738826278060 147.09048879224133 401
1738826278107 170.24834921625325 402
1738826278154 174.38366719831743 403
1738826278201 158.76718018893885 404
1738826278249 144.34335894466545 405
1738826278297 156.9284143028961 406
1738826278344 175.41769229369976 407
1738826278392 168.02557313615648 408
1738826278439 181.71792936839532 409
1738826278486 142.525906051109 410
1738826278534 157.72273564185613 411
1738826278581 149.47033621867814 412
1738826278629 184.1255387464645 413
1738826278676 182.47481553349695 414
1738826278723 175.91171209882287 415
1738826278771 177.07441758560964 416
1738826278818 171.95110148223097 417
1738826278865 165.59407581316052 418
1738826278913 155.926116981685 419
1738826278960 169.9230132783332 420
1738826279007 181.70652755292735 421
1738826279054 136.36293754428212 422
1738826279102 146.50971619475862 423
1738826279149 154.24566624647917 424
1738826279197 182.85616984951605 425
1738826279244 164.32247103387945 426
1738826279292 223.19276864105296 427
1738826279340 182.55053907594495 428
1738826279387 162.30790762125028 429
1738826279434 185.50903511046377 430
1738826279482 186.9544820632793 431
1738826279529 134.69416144765165 432
1738826279577 171.66925181308687 433
1738826279624 187.03419394583653 434
1738826279672 179.96698719513202 435
1738826279719 176.34250421242885 436
1738826279766 178.0309598141295 437
1738826279813 173.96895019021335 438
1738826279861 174.6539663734647 439
1738826279908 176.42843498642276 440
1738826279955 204.55998908648394 441
1738826280003 168.97493290030624 442
1738826280049 171.4234669096936 443
1738826280097 169.16308063912842 444
1738826280143 183.14784012597403 445
1738826280190 147.95738301420025 446
1738826280237 142.34708736156279 447
1738826280287 176.20256650570346 448
1738826280336 162.82193542589854 449
1738826280384 207.43113512445166 450
1738826280432 158.42203224413637 451
1738826280479 164.2842445044015 452
1738826280529 163.83668399775857 453
1738826280577 157.9291792854029 454
1738826280625 181.58088226589012 455
1738826280674 171.03251509284553 456
1738826280722 187.61665575720602 457
1738826280769 153.436306586121 458
1738826280817 188.37021490978628 459
1738826280865 131.5877017834053 460
1738826280912 140.45771450247776 461
1738826280959 157.72848553844221 462
1738826281007 169.51835348256094 463
1738826281055 155.33555222420696 464
1738826281102 186.12639425839137 465
1738826281148 189.89772623722385 466
1738826281196 176.12059458602508 467
