1738822728497 154.1586073974089 0
1738822728510 149.67533573060481 1
1738822728529 136.57058926174753 2
1738822728552 135.04910615003803 3
1738822728574 122.0292291512747 4
1738822728590 121.70227494359949 5
1738822728606 120.28104735042908 6
1738822728620 115.90296570915496 7
1738822728635 110.31082652676862 8
1738822728651 116.51937407992509 9
1738822728666 126.59521370263836 10
1738822728685 97.16885930835123 11
1738822728718 98.85465032363288 12
1738822728742 113.56434471937052 13
1738822728759 96.70314422140775 14
1738822728777 119.69116538843606 15
1738822728794 102.31425884491975 16
1738822728808 94.69534378026019 17
1738822728823 115.32961019740223 18
1738822728845 102.54730124356365 19
1738822728865 94.01333464626875 20
1738822728895 100.692829939737 21
1738822728915 89.81303072708234 22
1738822728932 103.6850214038218 23
1738822728949 88.68244258049268 24
1738822728966 96.62148345254526 25
1738822728985 101.35819934023849 26
1738822729002 98.1789717400494 27
1738822729019 95.2313742066235 28
1738822729037 89.36608258952133 29
1738822729055 99.2601913733732 30
1738822729070 88.60836158270885 31
1738822729084 89.96243345061062 32
1738822729098 90.1368949867279 33
1738822729110 91.58863805270148 34
1738822729123 82.8881701159589 35
1738822729138 89.01066724152868 36
1738822729152 87.04859706256349 37
1738822729167 80.02011723810107 38
1738822729185 93.20800574622115 39
1738822729207 92.47286534114355 40
1738822729226 82.17528869629803 41
1738822729245 85.21392087826824 42
1738822729262 72.88036549026184 43
1738822729282 85.73592769112838 44
1738822729299 91.1246806892653 45
1738822729320 74.70755320310701 46
1738822729336 101.1973252289586 47
1738822729353 80.42573261092868 48
1738822729370 92.00441597960824 49
1738822729386 82.58481017024978 50
1738822729403 101.24394388322949 51
1738822729419 87.3384414662413 52
1738822729436 97.93743969780704 53
1738822729455 105.94697389024279 54
1738822729471 89.71045409333969 55
1738822729500 83.4317584279606 56
1738822729522 80.40157961120131 57
1738822729542 83.30742951548528 58
1738822729562 71.16755179001028 59
1738822729576 94.63950170318648 60
1738822729591 79.7172826687365 61
1738822729605 86.63071713854735 62
1738822729620 85.54203611407597 63
1738822729635 78.59882255479376 64
1738822729649 81.75058491239172 65
1738822729664 78.95187063719781 66
1738822729680 104.61003658691885 67
1738822729695 77.46700556279163 68
1738822729718 76.09301182264713 69
1738822729736 70.72959405516096 70
1738822729752 84.4353957770119 71
1738822729770 69.1367199122335 72
1738822729785 82.41725729963844 73
1738822729799 68.77851709637956 74
1738822729814 76.72363491174862 75
1738822729827 79.00702502757191 76
1738822729841 68.65868831201921 77
1738822729854 96.57084257537109 78
1738822729868 82.59792337583158 79
1738822729882 84.6694242123606 80
1738822729899 71.23494530277608 81
1738822729912 78.53712092562162 82
1738822729925 73.01414522055323 83
1738822729942 70.29400450799056 84
1738822729963 91.45299653378848 85
1738822729980 69.82814783828516 86
1738822729998 72.49954679786593 87
1738822730012 77.85891022981953 88
1738822730028 81.50303411886911 89
1738822730047 60.747236475090304 90
1738822730062 86.64271351314954 91
1738822730077 81.05007688473846 92
1738822730090 80.50355484487255 93
1738822730104 58.16087066683686 94
1738822730118 74.00114215262525 95
1738822730133 71.92426926222556 96
1738822730150 76.12011426836841 97
1738822730165 56.30499597810861 98
1738822730180 67.40176000337507 99
1738822730193 100.39345714119453 100
1738822730207 75.52167218302259 101
1738822730223 66.05299457159052 102
1738822730239 81.9884612234522 103
1738822730255 89.33197899489424 104
1738822730272 71.01712906217877 105
1738822730288 76.08912760530474 106
1738822730304 57.04350767348023 107
1738822730316 80.00754605267448 108
1738822730333 74.06001226248833 109
1738822730350 82.57405746968134 110
1738822730366 61.91141607122096 111
1738822730384 63.98315790524257 112
1738822730400 71.43533625183817 113
1738822730417 89.6270966790923 114
1738822730434 81.55275647614049 115
1738822730470 68.74591992240745 116
1738822730498 67.1002266758757 117
1738822730526 68.38901632667218 118
1738822730550 62.48655435162899 119
1738822730565 57.54891720077623 120
1738822730579 67.27421090986752 121
1738822730594 70.55408069193349 122
1738822730607 51.693055136850646 123
1738822730623 66.62326093730746 124
1738822730641 67.97028178833338 125
1738822730661 69.70874910772365 126
1738822730691 81.29599666209803 127
1738822730730 63.513807454912914 128
1738822730749 58.53303442308819 129
1738822730765 75.41068491839322 130
1738822730781 75.34760528370587 131
1738822730798 73.17785066460954 132
1738822730814 61.02331140656498 133
1738822730832 73.67493783402487 134
1738822730847 62.43127201116981 135
1738822730867 58.60345619742012 136
1738822730884 80.26975407783443 137
1738822730899 73.78888724589623 138
1738822730915 67.5040454231208 139
1738822730930 60.32942235521204 140
1738822730945 56.731340002349924 141
1738822730963 60.1772777218039 142
1738822730981 67.81190682647379 143
1738822730996 79.3687040612899 144
1738822731012 56.69177808663841 145
1738822731036 76.67222221060959 146
1738822731054 74.51078750567969 147
1738822731073 51.30729628494717 148
1738822731094 44.54920702563534 149
1738822731111 61.783638836896245 150
1738822731131 61.0233161155279 151
1738822731154 80.01079442491887 152
1738822731174 85.15862944818673 153
1738822731189 65.21708219704854 154
1738822731214 51.76731216040187 155
1738822731232 50.10560181002444 156
1738822731254 63.78687350884853 157
1738822731270 70.13172899802707 158
1738822731292 59.19913728363475 159
1738822731308 69.0227716565616 160
1738822731324 56.46504339634177 161
1738822731339 69.52231675835488 162
1738822731353 63.46591302849355 163
1738822731368 69.12707266955046 164
1738822731383 69.94892392073099 165
1738822731399 64.70585021590297 166
1738822731416 64.38661087812831 167
1738822731434 57.730466421097496 168
1738822731450 67.64979980358183 169
1738822731466 56.54798964622313 170
1738822731481 59.75632744564806 171
1738822731495 61.0793499187323 172
1738822731511 61.69973303027324 173
1738822731527 88.10500615356689 174
1738822731550 59.01186526100853 175
1738822731564 61.74975520467383 176
1738822731578 65.77561197370302 177
1738822731594 55.96067232291176 178
1738822731613 56.91442254848634 179
1738822731629 61.0869294758993 180
1738822731645 60.929980935338335 181
1738822731662 83.47891953612229 182
1738822731679 67.53450675396716 183
1738822731694 52.63803209642412 184
1738822731709 59.12284651296806 185
1738822731723 55.927762584805805 186
1738822731736 72.90165031009664 187
1738822731751 48.528665872088034 188
1738822731763 58.72710009967692 189
1738822731777 58.706986367818345 190
1738822731792 60.365045263746275 191
1738822731806 59.3997550831174 192
1738822731826 71.94984935916837 193
1738822731851 45.59646897438945 194
1738822731874 53.481374798085575 195
1738822731887 58.84497045177245 196
1738822731919 55.84598647975925 197
1738822731953 65.5988923457092 198
1738822731980 55.44633392540658 199
1738822732003 60.06868205064527 200
1738822732023 57.1336106816128 201
1738822732048 45.230877249971044 202
1738822732073 57.162354750046 203
1738822732112 54.273004449282475 204
1738822732136 50.28034152448944 205
1738822732164 50.25954433901252 206
1738822732198 69.3764567445166 207
1738822732222 57.58856177966749 208
1738822732240 69.20402787849355 209
1738822732261 69.86230693690214 210
1738822732281 49.32883481008281 211
1738822732295 71.44970812506732 212
1738822732314 56.3602637643357 213
1738822732331 46.987356416757386 214
1738822732349 57.004129262415084 215
1738822732364 57.0936072162461 216
1738822732383 59.129158509886715 217
1738822732398 49.33067090711731 218
1738822732415 53.464312742167856 219
1738822732432 47.339572725095245 220
1738822732447 48.167723679981115 221
1738822732465 62.45802050234247 222
1738822732482 49.68013170639078 223
1738822732501 52.99942168562415 224
1738822732519 65.55784214126638 225
1738822732536 50.72189038656365 226
1738822732550 66.25430626014888 227
1738822732565 43.25441613124464 228
1738822732582 56.151875300539935 229
1738822732600 53.615548118881996 230
1738822732617 69.57386194797402 231
1738822732636 51.118477836087905 232
1738822732654 51.592231981977946 233
1738822732672 70.09047865209068 234
1738822732690 51.39769305235293 235
1738822732711 70.28271272161187 236
1738822732730 73.20918861804303 237
1738822732744 44.917251187732596 238
1738822732763 53.488223459866774 239
1738822732782 58.283718419581945 240
1738822732800 66.17723206700194 241
1738822732816 56.408211723826696 242
1738822732830 62.03415434244165 243
1738822732845 52.1396144497392 244
1738822732861 53.623895194286256 245
1738822732875 52.3827788396926 246
1738822732889 48.51373681057355 247
1738822732902 47.42454361172282 248
1738822732917 45.843369332270996 249
1738822732931 75.41825484049889 250
1738822732948 55.998307185403654 251
1738822732964 56.66221560783371 252
1738822732979 40.37721024901797 253
1738822732995 54.89167593859053 254
1738822733011 56.24207566695593 255
1738822733028 63.44814284592816 256
1738822733044 50.60386002045057 257
1738822733063 70.06213911780368 258
1738822733084 49.69634064025551 259
1738822733106 52.099114858301746 260
1738822733125 48.28300187288028 261
1738822733147 51.35812162280075 262
1738822733166 55.502445568574586 263
1738822733191 41.79136492189807 264
1738822733209 46.98029823601104 265
1738822733233 45.89285977501423 266
1738822733255 58.805231161893566 267
1738822733275 58.236437974940735 268
1738822733297 47.32309182486249 269
1738822733321 48.8929783486905 270
1738822733339 42.38160924198498 271
1738822733359 54.366987895748736 272
1738822733385 48.10791995780814 273
1738822733404 74.77393688133058 274
1738822733423 51.4866583083656 275
1738822733441 46.03103746610751 276
1738822733459 54.71141650910439 277
1738822733476 49.431652754645555 278
1738822733494 38.13937003999593 279
1738822733508 56.19785499950737 280
1738822733524 48.01061992974814 281
1738822733545 69.15012810172378 282
1738822733561 59.5539852256483 283
1738822733575 51.910717625951364 284
1738822733592 46.695432614766915 285
1738822733605 40.70757677855513 286
1738822733620 75.95403744431022 287
1738822733635 59.98294108480989 288
1738822733650 60.17339149110048 289
1738822733663 48.59464068034565 290
1738822733678 54.1630050350056 291
1738822733697 58.08376215305104 292
1738822733715 58.20799122914428 293
1738822733733 42.06262409448177 294
1738822733753 54.55589294611159 295
1738822733775 46.10831476047499 296
1738822733799 48.78642641150479 297
1738822733820 53.47838014721663 298
1738822733841 67.62874022929489 299
1738822733860 56.579259913153784 300
1738822733877 51.07701120829332 301
1738822733898 72.03362998600862 302
1738822733914 39.96392777951353 303
1738822733932 45.98952445443102 304
1738822733946 59.86665766772232 305
1738822733965 47.18668590008136 306
1738822733983 55.1056453898002 307
1738822734000 58.4419616822682 308
1738822734017 57.4413668384408 309
1738822734035 40.32344095264903 310
1738822734051 47.695279486024496 311
1738822734065 50.00140451319614 312
1738822734081 61.744967607584265 313
1738822734095 39.03663691498203 314
1738822734113 60.422203452435 315
1738822734127 44.0375672707257 316
1738822734142 49.13522503611108 317
1738822734157 62.165923567142805 318
1738822734171 46.97508895836046 319
1738822734187 45.98894531429005 320
1738822734208 40.554669808285915 321
1738822734225 55.57426204217477 322
1738822734239 45.85019465216187 323
1738822734254 61.69204919815628 324
1738822734271 52.885054821244914 325
1738822734289 49.086075052932735 326
1738822734305 68.47127672371924 327
1738822734322 57.30260763946396 328
1738822734338 50.291156591143434 329
1738822734352 40.9805389882016 330
1738822734370 56.23430385595125 331
1738822734389 65.1300546217573 332
1738822734407 42.218252982742555 333
1738822734422 47.221214751389226 334
1738822734436 47.50330478650989 335
1738822734449 44.03620742756596 336
1738822734464 42.28766929288753 337
1738822734479 43.342487293238655 338
1738822734493 57.445750146564826 339
1738822734507 55.21235363645603 340
1738822734521 58.96815182267637 341
1738822734532 44.82742661342361 342
1738822734550 40.52208045280328 343
1738822734565 65.37254353771334 344
1738822734583 43.507437341789604 345
1738822734596 47.50258837810945 346
1738822734616 51.388012738939366 347
1738822734632 37.447326981176786 348
1738822734647 44.10406846693022 349
1738822734662 58.93052928584666 350
1738822734678 63.22729822246156 351
1738822734691 46.83321848452006 352
1738822734705 82.97040006439501 353
1738822734720 45.86061679968214 354
1738822734734 51.15177965141558 355
1738822734749 34.74204515900974 356
1738822734766 61.46449568413308 357
1738822734780 55.475617317777754 358
1738822734796 47.89995758420484 359
1738822734813 40.97546105008662 360
1738822734836 40.97580168745063 361
1738822734859 53.03957873931058 362
1738822734877 40.94726926421022 363
1738822734903 42.566198181044115 364
1738822734922 61.7805826500372 365
1738822734946 52.265265169581646 366
1738822734970 54.47981756803696 367
1738822734986 50.72865355141458 368
1738822735007 43.243307920488625 369
1738822735026 52.87938556284396 370
1738822735047 56.510591785901326 371
1738822735065 50.310608566079694 372
1738822735085 54.0619227722194 373
1738822735100 57.10984558716823 374
1738822735116 42.88027576442831 375
1738822735137 56.39782181818544 376
1738822735156 41.827915851390365 377
1738822735172 47.36142389222457 378
1738822735187 46.85401745945651 379
1738822735208 41.864574253445696 380
1738822735226 40.69547876246938 381
1738822735242 55.2782147957624 382
1738822735257 38.189444067769465 383
1738822735278 50.970458627424684 384
1738822735296 42.97517795839577 385
1738822735332 46.731424878300686 386
1738822735396 36.82633481043538 387
1738822735475 35.8641132165272 388
1738822735564 59.89767717560504 389
1738822735600 78.31469477937067 390
1738822735626 46.12822550453918 391
1738822735650 49.317920658336405 392
1738822735672 41.409904262979474 393
1738822735690 45.34850004702419 394
1738822735704 42.74311978390024 395
1738822735726 40.27485382292187 396
1738822735742 38.83930787216826 397
1738822735757 35.919666208211886 398
1738822735772 43.65602879065494 399
1738822735786 31.255099673939018 400
1738822735800 41.35263389281294 401
1738822735817 44.17162895828511 402
1738822735837 43.13190610400613 403
1738822735853 43.37385325076685 404
1738822735874 42.28609211166605 405
1738822735890 48.365350962573814 406
1738822735905 37.01511415985389 407
1738822735922 41.637439463199655 408
1738822735942 53.6307631544289 409
1738822735960 59.28065184862211 410
1738822735976 37.199088102680626 411
1738822735992 39.13321277105708 412
1738822736010 49.412300489580964 413
1738822736027 58.65014629475439 414
1738822736043 35.74900333957068 415
1738822736061 37.9887991225509 416
1738822736080 38.61739742753596 417
1738822736098 40.68503501519528 418
1738822736119 36.066511180440465 419
1738822736136 44.9468173120789 420
1738822736154 48.12412060366157 421
1738822736171 39.44884341507491 422
1738822736188 61.76243157302665 423
1738822736203 62.72864373577672 424
1738822736217 50.991456358546806 425
1738822736231 42.51999144977557 426
1738822736246 51.6141927917855 427
1738822736260 38.991890649408404 428
1738822736275 26.679565278644496 429
1738822736289 56.58285132863561 430
1738822736303 40.28603356725485 431
1738822736322 57.20230571003683 432
1738822736339 40.05900289117326 433
1738822736356 37.1500934070271 434
1738822736374 35.356062553943964 435
1738822736392 66.48691537596096 436
1738822736409 41.57869623304897 437
1738822736427 39.64350932300669 438
1738822736444 45.68414089709661 439
1738822736463 36.93605894353444 440
1738822736480 40.05949241268391 441
1738822736498 33.351612288587965 442
1738822736517 47.8296208546945 443
1738822736538 39.31680794157874 444
1738822736555 42.15827722438825 445
1738822736571 43.101253886627866 446
1738822736586 50.094033670652436 447
1738822736601 40.67191973701562 448
1738822736617 41.50609397255949 449
1738822736631 53.15684315597071 450
1738822736645 35.936721519237665 451
1738822736659 36.23556747593635 452
1738822736673 45.70654070325263 453
1738822736690 36.61260409281199 454
1738822736703 42.18738126188343 455
1738822736721 35.95427103791662 456
1738822736738 53.788193097485774 457
1738822736754 38.96750758480915 458
1738822736771 31.67849648311937 459
1738822736787 35.28910717518328 460
1738822736802 39.7051221301857 461
1738822736821 42.9101603072783 462
1738822736836 49.02954130841676 463
1738822736854 38.17174317865693 464
1738822736874 33.32159996968219 465
1738822736891 43.717892029006705 466
1738822736914 42.70010750300337 467
1738822736932 35.01390051106756 468
1738822736949 47.914742641243095 469
1738822736967 42.15517632186978 470
1738822736983 44.3062949087991 471
1738822737001 44.816406673987665 472
1738822737019 46.23509108737052 473
1738822737035 30.462029838446735 474
1738822737047 39.29294634203057 475
1738822737062 31.421621308488778 476
1738822737077 40.02455064054353 477
1738822737091 33.739213511796436 478
1738822737108 43.05706369091459 479
1738822737126 47.00109941145296 480
1738822737142 36.647406876777616 481
1738822737156 32.28915758782226 482
1738822737171 35.321639265007754 483
1738822737186 31.663603625409998 484
1738822737201 39.3855866505083 485
1738822737219 33.64115701805207 486
1738822737237 38.68253578048574 487
1738822737255 38.432730597726895 488
1738822737272 39.70651597436476 489
1738822737287 43.36479371487874 490
1738822737305 45.329178125708715 491
1738822737318 41.04281072790672 492
1738822737335 42.9430968940289 493
1738822737355 55.848275811285376 494
1738822737373 32.96429315730551 495
1738822737390 30.070315119888445 496
1738822737410 38.99444563821395 497
1738822737427 38.31555814783971 498
1738822737443 49.010023502140655 499
