1738823139178 0.0006496257188220202 0
1738823139237 75.5901766392729 1
1738823139304 50.853314132008975 2
1738823139398 105.22665560914196 3
1738823139480 96.63222872002316 4
1738823139539 94.44015052405533 5
1738823139609 71.50075020355433 6
1738823139674 79.73296476090562 7
1738823139736 70.00646294952742 8
1738823139794 9.655561249582446 9
1738823139936 65.33829397982016 10
1738823140001 1.1171433683910947 11
1738823140067 0.012395791041332099 12
1738823140137 40.150372528023716 13
1738823140197 46.80381068893694 14
1738823140267 35.09066378239649 15
1738823140328 12.859262620158928 16
1738823140391 40.89155766130628 17
1738823140454 68.38666607054378 18
1738823140516 29.39478801893838 19
1738823140579 77.71038981794494 20
1738823140653 0.2296119072939394 21
1738823140717 40.42458071079531 22
1738823140785 4.900395579551752 23
1738823140845 17.279469461205178 24
1738823140911 383.1769221749751 25
1738823140974 16.358088307100367 26
1738823141038 10.846127715905766 27
1738823141102 34.80837381677304 28
1738823141159 35.72942417172662 29
1738823141260 17.68639641925237 30
1738823141322 9.223029013764029 31
1738823141387 29.489992183302373 32
1738823141478 7.763354881992475 33
1738823141557 25.539821759571655 34
1738823141617 3.949865815141171 35
1738823141670 4.35096608821141 36
1738823141730 7.880745067632874 37
1738823141790 5.385713410028413 38
1738823141855 12.046285346755482 39
1738823141916 12.921904982238361 40
1738823141977 0.348702637283151 41
1738823142038 13.870355960394683 42
1738823142100 23.04035741944515 43
1738823142161 3.3696314884447145 44
1738823142221 2.021295522265581 45
1738823142286 0.18031519889783995 46
1738823142345 1.9560270779535387 47
1738823142402 1.4599467633517058 48
1738823142472 2.8886893932350666 49
1738823142537 6.878897779182018 50
1738823142601 0.1430635914203195 51
1738823142658 5.023313716939747 52
1738823142717 1.8240615749988889 53
1738823142773 2.9079363936105658 54
1738823142838 6.234925860396154 55
1738823142890 7.709877247601403 56
1738823142955 1.9498700913189897 57
1738823143020 0.4640843104591993 58
1738823143090 1.2529120927742137 59
1738823143162 0.5513496270287614 60
1738823143234 0.2221307233227206 61
1738823143298 0.0003280057108713103 62
1738823143362 0.7120854233002082 63
1738823143423 2.184009477969434 64
1738823143483 1.9788915113209509 65
1738823143542 0.0018089596074873067 66
1738823143609 10.164556135970177 67
1738823143658 1.8452670635304103 68
1738823143716 0.17323730523399916 69
1738823143792 1.4842412116721535 70
1738823143851 3.0653925430657365 71
1738823143927 1.1288636235319256 72
1738823143994 0.07794134174187889 73
1738823144075 2.402780924855278 74
1738823144130 1.1178312584934216 75
1738823144189 2.3386538755393818 76
1738823144247 0.012826979531515145 77
1738823144317 1.153165053061189 78
1738823144376 0.3153728808823569 79
1738823144428 2.8041610573599565 80
1738823144487 0.03863136805302491 81
1738823144544 3.9736278852485514 82
1738823144613 2.3680910509195874 83
1738823144678 0.45899142771460316 84
1738823144744 0.19555069454980553 85
1738823144808 0.718108213405941 86
1738823144862 1.3997393945664514 87
1738823144924 0.02490539454669151 88
1738823145022 1.6579049552721763 89
1738823145084 0.005917383889612166 90
1738823145140 0.11377432801689877 91
1738823145200 0.973341223292628 92
1738823145253 0.7893742177326213 93
1738823145322 0.02845450143896312 94
1738823145381 0.19936253989917793 95
1738823145430 0.05667607812774155 96
1738823145490 0.002518447789640497 97
1738823145561 0.2711798842015887 98
1738823145632 0.0026349880001073386 99
1738823145690 0.7248075682697803 100
1738823145742 2.8449829772348503 101
1738823145811 0.040114836133566326 102
1738823145860 0.13754095211367035 103
1738823145908 1.5870946576833382 104
1738823145965 0.0010414868696362579 105
1738823146021 0.002778089743300635 106
1738823146088 1.4762266979588485 107
1738823146168 0.4370578744330006 108
1738823146230 4.559370891113288e-05 109
1738823146299 0.1818808755135966 110
1738823146360 0.3034808585624881 111
1738823146426 0.5391355530903303 112
1738823146489 0.20211951585361357 113
1738823146549 1.7782547212779227 114
1738823146603 0.1903191270204469 115
1738823146697 8.306260505742477 116
1738823146759 0.10026887267675276 117
1738823146823 0.015104979174178655 118
1738823146901 0.9045223966133084 119
1738823146962 0.15353761462224955 120
1738823147033 0.6367812323449981 121
1738823147093 0.0066112281527527135 122
1738823147163 0.4474859039894072 123
1738823147221 0.2781815452918219 124
1738823147279 0.0002273044609779431 125
1738823147345 0.00010773713845208313 126
1738823147410 1.3714834111388479 127
1738823147485 0.025076456553031652 128
1738823147557 0.04785378783890617 129
1738823147632 0.45343386333072855 130
1738823147687 0.06638908648920641 131
1738823147750 0.1472569475976221 132
1738823147814 0.11734551559300771 133
1738823147877 0.10421972418556912 134
1738823147941 0.03202468468455557 135
1738823148005 0.06923083562850041 136
1738823148072 0.2695425519577641 137
1738823148131 0.17541777064241906 138
1738823148196 0.06309869354697784 139
1738823148255 0.06940515326285575 140
1738823148317 0.0057592031679719905 141
1738823148380 8.989752699361438e-05 142
1738823148437 0.1966304144132836 143
1738823148503 0.04812872234534579 144
1738823148565 0.2311163662967579 145
1738823148621 0.02802816293090769 146
1738823148669 0.02151891579483825 147
1738823148729 0.018046265686017526 148
1738823148788 0.11188714925358323 149
1738823148847 0.006008877640831619 150
1738823148914 0.01345548852023478 151
1738823148977 0.12173564268009643 152
1738823149035 0.08512319270002926 153
1738823149119 0.10276861745091005 154
1738823149169 0.09026021079983192 155
1738823149222 0.018884465994925156 156
1738823149277 7.515187136561075e-06 157
1738823149332 0.013850091213662923 158
1738823149399 0.09251499986724201 159
1738823149465 0.18314441455066202 160
1738823149549 0.00027730984810859865 161
1738823149613 0.28191609501967446 162
1738823149684 0.0008791601380196878 163
1738823149764 0.025767775672231465 164
1738823149829 0.013027702593168575 165
1738823149893 0.2166871064875623 166
1738823149964 0.15544394704737322 167
1738823150030 0.08903159647635873 168
1738823150098 0.15203500164050626 169
1738823150184 0.005297891157089924 170
1738823150254 0.0018578948338752164 171
1738823150317 0.01211330065765927 172
1738823150386 0.000579986167229763 173
1738823150447 0.312471308913775 174
1738823150516 0.04489287452274624 175
1738823150578 0.0028865293412851413 176
1738823150639 0.011295699887589872 177
1738823150769 0.39252185096880693 178
1738823150836 0.14557652227287488 179
1738823150906 0.46877666470574786 180
1738823150964 0.07025048010470726 181
1738823151024 0.17257302765135007 182
1738823151099 0.3275603924032889 183
1738823151168 0.3683292288574877 184
1738823151240 0.017965172499186763 185
1738823151307 0.04024732762531679 186
1738823151376 0.08213734594666228 187
1738823151435 0.3167192719645502 188
1738823151494 0.0527541974324419 189
1738823151563 0.0024200230301639563 190
1738823151629 0.3157887554829985 191
1738823151689 0.020757235783125827 192
1738823151756 0.1736448329365356 193
1738823151818 0.3518838259996493 194
1738823151881 0.24547964443916445 195
1738823151947 0.21594947908398462 196
1738823152012 0.08060826843937532 197
1738823152079 0.021931761572651608 198
1738823152157 0.1966514636220678 199
1738823152220 0.1986935711236528 200
1738823152285 0.05162591012551794 201
1738823152351 0.047720138068948405 202
1738823152418 0.05650481370984129 203
1738823152480 0.06872312526831272 204
1738823152550 0.42701472400644447 205
1738823152621 0.16135566877255045 206
1738823152682 0.21859392043621081 207
1738823152744 0.1720779077612453 208
1738823152809 0.07223346601770993 209
1738823152878 0.0022956017730460256 210
1738823152941 0.23920502667747587 211
1738823153007 0.004612289597601205 212
1738823153062 0.029185497636980584 213
1738823153127 0.024757257733797642 214
1738823153190 0.019170880047894252 215
1738823153249 0.0020867126329047717 216
1738823153312 0.058815645816020175 217
1738823153374 0.014359332742467805 218
1738823153442 0.12524387852833296 219
1738823153501 0.032019191494650344 220
1738823153562 0.03844608570995611 221
1738823153628 0.0001985428106318608 222
1738823153691 0.12834150893208013 223
1738823153750 0.008284646231559757 224
1738823153809 0.24622862560765485 225
1738823153865 0.005907894811922726 226
1738823153933 0.03792028076098823 227
1738823154000 0.020013885571911163 228
1738823154064 0.2707053430722844 229
1738823154117 0.06342910615149928 230
1738823154175 0.0030914358837454453 231
1738823154242 0.13358505137249232 232
1738823154303 0.17272877293977762 233
1738823154375 0.056049612200245236 234
1738823154441 0.22544627190653627 235
1738823154503 0.10979993524652688 236
1738823154567 0.000534904665906523 237
1738823154630 0.048123892185893274 238
1738823154682 0.002015655610628686 239
1738823154736 0.044932613919027795 240
1738823154805 0.053220369738984086 241
1738823154869 0.014453586578795514 242
1738823154941 0.01659891646105058 243
1738823154994 0.0024336446406988685 244
1738823155058 0.00014508164589231086 245
1738823155122 0.0031758843248787952 246
1738823155191 0.10973156277569117 247
1738823155259 0.04737087233460929 248
1738823155318 0.022657116397841664 249
