1738825233412 179.59869375954753 0
1738825233447 189.9404264998458 1
1738825233480 155.84948438491088 2
1738825233514 154.95635858457138 3
1738825233548 172.32430032502026 4
1738825233582 208.8182798970716 5
1738825233617 133.01865102455207 6
1738825233651 153.0103421394836 7
1738825233685 189.24996910931654 8
1738825233721 205.94714652327536 9
1738825233754 182.97994767720917 10
1738825233788 204.47807266258175 11
1738825233822 217.0983413390762 12
1738825233855 88.02767462952907 13
1738825233889 155.00973094496726 14
1738825233922 151.74965379943444 15
1738825233956 141.94675531855015 16
1738825233989 171.0233767470514 17
1738825234023 148.86794663612886 18
1738825234056 217.78579216141588 19
1738825234090 194.6658369177093 20
1738825234123 208.08490928913665 21
1738825234156 190.15270041730545 22
1738825234189 176.60154224497785 23
1738825234222 191.2043848175568 24
1738825234255 198.41045898011225 25
1738825234290 117.9656434050248 26
1738825234325 172.77923484821616 27
1738825234359 174.07931804065237 28
1738825234393 179.36968698715137 29
1738825234427 210.50099812132632 30
1738825234461 311.7384158031516 31
1738825234498 121.16565597304697 32
1738825234535 168.87236027797033 33
1738825234572 200.30182235026584 34
1738825234614 193.1802782545659 35
1738825234650 184.7543872042132 36
1738825234684 167.63001212606827 37
1738825234718 225.49276372296242 38
1738825234752 113.55085537854002 39
1738825234788 39.11630293609639 40
1738825234822 97.49488807738656 41
1738825234856 138.37090782802696 42
1738825234889 186.38769952579898 43
1738825234923 206.05565940235024 44
1738825234957 130.47215784363817 45
1738825234993 142.05341514377824 46
1738825235027 206.1643359269887 47
1738825235060 134.05925328602459 48
1738825235094 122.06371307801066 49
1738825235127 140.9859248198573 50
1738825235160 246.78954956551527 51
1738825235194 91.55866093073811 52
1738825235227 234.6539379782788 53
1738825235260 230.83457653480644 54
1738825235294 171.3849402362417 55
1738825235327 134.7572850116138 56
1738825235361 66.46820662168928 57
1738825235394 150.2469203188586 58
1738825235427 179.84780975028096 59
1738825235461 181.64455526100477 60
1738825235494 48.48483488453197 61
1738825235528 198.3636688184265 62
1738825235561 180.5089514156931 63
1738825235594 243.7870892210866 64
1738825235628 188.71667613231153 65
1738825235661 190.43031595853307 66
1738825235696 155.66112308408924 67
1738825235730 144.9351626536352 68
1738825235764 140.95325698210993 69
1738825235797 145.36546376114887 70
1738825235831 181.94765935046328 71
1738825235864 174.19587073267095 72
1738825235897 187.57109115297027 73
1738825235931 250.74033444960074 74
1738825235964 215.1350737223395 75
1738825235998 283.4131317601839 76
1738825236031 154.10600560876958 77
1738825236064 133.14360119140403 78
1738825236098 116.72447717032726 79
1738825236132 70.07383785601732 80
1738825236166 86.45755140582459 81
1738825236201 100.07208363202906 82
1738825236234 79.43035512561073 83
1738825236268 173.08658591838767 84
1738825236313 208.72629846081023 85
1738825236361 163.86477740353928 86
1738825236399 216.89433190602892 87
1738825236433 168.4419484077456 88
1738825236468 199.51365203384648 89
1738825236502 117.99741589540068 90
1738825236537 144.2616414596594 91
1738825236572 216.10929935961465 92
1738825236605 101.2554064242271 93
1738825236639 201.12635911242756 94
1738825236673 164.13858492192404 95
1738825236706 156.54299077298563 96
1738825236739 187.2838374407497 97
1738825236774 80.10844343234133 98
1738825236809 165.16888769074924 99
1738825236842 215.40564425260442 100
1738825236876 129.42690916505776 101
1738825236910 149.76375713897235 102
1738825236943 166.01197406053856 103
1738825236977 123.93744910019996 104
1738825237011 166.96098163074453 105
1738825237045 225.57322786028058 106
1738825237079 123.45333779614224 107
1738825237113 178.6084118536306 108
1738825237147 187.60957745577542 109
1738825237180 176.11836837681412 110
1738825237214 153.04420448455716 111
1738825237248 157.93962802919862 112
1738825237284 160.63905514320626 113
1738825237318 197.63973009054905 114
1738825237352 205.91869521252215 115
1738825237386 165.8725188757641 116
1738825237419 110.67050452294538 117
1738825237452 156.06656874434458 118
1738825237485 156.76874456890536 119
1738825237518 172.88810144038837 120
1738825237552 172.60569227739617 121
1738825237585 177.60459264119686 122
1738825237618 188.98938361599696 123
1738825237651 186.4637286462511 124
1738825237685 142.00641011505695 125
1738825237718 145.7956630160707 126
1738825237751 226.53941601566146 127
1738825237785 226.82178626147734 128
1738825237819 151.41253555310007 129
1738825237852 228.51327285257796 130
1738825237885 74.71769854670066 131
1738825237918 160.23873366485878 132
1738825237951 200.1620987627271 133
1738825237984 110.35498190766604 134
1738825238018 157.32890751954565 135
1738825238051 185.51809752421906 136
1738825238084 169.60840481315043 137
1738825238117 205.43769688001493 138
1738825238150 169.5274076367931 139
1738825238184 174.54097789849965 140
1738825238216 304.87345623575305 141
1738825238250 160.600415523555 142
1738825238283 216.56390471359944 143
1738825238316 224.38880369863878 144
1738825238350 224.60289416402185 145
1738825238384 160.84355155099925 146
1738825238417 159.34909159134043 147
1738825238450 173.51885534944637 148
1738825238484 100.80205554613377 149
1738825238517 228.55062042600133 150
1738825238550 105.08950672893586 151
1738825238584 200.4081834010103 152
1738825238617 101.66227640219938 153
1738825238650 173.9887566661375 154
1738825238683 189.38827391042736 155
1738825238718 167.63578487043716 156
1738825238752 164.4781441695576 157
1738825238785 110.20123303628137 158
1738825238819 173.0672339270634 159
1738825238852 122.67148969265003 160
1738825238885 135.63992076196055 161
1738825238919 190.34585871883715 162
1738825238953 141.64940630026783 163
1738825238987 182.39246656556546 164
1738825239020 142.34365987398232 165
1738825239053 176.19464556442836 166
1738825239087 168.1521061416819 167
1738825239120 198.44285626880787 168
1738825239153 158.64896374426928 169
1738825239187 152.6325136695798 170
1738825239220 100.94777433052977 171
1738825239253 155.8028660382323 172
1738825239287 185.46288428277592 173
1738825239320 192.80893675780476 174
1738825239353 210.4340173809927 175
1738825239387 172.70989685810227 176
1738825239420 221.59806570216753 177
1738825239453 188.33382176280418 178
1738825239486 185.88000278732198 179
1738825239519 82.64010362844019 180
1738825239553 160.7172793290738 181
1738825239586 149.1350658126198 182
1738825239619 173.30771843130503 183
1738825239652 220.42180629894614 184
1738825239686 180.71035150956897 185
1738825239719 144.05315597518248 186
1738825239753 164.20494451529441 187
1738825239786 131.66371870337218 188
1738825239819 199.51064063047184 189
1738825239852 144.1591877969621 190
1738825239885 158.47623341659937 191
1738825239918 64.64186093869291 192
1738825239951 190.052103144339 193
1738825239985 180.65205910196207 194
1738825240018 198.71696440543835 195
1738825240051 154.62910897200192 196
1738825240084 119.88524676511285 197
1738825240117 178.10831260793586 198
1738825240150 198.74500244826285 199
1738825240183 196.15129950175967 200
1738825240217 137.04624386854107 201
1738825240249 211.91002147547673 202
1738825240283 96.20010582112604 203
1738825240316 243.6299522092634 204
1738825240349 159.7707298229707 205
1738825240383 208.9627220685682 206
1738825240416 63.27229185143724 207
1738825240450 215.82618511524873 208
1738825240483 177.898989897613 209
1738825240517 143.3657299786011 210
1738825240550 189.6772377368336 211
1738825240583 154.79252150411347 212
1738825240615 161.19077112672926 213
1738825240649 213.2761718621237 214
1738825240682 163.5415054556114 215
1738825240715 176.26043206914258 216
1738825240748 179.63532763551825 217
1738825240781 161.15680557338334 218
1738825240816 225.5370500653095 219
1738825240849 173.10441485985777 220
1738825240882 122.74921092748859 221
1738825240915 116.34716998302474 222
1738825240948 191.7982311353455 223
1738825240981 200.70746603381198 224
1738825241014 132.60931203692508 225
1738825241048 137.45128876097033 226
1738825241081 210.05283704261961 227
1738825241114 21.352160389325192 228
1738825241147 249.88538030192674 229
1738825241180 153.0238162577004 230
1738825241213 183.41489317413806 231
1738825241246 163.45595283084805 232
1738825241280 167.09740521739164 233
1738825241314 195.99115250323683 234
1738825241348 67.62005800922721 235
1738825241381 181.82074417841935 236
1738825241414 108.84871605826592 237
1738825241447 224.3767525217747 238
1738825241480 215.59219215477665 239
1738825241513 214.11996256600509 240
1738825241546 163.51464794182303 241
1738825241579 149.1831879788118 242
1738825241612 132.32837329462737 243
1738825241645 187.27667988317882 244
1738825241679 144.81839055449333 245
1738825241712 170.21622319143373 246
1738825241745 179.17719833525769 247
1738825241777 132.5446948012312 248
1738825241811 74.22658628257435 249
1738825241844 333.16905033888463 250
1738825241877 133.37847393713008 251
1738825241910 130.31685799105105 252
1738825241943 185.23385308201014 253
1738825241976 178.9951993502823 254
1738825242009 200.3436487018732 255
1738825242042 214.1051293019795 256
1738825242075 103.06297375915598 257
1738825242108 155.71539819350593 258
1738825242141 168.10111748982956 259
1738825242175 222.92573763521298 260
1738825242209 215.06055327499706 261
1738825242242 147.48823818461366 262
1738825242275 98.20738801742425 263
1738825242308 117.21812674109745 264
1738825242342 140.61872130601625 265
1738825242375 176.36161020985912 266
1738825242408 160.2154831028749 267
1738825242441 140.96349457943555 268
1738825242474 382.63126478609996 269
1738825242507 109.86773281955195 270
1738825242540 192.76852785810536 271
1738825242573 124.95060168056037 272
1738825242606 153.28102005041342 273
1738825242639 177.5828540070671 274
1738825242672 67.65087518366867 275
1738825242706 146.11671083432395 276
1738825242739 112.30249496918192 277
1738825242772 149.2641597145349 278
1738825242805 171.9584661839363 279
1738825242839 161.3574898802652 280
1738825242872 208.88542793106274 281
1738825242905 178.89605713575727 282
1738825242939 129.4085083999923 283
1738825242972 181.6748770977192 284
1738825243005 66.98406269621087 285
1738825243038 198.26496853715017 286
1738825243071 95.58718239944069 287
1738825243105 190.65403426396475 288
1738825243155 117.05719203372284 289
1738825243208 126.93125433118819 290
1738825243247 163.21677126329783 291
1738825243284 217.55151046195652 292
1738825243320 303.1486949147966 293
1738825243355 153.6164670716221 294
1738825243391 140.49139575863862 295
1738825243426 123.7984588863939 296
1738825243468 164.81645868354627 297
1738825243504 212.91131861509402 298
1738825243538 168.48143773484955 299
1738825243573 161.33721039535962 300
1738825243606 169.8161194250107 301
1738825243640 221.0243973745717 302
1738825243675 174.6595184669619 303
1738825243723 150.90301343229982 304
1738825243759 159.232637005149 305
1738825243794 167.39242971851655 306
1738825243829 342.560282510766 307
1738825243863 152.9394252933992 308
1738825243896 87.75668300338329 309
1738825243929 120.52050635351904 310
1738825243963 121.22959424058536 311
1738825243996 125.48312167796334 312
1738825244029 269.00502716210167 313
1738825244063 269.35760266603614 314
1738825244096 203.55679445691678 315
1738825244129 145.70463241582473 316
1738825244162 166.77329009245963 317
1738825244195 281.22235099066336 318
1738825244229 130.88945298977637 319
1738825244262 271.30301505173946 320
1738825244295 152.5921055481941 321
1738825244329 191.41674971549392 322
1738825244362 159.6236353882519 323
1738825244396 96.92130745013942 324
1738825244429 82.38738877607106 325
1738825244462 187.27225708064324 326
1738825244498 206.4282313307154 327
1738825244533 172.5467630580316 328
1738825244567 137.15823108219718 329
1738825244602 208.95236632944668 330
1738825244636 159.70442060977766 331
1738825244671 246.77069167653025 332
1738825244705 165.2963916854438 333
1738825244738 252.6506212843491 334
1738825244771 47.55906974421384 335
1738825244805 146.1723999511144 336
1738825244838 154.48426993054417 337
1738825244872 167.2649909096356 338
1738825244905 153.49762398567202 339
1738825244938 147.72473958821652 340
1738825244971 189.33027765382488 341
1738825245005 212.4859832176567 342
1738825245038 134.15854680265176 343
1738825245073 123.73864576371798 344
1738825245107 208.84425650205077 345
1738825245140 200.37884847201693 346
1738825245174 216.4252258667315 347
1738825245207 161.02409996696784 348
1738825245241 180.44646718565448 349
1738825245274 130.6284664597889 350
1738825245308 138.23826137244782 351
1738825245341 181.76888271119688 352
1738825245374 207.53019349723553 353
1738825245408 215.69419715823727 354
1738825245441 130.17538529191927 355
1738825245474 123.92921608447722 356
1738825245507 157.28651723324273 357
1738825245540 206.50545561924653 358
1738825245573 106.43286041282526 359
1738825245607 152.8957086191067 360
1738825245640 182.05210761752897 361
1738825245673 147.18694200904213 362
1738825245708 158.78842787831513 363
1738825245741 91.51148946953283 364
1738825245774 208.85126250669856 365
1738825245808 178.87648179910607 366
1738825245841 110.8152557378705 367
1738825245874 186.41117749435023 368
1738825245907 206.06452696780343 369
1738825245940 137.09469920434273 370
1738825245974 171.0090921873846 371
1738825246007 132.33847865655275 372
1738825246040 208.42175899954213 373
1738825246073 151.88437274995303 374
1738825246107 183.66782965468886 375
1738825246140 140.38431915014155 376
1738825246173 180.14910018219453 377
1738825246207 157.55444235505118 378
1738825246241 153.24327262236284 379
1738825246275 179.75350909573672 380
1738825246308 158.69707495158664 381
1738825246342 149.578379298073 382
1738825246382 167.05107363588863 383
1738825246430 145.04317992444612 384
1738825246477 179.4946139242419 385
1738825246514 150.4489776184639 386
1738825246552 109.64953718550137 387
1738825246589 394.54381060519484 388
1738825246626 107.20315510229577 389
1738825246662 193.65929557653692 390
1738825246698 199.08785109085147 391
1738825246736 197.4173660738552 392
1738825246771 154.852902640539 393
1738825246806 143.0839932916866 394
1738825246841 166.62728522623345 395
1738825246876 215.33186381994182 396
1738825246910 94.46175022217872 397
1738825246944 148.58353236265643 398
1738825246977 214.99158827371687 399
1738825247011 86.53372316959936 400
1738825247053 174.9621670762482 401
1738825247088 199.3245818962938 402
1738825247121 168.3379867209166 403
1738825247155 167.09489963826735 404
1738825247188 181.1289330137256 405
1738825247222 150.07672603261906 406
1738825247255 165.42357327422403 407
1738825247289 154.3944292662494 408
1738825247322 185.91689079757282 409
1738825247355 221.45752101035816 410
1738825247389 31.002904309267567 411
1738825247422 82.78585573215427 412
1738825247455 127.78663241013628 413
1738825247494 237.97180084490435 414
1738825247530 359.80921574258184 415
1738825247564 140.48456296793253 416
1738825247598 115.05646859755082 417
1738825247632 206.37668297447513 418
1738825247666 186.11398374882975 419
1738825247699 111.89927043021821 420
1738825247732 159.0365111111934 421
1738825247765 177.091400255917 422
1738825247799 173.29608496258808 423
1738825247833 191.44521441982255 424
1738825247867 193.54030623856718 425
1738825247900 169.70479710186055 426
1738825247933 186.74525929191753 427
1738825247967 185.2013851850034 428
1738825248000 97.35563344458951 429
1738825248034 353.4198555363613 430
1738825248067 124.5121656024455 431
1738825248101 210.993179052425 432
1738825248134 172.5465788873451 433
1738825248167 106.70088007624946 434
1738825248200 187.40225984377412 435
1738825248234 170.60197709614198 436
1738825248267 151.7741854799382 437
1738825248300 212.92613608811368 438
1738825248334 187.83761143886065 439
1738825248367 154.66362519342303 440
1738825248400 213.0205372193611 441
1738825248433 157.45510253194587 442
1738825248467 162.78912845061154 443
1738825248500 181.3406018521926 444
1738825248533 146.13274347594773 445
1738825248567 153.4794511784213 446
1738825248600 158.55041883994366 447
1738825248633 95.79809919811852 448
1738825248666 238.58459857179423 449
1738825248699 162.89667090482058 450
1738825248733 120.47884606036824 451
1738825248766 185.74815100902276 452
1738825248799 192.55692669606972 453
1738825248832 203.5206920083308 454
1738825248865 167.38137055891602 455
1738825248898 72.76278582696384 456
1738825248931 189.21274521035866 457
1738825248965 79.0737566386213 458
1738825248998 164.42178697180037 459
1738825249031 165.452062371137 460
1738825249064 190.78578174524804 461
1738825249097 181.28782972714822 462
1738825249130 151.03813110690305 463
1738825249162 255.0333705831777 464
1738825249195 223.26711602034595 465
1738825249229 323.18168345370015 466
1738825249262 248.23534218342758 467
1738825249296 212.92997817195473 468
1738825249330 339.78801737233726 469
1738825249363 201.357475011288 470
1738825249396 120.50349992398787 471
1738825249429 119.39781174205375 472
1738825249462 161.3205882878143 473
1738825249495 108.98916416887934 474
1738825249528 139.53833291746378 475
1738825249561 207.37883777859344 476
1738825249594 178.76163122229372 477
1738825249627 215.76227071676576 478
1738825249660 194.72571042468533 479
1738825249694 159.05549836422335 480
1738825249727 157.76298796214257 481
1738825249760 177.30724664201549 482
1738825249793 258.8580425354251 483
1738825249827 103.01058173258174 484
1738825249860 217.85907297234095 485
1738825249893 169.7296547596914 486
1738825249926 137.48138890720108 487
1738825249959 172.9081184764577 488
1738825249992 276.67437648341996 489
1738825250025 161.3029351204849 490
1738825250059 167.15867782814968 491
1738825250092 175.17992018498305 492
1738825250124 155.47139973185853 493
1738825250158 166.81919863643554 494
1738825250190 185.4032081306976 495
1738825250223 164.50210388571318 496
1738825250256 156.21382731505634 497
1738825250290 236.5094797008801 498
1738825250323 105.60560275018777 499
