1738679306224 170.76060118261375 0
1738679306231 168.54743249080627 1
1738679306238 168.44101634058592 2
1738679306245 167.57739013540183 3
1738679306252 169.12871740506102 4
1738679306259 170.61546033431796 5
1738679306266 168.12078304191974 6
1738679306273 166.86799544858582 7
1738679306279 169.84690678694744 8
1738679306286 167.58066230986603 9
1738679306292 168.06672051123638 10
1738679306300 166.95142157903302 11
1738679306307 170.46300526246722 12
1738679306314 167.45136798366218 13
1738679306320 167.51627227477334 14
1738679306327 165.28550619437488 15
1738679306333 168.17533584635532 16
1738679306338 167.85398345523996 17
1738679306344 167.54542630146798 18
1738679306350 168.49219898376717 19
1738679306356 170.92853091492904 20
1738679306362 170.99944135669787 21
1738679306368 164.8455732126649 22
1738679306375 169.80881387238801 23
1738679306382 169.70801811141044 24
1738679306388 168.950660599285 25
1738679306394 171.63553254464105 26
1738679306401 166.3089553474876 27
1738679306407 169.6370633134507 28
1738679306413 171.8163373228793 29
1738679306419 168.33596603828036 30
1738679306425 170.57577359595777 31
1738679306448 169.07230090306828 32
1738679306455 170.272898938322 33
1738679306464 169.5207043348957 34
1738679306476 168.34434482989792 35
1738679306486 169.4056413160948 36
1738679306494 168.47102281832716 37
1738679306500 169.6631851267167 38
1738679306507 166.78641147341102 39
1738679306513 167.37925062852267 40
1738679306520 167.26385373942765 41
1738679306526 169.2715224920012 42
1738679306532 168.6699360855191 43
1738679306538 167.49006702105916 44
1738679306545 169.40812989857804 45
1738679306552 170.87565485257585 46
1738679306558 169.10781256723024 47
1738679306565 166.5343401081294 48
1738679306571 166.52601733482177 49
1738679306577 168.5590193896847 50
1738679306583 169.40755242611615 51
1738679306590 166.3927206102877 52
1738679306596 172.04361804044748 53
1738679306603 166.79363984955785 54
1738679306608 167.22111566219414 55
1738679306614 167.53345457407238 56
1738679306620 168.57044931894762 57
1738679306626 167.48204713059187 58
1738679306633 169.22220872655507 59
1738679306639 169.57644017518697 60
1738679306645 168.6998051414779 61
1738679306651 170.18762141598796 62
1738679306658 168.38491409377448 63
1738679306664 172.05536779313744 64
1738679306670 168.67043591402103 65
1738679306676 168.85038968562876 66
1738679306681 168.69335406107993 67
1738679306688 168.3441751042919 68
1738679306694 169.77580084467542 69
1738679306700 168.1088782582279 70
1738679306706 166.74072199682323 71
1738679306713 166.73086711921812 72
1738679306719 166.90963204304754 73
1738679306724 168.35024103845672 74
1738679306731 168.69435650266175 75
1738679306737 167.84079211997934 76
1738679306743 168.38237870536156 77
1738679306749 170.05918268963637 78
1738679306755 168.3397147208489 79
1738679306761 168.6739977775577 80
1738679306767 167.3830547271492 81
1738679306773 168.68507868855826 82
1738679306780 170.7023151554737 83
1738679306786 167.7268805212598 84
1738679306792 169.0885491751852 85
1738679306798 168.04727136913442 86
1738679306904 168.354678130302 87
1738679306911 168.7213814080092 88
1738679306917 170.37861653312143 89
1738679306923 167.51678154886164 90
1738679306929 168.66723193081256 91
1738679306935 169.60345878370396 92
1738679306941 169.98042844808873 93
1738679306948 167.0975277025768 94
1738679306955 169.59424117669923 95
1738679306961 168.5844065293832 96
1738679306968 166.99412705336024 97
1738679306978 169.48183455098817 98
1738679306985 168.51156477382006 99
1738679306991 169.2220782905713 100
1738679306998 168.2765688217195 101
1738679307004 172.80612484733555 102
1738679307052 169.13770122782134 103
1738679307059 169.75047115446267 104
1738679307065 169.29579840154133 105
1738679307071 168.64002169895662 106
1738679307077 167.08128025881572 107
1738679307083 169.2106114895242 108
1738679307089 169.4649217693188 109
1738679307096 169.5994661432888 110
1738679307101 170.45565612398232 111
1738679307107 169.4483554341045 112
