1738822540444 169.31213782154168 0
1738822540515 169.1267595876031 1
1738822540529 168.94204911718967 2
1738822540542 168.75800368087144 3
1738822540556 168.57462056063204 4
1738822540570 168.3918970498208 5
1738822540586 168.20983045310496 6
1738822540605 168.02841808642185 7
1738822540623 167.84765727693207 8
1738822540652 167.66754536297177 9
1738822540672 167.4880796940061 10
1738822540692 167.30925763058218 11
1738822540710 167.13107654428268 12
1738822540739 166.9535338176794 13
1738822540751 166.77662684428705 14
1738822540778 166.60035302851733 15
1738822540793 166.4247097856331 16
1738822540812 166.2496945417028 17
1738822540825 166.07530473355513 18
1738822540842 165.90153780873365 19
1738822540859 165.72839122545184 20
1738822540880 165.55586245254844 21
1738822540897 165.3839489694424 22
1738822540918 165.2126482660889 23
1738822540942 165.04195784293472 24
1738822540960 164.8718752108743 25
1738822540983 164.70239789120586 26
1738822541012 164.53352341558758 27
1738822541043 164.3652493259942 28
1738822541067 164.19757317467358 29
1738822541085 164.03049252410352 30
1738822541105 163.86400494694894 31
1738822541135 163.69810802601884 32
1738822541177 163.53279935422387 33
1738822541202 163.36807653453374 34
1738822541220 163.203937179935 35
1738822541242 163.04037891338916 36
1738822541263 162.87739936779042 37
1738822541280 162.7149961859241 38
1738822541301 162.5531670204252 39
1738822541317 162.39190953373694 40
1738822541342 162.23122139806932 41
1738822541370 162.07110029535855 42
1738822541394 161.91154391722574 43
1738822541420 161.75254996493643 44
1738822541438 161.59411614936005 45
1738822541472 161.43624019092957 46
1738822541528 161.27891981960124 47
1738822541555 161.12215277481468 48
1738822541578 160.96593680545303 49
1738822541600 160.8102696698032 50
1738822541618 160.65514913551638 51
1738822541636 160.50057297956874 52
1738822541652 160.3465389882223 53
1738822541668 160.1930449569858 54
1738822541692 160.0400886905759 55
1738822541710 159.88766800287846 56
1738822541737 159.7357807169101 57
1738822541762 159.58442466477993 58
1738822541782 159.43359768765103 59
1738822541805 159.28329763570264 60
1738822541872 159.13352236809237 61
1738822541898 158.98426975291824 62
1738822541919 158.83553766718128 63
1738822541936 158.68732399674812 64
1738822541955 158.53962663631367 65
1738822541980 158.3924434893641 66
1738822542003 158.2457724681399 67
1738822542018 158.09961149359907 68
1738822542033 157.95395849538056 69
1738822542058 157.80881141176766 70
1738822542076 157.66416818965197 71
1738822542094 157.52002678449685 72
1738822542114 157.3763851603018 73
1738822542132 157.23324128956634 74
1738822542157 157.09059315325436 75
1738822542175 156.94843874075863 76
1738822542189 156.80677604986536 77
1738822542213 156.66560308671896 78
1738822542229 156.5249178657868 79
1738822542243 156.38471840982447 80
1738822542258 156.24500274984078 81
1738822542272 156.10576892506322 82
1738822542287 155.96701498290335 83
1738822542304 155.8287389789224 84
1738822542320 155.69093897679716 85
1738822542338 155.55361304828585 86
1738822542356 155.41675927319403 87
1738822542404 155.280375739341 88
1738822542424 155.14446054252605 89
1738822542442 155.00901178649488 90
1738822542459 154.87402758290636 91
1738822542479 154.73950605129926 92
1738822542497 154.60544531905896 93
1738822542513 154.47184352138473 94
1738822542532 154.33869880125687 95
1738822542547 154.206009309404 96
1738822542560 154.0737732042703 97
1738822542579 153.9419886519835 98
1738822542595 153.8106538263224 99
1738822542610 153.67976690868466 100
1738822542625 153.54932608805495 101
1738822542642 153.419329560973 102
1738822542655 153.28977553150182 103
1738822542687 153.16066221119635 104
1738822542702 153.0319878190717 105
1738822542717 152.9037505815719 106
1738822542732 152.77594873253878 107
1738822542755 152.6485805131809 108
1738822542777 152.5216441720425 109
1738822542792 152.39513796497286 110
1738822542806 152.26906015509533 111
1738822542825 152.1434090127772 112
1738822542840 152.01818281559883 113
1738822542857 151.89337984832375 114
1738822542896 151.76899840286825 115
1738822542933 151.64503677827136 116
1738822542965 151.5214932806651 117
1738822542993 151.39836622324447 118
1738822543028 151.27565392623802 119
1738822543055 151.15335471687806 120
1738822543079 151.0314669293714 121
1738822543096 150.90998890487015 122
1738822543120 150.78891899144236 123
1738822543140 150.6682555440431 124
1738822543165 150.5479969244854 125
1738822543186 150.4281415014117 126
1738822543211 150.30868765026491 127
1738822543233 150.1896337532601 128
1738822543253 150.07097819935575 129
1738822543272 149.95271938422567 130
1738822543290 149.83485571023087 131
1738822543309 149.71738558639126 132
1738822543328 149.6003074283577 133
1738822543352 149.48361965838436 134
1738822543384 149.36732070530087 135
1738822543409 149.25140900448454 136
1738822543428 149.1358829978333 137
1738822543464 149.0207411337378 138
1738822543485 148.90598186705466 139
1738822543508 148.79160365907882 140
1738822543531 148.67760497751686 141
1738822543552 148.56398429646 142
1738822543569 148.4507400963572 143
1738822543587 148.33787086398857 144
1738822543615 148.22537509243872 145
1738822543628 148.1132512810703 146
1738822543642 148.0014979354977 147
1738822543655 147.89011356756072 148
1738822543667 147.77909669529845 149
1738822543680 147.66844584292326 150
1738822543692 147.55815954079495 151
1738822543706 147.4482363253948 152
1738822543720 147.33867473929993 153
1738822543735 147.22947333115775 154
1738822543749 147.12063065566048 155
1738822543762 147.01214527351968 156
1738822543775 146.90401575144094 157
1738822543795 146.79624066209897 158
1738822543808 146.68881858411234 159
1738822543822 146.58174810201842 160
1738822543834 146.4750278062489 161
1738822543849 146.36865629310455 162
1738822543867 146.2626321647311 163
1738822543899 146.15695402909435 164
1738822543914 146.0516204999558 165
1738822543933 145.9466301968483 166
1738822543950 145.8419817450521 167
1738822543966 145.7376737755703 168
1738822543982 145.63370492510515 169
1738822543997 145.53007383603386 170
1738822544018 145.426779156385 171
1738822544044 145.32381953981482 172
1738822544058 145.22119364558333 173
1738822544078 145.1189001385309 174
1738822544092 145.0169376890551 175
1738822544105 144.915304973087 176
1738822544119 144.81400067206815 177
1738822544135 144.71302347292738 178
1738822544149 144.61237206805774 179
1738822544164 144.51204515529372 180
1738822544179 144.4120414378882 181
1738822544194 144.31235962448986 182
1738822544215 144.2129984291204 183
1738822544238 144.11395657115222 184
1738822544256 144.01523277528557 185
1738822544275 143.9168257715266 186
1738822544292 143.81873429516486 187
1738822544313 143.72095708675113 188
1738822544334 143.62349289207543 189
1738822544349 143.52634046214501 190
1738822544371 143.42949855316235 191
1738822544385 143.33296592650345 192
1738822544403 143.23674134869609 193
1738822544419 143.14082359139823 194
1738822544437 143.0452114313765 195
1738822544453 142.9499036504846 196
1738822544472 142.85489903564218 197
1738822544484 142.76019637881342 198
1738822544498 142.6657944769859 199
1738822544526 142.57169213214956 200
1738822544543 142.47788815127564 201
1738822544556 142.3843813462958 202
1738822544571 142.29117053408135 203
1738822544586 142.1982545364224 204
1738822544610 142.10563218000738 205
1738822544633 142.01330229640232 206
1738822544655 141.92126372203055 207
1738822544677 141.82951529815207 208
1738822544696 141.73805587084365 209
1738822544716 141.64688429097814 210
1738822544736 141.55599941420468 211
1738822544755 141.46540010092855 212
1738822544779 141.37508521629124 213
1738822544794 141.2850536301505 214
1738822544809 141.19530421706065 215
1738822544826 141.10583585625275 216
1738822544844 141.01664743161516 217
1738822544858 140.92773783167377 218
1738822544872 140.83910594957277 219
1738822544889 140.75075068305503 220
1738822544906 140.6626709344431 221
1738822544922 140.5748656106196 222
1738822544936 140.48733362300857 223
1738822544955 140.40007388755592 224
1738822544970 140.31308532471087 225
1738822544987 140.22636685940677 226
1738822545015 140.13991742104244 227
1738822545038 140.05373594346338 228
1738822545053 139.96782136494315 229
1738822545069 139.88217262816465 230
1738822545082 139.79678868020193 231
1738822545099 139.71166847250137 232
1738822545119 139.62681096086362 233
1738822545136 139.54221510542533 234
1738822545163 139.45787987064068 235
1738822545182 139.37380422526365 236
1738822545202 139.28998714232966 237
1738822545220 139.20642759913784 238
1738822545234 139.12312457723294 239
1738822545247 139.04007706238778 240
1738822545263 138.95728404458515 241
1738822545275 138.87474451800048 242
1738822545288 138.79245748098413 243
1738822545302 138.7104219360438 244
1738822545315 138.6286368898272 245
1738822545328 138.54710135310467 246
1738822545346 138.4658143407518 247
1738822545363 138.38477487173228 248
1738822545383 138.30398196908075 249
1738822545399 138.22343465988575 250
1738822545418 138.14313197527264 251
1738822545436 138.06307295038664 252
1738822545453 137.98325662437614 253
1738822545477 137.90368204037574 254
1738822545500 137.82434824548957 255
1738822545518 137.74525429077474 256
1738822545533 137.6663992312246 257
1738822545548 137.5877821257523 258
1738822545566 137.50940203717445 259
1738822545583 137.43125803219453 260
1738822545598 137.3533491813868 261
1738822545614 137.2756745591799 262
1738822545634 137.19823324384086 263
1738822545652 137.12102431745885 264
1738822545668 137.04404686592915 265
1738822545686 136.9672999789373 266
1738822545702 136.8907827499431 267
1738822545737 136.8144942761649 268
1738822545753 136.73843365856365 269
1738822545768 136.6626000018274 270
1738822545782 136.5869924143555 271
1738822545793 136.51161000824322 272
1738822545803 136.43645189926605 273
1738822545812 136.36151720686442 274
1738822545824 136.2868050541282 275
1738822545835 136.21231456778156 276
1738822545856 136.13804487816762 277
1738822545878 136.06399511923325 278
1738822545900 135.99016442851405 279
1738822545930 135.91655194711922 280
1738822545959 135.84315681971657 281
1738822545992 135.76997819451773 282
1738822546032 135.6970152232631 283
1738822546171 135.62426706120723 284
1738822546216 135.55173286710388 285
1738822546261 135.47941180319162 286
1738822546280 135.40730303517898 287
1738822546294 135.33540573222993 288
1738822546308 135.2637190669496 289
1738822546322 135.19224221536956 290
1738822546336 135.12097435693366 291
1738822546352 135.0499146744837 292
1738822546374 134.97906235424497 293
1738822546392 134.90841658581243 294
1738822546409 134.83797656213628 295
1738822546425 134.76774147950803 296
1738822546455 134.6977105375464 297
1738822546471 134.62788293918356 298
1738822546491 134.55825789065094 299
1738822546509 134.4888346014657 300
1738822546525 134.41961228441676 301
1738822546542 134.35059015555117 302
1738822546562 134.2817674341604 303
1738822546577 134.21314334276678 304
1738822546600 134.14471710710995 305
1738822546615 134.07648795613332 306
1738822546635 134.00845512197077 307
1738822546653 133.94061783993314 308
1738822546670 133.87297534849492 309
1738822546685 133.80552688928103 310
1738822546702 133.73827170705374 311
1738822546718 133.67120904969923 312
1738822546737 133.60433816821475 313
1738822546755 133.53765831669548 314
1738822546776 133.47116875232152 315
1738822546793 133.40486873534502 316
1738822546809 133.33875752907727 317
1738822546829 133.27283439987582 318
1738822546850 133.20709861713192 319
1738822546866 133.14154945325748 320
1738822546886 133.07618618367275 321
1738822546902 133.01100808679342 322
1738822546922 132.9460144440183 323
1738822546938 132.88120453971663 324
1738822546954 132.81657766121575 325
1738822546976 132.75213309878868 326
1738822546990 132.6878701456417 327
1738822547003 132.62378809790223 328
1738822547016 132.55988625460634 329
1738822547028 132.49616391768683 330
1738822547042 132.43262039196082 331
1738822547055 132.36925498511792 332
1738822547068 132.306067007708 333
1738822547085 132.24305577312933 334
1738822547103 132.18022059761654 335
1738822547120 132.11756080022877 336
1738822547137 132.0550757028379 337
1738822547156 131.99276463011668 338
1738822547190 131.93062690952706 339
1738822547208 131.86866187130846 340
1738822547225 131.80686884846608 341
1738822547237 131.74524717675942 342
1738822547250 131.68379619469073 343
1738822547263 131.62251524349344 344
1738822547275 131.5614036671207 345
1738822547289 131.5004608122341 346
1738822547303 131.43968602819228 347
1738822547316 131.37907866703958 348
1738822547330 131.31863808349482 349
1738822547344 131.2583636349401 350
1738822547362 131.19825468140965 351
1738822547384 131.13831058557867 352
1738822547405 131.07853071275238 353
1738822547422 131.0189144308548 354
1738822547436 130.95946111041803 355
1738822547451 130.9001701245711 356
1738822547466 130.84104084902927 357
1738822547480 130.78207266208304 358
1738822547501 130.72326494458747 359
1738822547520 130.6646170799514 360
1738822547533 130.60612845412678 361
1738822547545 130.54779845559793 362
1738822547558 130.48962647537107 363
1738822547571 130.43161190696364 364
1738822547583 130.3737541463938 365
1738822547596 130.31605259217005 366
1738822547609 130.25850664528068 367
1738822547621 130.2011157091834 368
1738822547635 130.1438791897951 369
1738822547647 130.0867964954814 370
1738822547659 130.02986703704656 371
1738822547673 129.9730902277231 372
1738822547686 129.91646548316172 373
1738822547702 129.85999222142124 374
1738822547716 129.80366986295832 375
1738822547730 129.74749783061762 376
1738822547747 129.69147554962169 377
1738822547770 129.63560244756098 378
1738822547785 129.57987795438407 379
1738822547799 129.52430150238763 380
1738822547813 129.4688725262067 381
1738822547825 129.41359046280482 382
1738822547840 129.3584547514644 383
1738822547855 129.30346483377681 384
1738822547872 129.24862015363288 385
1738822547888 129.1939201572133 386
1738822547908 129.13936429297883 387
1738822547934 129.08495201166093 388
1738822547952 129.0306827662522 389
1738822547970 128.9765560119969 390
1738822547985 128.92257120638155 391
1738822548002 128.8687278091255 392
1738822548017 128.81502528217158 393
1738822548035 128.76146308967685 394
1738822548058 128.70804069800337 395
1738822548076 128.65475757570877 396
1738822548132 128.60161319353728 397
1738822548149 128.5486070244104 398
1738822548168 128.49573854341784 399
1738822548186 128.44300722780864 400
1738822548208 128.39041255698177 401
1738822548225 128.3379540124774 402
1738822548239 128.28563107796788 403
1738822548253 128.23344323924871 404
1738822548268 128.1813899842298 405
1738822548283 128.12947080292653 406
1738822548313 128.07768518745092 407
1738822548355 128.02603263200297 408
1738822548373 127.97451263286179 409
1738822548394 127.92312468837693 410
1738822548408 127.8718682989598 411
1738822548424 127.82074296707485 412
1738822548440 127.76974819723128 413
1738822548475 127.71888349597418 414
1738822548491 127.66814837187614 415
1738822548515 127.61754233552878 416
1738822548530 127.5670648995343 417
1738822548552 127.51671557849701 418
1738822548568 127.466493889015 419
1738822548587 127.4163993496717 420
1738822548606 127.36643148102785 421
1738822548620 127.31658980561282 422
1738822548633 127.26687384791668 423
1738822548646 127.2172831343819 424
1738822548664 127.1678171933951 425
1738822548677 127.11847555527912 426
1738822548691 127.06925775228461 427
1738822548705 127.02016331858235 428
1738822548718 126.97119179025486 429
1738822548730 126.9223427052886 430
1738822548743 126.87361560356591 431
1738822548756 126.82501002685719 432
1738822548770 126.77652551881289 433
1738822548783 126.72816162495567 434
1738822548796 126.67991789267266 435
1738822548808 126.63179387120748 436
1738822548820 126.5837891116526 437
1738822548833 126.53590316694168 438
1738822548847 126.48813559184163 439
1738822548861 126.44048594294517 440
1738822548875 126.39295377866306 441
1738822548889 126.3455386592166 442
1738822548904 126.29824014662988 443
1738822548923 126.25105780472246 444
1738822548940 126.20399119910171 445
1738822548965 126.15703989715534 446
1738822548981 126.11020346804405 447
1738822548995 126.063481482694 448
1738822549007 126.01687351378953 449
1738822549020 125.97037913576574 450
1738822549032 125.92399792480111 451
1738822549043 125.87772945881035 452
1738822549057 125.83157331743709 453
1738822549070 125.78552908204657 454
1738822549083 125.73959633571852 455
1738822549096 125.69377466323996 456
1738822549111 125.64806365109811 457
1738822549126 125.60246288747318 458
1738822549143 125.55697196223137 459
1738822549162 125.51159046691782 460
1738822549177 125.46631799474956 461
1738822549193 125.42115414060851 462
1738822549207 125.37609850103453 463
1738822549224 125.33115067421856 464
1738822549237 125.28631025999555 465
1738822549253 125.24157685983775 466
1738822549269 125.1969500768478 467
1738822549292 125.15242951575189 468
1738822549329 125.10801478289302 469
1738822549345 125.0637054862242 470
1738822549357 125.0195012353017 471
1738822549372 124.97540164127847 472
1738822549386 124.93140631689734 473
1738822549399 124.88751487648439 474
1738822549416 124.84372693594233 475
1738822549430 124.80004211274401 476
1738822549442 124.75646002592573 477
1738822549455 124.71298029608077 478
1738822549468 124.66960254535287 479
1738822549486 124.6263263974297 480
1738822549504 124.58315147753652 481
1738822549519 124.54007741242965 482
1738822549543 124.49710383039005 483
1738822549558 124.45423036121714 484
1738822549571 124.41145663622223 485
1738822549589 124.36878228822226 486
1738822549605 124.32620695153362 487
1738822549620 124.28373026196572 488
1738822549635 124.24135185681489 489
1738822549650 124.19907137485808 490
1738822549666 124.1568884563467 491
1738822549677 124.11480274300048 492
1738822549694 124.0728138780013 493
1738822549714 124.03092150598705 494
1738822549727 123.98912527304567 495
1738822549741 123.94742482670895 496
1738822549754 123.90581981594661 497
1738822549766 123.86430989116018 498
1738822549778 123.82289470417709 499
