1738824727054 152.80184175949717 0
1738824727093 151.8009039959673 1
1738824727131 156.5917399430944 2
1738824727170 152.31488590890785 3
1738824727209 155.82420389757587 4
1738824727248 169.99276520392127 5
1738824727287 162.77792236487588 6
1738824727325 159.4539886945436 7
1738824727363 166.2407656550228 8
1738824727400 186.97809001359076 9
1738824727437 162.42978899128977 10
1738824727475 204.08929124775622 11
1738824727513 163.81364510262486 12
1738824727551 169.74211592797172 13
1738824727589 169.33072722238617 14
1738824727626 166.61494256452994 15
1738824727664 168.05965663038955 16
1738824727700 181.38229753317015 17
1738824727737 178.0052227104284 18
1738824727774 168.19179581124598 19
1738824727813 169.2337462464523 20
1738824727851 161.18235334535245 21
1738824727890 181.4112660589673 22
1738824727927 167.22472537075996 23
1738824727965 153.76900292450046 24
1738824728002 169.52866763775094 25
1738824728039 162.51017493205183 26
1738824728077 186.5644317829883 27
1738824728115 200.52010913046612 28
1738824728152 147.2508918638969 29
1738824728190 169.63879100597592 30
1738824728228 155.37155050116903 31
1738824728266 238.55944082668833 32
1738824728304 168.51037051730546 33
1738824728341 182.68112843716344 34
1738824728379 176.1011275025481 35
1738824728417 169.8686916905989 36
1738824728454 162.54671624374222 37
1738824728492 166.15795380647154 38
1738824728529 176.69715796889264 39
1738824728566 163.59796482310483 40
1738824728603 157.23315544241288 41
1738824728641 185.464399681237 42
1738824728711 154.28914402792472 43
1738824728750 172.316004571483 44
1738824728789 169.45988209146967 45
1738824728827 173.44911146725224 46
1738824728865 163.5850273265029 47
1738824728903 169.25401076493085 48
1738824728942 168.7534996559409 49
1738824728978 158.09445146692286 50
1738824729015 191.3691105434427 51
1738824729052 174.87209553382226 52
1738824729090 145.8398455813053 53
1738824729128 164.40164574536396 54
1738824729166 137.83427896368966 55
1738824729204 175.43793715450272 56
1738824729241 179.67662707894607 57
1738824729279 183.80516450713694 58
1738824729318 179.74985656806882 59
1738824729356 157.66209002215345 60
1738824729394 175.075435238264 61
1738824729432 179.4184870145592 62
1738824729469 153.63127363523523 63
1738824729506 143.05058026743077 64
1738824729543 149.24529067615154 65
1738824729580 176.0290758736011 66
1738824729618 163.5608782379151 67
1738824729656 151.31264719166097 68
1738824729693 168.40811665227397 69
1738824729731 169.61731312510344 70
1738824729769 170.69666856211987 71
1738824729806 164.231580284361 72
1738824729844 157.12872531910074 73
1738824729881 168.76618860032067 74
1738824729919 165.7226996615011 75
1738824729958 181.06760987142923 76
1738824729995 163.3469150876269 77
1738824730033 175.41329519301507 78
1738824730071 160.71285844377 79
1738824730110 192.77270918671041 80
1738824730148 164.59408115590378 81
1738824730185 159.98908214954253 82
1738824730223 186.45968514713172 83
1738824730261 167.67242811051543 84
1738824730319 173.09157572661263 85
1738824730359 168.97891670548188 86
1738824730397 169.27431101306274 87
1738824730436 169.4733458341832 88
1738824730474 171.14196308174064 89
1738824730512 160.2809588689077 90
1738824730550 166.82594996792025 91
1738824730588 161.62718818144526 92
1738824730626 177.19625760379844 93
1738824730664 172.28842353868833 94
1738824730702 181.49077821456882 95
1738824730740 180.5530819906314 96
1738824730778 155.82377977868882 97
1738824730815 187.4753999562212 98
1738824730853 159.2086091483805 99
1738824730891 171.71831438108143 100
1738824730929 164.6774294850585 101
1738824730967 158.94588219622483 102
1738824731004 162.07090364032973 103
1738824731043 159.33860356214217 104
1738824731081 173.64928126314337 105
1738824731119 172.9418314936691 106
1738824731157 163.3072137813543 107
1738824731195 152.95190961510187 108
1738824731232 174.01455843071707 109
1738824731269 163.46448479700175 110
1738824731307 168.24348317649256 111
1738824731346 154.71409238106338 112
1738824731384 154.54696038863753 113
1738824731422 161.9462920422358 114
1738824731461 155.99784362920596 115
1738824731498 159.4943875083146 116
1738824731536 162.04600415959834 117
1738824731573 158.8069504682896 118
1738824731610 172.25196961875147 119
1738824731648 160.27492674216225 120
1738824731686 167.41357989168523 121
1738824731723 173.27092696501285 122
1738824731761 175.24127152217514 123
1738824731798 198.20626587934163 124
1738824731835 168.11008940460925 125
1738824731873 155.25378231289866 126
1738824731911 155.0877679661911 127
1738824731949 163.98027960237818 128
1738824731987 181.5833418349277 129
1738824732025 151.60797959838857 130
1738824732063 157.7366126277371 131
1738824732100 186.90134472428653 132
1738824732137 156.65492058142104 133
1738824732174 179.7702088013421 134
1738824732211 171.30070793732466 135
1738824732248 210.16822420160463 136
1738824732285 168.0507508150317 137
1738824732323 188.23575914036056 138
1738824732361 140.79168527008204 139
