1738825046015 192.62869044215887 0
1738825046055 127.8858405276206 1
1738825046095 202.6463688250233 2
1738825046135 239.04315571716623 3
1738825046174 166.97598997100465 4
1738825046217 130.96171891904743 5
1738825046258 113.28901516524705 6
1738825046301 136.08236221704672 7
1738825046342 162.10663383431876 8
1738825046382 202.12733585031057 9
1738825046421 128.0360594495144 10
1738825046461 176.79994732748258 11
1738825046500 193.64007091542044 12
1738825046541 106.2893857818353 13
1738825046581 192.68832777491775 14
1738825046620 127.70944626356739 15
1738825046660 107.30001612635135 16
1738825046700 256.84843764871675 17
1738825046739 236.54265143394568 18
1738825046779 175.59566699612634 19
1738825046819 163.5997151924849 20
1738825046859 131.0486273182728 21
1738825046900 222.1558918786274 22
1738825046939 155.8574362498422 23
1738825046979 134.7803917996419 24
1738825047021 149.20334651940965 25
1738825047062 245.96705459022394 26
1738825047102 208.92466191199037 27
1738825047143 221.96428080850686 28
1738825047183 159.14773288027365 29
1738825047222 137.0837231373212 30
1738825047262 173.73331311349088 31
1738825047301 187.22388692627555 32
1738825047341 140.56937192868807 33
1738825047381 167.43861220380867 34
1738825047422 204.44437436042142 35
1738825047461 245.50964077612173 36
1738825047501 251.01050432616722 37
1738825047540 313.0720479449354 38
1738825047580 182.5575893391718 39
1738825047619 122.5644164455003 40
1738825047658 101.64342419067191 41
1738825047698 302.97058634148107 42
1738825047739 161.29963936591614 43
1738825047779 168.3489970287788 44
1738825047818 136.49089125285525 45
1738825047858 163.8852243081907 46
1738825047897 120.885936262763 47
1738825047938 163.12004472886633 48
1738825047978 159.65648260379635 49
1738825048017 189.26749704904498 50
1738825048057 156.49449240479223 51
1738825048096 156.63610417706903 52
1738825048136 161.90411677809936 53
1738825048175 206.53286840140706 54
1738825048215 60.90828686332366 55
1738825048254 189.88297582737462 56
1738825048295 146.58653977693731 57
1738825048335 184.28083645849645 58
1738825048375 173.09540198307212 59
1738825048416 184.01015180407197 60
1738825048457 183.99444182653616 61
1738825048496 195.75145855980438 62
1738825048536 184.78715846964278 63
1738825048576 78.77915345520367 64
1738825048617 111.11219075013392 65
1738825048657 138.7166546993804 66
1738825048696 156.32466380661796 67
1738825048737 31.96926908691263 68
1738825048778 154.12829822924616 69
1738825048817 147.43933549552997 70
1738825048857 226.15992146663126 71
1738825048897 153.8229983727355 72
1738825048937 187.00615764989703 73
1738825048976 116.57326168352999 74
1738825049016 196.29128258700962 75
1738825049056 164.07988490485272 76
1738825049097 117.62316072779902 77
1738825049136 118.53983365071025 78
1738825049176 168.02267613150497 79
1738825049216 172.72204713134133 80
1738825049256 185.83424124341667 81
1738825049297 205.76598445699094 82
1738825049337 167.6852102757692 83
1738825049377 334.95781493135314 84
1738825049417 236.80210085719642 85
1738825049457 209.37240883157503 86
1738825049498 178.79628061223568 87
1738825049537 177.03405758863937 88
1738825049577 199.40961556393182 89
1738825049617 317.390549233184 90
1738825049656 169.7453953475688 91
1738825049696 197.43084044066558 92
1738825049736 166.90973576805368 93
1738825049776 140.3875028051984 94
1738825049816 173.48949473336947 95
1738825049855 201.11525384244229 96
1738825049895 160.27864743273634 97
1738825049934 188.26989351083316 98
1738825049974 146.8675554500723 99
1738825050014 208.37773664775702 100
1738825050054 110.46639237522398 101
1738825050094 143.74299137065395 102
1738825050133 72.54110919626548 103
1738825050173 199.45536440810528 104
1738825050213 146.78625424642954 105
1738825050252 188.11929136193626 106
1738825050292 223.06091920034103 107
1738825050331 182.71681382780733 108
1738825050371 196.71655576817693 109
1738825050411 165.06279328499443 110
1738825050451 164.5801360292773 111
1738825050491 202.4306146640878 112
1738825050531 140.39222497073482 113
1738825050570 159.99067303662312 114
1738825050610 141.1612605425976 115
1738825050650 199.9385249374115 116
1738825050690 215.77038122030694 117
1738825050730 161.43741736192035 118
1738825050769 205.00652035270068 119
1738825050809 114.6262412048192 120
1738825050849 211.57804669500308 121
1738825050889 159.13975442880977 122
1738825050929 146.32065839134913 123
1738825050969 208.36733713733392 124
1738825051009 171.37580327383873 125
1738825051049 146.47708842417612 126
1738825051088 202.34803833027175 127
1738825051128 157.56156900125868 128
1738825051167 185.01035322475107 129
1738825051207 102.24113827970815 130
1738825051248 139.59465113899105 131
1738825051288 110.16848953981435 132
1738825051327 176.0037168496765 133
1738825051367 75.38296148520062 134
1738825051408 144.79683200697735 135
1738825051447 204.6011052234073 136
1738825051487 182.70972484434986 137
1738825051528 145.82525138998537 138
1738825051568 183.05475989210308 139
1738825051607 151.3116319584124 140
1738825051668 168.49792038422237 141
1738825051710 135.23908949906925 142
1738825051751 172.98377156385362 143
1738825051791 201.79495422006363 144
1738825051831 135.80581479380405 145
1738825051870 173.18302189079333 146
1738825051910 120.19322344409548 147
1738825051950 172.3748850854986 148
1738825051990 174.5308431299422 149
1738825052030 159.15953911998307 150
1738825052070 132.08055043203035 151
1738825052109 185.63991183354574 152
1738825052149 135.29599662825137 153
1738825052189 168.24435668916828 154
1738825052229 228.2945979913478 155
1738825052269 118.22461694419842 156
1738825052309 187.30233365156232 157
1738825052348 95.78112716685015 158
1738825052388 218.19095358345243 159
1738825052431 202.8724846291483 160
1738825052470 157.83086046982115 161
1738825052510 177.7202320155989 162
1738825052550 201.75914452696492 163
1738825052589 157.35344417994668 164
1738825052629 169.3773266571279 165
1738825052668 277.75761634217594 166
1738825052708 205.44537160698923 167
1738825052747 175.3456568508194 168
1738825052787 171.34935107785802 169
1738825052827 161.27856811896004 170
1738825052867 55.68447478335375 171
1738825052907 184.82743016608364 172
1738825052947 176.85100143677522 173
1738825052986 176.57565760686086 174
1738825053027 84.03524477396053 175
1738825053066 155.80284425066446 176
1738825053106 105.03846652736627 177
1738825053145 207.41288058513334 178
1738825053185 160.30305567424523 179
1738825053224 122.04508179670113 180
1738825053264 154.99739210922283 181
1738825053304 211.97019286722454 182
1738825053344 161.130779934109 183
1738825053385 162.81860904801232 184
1738825053425 192.89014719428764 185
1738825053465 144.41353825924125 186
1738825053505 196.70497540293317 187
1738825053544 175.64763344654932 188
1738825053584 175.01969844333232 189
1738825053624 158.8652223945468 190
1738825053664 169.88202128148035 191
1738825053703 174.55096733294837 192
1738825053743 186.24868436805076 193
1738825053782 141.0088945363096 194
1738825053822 190.05313206666196 195
1738825053861 154.5072503063331 196
1738825053901 118.0435777552821 197
1738825053940 196.68177915313044 198
1738825053979 155.83891980377578 199
1738825054019 181.04054483709578 200
1738825054059 182.7214708814358 201
1738825054098 193.14512882637297 202
1738825054138 196.55957676295935 203
1738825054178 199.3351960874903 204
1738825054218 190.01431710891245 205
1738825054258 199.61770680621086 206
1738825054298 136.20979431569128 207
1738825054338 141.10105198566302 208
1738825054377 163.33760706550427 209
1738825054417 149.80428430289916 210
1738825054457 189.48557790966188 211
1738825054497 158.73717927259509 212
1738825054537 177.8614861704042 213
1738825054576 178.2871648029269 214
1738825054616 284.454382635305 215
1738825054656 126.95646386248359 216
1738825054696 138.47343900048108 217
1738825054737 94.40763114310442 218
1738825054777 160.59255506334256 219
1738825054817 118.78845855854316 220
1738825054856 123.40319613722349 221
1738825054897 161.89023900519842 222
1738825054937 151.3427888012585 223
1738825054976 148.5028973032523 224
1738825055017 272.52088813548625 225
1738825055057 147.3436209642682 226
1738825055097 167.65654934239046 227
1738825055137 174.48774935646284 228
1738825055177 179.0446777974226 229
1738825055216 165.10578658181893 230
1738825055256 126.46430020751403 231
1738825055296 158.95620388841755 232
1738825055336 106.97808136657763 233
1738825055376 189.23318206814173 234
1738825055416 65.88891000124548 235
1738825055456 164.2186871677646 236
1738825055496 137.9536705465048 237
1738825055537 133.81547169973885 238
1738825055576 152.91857407331446 239
1738825055617 186.56284174286546 240
1738825055656 173.7212291975692 241
1738825055696 160.88489360628606 242
1738825055736 138.6024168657349 243
1738825055776 130.1752283237804 244
1738825055816 113.36254551443936 245
1738825055856 204.10750692931828 246
1738825055897 149.48580174034865 247
1738825055937 200.23757659186145 248
1738825055976 115.04142993225264 249
1738825056016 151.2553406751612 250
1738825056056 169.57635506414178 251
1738825056096 187.9705898010035 252
1738825056136 173.60442540822586 253
1738825056175 122.51226418116846 254
1738825056215 119.9858035774992 255
1738825056255 193.69707639997628 256
1738825056295 193.89967845336693 257
1738825056335 152.719179302559 258
1738825056375 179.47915421936696 259
1738825056415 169.0068489565979 260
1738825056455 177.0001036905715 261
1738825056494 164.28354187340426 262
1738825056535 137.9926094719377 263
1738825056575 188.2138419903778 264
1738825056615 193.3758471714063 265
1738825056655 168.61297124107801 266
1738825056694 96.12231250466942 267
1738825056734 187.30785083073766 268
1738825056773 191.08937960675303 269
1738825056814 232.4352747121046 270
1738825056854 248.508044210428 271
1738825056894 190.81061686782493 272
1738825056933 146.02264213823344 273
1738825056973 155.8891470707015 274
1738825057013 156.61572371794625 275
1738825057053 97.26122189424224 276
1738825057092 194.52894713515622 277
1738825057133 163.1447433300557 278
1738825057173 104.76742539935216 279
1738825057213 176.88486326109788 280
1738825057252 140.38707329558508 281
1738825057292 131.13437403444814 282
1738825057332 166.81974320221286 283
1738825057372 147.7370783712351 284
1738825057412 319.30387394879057 285
1738825057452 123.19593883804006 286
1738825057491 182.88293783951244 287
1738825057531 190.3510676445015 288
1738825057572 132.9996854871392 289
1738825057612 192.84373110654835 290
1738825057652 164.26825658168733 291
1738825057692 181.68649383654363 292
1738825057733 255.37440826468648 293
1738825057773 162.97566510319606 294
1738825057812 133.7291311213226 295
1738825057852 177.06298134119035 296
1738825057892 150.48081453645042 297
1738825057932 165.47422518732873 298
1738825057971 273.7350217141253 299
1738825058011 176.0711164104933 300
1738825058051 200.004011299871 301
1738825058091 191.4515343502511 302
1738825058131 223.7046702485733 303
1738825058171 150.20116930577615 304
1738825058210 175.54440133920428 305
1738825058250 152.8964127030694 306
1738825058290 198.08951936562823 307
1738825058329 166.55781721451916 308
1738825058369 338.84779903172955 309
1738825058409 170.04001501723113 310
1738825058449 232.44179209790286 311
1738825058489 215.7786319249646 312
1738825058528 134.7052380120639 313
1738825058568 163.70891550364897 314
1738825058607 196.52094990877129 315
1738825058647 90.84155023740934 316
1738825058687 155.56600489554 317
1738825058726 110.94494223049182 318
1738825058766 155.41631034015242 319
1738825058806 177.19339979930697 320
1738825058845 175.9642453632533 321
1738825058885 186.56897738123658 322
1738825058925 160.90727225690028 323
1738825058964 125.42188644055611 324
1738825059004 188.2048730876479 325
1738825059043 177.27880590728716 326
1738825059083 137.16350368170453 327
1738825059123 174.29706943760257 328
1738825059163 155.60693740351928 329
1738825059202 176.74005696615689 330
1738825059242 243.02757544020926 331
1738825059281 181.08389711703268 332
1738825059321 194.63392748689836 333
1738825059361 191.15049411603815 334
1738825059401 125.64151574214962 335
1738825059442 184.44699961920423 336
1738825059482 180.64794182620955 337
1738825059521 88.20968152856948 338
1738825059561 117.42553290016116 339
1738825059601 152.3398223287276 340
1738825059641 115.22428559119771 341
1738825059680 150.43884536135278 342
1738825059721 111.24213203653937 343
1738825059761 163.22528305117825 344
1738825059801 167.5242062806864 345
1738825059841 214.31183404764445 346
1738825059881 89.96884025664689 347
1738825059921 132.0635900209552 348
1738825059960 159.035579949597 349
1738825060000 224.9477718839624 350
1738825060040 182.9487734638888 351
1738825060079 168.08915189253074 352
1738825060119 203.97779358770634 353
1738825060159 183.335708971587 354
1738825060199 168.45321716004975 355
1738825060238 182.52790102991156 356
1738825060278 140.82317378347943 357
1738825060318 153.48338598841713 358
1738825060358 73.87881645150777 359
1738825060398 143.09063087134078 360
1738825060437 146.58567740493103 361
1738825060477 154.97698460700192 362
1738825060517 180.44618426344334 363
1738825060557 159.61360956510526 364
1738825060597 165.01438633961197 365
1738825060636 154.1083639102874 366
1738825060677 220.29186950262428 367
1738825060717 175.7437982051392 368
1738825060757 172.71556534976838 369
1738825060796 174.56798541948442 370
1738825060836 230.27182549098748 371
1738825060876 139.25265338822146 372
1738825060916 168.53412572364365 373
1738825060955 93.49271538380611 374
1738825060995 170.6396927226668 375
1738825061034 194.57587792874693 376
1738825061074 173.14094225804484 377
1738825061114 90.90767578306493 378
1738825061153 171.304366910306 379
1738825061193 144.46721172579925 380
1738825061233 179.96615507919773 381
1738825061273 179.3831316850514 382
1738825061313 137.61279080608924 383
1738825061353 207.31783610481384 384
1738825061393 168.7513460932349 385
1738825061433 161.0209806758984 386
1738825061473 142.47905081054964 387
1738825061513 136.04365348959118 388
1738825061552 183.44172572856343 389
1738825061592 226.2822344857806 390
1738825061632 152.89178413574527 391
1738825061672 145.39680106859726 392
1738825061712 145.06691854814062 393
1738825061752 159.33584716326948 394
1738825061792 165.46221728686876 395
1738825061832 112.85768309764941 396
1738825061872 190.13422259522926 397
1738825061912 177.5203120890353 398
1738825061952 194.19540102538733 399
1738825061991 120.74297031633854 400
1738825062031 138.30262430556957 401
1738825062071 147.93948262590118 402
1738825062110 175.566479305302 403
1738825062150 184.51976418475763 404
1738825062189 115.24951856132556 405
1738825062229 180.868627981671 406
1738825062269 149.1450999367729 407
1738825062309 127.74655718701273 408
1738825062349 173.86534542809054 409
1738825062388 156.52577464877464 410
1738825062428 206.58230819385645 411
1738825062468 169.33342562466245 412
1738825062507 140.9887015503701 413
1738825062547 202.94396275819983 414
1738825062586 159.18132639515989 415
1738825062626 145.231521043852 416
1738825062666 176.4414493265118 417
1738825062706 120.84506471804828 418
1738825062745 110.48170323711997 419
1738825062785 188.02972205162638 420
1738825062825 157.39456369826317 421
1738825062865 180.03341249796387 422
1738825062904 195.43122273354217 423
1738825062944 150.70164813089826 424
1738825062984 157.42636531833662 425
1738825063024 192.67524942690474 426
1738825063063 188.904393217799 427
1738825063103 263.5280780603529 428
1738825063143 190.25077608873596 429
1738825063182 132.44501845843948 430
1738825063222 163.60137779857803 431
1738825063262 222.4882780875172 432
1738825063302 95.7052793432166 433
1738825063342 137.3955313760712 434
1738825063382 163.91502410938642 435
1738825063422 179.9110049424523 436
1738825063462 113.56913652578022 437
1738825063502 177.23296375523543 438
1738825063542 243.95428440465267 439
1738825063582 112.39177985486053 440
1738825063621 196.78921388236546 441
1738825063661 120.0972737911736 442
1738825063700 150.5350761290242 443
1738825063740 189.75961140129084 444
1738825063779 136.41279627815527 445
1738825063819 217.78867426146726 446
1738825063859 167.06419736429328 447
1738825063899 180.99858850620586 448
1738825063939 254.4523578238184 449
1738825063980 176.30715415254957 450
1738825064019 140.99000360587044 451
1738825064059 162.16165729043635 452
1738825064099 158.67274840539034 453
1738825064139 165.43680010486293 454
1738825064178 187.05548306804113 455
1738825064218 146.28236888704532 456
1738825064258 198.8878541599072 457
1738825064298 212.0408099209047 458
1738825064338 163.14936188288334 459
1738825064383 165.71699454999484 460
1738825064425 180.73158156557554 461
1738825064471 191.14373108529853 462
1738825064512 125.59814869941536 463
1738825064554 177.22295627831733 464
1738825064594 118.43717081859222 465
1738825064635 160.97628386232176 466
1738825064675 128.12812266845722 467
1738825064715 158.8844063580376 468
1738825064754 166.39104330510185 469
1738825064794 185.90200104354253 470
1738825064834 195.16177129989725 471
1738825064874 163.6106448925003 472
1738825064914 224.15144334547045 473
1738825064953 154.12271083370828 474
1738825064993 180.90926855225874 475
1738825065032 174.30910823730184 476
1738825065071 163.52471197878793 477
1738825065111 155.81548048666696 478
1738825065151 154.02917449744675 479
1738825065191 218.16511462434835 480
1738825065230 128.4428946107731 481
1738825065269 151.49767094109842 482
1738825065309 219.69871319027297 483
1738825065349 184.61480919352474 484
1738825065389 154.10434398547036 485
1738825065429 168.04854496810302 486
1738825065469 162.79090408482423 487
1738825065508 170.7751703452971 488
1738825065548 192.13883290952836 489
1738825065587 158.8967523314218 490
1738825065627 154.3842282889119 491
1738825065667 145.23530324569782 492
1738825065707 220.26518536011548 493
1738825065747 144.49717527755703 494
1738825065787 107.89099757510674 495
1738825065827 135.3787794444895 496
1738825065867 179.78731167655755 497
1738825065907 145.69974985640627 498
1738825065946 168.81210602476693 499
