1738679047782 168.96366946092837 0
1738679047789 168.86818561928195 1
1738679047796 169.09383264482975 2
1738679047803 168.8742600179914 3
1738679047809 168.07841152128003 4
1738679047815 169.24615329956578 5
1738679047821 169.28268151092374 6
1738679047826 167.79673999564102 7
1738679047832 170.572699306293 8
1738679047838 169.63390839532585 9
1738679047844 171.3614949954794 10
1738679047850 167.85253052514307 11
1738679047855 170.92086157640327 12
1738679047861 168.82694172083927 13
1738679047868 167.5704600111477 14
1738679047874 167.8986567015217 15
1738679047880 168.45557619771134 16
