1738825143131 169.4806387665546 0
1738825143149 169.46138600297846 1
1738825143173 169.4427584452653 2
1738825143199 169.42473371773931 3
1738825143223 169.40729029218352 4
1738825143245 169.39040745474523 5
1738825143271 169.37406527415507 6
1738825143295 169.35824457120592 7
1738825143317 169.3429268894427 8
1738825143337 169.3280944670136 9
1738825143352 169.31373020963625 10
1738825143370 169.2998176646354 11
1738825143384 169.28634099600788 12
1738825143426 169.2732849604748 13
1738825143473 169.26063488448096 14
1738825143496 169.24837664210403 15
1738825143533 169.2364966338369 16
1738825143548 169.2249817662086 17
1738825143563 169.2138194322099 18
1738825143578 169.20299749249193 19
1738825143593 169.1925042573068 20
1738825143610 169.18232846916058 21
1738825143624 169.17245928615012 22
1738825143636 169.16288626595667 23
1738825143648 169.15359935047027 24
1738825143672 169.14458885101902 25
1738825143686 169.13584543418008 26
1738825143706 169.1273601081488 27
1738825143727 169.11912420964313 28
1738825143742 169.1111293913236 29
1738825143756 169.10336760970645 30
1738825143772 169.09583111355178 31
1738825143794 169.08851243270684 32
1738825143815 169.0814043673871 33
1738825143850 169.0744999778773 34
1738825143883 169.06779257463558 35
1738825143912 169.0612757087851 36
1738825143928 169.05494316297785 37
1738825143943 169.0487889426151 38
1738825143958 169.04280726741135 39
1738825143973 169.03699256328727 40
1738825143989 169.03133945457932 41
1738825144004 169.0258427565527 42
1738825144025 169.0204974682063 43
1738825144051 169.01529876535807 44
1738825144072 169.0102419939987 45
1738825144096 169.00532266390456 46
1738825144120 169.00053644249817 47
1738825144144 168.99587914894747 48
