1738680623748 169.8018907649319 0
1738680623756 170.6531246587392 1
1738680623762 166.0405705421388 2
1738680623769 168.8215658603005 3
1738680623776 172.40936741919847 4
1738680623782 166.52396837159205 5
1738680623789 171.06298110671375 6
1738680623795 168.72155567273535 7
1738680623802 171.7720915406037 8
1738680623808 164.94605834768998 9
1738680623814 171.87052060438438 10
1738680623821 173.21853707570662 11
1738680623827 167.87404843844072 12
1738680623833 175.16167258789164 13
1738680623840 169.87460813794925 14
1738680623847 170.13480572180939 15
1738680623853 166.848904404109 16
1738680623860 170.93656727357947 17
1738680623867 165.8760959232503 18
1738680623874 169.70180765081793 19
1738680623880 167.51014315896646 20
1738680623887 167.98181669683328 21
1738680623894 172.30911688963818 22
1738680623901 167.33023692811688 23
1738680623909 169.89282008077936 24
1738680623917 176.73219083556833 25
1738680623927 171.10602033467828 26
1738680623936 168.94005008952257 27
1738680623944 170.87817031285041 28
1738680623950 167.46626769108133 29
1738680623957 163.61773759283298 30
1738680623963 169.90555411643655 31
1738680623969 173.09168119002538 32
1738680623975 175.01524501516548 33
1738680623981 169.28073783126777 34
1738680623987 169.415059767803 35
1738680623993 170.50338859997916 36
1738680623999 170.5020424893969 37
1738680624005 173.04572106571842 38
1738680624012 166.19271421863996 39
1738680624018 167.77521214840283 40
1738680624024 169.8965108036562 41
1738680624030 171.22188813593323 42
1738680624036 169.54384803029134 43
1738680624042 169.82569775485746 44
1738680624048 166.41699733660363 45
1738680624056 171.0458582554859 46
1738680624062 168.099516428796 47
1738680624069 170.13319763409706 48
1738680624076 168.78005265636565 49
1738680624082 166.84834567434268 50
1738680624089 170.49354819360306 51
1738680624095 166.81267630811547 52
1738680624102 167.38885590274376 53
1738680624109 166.12967656839123 54
1738680624116 171.61538551596814 55
1738680624123 168.94522086214837 56
1738680624129 168.93691653318618 57
1738680624136 169.06255361633006 58
1738680624142 171.52084137981387 59
1738680624148 166.30171159000855 60
1738680624154 167.97870026443925 61
1738680624161 170.30321296013258 62
1738680624167 172.7131918530944 63
1738680624173 167.05342590240423 64
1738680624179 164.66217268472823 65
1738680624186 167.90498542815195 66
1738680624192 166.14019368284875 67
1738680624199 169.59753701426672 68
1738680624206 168.89452867766764 69
1738680624212 170.11495135074713 70
1738680624219 170.60471004245622 71
1738680624225 168.85496337949283 72
1738680624234 169.4690622993491 73
1738680624241 168.37703110960493 74
1738680624248 166.43106147804244 75
1738680624256 170.37128989361756 76
1738680624263 165.87443412942793 77
1738680624270 166.49618524405417 78
1738680624277 165.1533965182724 79
1738680624283 169.91674569797132 80
1738680624289 166.82634003005577 81
