1738679594953 166.05408966025269 0
1738679594960 171.4619527829343 1
1738679594966 170.61847155293418 2
1738679594972 168.80911621507212 3
1738679594978 167.33278529392987 4
1738679594988 170.493369385325 5
1738679594995 168.49206048556135 6
1738679595004 170.29621087609132 7
1738679595010 170.9040746888373 8
1738679595016 168.35944443756716 9
1738679595022 169.26406903731794 10
1738679595027 167.927272105231 11
1738679595033 165.606018119297 12
1738679595039 168.27437066689907 13
1738679595044 168.5423353375281 14
1738679595050 171.82990027214575 15
1738679595056 170.4468187742385 16
1738679595061 167.7264736061429 17
1738679595067 166.0199973903331 18
1738679595074 168.12686272697022 19
1738679595081 167.88357651870135 20
1738679595088 169.9151609526111 21
1738679595094 167.95430963865175 22
1738679595101 169.8914485467197 23
1738679595107 168.0328126816516 24
1738679595114 167.37729927138426 25
1738679595121 168.9516503945802 26
1738679595127 168.35925637763316 27
1738679595133 169.7467902436549 28
1738679595139 166.02710827298083 29
1738679595146 169.40787070903485 30
1738679595152 167.17943555861203 31
1738679595158 169.44591436844257 32
1738679595166 169.82762447913038 33
1738679595173 169.23753662311924 34
1738679595180 168.91140123416372 35
1738679595187 165.5268785419811 36
1738679595213 170.95140298386607 37
1738679595221 170.47236261962706 38
1738679595227 168.34101300487208 39
1738679595234 170.63031085634364 40
1738679595240 168.85964221558325 41
1738679595246 172.4497179633323 42
1738679595252 167.6384906501433 43
1738679595258 169.56093299033185 44
1738679595263 172.17374011639194 45
1738679595269 167.42382334282772 46
1738679595274 169.19454492854703 47
1738679595280 166.56476050887466 48
1738679595285 166.82881901653468 49
1738679595291 170.73257014908486 50
1738679595297 167.71848220919557 51
1738679595302 168.65134889889333 52
1738679595308 169.6636380678838 53
1738679595314 168.70218352174263 54
1738679595320 171.4758211288876 55
1738679595326 168.49594366457146 56
1738679595332 168.88117477369585 57
1738679595338 168.29375334918686 58
1738679595344 167.99943671790783 59
1738679595350 166.7258122347262 60
1738679595356 167.0731759499763 61
1738679595362 169.84185642525196 62
1738679595368 170.01074069593741 63
1738679595374 167.9342184060234 64
1738679595380 168.38650788626603 65
1738679595386 168.78907023877468 66
1738679595392 168.0088054846978 67
1738679595398 165.599477388691 68
1738679595404 164.71548555593273 69
1738679595410 167.3484477741065 70
1738679595416 169.48093684792445 71
1738679595422 168.88911934378345 72
