1738822749927 66.28173713255197 0
1738822749941 74.26439322487177 1
1738822749963 51.586574182507874 2
1738822749981 49.09969627602962 3
1738822749996 35.44077303221811 4
1738822750015 32.06570551314181 5
1738822750035 32.2699623658594 6
1738822750050 33.27636169049224 7
1738822750065 33.851474286348854 8
1738822750080 25.491504592247896 9
1738822750092 17.38896054030017 10
1738822750106 13.733723331731621 11
1738822750133 20.127647109986807 12
1738822750152 14.101002948402265 13
1738822750180 14.828720614272179 14
1738822750194 13.818004158377478 15
1738822750218 8.198156455772528 16
1738822750236 8.963306196410803 17
1738822750253 6.579545298367167 18
1738822750269 10.598822139940244 19
1738822750292 5.245780979491169 20
1738822750312 4.674264489899071 21
1738822750331 6.9605110221820015 22
1738822750349 5.457749296461313 23
1738822750366 4.328864606101471 24
1738822750383 3.5381879010196697 25
1738822750404 3.9824106362327187 26
1738822750420 3.759247067358796 27
1738822750435 2.0075005180161742 28
1738822750455 2.2944518005747976 29
1738822750476 2.7853914755019815 30
1738822750497 2.3623935540249117 31
1738822750517 2.386454032327926 32
1738822750533 2.1793507206895235 33
1738822750554 1.821767613673301 34
1738822750572 1.414392647916832 35
1738822750591 2.050341611052515 36
1738822750608 1.4252937346932872 37
1738822750628 1.1113596641246146 38
1738822750647 1.618090843969183 39
1738822750664 0.889359448532112 40
1738822750681 0.6539888805596928 41
1738822750697 1.3235571530407317 42
1738822750715 0.5865494719589842 43
1738822750731 0.6317499059290931 44
1738822750745 0.7653045348352768 45
1738822750761 0.6185709829844719 46
1738822750775 0.8559366420442085 47
1738822750790 0.5532592628836227 48
1738822750804 0.46059531271670806 49
1738822750820 0.5925744470117812 50
1738822750837 0.31083675476807116 51
1738822750856 0.31515760199671855 52
1738822750873 0.35660143675921757 53
1738822750892 0.33735210268553634 54
1738822750910 0.4391542741437437 55
1738822750929 0.7344766613613187 56
1738822750947 0.5069556511381392 57
1738822750966 0.3628877884960557 58
1738822750987 0.3802820726155053 59
1738822751002 0.2136203172640588 60
1738822751022 0.1913812600280688 61
1738822751040 0.19650914312793522 62
1738822751057 0.2539375355415336 63
1738822751081 0.23106679012311201 64
1738822751103 0.1683361292708283 65
1738822751124 0.276425608582264 66
1738822751140 0.14226420552581953 67
1738822751160 0.09963858673189888 68
1738822751176 0.2657927837146522 69
1738822751193 0.11620259240507157 70
1738822751212 0.14016951624779456 71
1738822751230 0.16093995175378012 72
1738822751247 0.21123852458218648 73
1738822751266 0.17109266818915445 74
1738822751279 0.21884382988311765 75
1738822751295 0.16970136488631396 76
1738822751311 0.13350523807067013 77
1738822751325 0.184202503709034 78
1738822751341 0.19251523740891852 79
1738822751353 0.23440265312878586 80
1738822751372 0.139572525753916 81
1738822751387 0.23619375962581235 82
1738822751408 0.12544401060444582 83
1738822751424 0.15061662350097046 84
1738822751441 0.1279252949355281 85
1738822751458 0.08643049905088049 86
1738822751477 0.12416065848711706 87
1738822751494 0.14999131195888737 88
1738822751510 0.08957180197576442 89
1738822751530 0.1316934717228498 90
1738822751555 0.11958985908453135 91
1738822751578 0.17575250891543504 92
1738822751594 0.18846635935545414 93
1738822751610 0.13605323842359293 94
1738822751625 0.08647705444953928 95
1738822751641 0.10391471623334929 96
1738822751656 0.17088971592741492 97
1738822751672 0.1190042851580282 98
1738822751686 0.09339922320437251 99
1738822751700 0.08306080238967098 100
1738822751715 0.07500484206428006 101
1738822751728 0.12895020515838918 102
1738822751742 0.09827395379506706 103
1738822751756 0.0873062453400723 104
1738822751771 0.12363829707558101 105
1738822751786 0.10560503193257131 106
1738822751801 0.07627143493441639 107
1738822751816 0.13860974954117536 108
1738822751835 0.09051930893578981 109
1738822751852 0.08756424216588664 110
1738822751868 0.09643956316007538 111
1738822751885 0.09844936150472078 112
1738822751900 0.0738660642705187 113
1738822751919 0.07459043600202683 114
1738822751936 0.12236696420672782 115
1738822751953 0.09171032917346826 116
1738822751970 0.08484810472566257 117
1738822751991 0.11449303997334315 118
1738822752011 0.0766423145479869 119
1738822752028 0.06885057047275112 120
1738822752047 0.1190292122045855 121
1738822752064 0.137823531111463 122
1738822752076 0.07862585102536133 123
1738822752094 0.07400506718012423 124
1738822752109 0.1096597526411891 125
1738822752129 0.04759372128803078 126
1738822752144 0.1245449156843912 127
1738822752159 0.09116133239115022 128
1738822752175 0.13881176504659093 129
1738822752190 0.10683913178257023 130
1738822752207 0.09219479331091578 131
1738822752226 0.06399046356602596 132
1738822752245 0.09747319344693213 133
1738822752263 0.13542919470732304 134
1738822752279 0.10812269833561372 135
1738822752297 0.06335837472984768 136
1738822752312 0.08246593779149665 137
1738822752326 0.09427081235913852 138
1738822752343 0.09990292501144334 139
1738822752360 0.06650968747296354 140
1738822752374 0.10838151913040565 141
1738822752391 0.12339247004112751 142
1738822752408 0.07571870828044741 143
1738822752424 0.09473076748556104 144
1738822752458 0.06373431029103552 145
1738822752480 0.06323858071125037 146
1738822752501 0.10819056071614773 147
1738822752518 0.09350412607520366 148
1738822752543 0.10156289401868578 149
1738822752561 0.09649202709710035 150
1738822752576 0.09958671933783562 151
1738822752591 0.0765799409453706 152
1738822752617 0.09382454740752726 153
1738822752636 0.10151217043638953 154
1738822752653 0.12469729272485221 155
1738822752670 0.07963240820263782 156
1738822752688 0.07385090361200711 157
1738822752709 0.12845209566652838 158
1738822752727 0.11933564628008439 159
1738822752746 0.07312175694815712 160
1738822752766 0.08681424933118664 161
1738822752782 0.10026286232399191 162
1738822752801 0.1431539590828854 163
1738822752819 0.08378575583383684 164
1738822752837 0.07873361233697589 165
1738822752855 0.0817292521989867 166
1738822752872 0.049944813782887454 167
1738822752889 0.07625561324567558 168
1738822752906 0.06817797873152052 169
1738822752925 0.0648417292278765 170
1738822752945 0.0753171383235378 171
1738822752963 0.08720042137589776 172
1738822752979 0.07009912510892154 173
1738822753000 0.09603076066433225 174
1738822753016 0.09187229632724125 175
1738822753030 0.1438345952965934 176
1738822753044 0.08935255609712814 177
1738822753060 0.06732767064308519 178
1738822753076 0.063383863296442 179
1738822753091 0.09245460935573088 180
1738822753106 0.08868755385854385 181
1738822753119 0.07259206390245249 182
1738822753134 0.10628416712694062 183
1738822753149 0.14670593862994213 184
1738822753163 0.14906528904829325 185
1738822753180 0.05385128514464709 186
1738822753195 0.062064955199012874 187
1738822753208 0.05613387738552178 188
1738822753221 0.060392040951475226 189
1738822753235 0.05471265075375125 190
1738822753249 0.08608128968973192 191
1738822753262 0.06331694324081096 192
1738822753276 0.15160030115559345 193
1738822753289 0.11698559187757118 194
1738822753302 0.10599900843379671 195
1738822753317 0.08469383027279966 196
1738822753336 0.08984286396252776 197
1738822753351 0.05250717916117042 198
1738822753370 0.08767331701222163 199
1738822753387 0.11404128873441553 200
1738822753404 0.09643399664900594 201
1738822753420 0.09900280629745549 202
1738822753437 0.08298683523511215 203
1738822753455 0.1245728854229341 204
1738822753472 0.06982421027049146 205
1738822753489 0.08888708583725864 206
1738822753508 0.09493903806336931 207
1738822753525 0.08283263466891476 208
1738822753545 0.14746468552799114 209
1738822753565 0.12670498525418286 210
1738822753580 0.12659428284727522 211
1738822753594 0.07178037593392125 212
1738822753652 0.07482369622289074 213
1738822753669 0.09551808862935177 214
1738822753684 0.07441984494438789 215
1738822753699 0.11005547858844666 216
1738822753714 0.08529047857385451 217
1738822753730 0.15444118514523245 218
1738822753745 0.08593420950944637 219
1738822753760 0.09092951640431653 220
1738822753775 0.07297143023480152 221
1738822753789 0.08697635173034113 222
1738822753803 0.08197286013415178 223
1738822753820 0.06278070350516411 224
1738822753836 0.07636042444677672 225
1738822753852 0.07296680900185501 226
1738822753869 0.07720986133315703 227
1738822753887 0.07753363387588115 228
1738822753907 0.06621146176806614 229
1738822753927 0.11561364746134706 230
1738822753947 0.057070186638686536 231
1738822753959 0.08915362261308513 232
1738822753971 0.07008126778309294 233
1738822753985 0.0622477857823587 234
1738822753999 0.07239432511617575 235
1738822754013 0.07069072119640056 236
1738822754028 0.09064217237774165 237
1738822754041 0.09013972974164183 238
1738822754056 0.11996238387010258 239
1738822754071 0.058044129284064654 240
1738822754087 0.09071119366707235 241
1738822754101 0.08992968089700933 242
1738822754117 0.11070909402460997 243
1738822754131 0.09245567619545982 244
1738822754146 0.06968908438049048 245
1738822754161 0.09797332543975547 246
1738822754176 0.10963940902843528 247
1738822754190 0.08656973645319785 248
1738822754203 0.12027101724990684 249
1738822754218 0.0950429717204636 250
1738822754233 0.07198206753020955 251
1738822754248 0.10290782506948698 252
1738822754263 0.08234167585556339 253
1738822754278 0.12923003903928648 254
1738822754293 0.1139933335980837 255
1738822754309 0.06096107868155354 256
1738822754326 0.05758670566797247 257
1738822754344 0.10543235998704682 258
1738822754362 0.07395051970971771 259
1738822754379 0.08331284429903775 260
1738822754397 0.09646335582094952 261
1738822754415 0.10367781335011683 262
1738822754438 0.06896011384971186 263
1738822754456 0.08951848095524415 264
1738822754502 0.07111690502056926 265
1738822754531 0.09486491127160956 266
1738822754551 0.06842827685958944 267
1738822754573 0.15129858469133262 268
1738822754591 0.05746645727074153 269
1738822754605 0.09520513124260946 270
1738822754619 0.06182808182002147 271
1738822754634 0.10172872233850434 272
1738822754652 0.07068021370692425 273
1738822754670 0.0615884970698315 274
1738822754685 0.09149712452526622 275
1738822754701 0.06083802124040558 276
1738822754719 0.12219262630949293 277
1738822754737 0.07731830939727018 278
1738822754756 0.0692865450185685 279
1738822754775 0.11763182638854826 280
1738822754792 0.0937395883064294 281
1738822754805 0.06122223299256649 282
1738822754823 0.054089753548031534 283
1738822754838 0.049975800492269636 284
1738822754852 0.08824490761253308 285
1738822754867 0.08723496048496661 286
1738822754883 0.06397800122193675 287
1738822754899 0.11210018112048957 288
1738822754911 0.09421041843899557 289
1738822754926 0.08556051440789057 290
1738822754942 0.11852207144970882 291
1738822754961 0.07546320986012635 292
1738822754980 0.1168236413122113 293
1738822754999 0.07657673061343241 294
1738822755020 0.08398798026829875 295
1738822755032 0.10073165289870277 296
1738822755051 0.0945082246024452 297
1738822755068 0.0888181898334217 298
1738822755087 0.10865653756231124 299
1738822755106 0.15055154181533034 300
1738822755127 0.07734111668772231 301
1738822755146 0.05238470306381121 302
1738822755165 0.11177512584730354 303
1738822755184 0.08722481712704645 304
1738822755198 0.11277218633064585 305
1738822755215 0.09127053252330568 306
1738822755236 0.08262570788845583 307
1738822755261 0.090210044229472 308
1738822755299 0.06767887973136838 309
1738822755321 0.07080645326086912 310
1738822755338 0.07692830747820832 311
1738822755356 0.11062379812139658 312
1738822755372 0.11003172118719036 313
1738822755385 0.08541864288143379 314
1738822755401 0.11002116463324532 315
1738822755418 0.055045619771583155 316
1738822755431 0.055113687874967766 317
1738822755449 0.19167741355310747 318
1738822755465 0.09365698886779933 319
1738822755485 0.09519646999808316 320
1738822755502 0.1043444385323308 321
1738822755518 0.08552468708269659 322
1738822755533 0.09895466075123661 323
1738822755549 0.07671702192368933 324
1738822755563 0.06606182910253679 325
1738822755580 0.0945492278763434 326
1738822755597 0.07761059503200886 327
1738822755615 0.07812011477285102 328
1738822755634 0.11168098084402688 329
1738822755653 0.0964611556660594 330
1738822755671 0.07873329372844536 331
1738822755687 0.06376333499895213 332
1738822755702 0.11412803123190235 333
1738822755714 0.09670184814205539 334
1738822755730 0.08104935003276371 335
1738822755745 0.08963439780910001 336
1738822755759 0.08124115202737901 337
1738822755776 0.10089260181828565 338
1738822755789 0.0810916163719565 339
1738822755802 0.06809368383413704 340
1738822755817 0.0691981273109174 341
1738822755831 0.0792344189872233 342
1738822755845 0.07641573226091873 343
1738822755859 0.07056639694829075 344
1738822755873 0.16688245972595372 345
1738822755887 0.08849840546505117 346
1738822755901 0.07629460110201614 347
1738822755915 0.04563356901369747 348
1738822755929 0.06648680974740973 349
1738822755943 0.059779209454717895 350
1738822755962 0.06983479872000677 351
1738822755979 0.07318263451818599 352
1738822755996 0.08237190921835533 353
1738822756014 0.0716315777783115 354
1738822756030 0.08387359929464215 355
1738822756048 0.06198752767849999 356
1738822756069 0.08670493996816468 357
1738822756084 0.073003890343519 358
1738822756099 0.06590397298249617 359
1738822756113 0.10380258043896298 360
1738822756127 0.08827535327591718 361
1738822756141 0.11991449388132133 362
1738822756155 0.09410639337011378 363
1738822756171 0.11585151356262802 364
1738822756186 0.12667148434034117 365
1738822756201 0.08516946766043385 366
1738822756221 0.10751035617406046 367
1738822756235 0.07836700743460287 368
1738822756248 0.07848124040195867 369
1738822756264 0.053930290555987755 370
1738822756276 0.1031801258940943 371
1738822756292 0.08724064080656783 372
1738822756310 0.06790040253085673 373
1738822756326 0.057751486065064875 374
1738822756341 0.09988695284706336 375
1738822756363 0.07577539813622486 376
1738822756380 0.07642024612601736 377
1738822756394 0.06984435090433483 378
1738822756415 0.05388933816924766 379
1738822756440 0.07872113376105327 380
1738822756457 0.04836628842344198 381
1738822756477 0.0694893529112949 382
1738822756498 0.09696229601181791 383
1738822756514 0.09745922206539577 384
1738822756533 0.13246891194954669 385
1738822756558 0.09403205557729798 386
1738822756579 0.08801620435751334 387
1738822756594 0.12425217144305709 388
1738822756610 0.07320896666583464 389
1738822756628 0.07539387009303353 390
1738822756644 0.11234026575274071 391
1738822756658 0.1056191267892549 392
1738822756673 0.14201696601599154 393
1738822756689 0.079321224119007 394
1738822756704 0.12042349161381118 395
1738822756721 0.06135829772024273 396
1738822756737 0.11010990451869933 397
1738822756751 0.07583086420682184 398
1738822756764 0.10738592954447639 399
1738822756779 0.09225829943824478 400
1738822756792 0.1180225413514034 401
1738822756808 0.10217180093669345 402
1738822756823 0.06273713504130451 403
1738822756839 0.1276540221734558 404
1738822756859 0.10182946933760452 405
1738822756876 0.09877835362195163 406
1738822756894 0.06998140858578761 407
1738822756913 0.07025984436702311 408
1738822756930 0.09671579182708544 409
1738822756946 0.06811074011480894 410
1738822756962 0.08769236206057973 411
1738822756980 0.057602657277572994 412
1738822756997 0.10209703702915009 413
1738822757013 0.06319680203854229 414
1738822757027 0.06818536432838339 415
1738822757044 0.05930120499670408 416
1738822757063 0.11597943514024998 417
1738822757079 0.07904334426033595 418
1738822757094 0.07488764160400727 419
1738822757109 0.07194231258187839 420
1738822757123 0.03841516377179338 421
1738822757138 0.07914616592279726 422
1738822757152 0.08037243772260393 423
1738822757166 0.05378206175030993 424
1738822757180 0.10128862411915569 425
1738822757194 0.05851893834669989 426
1738822757213 0.10333749947505295 427
1738822757230 0.06374360780069722 428
1738822757247 0.06719603068836497 429
1738822757264 0.08129689724453226 430
1738822757280 0.06168619465808738 431
1738822757300 0.06658429755776477 432
1738822757320 0.08280429588614038 433
1738822757341 0.09873547856103145 434
1738822757357 0.11429610442268502 435
1738822757375 0.05105903078917942 436
1738822757389 0.10102267909731263 437
1738822757405 0.07610924245205664 438
1738822757422 0.06260937731817924 439
1738822757438 0.12568235277427406 440
1738822757455 0.08718666458655404 441
1738822757471 0.07761318013917767 442
1738822757487 0.03692834272488437 443
1738822757500 0.07422706683298665 444
1738822757514 0.10661336298830984 445
1738822757533 0.07375030174975629 446
1738822757555 0.05766171633030069 447
1738822757570 0.07423635835717914 448
1738822757585 0.09825311378673954 449
1738822757598 0.10337149670577898 450
1738822757611 0.06100719785690388 451
1738822757625 0.07020300424587451 452
1738822757639 0.05849225548734322 453
1738822757653 0.05389194419386179 454
1738822757668 0.05118556524943573 455
1738822757687 0.06630216056922134 456
1738822757712 0.13574825720795342 457
1738822757730 0.07665654476051366 458
1738822757750 0.1036582256520765 459
1738822757770 0.07462233226604333 460
1738822757787 0.06335583314919556 461
1738822757802 0.07929829996537666 462
1738822757819 0.09538502598627858 463
1738822757834 0.08855203503295632 464
1738822757854 0.06327298775545236 465
1738822757868 0.0843928320804325 466
1738822757883 0.08950569192486739 467
1738822757897 0.06655514959438126 468
1738822757913 0.08485134795449033 469
1738822757931 0.07580907355471393 470
1738822757951 0.06169723932922737 471
1738822757966 0.07947263723501044 472
1738822757981 0.12507250437137152 473
1738822757995 0.09198269283625728 474
1738822758010 0.0793210955629736 475
1738822758023 0.1380278572335706 476
1738822758037 0.09967890396687008 477
1738822758050 0.07266425580567426 478
1738822758064 0.09087936826108493 479
1738822758078 0.10405158828064368 480
1738822758093 0.08476764874728457 481
1738822758110 0.13207436038283904 482
1738822758126 0.1041012832323745 483
1738822758142 0.14167883801846698 484
1738822758157 0.09243425847863197 485
1738822758173 0.08601162765846283 486
1738822758190 0.12542811203789037 487
1738822758205 0.10088282015073696 488
1738822758219 0.0744413083175973 489
1738822758235 0.07488076179742977 490
1738822758249 0.06688653871928076 491
1738822758263 0.08431387265212675 492
1738822758277 0.05382539258464537 493
1738822758291 0.06785780892656518 494
1738822758305 0.10078467085414367 495
1738822758323 0.0913721551795835 496
1738822758337 0.09280533190375559 497
1738822758351 0.0674485726364336 498
1738822758365 0.07415748333496264 499
