1738679827605 169.29175351569467 0
1738679827612 170.31647688363435 1
1738679827619 170.6227530071062 2
1738679827625 169.5279274250692 3
1738679827631 169.33791477911353 4
1738679827637 168.40161581996446 5
1738679827643 170.4553638558861 6
1738679827650 168.76619301450998 7
1738679827656 170.58999970475216 8
1738679827663 169.17136782680893 9
1738679827670 170.6356855372246 10
1738679827677 168.89891448428915 11
1738679827684 172.0836417269356 12
1738679827690 167.4810872889994 13
1738679827698 168.73379159408137 14
1738679827704 169.21638101756142 15
1738679827710 165.24840856163033 16
1738679827716 172.06412107216102 17
1738679827722 170.1344920598061 18
1738679827728 165.80923649202464 19
1738679827734 171.31190944491294 20
1738679827740 167.87546949174316 21
1738679827746 165.27403167190124 22
1738679827753 166.44816711122434 23
1738679827759 168.19175338284455 24
1738679827765 168.10878514897192 25
1738679827772 172.830415929156 26
1738679827779 170.4869927099386 27
1738679827786 167.40138514382576 28
1738679827792 167.6072932724119 29
1738679827799 170.18547467511854 30
1738679827806 169.0806050651129 31
1738679827813 165.88858011897435 32
1738679827821 168.62233256836632 33
1738679827828 168.38632598727136 34
1738679827835 170.65568472696322 35
1738679827841 170.84239522205627 36
1738679827848 169.70974989176858 37
1738679827855 167.62459738498438 38
1738679827862 169.521315703725 39
1738679827870 168.3960000294749 40
1738679827877 169.13466539523057 41
1738679827884 166.92846785559607 42
