1738678497681 63.43507779319285 0
1738678497696 57.533715083277954 1
1738678497718 66.25473662781788 2
1738678497739 36.6357841804965 3
1738678497769 35.83320146019005 4
1738678497791 39.42700152581403 5
1738678497811 30.593111289499788 6
1738678497835 34.212025300428415 7
1738678497851 19.107804610257855 8
1738678497867 17.49481312342129 9
1738678497895 20.471264859707208 10
1738678497946 21.826918343276756 11
1738678497970 14.579767363368706 12
1738678497994 13.364194051391875 13
1738678498017 11.986930333757591 14
1738678498040 11.475670357309719 15
1738678498062 10.737707313503188 16
1738678498103 8.199142836387944 17
1738678498135 6.524711894474304 18
1738678498161 6.550963862340296 19
1738678498183 7.44112341666439 20
1738678498206 6.093119477746463 21
1738678498234 6.04124164728614 22
1738678498252 4.615533927724544 23
1738678498277 4.206905832344994 24
1738678498297 3.994954578690283 25
1738678498318 3.9081336719225437 26
1738678498343 2.6993526881316368 27
1738678498362 2.9435901644898603 28
1738678498383 2.862547920223468 29
1738678498402 2.9437875206091313 30
1738678498415 2.4094786746623855 31
1738678498434 1.8844560154834162 32
1738678498453 2.163565429866742 33
1738678498472 3.589611115443158 34
1738678498492 1.3005177162432218 35
1738678498508 0.9609636837734234 36
1738678498527 1.3221906103030434 37
1738678498543 0.6791620524595192 38
1738678498564 1.1580514553589047 39
1738678498599 0.9376578094152157 40
1738678498619 1.3105834056340568 41
1738678498638 0.7882736480275129 42
1738678498664 0.6094879640850376 43
1738678498684 0.9268675012376749 44
1738678498701 0.8240749876659963 45
1738678498722 0.7547761648359651 46
1738678498739 0.46724991357087403 47
1738678498757 0.580909912530022 48
1738678498772 0.6451032322572825 49
1738678498786 0.4357871649741709 50
1738678498809 0.454477548534631 51
1738678498823 0.4469616397273075 52
1738678498851 0.5328952177987685 53
1738678498865 0.32052044895561627 54
1738678498885 0.3747642708583868 55
1738678498900 0.6347008323744655 56
1738678498919 0.43121011361872574 57
1738678498936 0.30325641449463786 58
1738678498953 0.2874124384047314 59
1738678498970 0.2910374487188355 60
1738678498989 0.4129038416703316 61
1738678499006 0.33157046337236035 62
1738678499026 0.39432696326476935 63
1738678499041 0.3598443969787157 64
1738678499056 0.25725827555621683 65
1738678499073 0.20415759787535856 66
1738678499099 0.2975763066057585 67
1738678499122 0.2048493214387268 68
1738678499148 0.17776796808352222 69
1738678499181 0.18782072556484988 70
1738678499199 0.2458999288730416 71
1738678499217 0.17271541900555967 72
1738678499241 0.1695609771339825 73
1738678499261 0.18830759641877548 74
1738678499276 0.25618139537162454 75
1738678499290 0.22270991708731366 76
1738678499307 0.23293256124329867 77
1738678499322 0.1827374434281062 78
1738678499352 0.15304526196729668 79
1738678499368 0.25789314627122667 80
1738678499383 0.1684475226511119 81
1738678499401 0.13474252268830478 82
1738678499427 0.14202002431273325 83
1738678499459 0.178423427884311 84
1738678499476 0.18999554561766455 85
1738678499493 0.14864961836300766 86
1738678499507 0.1207859469998145 87
1738678499522 0.15961973207664415 88
1738678499536 0.10308868987971855 89
1738678499551 0.15595659913313525 90
1738678499566 0.12214250355914814 91
1738678499592 0.09669917926519876 92
1738678499613 0.10506830256070125 93
1738678499629 0.10883974115937044 94
1738678499647 0.0754914404956818 95
1738678499666 0.16308525525954595 96
1738678499681 0.11261982804069827 97
1738678499700 0.0819403959476492 98
1738678499717 0.12152036370031485 99
1738678499734 0.1302953879799295 100
1738678499750 0.10378682872708817 101
1738678499769 0.1708064341805429 102
1738678499786 0.0835346088703821 103
1738678499802 0.14330298538447622 104
1738678499826 0.12361113539286009 105
1738678499853 0.11552568047605874 106
1738678499872 0.1051590597844327 107
1738678499891 0.08434150798148626 108
1738678499904 0.08366087215782704 109
1738678499922 0.0652873152207167 110
1738678499945 0.07367046787185512 111
1738678499961 0.0776669517394795 112
1738678499979 0.08281169525817163 113
1738678499994 0.058283344233153046 114
1738678500014 0.08226769276207216 115
1738678500032 0.11690972944808889 116
1738678500047 0.08245510709959804 117
1738678500061 0.13888286139473482 118
1738678500074 0.08148693787554295 119
1738678500096 0.06618697068978648 120
1738678500114 0.07885596766808514 121
1738678500131 0.1540825918691965 122
1738678500153 0.06386253914977118 123
1738678500188 0.11243889204686791 124
1738678500207 0.05485066498293508 125
1738678500248 0.07488728820455093 126
1738678500273 0.07659456423869641 127
1738678500289 0.08360134446339447 128
1738678500309 0.0852758033041182 129
1738678500329 0.09820905913083827 130
1738678500355 0.0640602130008 131
1738678500370 0.1297286163648926 132
1738678500384 0.12263863901619798 133
1738678500401 0.11583678397761792 134
1738678500421 0.08031059171551495 135
1738678500445 0.08284552206828452 136
1738678500462 0.06930267674785692 137
1738678500490 0.07975434051798483 138
1738678500518 0.05621069535402847 139
1738678500536 0.07060327034772447 140
1738678500560 0.07688140865757764 141
1738678500589 0.08452749829068683 142
1738678500612 0.0754611077497986 143
1738678500641 0.07251690389993314 144
1738678500661 0.1029162277551888 145
1738678500685 0.10873569803287735 146
1738678500707 0.10421756916218099 147
1738678500734 0.05375275779704255 148
1738678500760 0.1707114944861744 149
1738678500779 0.10023110684757555 150
1738678500796 0.11645664183893484 151
1738678500813 0.08561475217682997 152
1738678500833 0.07906821179738129 153
1738678500859 0.08591861768907669 154
1738678500875 0.08312867356834955 155
1738678500900 0.12988665935094854 156
1738678500921 0.09706864273675646 157
1738678500950 0.10882119194969275 158
1738678500965 0.06803787622815737 159
1738678500981 0.1082809443186657 160
1738678501002 0.12339801923552976 161
1738678501021 0.11660158405523226 162
1738678501048 0.08005230217811002 163
1738678501082 0.09501568964501288 164
1738678501119 0.056763982809076394 165
1738678501134 0.09346481023128482 166
1738678501206 0.13414688382169332 167
1738678501253 0.08891759319987172 168
1738678501276 0.10720898562495106 169
1738678501296 0.12525488074659047 170
1738678501313 0.09497086328392954 171
1738678501329 0.13280418296203086 172
1738678501347 0.09383682837929723 173
1738678501366 0.06885826303860645 174
1738678501390 0.08757554779695784 175
1738678501404 0.05931458299059463 176
1738678501418 0.058827042804105556 177
1738678501434 0.04892655532410596 178
1738678501450 0.06381207018884837 179
1738678501467 0.06755912587142482 180
1738678501481 0.05465305159469841 181
1738678501496 0.08620632029337756 182
1738678501510 0.10031333266245435 183
1738678501526 0.066519554405558 184
1738678501544 0.0827871014572067 185
1738678501560 0.068335116790641 186
1738678501576 0.09146933260770455 187
1738678501590 0.08129477028566903 188
1738678501605 0.13517752426144783 189
1738678501619 0.08980250017509098 190
1738678501642 0.1006457902561435 191
1738678501666 0.05691337820993342 192
1738678501695 0.15696311574333913 193
1738678501720 0.07662827670866798 194
1738678501752 0.16777347752786442 195
1738678501768 0.05328040837897978 196
1738678501786 0.03742239783606732 197
1738678501801 0.07696540115773896 198
1738678501815 0.08978664151550085 199
1738678501830 0.079190199825557 200
1738678501845 0.1140713810629092 201
1738678501860 0.06469981583092113 202
1738678501875 0.11355798386919334 203
1738678501890 0.09665601587122419 204
1738678501904 0.07006488066290642 205
1738678501919 0.06369180662186733 206
1738678501935 0.0878360124360296 207
1738678501949 0.08812031962570441 208
1738678501964 0.11701901191301546 209
1738678501983 0.11353389636790558 210
1738678502000 0.0972381779583351 211
1738678502017 0.10246074991006854 212
1738678502034 0.0922757604046451 213
1738678502057 0.0933663214895538 214
1738678502076 0.0791488258906666 215
1738678502102 0.07436004655904681 216
1738678502157 0.08571454097182583 217
1738678502199 0.1036524689698469 218
1738678502232 0.09580399395337785 219
1738678502258 0.07970312428692601 220
1738678502280 0.10078386798312057 221
1738678502308 0.07818502491192723 222
1738678502334 0.07357258721555042 223
1738678502575 0.06629179110375957 224
1738678502638 0.0722154275295861 225
1738678502652 0.06037123135214667 226
1738678502661 0.07456682424538706 227
1738678502672 0.1036149597696797 228
1738678502680 0.11822995005804512 229
1738678502690 0.09346098468237476 230
1738678502699 0.07928199175375374 231
1738678502708 0.10347524561665826 232
1738678502715 0.07818064165481392 233
1738678502723 0.09071646720678625 234
1738678502733 0.06046308653869847 235
1738678502742 0.06510547558152865 236
1738678502753 0.076401537189251 237
1738678502771 0.09612113697672055 238
1738678502790 0.1012879378961794 239
1738678502811 0.06606032921908112 240
1738678502838 0.15716387036787322 241
1738678502859 0.05647952134636354 242
1738678502882 0.07306760424984278 243
1738678502947 0.10149683000173568 244
1738678502991 0.11131135354825537 245
1738678503022 0.1503080003653983 246
1738678503058 0.11250888937018388 247
1738678503104 0.08448748570901672 248
1738678503136 0.10360895445121907 249
1738678503158 0.0749850488664577 250
1738678503184 0.08880509278863016 251
1738678503201 0.07007863920459431 252
1738678503210 0.08148703302301843 253
1738678503221 0.08292238109285602 254
1738678503238 0.10134124960920428 255
1738678503260 0.0806599851477749 256
1738678503275 0.0637407817501109 257
1738678503286 0.09618499630253305 258
1738678503295 0.08219092493484881 259
1738678503320 0.18501962491957413 260
1738678503329 0.10313364505173796 261
1738678503339 0.11516403400223031 262
1738678503347 0.0716042654778396 263
1738678503361 0.10914216729646413 264
1738678503376 0.09473324980874685 265
1738678503395 0.06264000832179789 266
1738678503422 0.08180590955269959 267
1738678503440 0.11465918192304361 268
1738678503457 0.07469280483109869 269
1738678503476 0.08169114617776851 270
1738678503495 0.0954871466413305 271
1738678503513 0.09134426655070539 272
1738678503532 0.0686487413830556 273
1738678503548 0.07345869970338767 274
1738678503564 0.0900152345361568 275
1738678503581 0.0800851247348708 276
1738678503598 0.12184502525154754 277
1738678503619 0.11461975868967604 278
1738678503636 0.11385125104943807 279
1738678503657 0.07697669180590502 280
1738678503682 0.06702942527306123 281
1738678503717 0.10995938141605673 282
1738678503744 0.10786321538534197 283
1738678503767 0.0786249373409089 284
1738678503786 0.12270000801044152 285
1738678503802 0.09149553434812406 286
1738678503820 0.09940084025094906 287
1738678503840 0.06267658605180282 288
1738678503857 0.06494358430747836 289
1738678503873 0.08384607648219569 290
1738678503894 0.08877764899922554 291
1738678503928 0.06816910538676253 292
1738678503957 0.08567729455554451 293
1738678504001 0.09668424069510699 294
1738678504026 0.1131806695464939 295
1738678504047 0.06983256235008445 296
1738678504074 0.09966498801255934 297
1738678504103 0.08523402767160278 298
1738678504127 0.07468668183848372 299
1738678504155 0.07778739597927745 300
1738678504178 0.09183292647327748 301
1738678504198 0.10909479171129839 302
1738678504225 0.09078043962907985 303
1738678504250 0.09455631155625864 304
1738678504271 0.1567189472245656 305
1738678504292 0.10542001794431174 306
1738678504316 0.11222740286031907 307
1738678504342 0.09433855377101051 308
1738678504368 0.07183146698023397 309
1738678504393 0.12106070544206812 310
1738678504422 0.06709330890866123 311
1738678504442 0.07180582514756764 312
1738678504470 0.051263394171131176 313
1738678504489 0.07684949768784995 314
1738678504515 0.07609197896271784 315
1738678504532 0.10159304607213135 316
1738678504547 0.09918166311549363 317
1738678504564 0.07579941223231482 318
1738678504581 0.06493958565374829 319
1738678504600 0.07059362740642502 320
1738678504617 0.06181519647991977 321
1738678504639 0.05858055464712542 322
1738678504654 0.06689450365867926 323
1738678504673 0.11459483352871355 324
1738678504689 0.12336280717248116 325
1738678504709 0.11548269633851736 326
1738678504725 0.07082176310100721 327
1738678504740 0.07866147498487644 328
1738678504756 0.0717890483909526 329
1738678504786 0.04264104907555224 330
1738678504816 0.06036779319173941 331
1738678504842 0.08706616460854766 332
1738678504863 0.07354937150667755 333
1738678504889 0.0768911120302056 334
1738678504908 0.06487675572124316 335
1738678504926 0.07953016425924393 336
1738678504943 0.10404891055367792 337
1738678504965 0.07659978252907243 338
1738678504987 0.09646770101705374 339
1738678505005 0.04767490394332557 340
1738678505031 0.07419244785277612 341
1738678505057 0.0999038622912437 342
1738678505078 0.06256525812693994 343
1738678505103 0.07276519151157142 344
1738678505125 0.08219370476445666 345
1738678505147 0.06407346456966599 346
1738678505182 0.08939459458314268 347
1738678505201 0.08977212070529786 348
1738678505228 0.045931990453329415 349
1738678505255 0.11666748677597562 350
1738678505277 0.07056838362106561 351
1738678505292 0.07505309271397662 352
1738678505312 0.11597343780682469 353
1738678505331 0.07849979187047197 354
1738678505347 0.06905068572220291 355
1738678505364 0.09414290952669073 356
1738678505387 0.06230522512126149 357
1738678505407 0.08535731438821675 358
1738678505430 0.10359901351791913 359
1738678505455 0.07233829526046455 360
1738678505475 0.10187216124251819 361
1738678505495 0.046299147826351576 362
1738678505514 0.12116444689587026 363
1738678505533 0.08493464953136608 364
1738678505548 0.09792863195350807 365
1738678505564 0.09030244392231325 366
1738678505581 0.055504140250415175 367
1738678505599 0.08499282591154693 368
1738678505615 0.06995076349593064 369
1738678505635 0.1478365559892589 370
1738678505653 0.07085964319894553 371
1738678505677 0.07290261215158048 372
1738678505697 0.06317074709570723 373
1738678505717 0.07974855088536816 374
1738678505735 0.07627907830690639 375
1738678505757 0.1269347538824703 376
1738678505778 0.06048997851313779 377
1738678505805 0.0714904092633784 378
1738678505830 0.09011549190763905 379
1738678505861 0.1655070281787247 380
1738678505881 0.0663148339283315 381
1738678505906 0.0560173442000837 382
1738678505923 0.0623134845902977 383
1738678505943 0.08103628919861618 384
1738678505964 0.06894419366785715 385
1738678505985 0.06525241428485115 386
1738678506004 0.08958687672568395 387
1738678506022 0.11210171424015113 388
1738678506049 0.08803196590024928 389
1738678506077 0.0668279706377279 390
1738678506098 0.09981642974524667 391
1738678506139 0.11272076852397599 392
1738678506165 0.06444128482356214 393
1738678506190 0.07476499729842255 394
1738678506218 0.09777610105199544 395
1738678506244 0.08566369205643712 396
1738678506271 0.06476348823947342 397
1738678506293 0.16691125099804288 398
1738678506306 0.050656246152464966 399
1738678506322 0.08343494227754039 400
1738678506337 0.06912906195056498 401
1738678506352 0.12975654503143588 402
1738678506369 0.0805178960697154 403
1738678506386 0.0827854403409532 404
1738678506404 0.1378456497683288 405
1738678506423 0.09185631945645234 406
1738678506442 0.08244693791570082 407
1738678506457 0.09858571446285583 408
1738678506477 0.10724459967101367 409
1738678506501 0.06495907826190585 410
1738678506523 0.08491501410768994 411
1738678506548 0.08143238360910379 412
1738678506578 0.10871418005172255 413
1738678506602 0.08821490982075526 414
1738678506623 0.09410533941324564 415
1738678506643 0.08728298720684062 416
1738678506658 0.09224778397469274 417
1738678506676 0.10128749475774734 418
1738678506692 0.08560462537007135 419
1738678506708 0.04692036892952085 420
1738678506723 0.08669212587400871 421
1738678506738 0.06058652316152533 422
1738678506756 0.0791792816094725 423
1738678506819 0.06793689396374684 424
1738678506852 0.06405712109702831 425
1738678506874 0.08541555167886354 426
1738678506890 0.076030018669361 427
1738678506911 0.11485582017277877 428
1738678506930 0.08600320206624511 429
1738678506956 0.06887795467075275 430
1738678506999 0.09339550196677862 431
1738678507021 0.11438634775289215 432
1738678507051 0.07072396578183751 433
1738678507076 0.1021654869671079 434
1738678507100 0.08144479591222618 435
1738678507120 0.08394001750303348 436
1738678507144 0.10526680051866819 437
1738678507199 0.10146860877573423 438
1738678507222 0.12910734997175202 439
1738678507243 0.072342565325395 440
1738678507262 0.07735788769284282 441
1738678507284 0.08798482815273914 442
1738678507304 0.1020708010529339 443
1738678507364 0.064689330043883 444
1738678507389 0.10786741818478465 445
1738678507405 0.12359275459535807 446
1738678507421 0.09873193519049704 447
1738678507438 0.07965670082359162 448
1738678507464 0.12493338624742205 449
1738678507488 0.16021150613450277 450
1738678507511 0.08497669963774282 451
1738678507532 0.05689955133115592 452
1738678507556 0.05077414425266463 453
1738678507575 0.07443223812898647 454
1738678507592 0.07457804054122154 455
1738678507615 0.0466216739478038 456
1738678507642 0.07202056610358717 457
1738678507664 0.10179458132476996 458
1738678507684 0.09383632894151372 459
1738678507705 0.12290459086524509 460
1738678507736 0.0803896006558523 461
1738678507761 0.08691514143811717 462
1738678507782 0.12767443868031614 463
1738678507806 0.08757303707122684 464
1738678507837 0.09201211460296882 465
1738678507874 0.08337588944352772 466
1738678507898 0.08846566151034932 467
1738678507921 0.05657803271891179 468
1738678507944 0.07594096053895201 469
1738678507967 0.07889611242818216 470
1738678507990 0.08673607953565562 471
1738678508027 0.06803889614122015 472
1738678508055 0.06261763787214625 473
1738678508080 0.09143637223868467 474
1738678508101 0.09007426067284763 475
1738678508123 0.11306653430586992 476
1738678508138 0.10824957226477953 477
1738678508164 0.08942613413664396 478
1738678508183 0.12121876204469484 479
1738678508200 0.10185409677444376 480
1738678508216 0.09297274005895027 481
1738678508233 0.07600537334803242 482
1738678508249 0.10627467832935877 483
1738678508264 0.10871531713229768 484
1738678508292 0.09200000583759216 485
1738678508315 0.062390497140144455 486
1738678508344 0.08121253678885902 487
1738678508366 0.10280719846410535 488
1738678508395 0.06668134592423511 489
1738678508414 0.08464298723199865 490
1738678508429 0.06500488407117058 491
1738678508449 0.07777965833977214 492
1738678508527 0.06606289032966843 493
1738678508543 0.10180874197116363 494
1738678508561 0.13341093419631422 495
1738678508581 0.07172118323102045 496
1738678508601 0.07464687671752765 497
1738678508631 0.10618974757171984 498
1738678508657 0.06941945021551406 499
