1738678300912 182.21107927492722 0
1738678300956 182.00348309467705 1
1738678300983 181.61034880937345 2
1738678301004 181.0525866894606 3
1738678301024 180.34985602815277 4
1738678301053 179.52050766491098 5
1738678301074 178.58156222867817 6
1738678301092 177.5487159343777 7
1738678301120 176.4363672733853 8
1738678301141 175.25765919185227 9
1738678301167 174.02453239075965 10
1738678301199 172.74778624288714 11
1738678301220 171.4371445335254 12
1738678301242 170.10132381821353 13
1738678301262 168.74810267263553 14
1738678301281 167.38439050439084 15
1738678301304 166.01629491822138 16
1738678301320 164.64918688767546 17
1738678301336 163.28776319738134 18
1738678301352 161.9361057897029 19
1738678301368 160.59773778477364 20
1738678301388 159.27567604978577 21
1738678301403 157.97248027700056 22
1738678301419 156.69029859444493 23
1738678301442 155.43090978219024 24
1738678301476 154.19576220337908 25
1738678301494 152.9860095852104 26
1738678301510 151.80254380291316 27
1738678301527 150.64602483100407 28
1738678301544 149.51690803219878 29
1738678301563 148.41546895636006 30
1738678301583 147.341825820743 31
1738678301598 146.29595983929227 32
1738678301612 145.27773356346785 33
1738678301628 144.28690739052792 34
1738678301642 143.32315438777138 35
1738678301657 142.38607357326296 36
1738678301674 141.47520178527776 37
1738678301687 140.59002426431127 38
1738678301703 139.72998406315685 39
1738678301723 138.89449039237064 40
1738678301743 138.08292600051175 41
1738678301774 137.29465368092707 42
1738678301798 136.52902198958466 43
1738678301815 135.78537025157965 44
1738678301841 135.06303292745338 45
1738678301856 134.36134340438934 46
1738678301872 133.67963727167316 47
1738678301885 133.01725513452465 48
1738678301900 132.37354501551306 49
1738678301914 131.74786438823952 50
1738678301928 131.1395818837957 51
1738678301942 130.5480787066658 52
1738678301963 129.9727497932129 53
1738678301985 129.41300474266026 54
1738678302000 128.8682685475226 55
1738678302028 128.33798214774544 56
1738678302054 127.82160283035239 57
1738678302086 127.31860449416243 58
1738678302101 126.82847779710508 59
1738678302118 126.35073020181785 60
1738678302134 125.88488593353603 61
1738678302151 125.4304858627717 62
1738678302168 124.98708732390999 63
1738678302187 124.55426387961423 64
1738678302206 124.13160503981725 65
1738678302224 123.71871594307072 66
1738678302243 123.31521700712177 67
1738678302261 122.92074355477222 68
1738678302291 122.53494542034743 69
1738678302310 122.15748654144687 70
1738678302327 121.78804454006298 71
1738678302351 121.42631029663022 72
1738678302368 121.07198752009819 73
1738678302387 120.72479231670495 74
1738678302401 120.38445275975322 75
1738678302415 120.05070846236234 76
1738678302429 119.72331015487289 77
1738678302444 119.40201926832066 78
1738678302460 119.08660752516515 79
1738678302487 118.77685653825301 80
1738678302509 118.47255741881747 81
1738678302528 118.17351039415462 82
1738678302545 117.87952443547975 83
1738678302563 117.59041689634353 84
1738678302583 117.30601316188199 85
1738678302598 117.02614630908131 86
1738678302615 116.75065677815807 87
1738678302633 116.47939205508602 88
1738678302650 116.21220636524049 89
1738678302672 115.94896037808142 90
1738678302686 115.68952092275167 91
1738678302711 115.4337607144308 92
1738678302724 115.18155809125497 93
1738678302739 114.93279676158713 94
1738678302757 114.68736556140203 95
1738678302771 114.44515822153373 96
1738678302789 114.20607314452077 97
1738678302803 113.97001319077422 98
1738678302818 113.73688547378724 99
1738678302838 113.50660116409996 100
1738678302853 113.2790753017315 101
1738678302873 113.05422661678968 102
1738678302891 112.83197735797056 103
1738678302905 112.61225312866158 104
1738678302922 112.39498273036568 105
1738678302937 112.18009801316803 106
1738678302956 111.96753373297187 107
1738678302976 111.75722741523556 108
1738678302994 111.54911922494964 109
1738678303013 111.34315184259853 110
1738678303036 111.13927034585906 111
1738678303052 110.93742209679476 112
1738678303071 110.73755663431271 113
1738678303095 110.53962557165612 114
1738678303110 110.34358249871515 115
1738678303125 110.14938288894349 116
1738678303140 109.95698401067841 117
1738678303156 109.76634484266712 118
1738678303171 109.57742599361106 119
1738678303186 109.39018962554628 120
1738678303199 109.20459938088551 121
1738678303217 109.0206203129541 122
1738678303238 108.83821881985898 123
1738678303256 108.65736258153659 124
1738678303274 108.47802049983177 125
1738678303296 108.30016264146583 126
1738678303320 108.12376018375868 127
1738678303340 107.94878536297475 128
1738678303374 107.77521142516903 129
1738678303389 107.60301257941441 130
1738678303404 107.43216395329692 131
1738678303418 107.26264155057068 132
1738678303434 107.09442221086898 133
1738678303447 106.92748357137292 134
1738678303462 106.76180403034337 135
1738678303487 106.59736271242596 136
1738678303508 106.43413943564393 137
1738678303527 106.27211467999672 138
1738678303541 106.11126955758623 139
1738678303560 105.95158578419678 140
1738678303584 105.79304565225755 141
1738678303597 105.63563200512057 142
1738678303615 105.47932821258925 143
1738678303631 105.32411814763694 144
1738678303649 105.16998616425687 145
1738678303672 105.0169170763879 146
1738678303689 104.86489613786348 147
1738678303704 104.71390902333353 148
1738678303720 104.56394181011102 149
1738678303736 104.41498096089809 150
1738678303765 104.26701330734839 151
1738678303787 104.12002603442393 152
1738678303804 103.97400666550776 153
1738678303818 103.82894304823503 154
1738678303838 103.68482334100665 155
1738678303852 103.54163600015214 156
1738678303875 103.39936976770969 157
1738678303892 103.2580136597921 158
1738678303914 103.11755695551098 159
1738678303931 102.97798918643012 160
1738678303959 102.83930012652291 161
1738678303978 102.7014797826084 162
1738678303994 102.56451838524225 163
1738678304009 102.42840638004041 164
1738678304025 102.29313441941368 165
1738678304045 102.15869335469303 166
1738678304060 102.02507422862652 167
1738678304079 101.89226826822893 168
1738678304095 101.76026687796724 169
1738678304124 101.62906163326477 170
1738678304162 101.49864427430865 171
1738678304196 101.36900670014553 172
1738678304213 101.24014096305115 173
1738678304229 101.11203926316026 174
1738678304250 100.9846939433442 175
1738678304272 100.85809748432375 176
1738678304287 100.73224250000574 177
1738678304311 100.60712173303234 178
1738678304329 100.48272805053253 179
1738678304344 100.35905444006589 180
1738678304363 100.23609400574908 181
1738678304387 100.11383996455633 182
1738678304403 99.99228564278498 183
1738678304421 99.87142447267837 184
1738678304439 99.75124998919803 185
1738678304460 99.63175582693808 186
1738678304482 99.51293571717493 187
1738678304516 99.39478348504531 188
1738678304533 99.2772930468468 189
1738678304552 99.16045840745457 190
1738678304565 99.04427365784885 191
1738678304578 98.92873297274774 192
1738678304596 98.81383060833993 193
1738678304610 98.69956090011316 194
1738678304627 98.58591826077303 195
1738678304647 98.47289717824816 196
1738678304659 98.36049221377772 197
1738678304679 98.24869800007683 198
1738678304693 98.13750923957676 199
1738678304708 98.02692070273552 200
1738678304726 97.91692722641643 201
1738678304744 97.80752371233045 202
1738678304764 97.69870512553999 203
1738678304786 97.5904664930209 204
1738678304802 97.48280290227989 205
1738678304825 97.3757095000248 206
1738678304846 97.26918149088539 207
1738678304858 97.16321413618194 208
1738678304870 97.05780275273968 209
1738678304883 96.95294271174677 210
1738678304896 96.84862943765393 211
1738678304913 96.74485840711341 212
1738678304927 96.64162514795619 213
1738678304944 96.53892523820477 214
1738678304962 96.43675430512059 215
1738678304977 96.33510802428403 216
1738678305003 96.23398211870602 217
1738678305019 96.13337235796911 218
1738678305037 96.03327455739736 219
1738678305059 95.93368457725319 220
1738678305079 95.83459832196041 221
1738678305109 95.73601173935204 222
1738678305126 95.63792081994167 223
1738678305143 95.54032159621762 224
1738678305173 95.4432101419588 225
1738678305191 95.3465825715711 226
1738678305211 95.25043503944372 227
1738678305238 95.15476373932437 228
1738678305257 95.0595649037125 229
1738678305277 94.96483480327012 230
1738678305294 94.87056974624879 231
1738678305312 94.77676607793299 232
1738678305331 94.68342018009822 233
1738678305345 94.59052847048409 234
1738678305369 94.49808740228099 235
1738678305408 94.40609346363048 236
1738678305423 94.31454317713835 237
1738678305437 94.22343309939991 238
1738678305457 94.1327598205373 239
1738678305481 94.042519963748 240
1738678305498 93.95271018486422 241
1738678305524 93.86332717192279 242
1738678305540 93.77436764474506 243
1738678305563 93.68582835452658 244
1738678305593 93.59770608343581 245
1738678305606 93.50999764422193 246
1738678305622 93.42269987983128 247
1738678305635 93.335809663032 248
1738678305648 93.24932389604649 249
1738678305671 93.16323951019177 250
1738678305689 93.07755346552723 251
1738678305709 92.99226275050917 252
1738678305724 92.90736438165271 253
1738678305737 92.82285540319981 254
1738678305751 92.73873288679422 255
1738678305764 92.65499393116207 256
1738678305779 92.5716356617989 257
1738678305797 92.48865523066209 258
1738678305811 92.40604981586917 259
1738678305824 92.32381662140125 260
1738678305857 92.24195287681194 261
1738678305872 92.16045583694101 262
1738678305901 92.07932278163332 263
1738678305918 91.99855101546216 264
1738678305937 91.91813786745732 265
1738678305962 91.83808069083767 266
1738678305977 91.75837686274801 267
1738678305992 91.67902378400012 268
1738678306006 91.60001887881779 269
1738678306022 91.52135959458606 270
1738678306042 91.44304340160397 271
1738678306056 91.3650677928415 272
1738678306080 91.28743028369958 273
1738678306102 91.21012841177419 274
1738678306118 91.13315973662355 275
1738678306154 91.05652183953872 276
1738678306173 90.98021232331776 277
1738678306194 90.90422881204255 278
1738678306211 90.82856895085925 279
1738678306226 90.75323040576151 280
1738678306243 90.67821086337662 281
1738678306269 90.60350803075474 282
1738678306286 90.52911963516067 283
1738678306306 90.45504342386873 284
1738678306328 90.38127716395995 285
1738678306344 90.3078186421223 286
1738678306373 90.2346656644531 287
1738678306388 90.16181605626426 288
1738678306408 90.08926766188975 289
1738678306423 90.01701834449571 290
1738678306450 89.94506598589273 291
1738678306469 89.87340848635057 292
1738678306487 89.80204376441512 293
1738678306505 89.73096975672753 294
1738678306519 89.6601844178456 295
1738678306532 89.58968572006732 296
1738678306545 89.51947165325639 297
1738678306566 89.44954022466996 298
1738678306582 89.37988945878827 299
1738678306598 89.31051739714634 300
1738678306620 89.24142209816766 301
1738678306643 89.17260163699963 302
1738678306659 89.10405410535111 303
1738678306683 89.03577761133162 304
1738678306701 88.9677702792925 305
1738678306720 88.90003024966978 306
1738678306734 88.83255567882897 307
1738678306757 88.76534473891125 308
1738678306776 88.69839561768177 309
1738678306793 88.63170651837937 310
1738678306806 88.56527565956799 311
1738678306818 88.49910127498983 312
1738678306847 88.43318161341995 313
1738678306861 88.3675149385226 314
1738678306878 88.302099528709 315
1738678306892 88.23693367699668 316
1738678306912 88.17201569087042 317
1738678306932 88.10734389214453 318
1738678306955 88.04291661682666 319
1738678306972 87.97873221498321 320
1738678306989 87.91478905060588 321
1738678307006 87.8510855014799 322
1738678307021 87.78761995905349 323
1738678307048 87.7243908283087 324
1738678307079 87.66139652763374 325
1738678307099 87.59863548869647 326
1738678307111 87.53610615631938 327
1738678307127 87.47380698835556 328
1738678307143 87.41173645556651 329
1738678307165 87.34989304150065 330
1738678307185 87.28827524237325 331
1738678307202 87.22688156694795 332
1738678307218 87.1657105364189 333
1738678307238 87.1047606842947 334
1738678307252 87.04403055628299 335
1738678307270 86.98351871017672 336
1738678307285 86.92322371574107 337
1738678307303 86.8631441546021 338
1738678307324 86.80327862013596 339
1738678307341 86.74362571735966 340
1738678307360 86.68418406282264 341
1738678307374 86.6249522844997 342
1738678307399 86.56592902168472 343
1738678307413 86.50711292488587 344
1738678307435 86.4485026557213 345
1738678307457 86.3900968868164 346
1738678307476 86.33189430170188 347
1738678307509 86.2738935947128 348
1738678307533 86.21609347088872 349
1738678307551 86.15849264587487 350
1738678307568 86.10108984582419 351
1738678307593 86.04388380730042 352
1738678307609 85.98687327718217 353
1738678307635 85.93005701256791 354
1738678307656 85.87343378068199 355
1738678307684 85.81700235878138 356
1738678307713 85.76076153406356 357
1738678307728 85.70471010357522 358
1738678307743 85.64884687412197 359
1738678307758 85.59317066217865 360
1738678307778 85.53768029380099 361
1738678307793 85.48237460453763 362
1738678307809 85.42725243934345 363
1738678307824 85.37231265249349 364
1738678307843 85.31755410749777 365
1738678307860 85.26297567701704 366
1738678307879 85.20857624277922 367
1738678307909 85.15435469549672 368
1738678307932 85.10030993478469 369
1738678307962 85.04644086907985 370
1738678307987 84.99274641556026 371
1738678308008 84.93922550006585 372
1738678308025 84.88587705701967 373
1738678308051 84.83270002935015 374
1738678308073 84.7796933684136 375
1738678308091 84.72685603391808 376
1738678308105 84.67418699384768 377
1738678308119 84.62168522438738 378
1738678308142 84.56934970984916 379
1738678308159 84.51717944259825 380
1738678308184 84.46517342298057 381
1738678308196 84.41333065925049 382
1738678308211 84.36165016749962 383
1738678308226 84.31013097158606 384
1738678308249 84.25877210306444 385
1738678308261 84.20757260111667 386
1738678308275 84.15653151248321 387
1738678308289 84.10564789139521 388
1738678308303 84.05492079950713 389
1738678308317 84.00434930583013 390
1738678308336 83.95393248666606 391
1738678308354 83.90366942554203 392
1738678308378 83.85355921314576 393
1738678308393 83.8036009472614 394
1738678308418 83.75379373270604 395
1738678308437 83.70413668126687 396
1738678308457 83.65462891163887 397
1738678308478 83.60526954936309 398
1738678308494 83.55605772676569 399
1738678308524 83.50699258289727 400
1738678308544 83.45807326347317 401
1738678308558 83.4092989208139 402
1738678308575 83.36066871378658 403
1738678308595 83.3121818077466 404
1738678308613 83.26383737448003 405
1738678308628 83.2156345921465 406
1738678308649 83.16757264522275 407
1738678308671 83.11965072444644 408
1738678308685 83.07186802676094 409
1738678308713 83.02422375526015 410
1738678308729 82.97671711913425 411
1738678308744 82.92934733361574 412
1738678308766 82.88211361992609 413
1738678308795 82.83501520522289 414
1738678308811 82.78805132254752 415
1738678308827 82.74122121077316 416
1738678308849 82.69452411455359 417
1738678308871 82.64795928427225 418
1738678308890 82.60152597599179 419
1738678308915 82.55522345140429 420
1738678308931 82.50905097778174 421
1738678308948 82.46300782792707 422
1738678308964 82.41709328012577 423
1738678308986 82.37130661809762 424
1738678309001 82.3256471309494 425
1738678309020 82.2801141131276 426
1738678309041 82.23470686437169 427
1738678309057 82.18942468966806 428
1738678309085 82.14426689920403 429
1738678309102 82.09923280832264 430
1738678309118 82.05432173747771 431
1738678309142 82.00953301218915 432
1738678309164 81.96486596299913 433
1738678309179 81.9203199254282 434
1738678309199 81.87589423993222 435
1738678309215 81.83158825185934 436
1738678309231 81.78740131140765 437
1738678309250 81.74333277358315 438
1738678309274 81.69938199815809 439
1738678309293 81.65554834962968 440
1738678309320 81.61183119717928 441
1738678309340 81.56822991463189 442
1738678309355 81.52474388041611 443
1738678309370 81.48137247752435 444
1738678309391 81.43811509347351 445
1738678309409 81.39497112026605 446
1738678309425 81.3519399543513 447
1738678309446 81.30902099658735 448
1738678309462 81.26621365220298 449
1738678309480 81.22351733076029 450
1738678309506 81.1809314461175 451
1738678309521 81.13845541639199 452
1738678309544 81.09608866392398 453
1738678309567 81.05383061524033 454
1738678309596 81.0116807010187 455
1738678309622 80.96963835605213 456
1738678309641 80.92770301921385 457
1738678309661 80.8858741334226 458
1738678309687 80.84415114560797 459
1738678309709 80.80253350667638 460
1738678309726 80.76102067147716 461
1738678309742 80.7196120987691 462
1738678309761 80.67830725118712 463
1738678309778 80.63710559520953 464
1738678309806 80.59600660112528 465
1738678309821 80.55500974300175 466
1738678309836 80.51411449865279 467
1738678309851 80.47332034960685 468
1738678309873 80.43262678107584 469
1738678309893 80.39203328192386 470
1738678309914 80.35153934463635 471
1738678309935 80.31114446528967 472
1738678309950 80.27084814352082 473
1738678309971 80.23064988249742 474
1738678309991 80.19054918888801 475
1738678310010 80.15054557283278 476
1738678310035 80.1106385479142 477
1738678310052 80.07082763112838 478
1738678310080 80.0311123428563 479
1738678310100 79.99149220683547 480
1738678310115 79.95196675013197 481
1738678310144 79.91253550311252 482
1738678310162 79.873197999417 483
1738678310183 79.83395377593101 484
1738678310200 79.79480237275894 485
1738678310218 79.75574333319715 486
1738678310232 79.71677620370728 487
1738678310246 79.67790053389011 488
1738678310262 79.63911587645936 489
1738678310282 79.6004217872159 490
1738678310311 79.56181782502208 491
1738678310324 79.52330355177656 492
1738678310337 79.48487853238898 493
1738678310353 79.44654233475504 494
1738678310367 79.40829452973206 495
1738678310391 79.3701346911143 496
1738678310410 79.33206239560887 497
1738678310424 79.29407722281164 498
1738678310442 79.25617875518357 499
