1738679940538 168.6676963360079 0
1738679940581 180.09214220050316 1
1738679940623 167.34762776244045 2
1738679940665 158.7479193447766 3
1738679940709 173.86548580251778 4
1738679940766 212.13943556776312 5
1738679940813 203.3228152891036 6
1738679940857 170.1451651739102 7
1738679940898 179.7003814805845 8
1738679940940 169.0616074373534 9
1738679940981 178.82837500431182 10
1738679941022 173.022379303867 11
1738679941064 180.2650705468584 12
1738679941104 157.94835205580625 13
1738679941145 166.7679826487147 14
1738679941186 175.779824275347 15
1738679941228 171.61331783827615 16
1738679941270 133.2641918720082 17
1738679941311 164.68420327160368 18
1738679941352 180.79387208094633 19
1738679941392 172.06161284474592 20
1738679941433 162.47490906618327 21
1738679941473 147.4671856354842 22
1738679941514 165.5901277082907 23
1738679941554 158.29903758168072 24
1738679941595 162.0536498693798 25
1738679941636 184.63163524876336 26
1738679941676 152.18656808825077 27
1738679941717 187.53646274585063 28
1738679941758 178.2285364088652 29
1738679941798 176.25615287132308 30
1738679941840 175.46775213192743 31
1738679941880 175.07988849276498 32
1738679941921 182.43862574616372 33
1738679941962 174.95040308068263 34
1738679942003 167.12155316311546 35
1738679942045 186.2719373621776 36
1738679942087 168.14505028672252 37
1738679942128 146.50492566264305 38
1738679942169 173.7794072348255 39
1738679942209 167.17450605012942 40
1738679942250 171.94686486330897 41
1738679942290 165.6119287815133 42
1738679942331 156.0268293108253 43
1738679942371 176.34852143419738 44
1738679942412 164.22756619520845 45
1738679942452 178.79426918915084 46
1738679942493 171.45242219081706 47
1738679942534 177.66606492702326 48
1738679942575 176.89797649457265 49
1738679942618 153.55454022129354 50
1738679942660 174.96232397619727 51
1738679942701 156.5310797083769 52
1738679942742 154.7306890474628 53
1738679942784 184.78909385807194 54
1738679942825 179.99500075057284 55
1738679942866 172.75262046173444 56
1738679942907 185.212159926403 57
1738679942948 154.62031412934368 58
1738679942989 163.35919679024641 59
1738679943029 147.85875641070479 60
1738679943070 171.87470408614615 61
1738679943111 189.4236513059855 62
1738679943157 175.556707375561 63
1738679943199 156.06524057859815 64
1738679943240 218.75721150182974 65
1738679943281 175.43723428937304 66
1738679943323 166.5060134259914 67
1738679943364 160.80176174591384 68
1738679943404 300.76408895810437 69
1738679943444 156.50420645086575 70
1738679943485 177.43701662164975 71
1738679943526 174.84515363776669 72
1738679943567 171.01349107746967 73
1738679943607 154.39196222625765 74
1738679943648 168.01144467032574 75
1738679943689 146.5738159606213 76
1738679943729 178.66748410961523 77
1738679943770 165.69186339438195 78
1738679943811 171.12401730881342 79
1738679943851 167.7199992711366 80
1738679943891 164.1094707955006 81
1738679943933 163.68253650702704 82
1738679943975 182.99473409404104 83
1738679944015 169.9243162044814 84
1738679944057 191.65362784347178 85
1738679944098 193.52573981896978 86
1738679944138 172.5711289344701 87
1738679944179 174.6820586441596 88
1738679944219 172.47286610468797 89
1738679944259 165.1728919922529 90
1738679944300 181.02839298609678 91
1738679944340 160.72807295264226 92
1738679944381 173.69876566805777 93
1738679944422 183.92925212961754 94
1738679944462 165.552482153133 95
1738679944502 171.899927297782 96
1738679944546 172.80305469537694 97
1738679944593 170.8245667288238 98
1738679944635 176.5318439710633 99
1738679944678 174.44710435112705 100
1738679944719 182.29747731769356 101
1738679944760 170.69482723585307 102
1738679944801 179.2548413537035 103
1738679944841 174.30885067150422 104
1738679944882 174.4545671547295 105
1738679944923 170.27470306040013 106
1738679944964 154.29796437626703 107
1738679945005 172.42579310869272 108
1738679945046 149.15233691340975 109
1738679945086 171.9599971047693 110
1738679945126 146.77963351924345 111
1738679945167 174.0671418670949 112
1738679945208 186.50815201091118 113
1738679945249 173.52589323952438 114
1738679945290 170.2980079690956 115
1738679945330 201.19158958039029 116
1738679945371 163.5000153727484 117
1738679945411 172.85975845093347 118
1738679945451 176.07521617659197 119
1738679945491 167.23520317791622 120
1738679945533 170.17467117572065 121
1738679945574 171.79481993719028 122
1738679945615 168.10630284397098 123
1738679945656 160.12453026153224 124
1738679945696 159.73899712473457 125
1738679945736 172.19194834054986 126
1738679945777 168.41912238422572 127
1738679945817 184.869815133351 128
1738679945857 157.21784800266897 129
1738679945899 189.83776803476297 130
1738679945940 177.3709402818748 131
1738679945981 179.03589794104704 132
1738679946022 160.77269264441807 133
1738679946063 172.30704091963645 134
1738679946104 161.0870013201749 135
1738679946145 171.00753617861685 136
1738679946185 164.0926637687339 137
1738679946226 179.99332194824598 138
1738679946266 172.82229386473233 139
1738679946306 179.55722043964036 140
1738679946348 179.65375468719287 141
1738679946388 159.26727966130684 142
1738679946428 146.15007069906605 143
1738679946469 170.94237938115094 144
1738679946509 183.91862288634925 145
1738679946550 172.43222254332548 146
1738679946596 168.61828751740373 147
1738679946646 181.032844778316 148
1738679946690 222.3734401313341 149
1738679946732 157.12015499612434 150
1738679946774 212.15219928372318 151
1738679946817 166.6610450164043 152
1738679946858 170.06547064789103 153
1738679946899 162.72031804225605 154
1738679946940 120.88858692415636 155
1738679946981 233.86889186744725 156
1738679947023 190.7059792599085 157
1738679947063 200.4776701548826 158
1738679947105 175.55404723927006 159
1738679947145 182.64127067389416 160
1738679947186 166.93549373608707 161
1738679947227 186.83674738361128 162
1738679947267 168.8782673792437 163
1738679947308 154.7818499266165 164
1738679947349 162.1537462644063 165
1738679947389 176.12686526172075 166
1738679947430 159.97241841316597 167
1738679947470 170.76966504700573 168
1738679947511 159.3161427751366 169
1738679947552 156.94239255360367 170
1738679947592 172.5624155798611 171
1738679947632 199.8064221680474 172
1738679947672 148.6182150493692 173
1738679947714 172.61777352067418 174
1738679947756 184.38859035579281 175
1738679947796 170.06857143236056 176
1738679947837 204.9811782125433 177
1738679947877 175.03892004690633 178
1738679947918 156.15343850166923 179
1738679947958 177.23473600687265 180
1738679947999 163.3893931803708 181
1738679948040 164.83766866989103 182
1738679948081 174.07744794809125 183
1738679948121 161.52045089506092 184
1738679948162 183.04246841898058 185
1738679948203 149.7827678267775 186
1738679948243 178.22634341585837 187
1738679948284 167.02875180976332 188
1738679948324 177.70324411182048 189
1738679948364 164.22163807094327 190
1738679948405 153.42217588978158 191
1738679948446 162.92899291441148 192
1738679948486 207.93088242876206 193
1738679948526 180.19144157997306 194
1738679948567 171.9529570656319 195
1738679948608 168.7250945462577 196
1738679948650 170.65294633493656 197
1738679948691 196.6475438120267 198
1738679948732 173.5444112048839 199
1738679948772 170.33759007748878 200
