1738825758245 170.3084514441441 0
1738825758272 170.30460391837664 1
1738825758299 170.30076801251613 2
1738825758322 170.2969436862588 3
1738825758342 170.29313089945356 4
1738825758362 170.2893296121011 5
1738825758384 170.28553978435335 6
1738825758410 170.2817613765129 7
1738825758433 170.27799434903235 8
1738825758455 170.27423866251397 9
1738825758480 170.2704942777086 10
1738825758500 170.2667611555157 11
1738825758523 170.2630392569821 12
1738825758539 170.25932854330196 13
1738825758557 170.25562897581588 14
1738825758572 170.2519405160105 15
1738825758588 170.2482631255177 16
1738825758606 170.24459676611414 17
1738825758624 170.24094139972084 18
1738825758640 170.23729698840242 19
1738825758656 170.23366349436648 20
1738825758673 170.23004087996318 21
1738825758691 170.2264291076848 22
1738825758704 170.22282814016464 23
1738825758727 170.21923794017718 24
1738825758743 170.21565847063692 25
1738825758764 170.21208969459832 26
1738825758782 170.20853157525468 27
1738825758802 170.20498407593817 28
1738825758821 170.20144716011893 29
1738825758843 170.19792079140458 30
1738825758861 170.19440493353974 31
1738825758883 170.19089955040548 32
1738825758907 170.1874046060187 33
1738825758928 170.18392006453163 34
1738825758948 170.1804458902315 35
1738825758968 170.1769820475396 36
1738825758995 170.17352850101102 37
1738825759017 170.17008521533418 38
1738825759047 170.1666521553301 39
1738825759078 170.1632292859519 40
1738825759098 170.15981657228454 41
1738825759118 170.15641397954388 42
1738825759133 170.15302147307668 43
1738825759150 170.1496390183595 44
1738825759167 170.1462665809986 45
1738825759185 170.1429041267293 46
1738825759202 170.13955162141554 47
1738825759220 170.13620903104922 48
1738825759243 170.13287632174976 49
1738825759262 170.12955345976374 50
1738825759282 170.12624041146418 51
1738825759298 170.12293714335013 52
1738825759317 170.11964362204625 53
1738825759333 170.11635981430226 54
1738825759350 170.11308568699226 55
1738825759367 170.10982120711463 56
1738825759389 170.1065663417912 57
1738825759415 170.10332105826683 58
1738825759435 170.1000853239091 59
1738825759457 170.09685910620772 60
1738825759479 170.09364237277384 61
1738825759499 170.09043509133994 62
1738825759521 170.08723722975913 63
1738825759549 170.0840487560047 64
1738825759570 170.08086963816964 65
1738825759589 170.07769984446628 66
1738825759606 170.0745393432256 67
1738825759625 170.07138810289703 68
1738825759642 170.06824609204773 69
1738825759657 170.06511327936238 70
1738825759671 170.0619896336424 71
1738825759686 170.05887512380588 72
1738825759703 170.0557697188867 73
1738825759722 170.05267338803446 74
1738825759738 170.0495861005137 75
1738825759755 170.0465078257037 76
1738825759773 170.04343853309797 77
1738825759791 170.0403781923036 78
1738825759808 170.03732677304106 79
1738825759827 170.03428424514368 80
1738825759847 170.03125057855706 81
1738825759865 170.02822574333905 82
1738825759884 170.02520970965864 83
1738825759910 170.02220244779613 84
1738825759928 170.01920392814242 85
1738825759948 170.01621412119854 86
1738825759969 170.01323299757544 87
1738825759990 170.0102605279933 88
1738825760017 170.00729668328114 89
1738825760037 170.00434143437658 90
1738825760059 170.0013947523253 91
1738825760087 169.99845660828058 92
1738825760109 169.99552697350282 93
1738825760127 169.9926058193594 94
1738825760144 169.98969311732384 95
1738825760161 169.98678883897574 96
1738825760177 169.98389295600018 97
1738825760197 169.98100544018746 98
1738825760213 169.97812626343247 99
1738825760227 169.97525539773443 100
1738825760241 169.97239281519646 101
1738825760258 169.96953848802505 102
1738825760271 169.96669238853 103
1738825760291 169.9638544891235 104
1738825760313 169.96102476232016 105
1738825760334 169.95820318073652 106
1738825760353 169.95538971709033 107
1738825760377 169.95258434420063 108
1738825760391 169.949787034987 109
1738825760405 169.94699776246938 110
1738825760422 169.94421649976758 111
1738825760437 169.94144322010078 112
1738825760452 169.9386778967874 113
1738825760468 169.93592050324452 114
1738825760484 169.93317101298751 115
1738825760502 169.9304293996297 116
1738825760540 169.92769563688194 117
1738825760604 169.92496969855233 118
1738825760625 169.92225155854564 119
1738825760633 169.9195411908632 120
1738825760643 169.91683856960228 121
1738825760650 169.9141436689558 122
1738825760664 169.91145646321195 123
1738825760672 169.90877692675392 124
1738825760679 169.90610503405932 125
1738825760687 169.90344075969998 126
1738825760696 169.9007840783416 127
1738825760705 169.8981349647432 128
1738825760712 169.89549339375688 129
1738825760721 169.8928593403275 130
1738825760731 169.89023277949227 131
1738825760738 169.88761368638026 132
1738825760746 169.8850020362123 133
1738825760762 169.88239780430038 134
1738825760778 169.87980096604744 135
1738825760805 169.87721149694693 136
1738825760821 169.87462937258258 137
1738825760835 169.87205456862776 138
1738825760852 169.86948706084567 139
1738825760871 169.86692682508829 140
1738825760882 169.86437383729663 141
1738825760892 169.86182807350005 142
1738825760899 169.85928950981602 143
1738825760907 169.85675812244978 144
1738825760915 169.854233887694 145
1738825760923 169.85171678192833 146
1738825760930 169.84920678161922 147
1738825760937 169.84670386331962 148
1738825760945 169.84420800366829 149
1738825760952 169.84171917938994 150
1738825760959 169.83923736729454 151
1738825760967 169.83676254427712 152
1738825760977 169.8342946873175 153
1738825760987 169.83183377347984 154
1738825761000 169.8293797799123 155
1738825761010 169.8269326838469 156
1738825761020 169.82449246259904 157
1738825761029 169.82205909356708 158
1738825761037 169.81963255423227 159
1738825761047 169.8172128221582 160
1738825761057 169.8147998749907 161
1738825761067 169.81239369045733 162
1738825761079 169.80999424636698 163
1738825761087 169.80760152060995 164
1738825761093 169.80521549115718 165
1738825761099 169.80283613606028 166
1738825761108 169.800463433451 167
1738825761114 169.79809736154095 168
1738825761124 169.79573789862147 169
1738825761135 169.79338502306305 170
1738825761143 169.79103871331515 171
1738825761150 169.78869894790594 172
1738825761156 169.78636570544208 173
1738825761163 169.78403896460796 174
1738825761169 169.78171870416602 175
1738825761175 169.779404902956 176
1738825761182 169.7770975398949 177
1738825761188 169.77479659397636 178
1738825761197 169.77250204427074 179
1738825761204 169.77021386992467 180
1738825761212 169.76793205016062 181
1738825761218 169.76565656427675 182
1738825761227 169.76338739164663 183
1738825761233 169.76112451171886 184
1738825761242 169.75886790401682 185
1738825761254 169.75661754813842 186
1738825761268 169.75437342375574 187
1738825761308 169.75213551061483 188
1738825761330 169.7499037885352 189
1738825761354 169.74767823740984 190
1738825761374 169.7454588372048 191
1738825761404 169.74324556795887 192
1738825761426 169.7410384097833 193
1738825761457 169.7388373428616 194
1738825761487 169.7366423474491 195
1738825761500 169.73445340387298 196
1738825761516 169.73227049253163 197
1738825761534 169.7300935938945 198
1738825761549 169.72792268850205 199
1738825761564 169.72575775696507 200
1738825761581 169.72359877996476 201
1738825761599 169.72144573825227 202
1738825761610 169.7192986126485 203
1738825761625 169.7171573840438 204
1738825761635 169.7150220333976 205
1738825761645 169.71289254173846 206
1738825761655 169.7107688901634 207
1738825761666 169.708651059838 208
