1738824416289 146.64199644700486 0
1738824416332 176.30767830777418 1
1738824416374 146.39858632608144 2
1738824416428 163.18146930328527 3
1738824416473 152.6045554975329 4
1738824416521 150.00515036333144 5
1738824416566 171.89191831806477 6
1738824416611 138.89832230620536 7
1738824416663 146.934630563227 8
1738824416737 189.37270394666635 9
1738824416789 148.01130278495032 10
1738824416861 143.6643464268517 11
1738824416913 163.92948182376088 12
1738824416965 161.17100847685785 13
1738824417010 176.58609404715392 14
1738824417071 173.90208451531197 15
1738824417138 164.13935986457284 16
1738824417182 159.83125393498878 17
1738824417224 178.97737187658234 18
1738824417268 172.86115097974607 19
1738824417313 183.77187769206904 20
1738824417357 170.07615090299143 21
1738824417401 179.04916846148842 22
1738824417451 188.53355563126988 23
1738824417495 168.4729040770454 24
1738824417537 152.8587548819225 25
1738824417579 167.3585968841063 26
1738824417621 194.64409727027953 27
1738824417661 184.90802608054292 28
1738824417703 182.108894462263 29
1738824417744 162.97854828781493 30
1738824417785 183.6121869888861 31
1738824417827 167.24604490480743 32
1738824417867 175.31195661910047 33
1738824417908 193.65844222796417 34
1738824417949 178.1294903120655 35
1738824417991 161.51775117641296 36
1738824418033 169.6306055495944 37
1738824418075 180.31406717137426 38
1738824418116 149.87209996363973 39
1738824418157 163.19813715020427 40
1738824418198 154.04452906901943 41
1738824418239 165.6395126977786 42
1738824418280 177.29336148452904 43
1738824418321 174.14100502097858 44
1738824418362 166.54871813320753 45
1738824418403 168.9648708608606 46
1738824418451 149.2431017257325 47
1738824418496 190.72055734809163 48
1738824418539 147.4758464977365 49
1738824418581 185.26871698293158 50
1738824418623 174.69184146574733 51
1738824418665 174.8227830218032 52
1738824418708 161.86744603906578 53
1738824418750 174.9981508736904 54
1738824418792 161.41527412788562 55
1738824418834 185.27969093026317 56
1738824418876 152.10370568419424 57
1738824418918 169.1050232581141 58
1738824418960 167.8489612793419 59
1738824419003 177.57663834470387 60
1738824419044 157.5271735795314 61
1738824419086 192.2822032365408 62
1738824419129 167.1446106674307 63
1738824419170 170.32390954703797 64
1738824419212 178.10974934778534 65
1738824419255 162.08130277899392 66
1738824419297 195.94703490573522 67
1738824419358 161.52711266335996 68
1738824419406 225.50135398471923 69
1738824419451 128.0671336382641 70
1738824419495 180.3347577938731 71
1738824419538 161.931169123006 72
1738824419581 106.30131449718249 73
1738824419624 169.68851042071552 74
1738824419667 165.4601306477893 75
1738824419709 155.83981070163836 76
1738824419751 173.56948130355133 77
1738824419794 194.4831807712085 78
1738824419835 156.97155406172982 79
1738824419878 155.71980078239807 80
1738824419919 181.4173071335344 81
1738824419962 170.7833205817932 82
1738824420004 165.6713032654892 83
1738824420046 175.04250957725068 84
1738824420091 171.47572575069904 85
1738824420137 122.5507215092625 86
1738824420183 205.625847849697 87
1738824420227 152.97863215418133 88
1738824420270 149.3051404268439 89
1738824420314 164.61261861449475 90
1738824420357 177.8362571786668 91
1738824420400 162.64169801809584 92
1738824420448 190.34533212489717 93
1738824420493 181.78516108336228 94
1738824420536 176.92443885918968 95
1738824420578 172.574124436329 96
1738824420620 166.82226546844095 97
1738824420663 192.18709021698425 98
1738824420706 174.92064814439803 99
1738824420749 151.98792637321188 100
1738824420792 177.18103933984983 101
1738824420834 163.32287234095315 102
1738824420876 170.7001367861709 103
1738824420919 154.4859573604051 104
1738824420962 158.90557267406004 105
1738824421005 171.24565506973897 106
1738824421049 158.98268313346188 107
1738824421091 186.68901153669336 108
1738824421134 173.86816487101925 109
1738824421179 185.30616553883425 110
1738824421222 176.68192966640493 111
1738824421265 169.2074571143298 112
1738824421308 170.0667740540466 113
1738824421350 189.16622610556854 114
1738824421392 182.75218922698932 115
1738824421436 150.0860025935154 116
1738824421479 164.58402841020575 117
1738824421521 154.9325952752784 118
1738824421564 160.13723023874846 119
1738824421606 166.05802401142802 120
1738824421649 171.31843825345254 121
1738824421691 171.310783455711 122
1738824421733 183.65712287840378 123
1738824421774 155.68327764626304 124
1738824421816 182.42951410837776 125
1738824421859 172.52910472998454 126
1738824421900 176.70796584626808 127
1738824421943 160.27779036333433 128
1738824421985 179.42279648880768 129
1738824422026 154.85055011238182 130
1738824422069 183.52916350235134 131
1738824422111 177.72520642442112 132
1738824422154 170.01450249390277 133
1738824422196 177.0353006742497 134
1738824422240 141.7066525504122 135
1738824422282 172.46917554768623 136
1738824422325 175.31514364835382 137
1738824422367 205.77506944205805 138
1738824422408 172.58367239430183 139
1738824422452 166.6088798834375 140
1738824422496 171.80019429430712 141
1738824422538 179.6360381346792 142
1738824422580 142.38021199326027 143
1738824422623 171.00566989845328 144
1738824422664 147.31666611270794 145
1738824422706 172.88133809566014 146
1738824422762 168.51742989227407 147
1738824422804 184.38895782786824 148
1738824422846 163.5233169757224 149
1738824422888 188.18373964847748 150
1738824422930 166.49573356409044 151
1738824422972 168.17022913220555 152
1738824423014 163.72178119599596 153
1738824423056 149.6035298780875 154
1738824423099 130.06931743404334 155
1738824423141 164.99085214055702 156
1738824423183 162.85307982890842 157
1738824423225 194.6703123196686 158
1738824423268 150.59124077904968 159
1738824423310 172.17180543395108 160
1738824423352 156.46015862482838 161
1738824423394 172.66463844655837 162
1738824423438 176.47996055209057 163
1738824423482 152.47260381914992 164
1738824423525 159.74624136676414 165
1738824423567 146.7286335957049 166
1738824423609 181.41656279638082 167
1738824423652 189.67203198514204 168
1738824423735 168.414993627298 169
1738824423779 165.36346913849843 170
1738824423822 171.9393881246027 171
1738824423865 181.94479807301332 172
1738824423908 117.44045148707868 173
1738824423951 164.06519794169694 174
1738824423993 168.32199863820608 175
1738824424036 162.17148395554565 176
1738824424078 161.9882574804449 177
1738824424121 142.9454597044835 178
1738824424163 150.0352351792999 179
1738824424205 160.2053967002927 180
1738824424247 171.28030150236495 181
1738824424288 171.95766612913994 182
1738824424330 172.2385786324923 183
1738824424372 181.23561809462603 184
1738824424414 164.16487757037598 185
1738824424456 165.53493935444504 186
1738824424498 178.54650976716007 187
1738824424541 180.5693857638953 188
1738824424583 164.73557144054269 189
1738824424625 163.99052252129854 190
1738824424667 172.74144796266174 191
1738824424710 162.10611182463728 192
1738824424752 173.2628494571719 193
1738824424794 178.46549946695689 194
1738824424837 167.51848343718092 195
1738824424879 164.72805645448932 196
1738824424921 181.11740262311167 197
1738824424963 172.91597164504228 198
1738824425005 167.86564644522926 199
1738824425047 163.73496375385366 200
1738824425090 180.5654573393273 201
1738824425132 173.47458468480283 202
1738824425174 209.86133932329503 203
1738824425216 170.1053722946054 204
1738824425258 183.5656690270737 205
1738824425300 163.8551285403479 206
1738824425341 179.09566643814355 207
1738824425384 175.68759341140282 208
1738824425426 169.80839329792113 209
1738824425467 175.7673428795277 210
1738824425509 192.1942340552561 211
1738824425552 157.06141745150327 212
1738824425594 180.31735524852664 213
1738824425635 169.17309078230267 214
1738824425677 167.29244093422952 215
1738824425720 169.4054036788922 216
1738824425761 161.70151050778745 217
1738824425804 188.2907305252954 218
1738824425847 163.03162499539116 219
1738824425894 163.22272740350138 220
