1738678993861 169.4806387665546 0
1738678993879 169.46138600297846 1
1738678993894 169.44624431068053 2
1738678993911 169.43152796132645 3
1738678993925 169.41722317752155 4
1738678993938 169.4033166729515 5
1738678993951 169.38979563384544 6
1738678993964 169.37664770116135 7
1738678993977 169.3638609534653 8
1738678993991 169.35142389047664 9
1738678994003 169.33932541725298 10
1738678994018 169.32755482899017 11
1738678994035 169.31610179641174 12
1738678994058 169.3049563517258 13
1738678994077 169.29410887512566 14
1738678994094 169.28355008181444 15
1738678994116 169.27327100953067 16
1738678994133 169.2632630065572 17
1738678994150 169.2535177201933 18
1738678994163 169.24402708567143 19
1738678994179 169.23478331550234 20
1738678994195 169.22577888922999 21
1738678994212 169.21700654358168 22
1738678994228 169.20845926299668 23
1738678994251 169.2001302705194 24
1738678994270 169.19201301904164 25
1738678994284 169.18410118288148 26
1738678994299 169.17638864968444 27
1738678994315 169.1688695126353 28
1738678994327 169.161538062967 29
1738678994343 169.1543887827568 30
1738678994364 169.14741633799645 31
1738678994380 169.1406155719274 32
1738678994399 169.13398149862945 33
1738678994418 169.12750929685333 34
1738678994434 169.12119430408785 35
1738678994452 169.11503201085227 36
1738678994467 169.10901805520496 37
1738678994484 169.10314821746002 38
1738678994502 169.09741841510413 39
1738678994522 169.09182469790474 40
1738678994541 169.0863632432037 41
1738678994556 169.08103035138745 42
1738678994572 169.07582244152843 43
1738678994590 169.07073604718974 44
1738678994604 169.0657678123877 45
1738678994621 169.06091448770542 46
1738678994636 169.05617292655216 47
