1738679716278 152.51192794981014 0
1738679716315 186.70311758180483 1
1738679716351 144.1932341912953 2
1738679716391 197.70116141332602 3
1738679716429 174.13633773620688 4
1738679716466 183.76071522380636 5
1738679716504 189.17618959755754 6
1738679716542 139.78383800930015 7
1738679716579 185.6251338164497 8
1738679716616 147.73501436451144 9
1738679716652 157.39990438884146 10
1738679716689 132.217538804098 11
1738679716724 189.29454683785158 12
1738679716760 129.809206033288 13
1738679716796 212.99507481563828 14
1738679716831 177.1902302407667 15
1738679716866 175.0313168279541 16
1738679716902 156.3446589056153 17
1738679716938 197.83166928709392 18
1738679716975 124.10883581192425 19
1738679717010 121.5347288877073 20
1738679717046 218.31624885406097 21
1738679717082 214.69600247144214 22
1738679717118 196.85097698630813 23
1738679717156 191.47132137822527 24
1738679717192 192.32860488470146 25
1738679717229 109.77299704363502 26
1738679717265 224.50524826951664 27
1738679717300 187.64990434215827 28
1738679717336 165.40377677435373 29
1738679717371 166.35725654637 30
1738679717406 220.33502681083004 31
1738679717442 201.72151259237836 32
1738679717477 254.12092670047286 33
1738679717513 219.18310124705806 34
1738679717548 195.55284876145635 35
1738679717584 168.46021130633537 36
1738679717619 290.6391404833613 37
1738679717655 97.13832332452652 38
1738679717693 226.00908322733378 39
1738679717730 70.41236143923516 40
1738679717766 181.284635188612 41
1738679717801 296.4215608028346 42
1738679717836 189.08292261597612 43
1738679717872 179.27002903685622 44
1738679717907 210.72853510314195 45
1738679717942 99.55321578555 46
1738679717978 168.51840955311135 47
1738679718013 701.1778768070907 48
1738679718049 131.65112715311335 49
1738679718085 161.3386839411028 50
1738679718120 191.99477255933047 51
1738679718156 147.82774199932652 52
1738679718191 149.13734714172972 53
1738679718227 166.40737900324794 54
1738679718262 167.25997011577385 55
1738679718298 150.24737602498232 56
1738679718333 219.30141708190305 57
1738679718369 212.24862214235455 58
1738679718405 180.99281683080957 59
1738679718442 144.33911621763133 60
1738679718479 122.15530197210396 61
1738679718516 181.10938775861888 62
1738679718552 219.55547098185016 63
1738679718588 180.58207687381716 64
1738679718623 206.72942848069422 65
1738679718659 159.4994407822628 66
1738679718696 198.08615562236608 67
1738679718733 93.91018968476659 68
1738679718768 176.84900461416422 69
1738679718803 182.39950754982797 70
1738679718838 168.22596607638732 71
1738679718874 117.09925321700233 72
1738679718909 308.9255851522179 73
1738679718945 152.27690958435352 74
1738679718980 148.09215001592008 75
1738679719015 194.51247379139443 76
1738679719051 152.30025884115045 77
1738679719087 102.52137797258342 78
1738679719122 113.25306451020113 79
1738679719158 156.7928891343703 80
1738679719193 149.3999122159347 81
1738679719229 163.9464039146529 82
1738679719264 175.73614214042618 83
1738679719301 109.38559112583364 84
1738679719337 157.74359218101947 85
1738679719373 186.0183608520214 86
1738679719408 154.25568858078134 87
1738679719444 137.57428298468378 88
1738679719479 162.42003957904333 89
1738679719515 139.54503119629743 90
1738679719550 171.02646836486227 91
1738679719585 146.95954177005345 92
1738679719621 200.95415452931667 93
1738679719656 159.08454273006365 94
1738679719692 223.32044409556875 95
1738679719727 183.65268910810303 96
1738679719763 153.52814823677699 97
1738679719798 142.0739338421708 98
1738679719834 156.14710383572967 99
1738679719869 164.09573314480343 100
1738679719905 178.85714429364648 101
1738679719940 176.53162879507894 102
1738679719976 140.16099564061574 103
1738679720011 180.30992755899217 104
1738679720047 146.28426070796513 105
1738679720083 169.71231186715934 106
1738679720118 190.44704890911464 107
1738679720154 168.9987448559941 108
1738679720189 175.50068511321146 109
1738679720224 189.4186896621829 110
1738679720260 176.60044347160581 111
1738679720295 175.1233442612636 112
1738679720330 119.47406020143141 113
1738679720366 180.53849048379558 114
1738679720401 182.71474552128765 115
1738679720436 116.5654870339482 116
1738679720472 76.07407300137218 117
1738679720507 193.5816536158313 118
1738679720543 145.60315726296514 119
1738679720579 116.88575893918512 120
1738679720615 215.04381201611864 121
1738679720650 198.9927983890769 122
1738679720686 194.8754828574877 123
1738679720721 298.67246590506545 124
1738679720757 189.7561583316817 125
1738679720792 123.15502153489103 126
1738679720827 248.4646007228046 127
1738679720863 203.0807803681472 128
1738679720898 135.89142064835374 129
1738679720934 147.8801439596844 130
1738679720969 141.24444800737788 131
1738679721005 168.9582606028042 132
1738679721041 167.13509504818697 133
1738679721077 196.25996052472217 134
1738679721113 103.07178648154093 135
1738679721148 140.5516051301623 136
1738679721183 253.14511885980065 137
1738679721219 114.95040055234827 138
1738679721254 182.37587617230736 139
1738679721289 258.1852515022755 140
1738679721325 171.1638761429819 141
1738679721360 208.53754738381593 142
1738679721395 168.7609324238218 143
1738679721431 170.45666670149413 144
1738679721466 173.6411186272536 145
1738679721501 228.6815331490048 146
1738679721536 156.9892523717665 147
1738679721572 156.04254922963173 148
1738679721607 195.41717023373025 149
1738679721643 132.39391994948895 150
1738679721678 136.9106299632907 151
1738679721713 191.15912629892955 152
1738679721749 151.90293737008508 153
1738679721784 199.71071937465686 154
1738679721820 191.15928361557891 155
1738679721855 216.74975916057508 156
1738679721890 194.06431195864664 157
1738679721926 141.14203863932806 158
1738679721966 198.2715447165963 159
1738679722003 185.9925684885809 160
1738679722039 161.74348145737943 161
1738679722075 102.42734137983715 162
1738679722111 210.2949603505072 163
1738679722146 126.47921041703356 164
1738679722181 171.3265556845473 165
1738679722217 138.1036880216517 166
1738679722253 149.7512431738842 167
1738679722289 183.51819489393563 168
1738679722324 199.08207139177443 169
1738679722360 219.37363036350737 170
1738679722395 210.12367038118705 171
1738679722431 117.3766076609039 172
1738679722466 169.68141538095952 173
1738679722502 165.23140778133993 174
1738679722537 176.1996587926197 175
1738679722573 168.64088835186354 176
1738679722608 175.34198622458504 177
1738679722644 166.98910799262654 178
1738679722679 138.3927646016097 179
1738679722715 183.82113619282643 180
1738679722751 192.280594026577 181
1738679722786 151.7853305292043 182
1738679722822 180.54088997303703 183
1738679722858 201.84049063966148 184
1738679722893 243.73098343534753 185
1738679722928 171.19895604651762 186
1738679722964 133.1720403205178 187
1738679722999 166.10839886743764 188
1738679723034 157.64195447478048 189
1738679723070 293.9391944676373 190
1738679723106 168.92645614365634 191
1738679723141 196.22527770310472 192
1738679723177 131.90269004691893 193
1738679723212 182.87673813799856 194
1738679723247 163.75904195909973 195
1738679723283 165.32402405212883 196
1738679723319 193.49076859367918 197
1738679723354 158.48836852957666 198
1738679723389 125.00737486005039 199
1738679723424 215.6264146751432 200
1738679723460 427.1808277816373 201
1738679723495 99.84453660007398 202
1738679723530 105.65516128934576 203
1738679723566 80.74806494187331 204
1738679723601 105.68548874438153 205
1738679723637 174.86893793255192 206
1738679723672 206.06774126467957 207
1738679723708 180.53674533547056 208
1738679723744 144.86081569429723 209
1738679723779 103.65432452820521 210
1738679723814 117.9036706397202 211
1738679723849 162.10431843995343 212
1738679723884 188.98476785117876 213
1738679723920 187.3961497427618 214
1738679723956 177.4661913257141 215
1738679723991 169.65929817170513 216
1738679724026 183.89258202750625 217
1738679724062 161.8299053659307 218
1738679724097 202.8801404087873 219
1738679724133 181.14824275372794 220
1738679724168 139.04505021813955 221
1738679724203 45.65775938079492 222
1738679724239 146.15490565063484 223
1738679724274 217.53305571508966 224
1738679724310 169.38800436187384 225
1738679724345 225.2454049732517 226
1738679724381 167.51821796477307 227
1738679724417 114.22046346642766 228
1738679724452 156.82334933487155 229
1738679724488 179.1916674841973 230
1738679724523 338.5953032829799 231
1738679724558 202.2847607536567 232
1738679724594 160.48888731359332 233
1738679724629 183.4708417928388 234
1738679724665 162.23027689883094 235
1738679724700 174.7946522844003 236
1738679724735 176.394863414133 237
1738679724771 185.816320531986 238
1738679724806 132.31611577623747 239
1738679724841 180.21152280752636 240
1738679724876 136.42149699852504 241
1738679724911 145.7500322342294 242
1738679724947 152.49276227890576 243
1738679724982 214.64966377676768 244
1738679725018 183.3737778341261 245
1738679725055 169.27923714022924 246
1738679725091 264.4200849455231 247
1738679725127 187.79499687831472 248
1738679725162 205.3626166479713 249
1738679725197 166.90846332987786 250
1738679725233 193.21205025153333 251
1738679725268 167.64545254656508 252
1738679725303 208.3451483792533 253
1738679725338 169.81538650809028 254
1738679725374 169.08693167491344 255
1738679725409 199.87083003606134 256
1738679725445 179.67070401655275 257
1738679725480 201.88541685871564 258
1738679725515 206.74051748678986 259
1738679725550 201.78448995358758 260
1738679725586 170.21921086137226 261
1738679725621 174.6824374235347 262
1738679725657 162.95975505451992 263
1738679725693 169.7868672016851 264
1738679725729 287.29320098944083 265
1738679725764 170.60346918922002 266
1738679725800 149.4439598330109 267
1738679725835 162.89737223377057 268
1738679725870 189.6735109627912 269
1738679725906 181.83948926355217 270
1738679725941 167.13817374018197 271
1738679725976 197.1899815143813 272
1738679726012 142.2921604186939 273
1738679726048 139.7732342256994 274
1738679726083 148.45498162539252 275
1738679726119 88.77917705707367 276
1738679726154 202.43514001217497 277
1738679726189 112.20404113973258 278
1738679726225 149.38929332985904 279
1738679726260 220.89288257342602 280
1738679726295 182.31800901093538 281
1738679726331 166.17207565526107 282
1738679726366 174.55595543764974 283
1738679726401 192.598547863583 284
1738679726437 152.37125215073655 285
1738679726472 203.64585784809887 286
1738679726507 115.2020341679894 287
1738679726542 141.48462034412196 288
1738679726577 172.80525588926056 289
1738679726613 173.215561191932 290
1738679726648 175.2245269355362 291
1738679726684 114.48065837966084 292
1738679726719 185.5718268372149 293
1738679726754 218.8245074893235 294
1738679726790 136.28726133271255 295
1738679726825 162.2901467011374 296
1738679726860 115.31935733808119 297
1738679726896 126.41862982345366 298
1738679726931 181.2548100401882 299
1738679726967 176.9092560124434 300
1738679727002 154.90533855007914 301
1738679727038 175.6048387892572 302
1738679727074 149.23598634690154 303
1738679727109 149.65671373374724 304
1738679727145 173.94146886077692 305
1738679727181 274.86462566610896 306
1738679727216 185.32275559932629 307
1738679727252 115.53758323862435 308
1738679727287 150.7386835040477 309
1738679727322 147.3746579951561 310
1738679727358 219.84732217448223 311
1738679727393 191.66329784686056 312
1738679727429 150.63898686001133 313
1738679727464 155.32546476610614 314
1738679727499 142.6381012333605 315
1738679727535 121.59498325825908 316
1738679727570 114.01750398761881 317
1738679727606 140.55188785661937 318
1738679727641 152.11348988920628 319
1738679727677 185.31920660375397 320
1738679727712 115.84747794766709 321
1738679727748 108.19145210093555 322
1738679727783 145.60032152230804 323
1738679727819 321.4482595130772 324
1738679727855 188.8649037247668 325
1738679727890 248.6198655755109 326
1738679727926 225.93865849698676 327
1738679727961 170.10262531823486 328
1738679727996 187.2821699360379 329
1738679728032 182.1401782946176 330
1738679728068 122.26983772854659 331
1738679728103 140.62962674108786 332
1738679728139 149.23230026557974 333
1738679728174 150.7377328079492 334
1738679728210 202.87604875134903 335
1738679728245 2.1479180040682966 336
1738679728281 173.10816215267266 337
1738679728316 235.09267765606424 338
1738679728352 190.7350367694073 339
1738679728387 119.01091061979295 340
1738679728423 142.00463767343652 341
1738679728458 201.72569855338344 342
1738679728493 316.22510087649647 343
1738679728529 150.56697445992629 344
1738679728564 70.75232426112872 345
1738679728599 201.75381186773262 346
1738679728634 167.09387407692196 347
1738679728670 187.14740068317323 348
1738679728705 247.44223023622968 349
1738679728741 158.44243223549373 350
1738679728776 227.55349307300648 351
1738679728812 181.64858049073774 352
1738679728847 167.1580933799853 353
1738679728882 112.71363043747003 354
1738679728917 146.26571821195617 355
1738679728953 179.1775005964795 356
1738679728989 180.2484636250109 357
1738679729025 642.3272263061482 358
1738679729060 186.5958490206871 359
1738679729096 154.44185376818942 360
1738679729132 191.14455727251774 361
1738679729170 189.72025437998522 362
1738679729205 148.5164507766665 363
1738679729241 225.02044619733354 364
1738679729277 169.2870695130737 365
1738679729312 153.3325533897687 366
1738679729347 173.2891048625548 367
1738679729383 188.22344778434834 368
1738679729418 269.33948740043377 369
1738679729454 154.3711913802828 370
1738679729489 167.97899128303874 371
1738679729524 521.5219804256222 372
1738679729560 86.24828407013584 373
1738679729595 219.03103754747735 374
1738679729631 152.9643755529797 375
1738679729667 198.04238062196137 376
1738679729704 207.596852732118 377
1738679729739 194.52642743275376 378
1738679729774 181.38316559923808 379
1738679729810 177.4577292872955 380
1738679729846 119.10357915837996 381
1738679729881 178.41779820509328 382
1738679729916 207.93250721908 383
1738679729952 172.3075202190173 384
1738679729987 182.51278865886286 385
1738679730023 183.2658381515357 386
1738679730059 195.4371419992044 387
1738679730094 105.13010365517067 388
1738679730130 127.44447759972667 389
1738679730165 157.94654847094756 390
1738679730201 192.73122679608326 391
1738679730236 127.86082398181333 392
1738679730272 140.89249903339072 393
1738679730307 140.87894086986717 394
1738679730342 145.64467040404324 395
1738679730377 193.41586060686237 396
1738679730413 150.47191260553166 397
1738679730448 183.15987003202602 398
1738679730483 125.71605730695737 399
1738679730519 156.34120232995878 400
1738679730554 103.36887485195085 401
1738679730590 212.73538863128724 402
1738679730625 155.16410617207956 403
1738679730661 169.78273077019665 404
1738679730696 259.6430042694405 405
1738679730732 84.66577047351134 406
1738679730767 359.76670194016657 407
1738679730802 197.82371874132053 408
1738679730837 205.21504315086491 409
1738679730873 150.95680229589112 410
1738679730908 175.0173275458621 411
1738679730944 169.02945152649872 412
1738679730979 148.11760748328078 413
1738679731014 208.89560165209244 414
1738679731050 156.97981551129493 415
1738679731086 158.18803371260097 416
1738679731121 187.58608279027322 417
1738679731157 186.21993492938418 418
1738679731192 150.4259657674633 419
1738679731228 77.67434938077517 420
1738679731263 141.41306439173655 421
1738679731298 184.2429234684608 422
1738679731334 158.54074634289708 423
1738679731369 153.56891994619016 424
1738679731406 168.2380514747351 425
1738679731441 136.79864578979323 426
1738679731477 163.54442941628264 427
1738679731513 161.88388988599715 428
1738679731548 264.3828917390519 429
1738679731583 182.86551125286923 430
1738679731619 129.5746314694365 431
1738679731654 141.7842590194457 432
1738679731690 169.3712728990764 433
1738679731726 125.47855522847846 434
1738679731761 173.06513796221853 435
1738679731796 160.6879666530142 436
1738679731832 145.73149403109363 437
1738679731867 189.7400067494417 438
1738679731902 194.10010145766472 439
1738679731937 352.9734987247821 440
1738679731973 168.32210938865077 441
1738679732008 156.32764899464786 442
1738679732045 271.94738040871573 443
1738679732080 177.6790297182763 444
1738679732116 184.212337421671 445
1738679732151 171.3786759499801 446
1738679732186 183.28054356453657 447
1738679732222 152.02702205217977 448
1738679732257 192.56008208842266 449
1738679732293 176.83154881467053 450
1738679732328 166.48255163933501 451
1738679732364 199.95148463629658 452
1738679732399 127.16305786219102 453
1738679732435 200.81187673409678 454
1738679732471 287.6955182023582 455
1738679732506 142.5117842427001 456
1738679732542 180.22165428161176 457
1738679732577 175.73087296964545 458
1738679732612 175.8533766426623 459
1738679732647 133.75865270734528 460
1738679732683 216.18283239564806 461
1738679732718 57.96285894931914 462
1738679732754 162.39223781796105 463
1738679732789 189.84003128208022 464
1738679732825 174.33529916187513 465
1738679732860 128.5288513584511 466
1738679732895 211.1558117956744 467
1738679732930 153.1910178893309 468
1738679732966 179.6370437392987 469
1738679733001 175.96906527066477 470
1738679733037 83.75304385272766 471
1738679733073 180.2922428438049 472
1738679733108 114.61209689403114 473
1738679733144 164.81799982277929 474
1738679733179 130.9307925466889 475
1738679733215 190.04797721299366 476
1738679733251 155.5570395229431 477
1738679733286 139.05755570110017 478
1738679733321 149.5278955120838 479
1738679733356 434.30234024934197 480
1738679733391 173.4779729348006 481
1738679733427 186.35593700405758 482
1738679733462 182.44531930274314 483
1738679733497 186.06531526783937 484
1738679733533 138.99254771185952 485
1738679733568 189.14493237480224 486
1738679733604 175.87304353479976 487
1738679733640 176.74304300030653 488
1738679733676 148.6253714119798 489
1738679733712 178.2539576821665 490
1738679733748 259.39028593386564 491
1738679733783 173.32917552958168 492
1738679733819 172.7146489031539 493
1738679733854 163.39163809231852 494
1738679733889 191.35705046480797 495
1738679733924 239.53870083330156 496
1738679733959 158.60067793330364 497
1738679733995 118.21274005548139 498
1738679734030 146.3965099216539 499
