1738679628422 173.52670822611466 0
1738679628461 102.81018955402368 1
1738679628497 190.6114314287447 2
1738679628533 211.15929005421472 3
1738679628569 244.7904400834596 4
1738679628606 184.4349014806623 5
1738679628644 134.02690266566796 6
1738679628681 206.4574172113139 7
1738679628718 194.7005917574394 8
1738679628755 164.50383551473328 9
1738679628794 159.83717601593864 10
1738679628831 153.1393208011147 11
1738679628868 88.8932078920931 12
1738679628904 271.36381116274225 13
1738679628940 191.44097054043817 14
1738679628976 49.99589595791595 15
1738679629015 140.5132136421669 16
1738679629052 228.45974122110377 17
1738679629089 175.66670353284167 18
1738679629125 174.2323710119922 19
1738679629161 168.55890253503676 20
1738679629197 108.78402145202776 21
1738679629233 100.7687174632341 22
1738679629268 216.0771985595205 23
1738679629304 166.47072180913182 24
1738679629341 204.52146872984932 25
1738679629376 140.41928780262944 26
1738679629412 90.66316787602526 27
1738679629448 159.71117016893513 28
1738679629483 159.06933416860625 29
1738679629519 131.86276325197812 30
1738679629555 174.87767403966072 31
1738679629591 127.47063648722316 32
1738679629628 218.71685134108506 33
1738679629666 145.56547390678514 34
1738679629703 163.7807049975739 35
1738679629739 142.7109165647097 36
1738679629775 149.34261333622356 37
1738679629811 184.4497201997461 38
1738679629847 187.78490880086753 39
1738679629883 152.1093058634297 40
1738679629919 162.3141621576695 41
1738679629954 89.70881185355903 42
1738679629990 141.72264339962126 43
1738679630027 184.8578575405626 44
1738679630063 306.13340000209786 45
1738679630099 336.52863391290623 46
1738679630135 123.45873372195831 47
1738679630171 131.13212543335322 48
1738679630207 143.65434354270576 49
1738679630243 252.27906685130768 50
1738679630279 52.18752989603336 51
1738679630315 285.9638071151663 52
1738679630352 136.0971618248326 53
1738679630388 188.0103476590335 54
1738679630424 164.88536438759527 55
1738679630460 181.59093899591718 56
1738679630495 157.55350608386547 57
1738679630531 181.66494228339488 58
1738679630567 199.02420245971433 59
1738679630602 160.10457797709572 60
1738679630638 77.94556853349627 61
1738679630675 166.31706922425332 62
1738679630713 183.73509960409044 63
1738679630751 154.5750407853371 64
1738679630787 179.80426811925028 65
1738679630824 218.89146286810993 66
1738679630860 149.6743006525144 67
1738679630896 175.21561971572694 68
1738679630931 215.5495263455719 69
1738679630967 126.60482596735534 70
1738679631003 69.69544823820752 71
1738679631040 171.08369196044814 72
1738679631076 163.66516309086262 73
1738679631112 174.5764606975144 74
1738679631148 217.05015725264957 75
1738679631184 144.86956436639852 76
1738679631219 204.13943197694476 77
1738679631255 166.8606159136549 78
1738679631290 161.4943010046272 79
1738679631326 174.33346049694975 80
1738679631361 202.8058897058468 81
1738679631397 213.7547473649306 82
1738679631433 165.78962880246132 83
1738679631469 184.20849027286192 84
1738679631505 177.36257969523513 85
1738679631541 204.36331147967675 86
1738679631577 194.69932946138886 87
1738679631613 160.15366634837082 88
1738679631649 207.38358944360024 89
1738679631684 132.47347350193002 90
1738679631722 180.7996698016842 91
1738679631761 141.86710150532076 92
1738679631801 192.89669207256418 93
1738679631838 468.5294463418034 94
1738679631875 228.00402290055098 95
1738679631911 181.21360309386156 96
1738679631946 227.5919636551599 97
1738679631983 230.73933019739752 98
1738679632018 154.97574509608495 99
1738679632054 129.59990913768198 100
1738679632090 172.33768901235538 101
1738679632131 240.84163298475426 102
1738679632172 105.91584389720303 103
1738679632211 181.53592316505893 104
1738679632251 158.07592767340833 105
1738679632291 137.70772805412506 106
1738679632330 110.11760312268729 107
1738679632368 125.79759770750243 108
1738679632407 170.12381374524506 109
1738679632447 186.20993573701895 110
1738679632487 166.11780966510278 111
1738679632527 200.8735652699106 112
1738679632565 149.13588438840128 113
1738679632604 147.9592618532375 114
1738679632644 171.11279436478682 115
1738679632683 192.88096510257307 116
1738679632723 141.46861981091945 117
1738679632763 161.22592249240324 118
1738679632802 155.27764310247682 119
1738679632842 122.54576030040053 120
1738679632880 162.46730531011193 121
1738679632916 172.2505152355736 122
1738679632952 173.26018517430015 123
1738679632987 153.88646861638168 124
1738679633023 206.92131698502638 125
1738679633059 134.19446977897587 126
1738679633095 171.92066701631538 127
1738679633131 176.38076338251074 128
1738679633167 115.09575554553244 129
1738679633203 197.87982217399494 130
1738679633239 73.06250530839228 131
1738679633275 176.53467987138222 132
1738679633311 187.51557112776894 133
1738679633347 148.97958054619036 134
1738679633383 46.23730499971212 135
1738679633418 186.59005439385692 136
1738679633454 149.120777503219 137
1738679633490 170.26870195903834 138
1738679633525 153.71221057102488 139
1738679633560 101.03689919041757 140
1738679633596 189.2464566592959 141
1738679633632 171.58400439673645 142
1738679633668 191.14163415351123 143
1738679633704 166.10892059473818 144
1738679633739 160.97724364676705 145
1738679633775 183.02377477461442 146
1738679633810 133.13084177716127 147
1738679633847 178.37691229137516 148
1738679633883 129.73039798559938 149
1738679633919 131.7570927449498 150
1738679633955 185.26002015429458 151
1738679633990 132.56777820945535 152
1738679634027 217.6048538349811 153
1738679634063 142.46564939188661 154
1738679634099 196.22844405801595 155
1738679634135 170.05060782909342 156
1738679634171 197.48255314024053 157
1738679634207 196.2233696668084 158
1738679634242 170.9965229153068 159
1738679634278 182.59133928058304 160
1738679634313 215.6437074481376 161
1738679634349 208.73329216714035 162
1738679634385 288.02209086875087 163
1738679634421 173.69165687674538 164
1738679634457 207.91648654856937 165
1738679634492 171.36188812702056 166
1738679634528 236.15070247817235 167
1738679634563 115.45872211556546 168
1738679634599 176.04514305586852 169
1738679634636 181.88228745064657 170
1738679634672 177.57269536522068 171
1738679634707 134.32420862914515 172
1738679634743 386.92061268246215 173
1738679634779 183.0182795147022 174
1738679634814 188.88273242337317 175
1738679634850 178.9380022155769 176
1738679634885 150.9609503759373 177
1738679634921 75.29439392154872 178
1738679634957 190.22750883435185 179
1738679634992 68.34817311006583 180
1738679635028 187.79244380425953 181
1738679635064 184.03792144935736 182
1738679635100 100.56464264409121 183
1738679635135 141.65574113922673 184
1738679635173 200.01529370479705 185
1738679635213 129.32505178823885 186
1738679635250 101.15878834643384 187
1738679635286 165.89579162660215 188
1738679635323 184.34915130997757 189
1738679635358 209.86858664707626 190
1738679635394 174.82340341133394 191
1738679635430 141.01682111645488 192
1738679635465 193.37460213260292 193
1738679635501 184.21875332117673 194
1738679635538 204.12160632641593 195
1738679635574 154.35358992235058 196
1738679635610 101.81725157397504 197
1738679635646 173.1078061558565 198
1738679635682 207.48083901777878 199
1738679635718 161.04402125464694 200
1738679635753 178.75415609473833 201
1738679635790 154.58191251625746 202
1738679635825 147.170707951159 203
1738679635861 143.05863291458002 204
1738679635897 83.97374045083077 205
1738679635933 196.37217289142248 206
1738679635969 146.43440455021525 207
1738679636005 157.97735580338994 208
1738679636040 219.77574876543878 209
1738679636076 159.8146422767269 210
1738679636111 156.98151201387222 211
1738679636147 155.33977078193521 212
1738679636183 251.09451393974635 213
1738679636219 174.6270883703374 214
1738679636254 169.22131875314608 215
1738679636290 192.99184286259663 216
1738679636325 167.84908610560413 217
1738679636361 223.1527971808418 218
1738679636397 125.31252376126486 219
1738679636433 207.2928537859053 220
1738679636469 157.5708414184004 221
1738679636504 199.63967006545647 222
1738679636541 199.9055817914421 223
1738679636577 147.62229976378754 224
1738679636613 184.43111133944802 225
1738679636649 135.48563813964938 226
1738679636685 183.14002657136518 227
1738679636721 134.07089653220748 228
1738679636756 124.46773789332188 229
1738679636793 118.90842148205881 230
1738679636829 123.93288846094649 231
1738679636864 190.6180759017872 232
1738679636900 197.06187307818726 233
1738679636935 176.05120081426136 234
1738679636971 220.5204600530814 235
1738679637007 149.2308226962556 236
1738679637042 221.91333362167435 237
1738679637078 164.19201932003133 238
1738679637114 176.0401729473619 239
1738679637150 205.12593160185497 240
1738679637186 191.8745063899271 241
1738679637221 155.80772682844233 242
1738679637257 231.51613188059767 243
1738679637293 169.18926736100266 244
1738679637328 259.49918674177326 245
1738679637364 297.35188786561673 246
1738679637400 119.44747299151214 247
1738679637435 205.5134431582927 248
1738679637471 198.1897499508913 249
1738679637506 260.2873636000372 250
1738679637542 160.26947855970832 251
1738679637579 165.64071634069217 252
1738679637615 205.89830075238058 253
1738679637650 183.61030042698718 254
1738679637686 163.22448223078902 255
1738679637721 102.52678111569844 256
1738679637757 196.48361929937417 257
1738679637793 138.5260584194938 258
1738679637829 152.02887930447633 259
1738679637865 191.37074931770746 260
1738679637901 184.29976437959266 261
1738679637937 184.15537871800046 262
1738679637972 161.09772131233044 263
1738679638008 157.55455120627767 264
1738679638044 131.57978168157365 265
1738679638080 190.89989452505344 266
1738679638116 190.50748460298985 267
1738679638152 222.3980702506617 268
1738679638188 159.5442051623119 269
1738679638224 138.40250553012308 270
1738679638259 190.98041093362195 271
1738679638295 205.85418441133962 272
1738679638331 161.6498561120301 273
1738679638366 140.54704474597256 274
1738679638402 264.5684247104079 275
1738679638438 218.3550609093087 276
1738679638474 235.6659960815519 277
1738679638509 79.74590791835084 278
1738679638545 154.15880132179709 279
1738679638580 284.8537825883953 280
1738679638616 172.85631392433194 281
1738679638651 178.8876464614375 282
1738679638687 161.36875158931565 283
1738679638723 146.71761088953468 284
1738679638759 192.1453267382198 285
1738679638794 145.0226636897348 286
1738679638829 163.61376234365045 287
1738679638865 173.49078607667636 288
1738679638901 157.93178342324 289
1738679638936 177.98061742861944 290
1738679638972 124.94453623751606 291
1738679639007 142.94018486767328 292
1738679639043 184.30045928579244 293
1738679639079 147.7535328970116 294
1738679639114 249.7803745528042 295
1738679639150 119.61579611540327 296
1738679639186 167.2876332942249 297
1738679639221 176.8539064174668 298
1738679639258 208.88116479682006 299
1738679639294 177.20655927452196 300
1738679639329 126.39234932077008 301
1738679639364 119.71514126466576 302
1738679639400 162.91936684565434 303
1738679639435 213.72281558630618 304
1738679639471 180.93517066358334 305
1738679639507 207.0485142429016 306
1738679639542 179.17526089712578 307
1738679639578 196.05883412936555 308
1738679639613 171.47271725482614 309
1738679639649 165.70563857301445 310
1738679639684 164.31675490770158 311
1738679639720 230.01701284658918 312
1738679639756 153.6161973936986 313
1738679639793 193.56370270588008 314
1738679639830 152.6282575998886 315
1738679639867 215.2347802622838 316
1738679639903 144.00073766061286 317
1738679639939 152.30052953528852 318
1738679639975 169.60271553528804 319
1738679640011 160.25724795662984 320
1738679640047 134.62944864718705 321
1738679640083 226.34216160444245 322
1738679640119 136.22607066721838 323
1738679640155 167.87118653790534 324
1738679640191 182.1376482085604 325
1738679640227 179.49318414041076 326
1738679640263 180.21628505739844 327
1738679640298 148.13605981487495 328
1738679640334 182.95169306721948 329
1738679640370 186.09871944267726 330
1738679640406 114.1127320533336 331
1738679640442 180.78458271718452 332
1738679640477 154.96572335201552 333
1738679640513 112.34024002668589 334
1738679640549 180.400052749612 335
1738679640585 194.3856866369031 336
1738679640621 144.9383696027635 337
1738679640657 205.95746582891388 338
1738679640693 155.46946617003977 339
1738679640728 166.57857345557198 340
1738679640764 184.44164597286533 341
1738679640800 131.4737110394571 342
1738679640836 137.3172134636082 343
1738679640871 166.92133234166488 344
1738679640907 234.71461473954298 345
1738679640943 183.24442920060716 346
1738679640978 150.7003789258514 347
1738679641014 180.6821692084281 348
1738679641050 124.69983717877946 349
1738679641086 160.33127408149724 350
1738679641121 187.73102801324296 351
1738679641157 139.65728030906797 352
1738679641193 186.4738923749342 353
1738679641229 185.36115714893245 354
1738679641265 225.2923163199508 355
1738679641301 168.88843549468123 356
1738679641336 169.8763754554112 357
1738679641372 205.41162795296134 358
1738679641407 112.7243691433392 359
1738679641443 184.40393363014468 360
1738679641480 160.43517953625462 361
1738679641515 165.08376741990955 362
1738679641551 122.16548340745237 363
1738679641586 173.158488390299 364
1738679641622 162.95532195605688 365
1738679641658 154.8206242103677 366
1738679641693 191.83353060151222 367
1738679641729 183.46323197428615 368
1738679641764 243.22563512232765 369
1738679641800 233.86427103161472 370
1738679641836 162.68162972925452 371
1738679641871 83.2347234819491 372
1738679641907 201.70226872655655 373
1738679641943 360.0785917303635 374
1738679641978 136.59071060226142 375
1738679642014 154.75004205486877 376
1738679642050 130.59186677088147 377
1738679642086 163.15341186181226 378
1738679642122 339.06080337137075 379
1738679642158 179.24868998201478 380
1738679642194 199.10500519255288 381
1738679642230 174.41142556281292 382
1738679642265 183.62986158772674 383
1738679642301 230.9437668978791 384
1738679642336 106.80370456304222 385
1738679642372 239.4718636982794 386
1738679642408 175.52694880266208 387
1738679642443 204.37716290215326 388
1738679642479 180.7670473244839 389
1738679642515 254.2084075050175 390
1738679642550 121.05920323837215 391
1738679642586 194.54217267681148 392
1738679642621 168.78882008449335 393
1738679642657 131.3941579995207 394
1738679642693 170.58835999431838 395
1738679642729 198.8362583636254 396
1738679642765 182.60509696528237 397
1738679642801 157.08075453449044 398
1738679642837 116.19802586232787 399
1738679642874 173.36742316537735 400
1738679642910 198.79503783453438 401
1738679642946 165.35177244634687 402
1738679642982 204.27742216372368 403
1738679643018 161.60515166144023 404
1738679643054 192.8410507901714 405
1738679643090 189.6430429631424 406
1738679643130 226.51095598082748 407
1738679643166 193.64522696833993 408
1738679643202 263.5059474782248 409
1738679643238 39.67677638950701 410
1738679643273 199.72424482561772 411
1738679643309 171.71219322103406 412
1738679643344 203.22557235169785 413
1738679643380 264.93208411660663 414
1738679643416 243.02538054154766 415
1738679643452 80.45348512234378 416
1738679643488 161.7202328994135 417
1738679643523 519.6025620564264 418
1738679643559 216.86660360706435 419
1738679643595 175.32741836973383 420
1738679643631 148.44762966410528 421
1738679643667 191.53844527711232 422
1738679643702 192.8945871096079 423
1738679643738 136.32389563003997 424
1738679643774 189.19832718323798 425
1738679643810 129.18666605563112 426
1738679643846 174.24039046565196 427
1738679643882 264.0578913080336 428
1738679643917 152.32493328259653 429
1738679643953 184.97118089614403 430
1738679643988 121.74640459598525 431
1738679644024 128.2695960769864 432
1738679644060 236.62770555171798 433
1738679644096 157.82415504071983 434
1738679644132 173.15838507012916 435
1738679644168 203.4421484796242 436
1738679644203 192.56788425225986 437
1738679644239 186.6190797274703 438
1738679644275 187.4991121922838 439
1738679644310 93.13268161300677 440
1738679644346 146.37417891066974 441
1738679644382 133.14115033841648 442
1738679644418 134.13850270600307 443
1738679644454 127.04516391187674 444
1738679644489 120.99249087359293 445
1738679644526 175.176602372832 446
1738679644570 159.88276371553602 447
1738679644607 182.40759017531462 448
1738679644644 188.39174921002365 449
1738679644682 135.92766419442233 450
1738679644720 116.04312834500908 451
1738679644756 267.0836220755155 452
1738679644791 188.2345067664352 453
1738679644827 197.74380566276304 454
1738679644862 217.2403383076775 455
1738679644898 146.865889650769 456
1738679644934 144.57603826180082 457
1738679644970 189.04217783902197 458
1738679645005 180.19198337669772 459
1738679645042 130.4182870323597 460
1738679645078 177.9607995129121 461
1738679645113 191.92303179342446 462
1738679645149 220.04654855166646 463
1738679645185 181.81918210852362 464
1738679645221 109.80946529814348 465
1738679645256 120.33514687388097 466
1738679645292 173.39637818116594 467
1738679645327 139.85489850644382 468
1738679645363 145.08991386014503 469
1738679645398 135.3316183853825 470
1738679645434 169.76948732250332 471
1738679645470 154.29352994517728 472
1738679645506 150.65346669552878 473
1738679645542 231.02319026520735 474
1738679645578 182.62305907917377 475
1738679645614 167.54869653937627 476
1738679645650 222.1050134757696 477
1738679645685 147.08758020131307 478
1738679645721 157.15958119167163 479
1738679645756 350.43671721110314 480
1738679645792 202.99644112302713 481
1738679645828 135.59833583430296 482
1738679645864 202.18257018029672 483
1738679645900 189.79947417838483 484
1738679645935 140.31903617012296 485
1738679645971 299.4211258872526 486
1738679646008 210.86039620685193 487
1738679646043 182.88063588892334 488
1738679646079 152.24399210293873 489
1738679646115 59.36786086949449 490
1738679646151 179.66709702576526 491
1738679646187 191.89982960577808 492
1738679646222 175.26545841212902 493
1738679646258 286.4717093713977 494
1738679646293 129.50889006878845 495
1738679646329 150.2844323939009 496
1738679646365 168.43936387438958 497
1738679646400 236.60509071744445 498
1738679646436 128.1681895464015 499
