1738680070774 170.1241817918856 0
1738680070804 170.0851916725845 1
1738680070831 170.04748799342835 2
1738680070846 170.01102457005092 3
1738680070867 169.97575696602752 4
1738680070882 169.9416424246995 5
1738680070899 169.90863980370133 6
1738680070921 169.87670951208221 7
1738680070935 169.84581344991818 8
1738680070952 169.81591495031597 9
1738680070977 169.78697872371202 10
1738680071027 169.75897080437582 11
1738680071074 169.73185849902913 12
1738680071108 169.70561033749652 13
1738680071125 169.68019602530669 14
1738680071140 169.65558639816572 15
1738680071158 169.63175337822852 16
1738680071174 169.6086699320963 17
1738680071192 169.58631003047114 18
1738680071206 169.5646486094017 19
1738680071222 169.54366153305656 20
1738680071237 169.5233255579646 21
1738680071251 169.50361829866335 22
1738680071265 169.48451819469977 23
1738680071280 169.46600447892945 24
1738680071300 169.44805714706217 25
1738680071321 169.43065692840483 26
1738680071336 169.4137852577536 27
1738680071351 169.39742424838943 28
1738680071367 169.381556666134 29
1738680071383 169.3661659044225 30
1738680071399 169.35123596035413 31
1738680071414 169.3367514116805 32
1738680071429 169.32269739469518 33
1738680071446 169.30905958298888 34
1738680071461 169.2958241670346 35
1738680071475 169.2829778345716 36
1738680071489 169.27050775175508 37
1738680071507 169.2584015450418 38
1738680071526 169.24664728378247 39
1738680071543 169.23523346349242 40
1738680071559 169.2241489897746 41
1738680071574 169.21338316286787 42
1738680071588 169.2029256627969 43
1738680071602 169.192766535099 44
1738680071621 169.18289617710613 45
1738680071642 169.1733053247583 46
1738680071657 169.16398503992974 47
1738680071680 169.1549266982456 48
1738680071696 169.14612197737057 49
1738680071717 169.13756284575106 50
1738680071772 169.12924155179238 51
1738680071796 169.12115061345426 52
1738680071816 169.11328280824802 53
1738680071833 169.1056311636198 54
1738680071851 169.09818894770365 55
1738680071868 169.09094966043173 56
1738680071882 169.08390702498585 57
1738680071896 169.07705497957747 58
1738680071913 169.07038766954386 59
1738680071932 169.06389943974716 60
1738680071949 169.05758482726472 61
1738680071965 169.05143855435932 62
1738680071983 169.04545552171874 63
1738680071998 169.03963080195277 64
1738680072015 169.0339596333394 65
