1738680912105 172.17804723187277 0
1738680912112 169.0155076738565 1
1738680912119 173.57455180428443 2
1738680912126 169.1233529622624 3
1738680912133 171.46690624890996 4
1738680912141 169.74065326167255 5
1738680912149 170.45375127146318 6
1738680912156 168.66078772125383 7
1738680912163 171.29982561174268 8
1738680912170 173.59882805864524 9
1738680912177 167.40096617804525 10
1738680912183 171.3047984019162 11
1738680912198 172.7625088787345 12
1738680912205 164.16837274182217 13
1738680912215 172.47096206320313 14
1738680912222 166.26200779263257 15
1738680912230 165.61667066969125 16
1738680912237 164.53458532715848 17
1738680912245 173.1992062832995 18
1738680912251 170.28729677098755 19
1738680912258 171.80273756659292 20
1738680912264 165.3126811293591 21
1738680912270 169.71711016114196 22
1738680912277 169.84784427150154 23
1738680912284 170.10895516621883 24
1738680912291 167.89969074085818 25
1738680912298 171.6218378372967 26
1738680912306 171.44973735562934 27
1738680912313 167.98898569392608 28
1738680912319 171.13336149916378 29
1738680912325 168.81160478834215 30
1738680912332 164.88570920726113 31
1738680912339 167.79559186676522 32
1738680912345 172.6021728113596 33
