1738678549173 149.05866054381636 0
1738678549193 140.5021931527573 1
1738678549222 141.87773034653483 2
1738678549238 124.23389091381037 3
1738678549255 131.3378527781842 4
1738678549272 134.49593188509346 5
1738678549291 119.84987637360825 6
1738678549307 109.28079008821713 7
1738678549325 120.24495549830465 8
1738678549346 108.36002010605903 9
1738678549371 126.51688229261495 10
1738678549397 97.87469150131744 11
1738678549422 101.55707259389216 12
1738678549443 109.13531229127237 13
1738678549463 103.42452898179943 14
1738678549482 90.89028183883111 15
1738678549498 104.60424179724086 16
1738678549515 121.29919813050412 17
1738678549534 84.06245460788661 18
1738678549550 94.2553983632084 19
1738678549569 92.45330622309167 20
1738678549587 92.81522885012544 21
1738678549609 116.02650682417037 22
1738678549624 111.2676867303438 23
1738678549639 84.49274465729876 24
1738678549656 98.94481786292043 25
1738678549676 77.7604849777015 26
1738678549693 97.13840796429061 27
1738678549716 101.6540667939829 28
1738678549738 90.05542279550723 29
1738678549764 93.93343137607471 30
1738678549793 90.7831615535798 31
1738678549816 89.01142450335152 32
1738678549841 97.09067464932589 33
1738678549866 94.39367502448422 34
1738678549895 87.86482835145306 35
1738678549917 89.8103225598879 36
1738678549935 91.80232679861284 37
1738678549950 79.5307673381532 38
1738678549965 86.45650527529712 39
1738678549982 68.08702613706036 40
1738678549998 96.92048190708228 41
1738678550017 86.87426004231122 42
1738678550034 99.3791543616529 43
1738678550050 84.91008761371582 44
1738678550066 87.74437157084515 45
1738678550085 101.67776040190881 46
1738678550109 76.52529487068247 47
1738678550132 87.22421156725069 48
1738678550153 67.93721146986603 49
1738678550178 77.3107423699604 50
1738678550198 90.11819745520557 51
1738678550221 85.10345212792609 52
1738678550240 84.26685956242322 53
1738678550264 78.3203944249919 54
1738678550288 79.99482235951338 55
1738678550312 87.24074384836696 56
1738678550345 73.27774691613931 57
1738678550366 65.95964149575059 58
1738678550389 74.36212056518065 59
1738678550411 81.61524698549522 60
1738678550436 80.09487424826052 61
1738678550466 74.72849093437708 62
1738678550494 73.76054493099998 63
1738678550523 78.69883961430465 64
1738678550547 77.2847575706177 65
1738678550570 80.67353399572784 66
1738678550588 75.63294916894803 67
1738678550605 78.0457479325877 68
1738678550622 78.22580367326584 69
1738678550641 65.63476709357924 70
1738678550657 77.18894442958282 71
1738678550671 93.5581751411355 72
1738678550686 75.03295726161456 73
1738678550704 68.25422533734773 74
1738678550728 65.96233171929264 75
1738678550754 74.71780705429626 76
1738678550774 77.33071935131409 77
1738678550788 68.25966465993407 78
1738678550811 75.68336461600576 79
1738678550844 78.07235138323587 80
1738678550869 62.93282888243489 81
1738678550905 111.77339814737317 82
1738678550934 73.5645352396764 83
1738678550970 72.7862381125157 84
1738678550989 75.66960037126415 85
1738678551013 67.09447186301146 86
1738678551042 115.32114823282264 87
1738678551067 72.27086908017644 88
1738678551087 116.9790600892926 89
1738678551107 81.28647153900428 90
1738678551125 61.125824712014975 91
1738678551147 78.37531792783368 92
1738678551170 71.28424815550835 93
1738678551185 77.92849130665537 94
1738678551210 71.39997822353239 95
1738678551231 83.16767012577918 96
1738678551248 64.15514995808114 97
1738678551265 81.43417157695788 98
1738678551290 61.893879410450985 99
1738678551307 98.2305644342604 100
1738678551322 75.26952822267846 101
1738678551343 76.36140001751741 102
1738678551364 58.846855380231624 103
1738678551384 59.291393730316265 104
1738678551400 68.20254035194135 105
1738678551415 64.66553317710253 106
1738678551438 75.16484274597023 107
1738678551459 86.53280701041716 108
1738678551488 55.43936057701576 109
1738678551511 63.471961336159765 110
1738678551530 81.04222362852107 111
1738678551559 58.172848269731006 112
1738678551590 70.5610958821938 113
1738678551621 70.67007683849295 114
1738678551633 85.31312407472345 115
1738678551653 65.19680332449317 116
1738678551672 58.661559912230594 117
1738678551705 66.7759930682739 118
1738678551725 56.22095294267256 119
1738678551749 63.47542301733647 120
1738678551772 46.28982834998752 121
1738678551790 58.77062407646794 122
1738678551812 76.35800585312391 123
1738678551831 66.65057475651476 124
1738678551853 61.16952630922944 125
1738678551871 72.50347901321445 126
1738678551890 60.85288554026024 127
1738678551906 62.49237131522028 128
1738678551921 76.68184458505999 129
1738678551944 82.45894692347478 130
1738678551960 53.96162567402958 131
1738678551976 57.899784600282906 132
1738678551990 59.62416348146502 133
1738678552009 53.79610257223715 134
1738678552025 58.18439527715962 135
1738678552041 63.15114603279509 136
1738678552052 56.932928897355495 137
1738678552067 64.85974167116713 138
1738678552082 74.5542061989115 139
1738678552105 54.42400415769289 140
1738678552133 56.16574715938943 141
1738678552149 65.25252374996619 142
1738678552171 45.677389671750966 143
1738678552190 62.65050986807217 144
1738678552214 53.96975190871528 145
1738678552241 74.83886111431612 146
1738678552273 57.12622768173611 147
1738678552290 69.27046206381446 148
1738678552309 56.17975706597986 149
1738678552330 60.085991006225925 150
1738678552351 79.65636819189758 151
1738678552378 52.5183770560954 152
1738678552397 76.3153408768916 153
1738678552418 62.80216816284424 154
1738678552439 66.59712597545473 155
1738678552459 53.89153660607839 156
1738678552478 65.584953594109 157
1738678552510 54.580940112671435 158
1738678552538 56.61302327172687 159
1738678552558 80.7337378791499 160
1738678552586 54.62205017503515 161
1738678552605 56.628317476759 162
1738678552632 60.168613653078104 163
1738678552656 64.36033006449607 164
1738678552671 52.26698152092747 165
1738678552693 55.46090765461299 166
1738678552713 67.60092979395084 167
1738678552741 48.79646454649132 168
1738678552761 47.13707681134259 169
1738678552787 59.00679529315907 170
1738678552811 42.57005951053712 171
1738678552828 59.509455100314774 172
1738678552846 65.24692625381145 173
1738678552870 53.341920633151865 174
1738678552884 59.77663373205815 175
1738678552908 61.43391627230169 176
1738678552925 69.5679404384131 177
1738678552943 48.442156159385284 178
1738678552962 59.669156431598914 179
1738678552986 56.44376599229495 180
1738678553012 56.75322281874817 181
1738678553044 39.66053867631934 182
1738678553064 47.90291529562899 183
1738678553083 61.46802678972055 184
1738678553102 43.93487960332499 185
1738678553127 51.596146125610325 186
1738678553156 73.92636782132551 187
1738678553177 51.8051410773862 188
1738678553198 49.853595239288424 189
1738678553220 56.227760438569696 190
1738678553239 71.07210561393948 191
1738678553336 68.87883687425085 192
1738678553352 52.928459365843764 193
1738678553367 55.62926323841003 194
1738678553384 49.0684501862901 195
1738678553401 81.2067281605378 196
1738678553416 57.96382809929092 197
1738678553432 62.63538084097937 198
1738678553448 52.129214624187895 199
1738678553478 71.98993488965944 200
1738678553529 57.01070795428947 201
1738678553562 60.27865818126368 202
1738678553575 67.46718550662858 203
1738678553592 61.41131300613148 204
1738678553615 59.32123688728962 205
1738678553646 58.85923001669681 206
1738678553672 52.13180121201342 207
1738678553697 94.72255652533556 208
1738678553716 54.631750638448366 209
1738678553732 64.66622743958145 210
1738678553751 65.13339046399513 211
1738678553770 55.00093132075524 212
1738678553786 69.86833313091196 213
1738678553804 60.280691967850636 214
1738678553820 64.26503681032342 215
1738678553839 50.7695021018697 216
1738678553872 49.84667073452109 217
1738678553896 44.7028299008817 218
1738678553915 50.55084510288544 219
1738678553938 53.54902802628808 220
1738678553959 48.267663010435626 221
1738678553984 56.548326818983774 222
1738678554004 51.996601864426566 223
1738678554023 103.41687052664368 224
1738678554043 46.470296251857086 225
1738678554063 55.10698782217312 226
1738678554094 48.12052590876758 227
1738678554117 53.854200375230654 228
1738678554146 50.36131042853447 229
1738678554165 58.82305471775905 230
1738678554197 67.4161503203083 231
1738678554220 51.5950856543358 232
1738678554236 45.012471531641374 233
1738678554256 49.97869715161146 234
1738678554271 53.066447710602866 235
1738678554293 59.677625020367664 236
1738678554307 48.00127610326677 237
1738678554322 53.645094175789936 238
1738678554342 54.71995347689211 239
1738678554365 51.57543306680973 240
1738678554381 52.541806189196215 241
1738678554404 44.49304788391944 242
1738678554422 52.24484113636433 243
1738678554443 51.2458151139528 244
1738678554466 61.40358548309883 245
1738678554490 54.792436415141935 246
1738678554507 48.557076061555286 247
1738678554524 49.999191876689615 248
1738678554542 41.392797214723196 249
1738678554570 58.56474603414945 250
1738678554586 50.738606125025925 251
1738678554607 51.66211117503424 252
1738678554622 56.10959122639287 253
1738678554637 54.83332092814718 254
1738678554655 64.84352439385651 255
1738678554672 87.49835398952486 256
1738678554690 47.91241072156709 257
1738678554706 55.502139968930535 258
1738678554724 48.617030392573675 259
1738678554746 60.725589500651445 260
1738678554764 46.259810704362 261
1738678554789 60.5772878936064 262
1738678554818 47.98013953282305 263
1738678554834 45.20758467628879 264
1738678554855 44.703145045673594 265
1738678554872 59.62313940065425 266
1738678554899 43.052893488050366 267
1738678554917 58.30006037874212 268
1738678554937 48.602803574708894 269
1738678554957 47.21148229091313 270
1738678554976 52.505239438685955 271
1738678554994 48.90778683283346 272
1738678555023 59.015013656040516 273
1738678555043 43.56301720299821 274
1738678555072 51.8068877863101 275
1738678555088 55.507369785549706 276
1738678555112 50.0600098962885 277
1738678555131 46.21275184409172 278
1738678555156 45.385803049742556 279
1738678555180 55.90055357779504 280
1738678555200 48.54484939897053 281
1738678555232 51.152427104822316 282
1738678555253 47.88969186756503 283
1738678555270 39.972444766380924 284
1738678555295 49.29227025516904 285
1738678555320 59.48290425404111 286
1738678555343 46.95076608111236 287
1738678555363 50.893005770275444 288
1738678555380 51.098187065426465 289
1738678555404 52.496591772315796 290
1738678555424 51.14354237555289 291
1738678555443 40.52713534641558 292
1738678555465 47.08120395785025 293
1738678555492 40.76403165249644 294
1738678555511 41.6844490342168 295
1738678555529 45.560459694319 296
1738678555553 40.647831511748116 297
1738678555577 51.46034687614914 298
1738678555595 68.18120760305001 299
1738678555622 44.605818688604735 300
1738678555644 51.14898663516362 301
1738678555667 52.1462109510183 302
1738678555688 45.39092255856399 303
1738678555715 54.089227031682285 304
1738678555740 35.21494614893064 305
1738678555765 41.77815850934424 306
1738678555781 50.996384087694395 307
1738678555797 54.965660646894165 308
1738678555816 40.98879437624356 309
1738678555833 55.31280588607251 310
1738678555853 39.81257818738016 311
1738678555879 72.73746918268829 312
1738678555903 42.48337447275977 313
1738678555918 45.0888484987629 314
1738678555936 38.01629802663842 315
1738678555954 43.70926983551693 316
1738678555975 48.55683549577144 317
1738678555989 44.286568440450125 318
1738678556004 49.62296472935433 319
1738678556019 35.05188164107043 320
1738678556038 33.74139968043263 321
1738678556063 39.654569407935256 322
1738678556079 44.59345963972758 323
1738678556101 53.77558222617115 324
1738678556118 42.606851166247864 325
1738678556148 51.579893310563804 326
1738678556178 38.7586300135897 327
1738678556196 42.19046400222441 328
1738678556218 46.059736867426835 329
1738678556237 50.37583897146075 330
1738678556273 39.746739008664115 331
1738678556294 67.07524654594975 332
1738678556314 41.75977192505014 333
1738678556337 52.34581302123542 334
1738678556356 73.49763716677542 335
1738678556378 43.448744193924774 336
1738678556406 43.17413528579898 337
1738678556428 42.59130446613746 338
1738678556447 43.36077863981157 339
1738678556471 36.046006241587705 340
1738678556496 41.286221620259205 341
1738678556515 41.55520669631545 342
1738678556540 41.20267915154099 343
1738678556561 47.5547024312619 344
1738678556588 46.319967612575844 345
1738678556608 51.217494600687175 346
1738678556634 35.349479521395295 347
1738678556656 46.36831819416069 348
1738678556681 80.89320161447857 349
1738678556714 54.41889008112061 350
1738678556735 40.86770973802531 351
1738678556752 38.76825967789704 352
1738678556770 42.40447752967968 353
1738678556787 64.75681079327556 354
1738678556807 46.14442832110312 355
1738678556822 41.25667567101606 356
1738678556844 55.05130324915223 357
1738678556864 49.19928931111841 358
1738678556878 43.161903634645725 359
1738678556903 42.480339443463755 360
1738678556919 53.577959494202204 361
1738678556934 46.78132421639756 362
1738678556948 45.965800623515705 363
1738678556970 72.43355230668823 364
1738678556988 47.55395671795177 365
1738678557014 42.169242950230526 366
1738678557035 67.3448338462281 367
1738678557056 45.67667941862343 368
1738678557074 52.59224921637648 369
1738678557092 45.69515140673171 370
1738678557112 48.271271214405026 371
1738678557128 41.50750207309738 372
1738678557149 43.26933880132454 373
1738678557172 35.49320147786006 374
1738678557190 51.194905181101 375
1738678557214 40.655676800521796 376
1738678557235 46.191885636675934 377
1738678557252 47.79037898332426 378
1738678557270 54.2064525488074 379
1738678557292 41.30001301545046 380
1738678557314 49.34464612555214 381
1738678557329 44.46504238634822 382
1738678557351 68.46919121769596 383
1738678557370 42.642597122846745 384
1738678557387 35.616731381013025 385
1738678557400 45.152167817917416 386
1738678557416 64.85526804679695 387
1738678557436 44.61080101831412 388
1738678557458 43.98420446717913 389
1738678557481 54.26365352279453 390
1738678557505 37.815960957518016 391
1738678557522 48.64163946319996 392
1738678557550 51.60083768563477 393
1738678557565 33.794079487541936 394
1738678557579 43.7326452825637 395
1738678557595 46.06657659692237 396
1738678557614 39.996239572804 397
1738678557629 40.98162845496627 398
1738678557643 51.77827476330725 399
1738678557660 38.24635637469955 400
1738678557676 40.58552012614294 401
1738678557696 43.372272271181494 402
1738678557712 44.40414583845315 403
1738678557725 35.89614519886529 404
1738678557744 45.535156852015696 405
1738678557764 44.14373555293289 406
1738678557792 38.44799350657986 407
1738678557811 48.462011813951634 408
1738678557826 43.27182735568088 409
1738678557845 45.39056534586157 410
1738678557876 50.110471798914936 411
1738678557894 46.141951147099356 412
1738678557909 46.5842799413882 413
1738678557927 49.82331275767767 414
1738678557946 42.899504444987336 415
1738678557970 42.35939752855751 416
1738678557986 31.666290098336262 417
1738678558001 43.5296131245907 418
1738678558016 52.509516896469 419
1738678558034 45.17799143687075 420
1738678558048 36.47050593641068 421
1738678558063 42.075922724468384 422
1738678558079 52.04017853546861 423
1738678558097 38.37499813785276 424
1738678558115 45.2360516075154 425
1738678558130 53.094364986500224 426
1738678558149 48.20953391822844 427
1738678558171 44.05531256069018 428
1738678558186 32.92593194407525 429
1738678558204 40.30590421704454 430
1738678558222 45.161966679393316 431
1738678558244 40.29089263218385 432
1738678558265 43.45258877890848 433
1738678558291 38.627954346084444 434
1738678558311 50.75983396826811 435
1738678558332 38.10955571218762 436
1738678558355 42.45161596472965 437
1738678558373 31.338846560225562 438
1738678558390 39.040105425279485 439
1738678558408 42.92052064193059 440
1738678558425 37.30496348862202 441
1738678558441 41.45927034482837 442
1738678558460 37.69895355231083 443
1738678558476 50.417291672261875 444
1738678558496 37.46363589699009 445
1738678558515 39.2249902933572 446
1738678558530 49.954974177701764 447
1738678558546 40.88206529473482 448
1738678558561 35.50394485381364 449
1738678558582 44.51689290656 450
1738678558603 46.42602733205768 451
1738678558627 41.42914230013478 452
1738678558648 43.878076977644405 453
1738678558670 63.74997717311961 454
1738678558697 51.981958887393155 455
1738678558720 37.61335615261819 456
1738678558746 44.457522636388376 457
1738678558771 47.65973991718433 458
1738678558795 37.66552520972259 459
1738678558820 36.30825203873364 460
1738678558842 39.30373622402732 461
1738678558857 43.88283929501005 462
1738678558876 37.18787226647298 463
1738678558894 36.70565949492986 464
1738678558914 42.13910340407193 465
1738678558930 40.85271270866223 466
1738678558949 38.7147247139572 467
1738678558966 44.777243703036 468
1738678558985 41.84920107100486 469
1738678559004 38.23285220842836 470
1738678559024 36.99144453962417 471
1738678559047 36.918694339011665 472
1738678559070 40.167351552265174 473
1738678559097 41.32605895316009 474
1738678559117 33.11042096898365 475
1738678559143 36.594503721170895 476
1738678559171 55.374648545952425 477
1738678559195 42.65672802905702 478
1738678559217 42.97423074346697 479
1738678559232 36.40789408712992 480
1738678559251 39.61976494313316 481
1738678559272 38.419368251072804 482
1738678559291 41.71133082550211 483
1738678559307 41.656792824288054 484
1738678559322 35.50441032466731 485
1738678559341 47.19821590082403 486
1738678559362 35.06535648352023 487
1738678559388 36.930312154096576 488
1738678559416 68.99345663000314 489
1738678559433 31.831207069608794 490
1738678559451 33.032243654477796 491
1738678559473 31.301148846642615 492
1738678559494 47.49335810124631 493
1738678559509 34.91095205072477 494
1738678559527 47.75628600362551 495
1738678559543 35.843723725934076 496
1738678559561 38.04856560962611 497
1738678559581 35.25946888369202 498
1738678559602 42.87828626246318 499
