1738822561418 170.85660977937187 0
1738822561454 153.38974340168411 1
1738822561482 141.26019857812202 2
1738822561514 132.63707431883404 3
1738822561530 126.33110586990107 4
1738822561543 121.56871221520443 5
1738822561561 117.84570857657478 6
1738822561577 114.83258729712696 7
1738822561594 112.31318056659522 8
1738822561608 110.14493301822213 9
1738822561627 108.23316424365456 10
1738822561645 106.51438879260034 11
1738822561658 104.94550081025159 12
1738822561675 103.49675647580163 13
1738822561695 102.14721626155483 14
1738822561710 100.88178081868621 15
1738822561741 99.68925968600861 16
1738822561754 98.56110970287534 17
1738822561766 97.49060797575113 18
1738822561778 96.47230708957706 19
1738822561792 95.50167388614595 20
1738822561806 94.57484785462428 21
1738822561818 93.68847766263089 22
1738822561832 92.83960891637166 23
1738822561845 92.02560566923577 24
1738822561858 91.2440943085453 25
1738822561875 90.4929224105103 26
1738822561890 89.77012772169374 27
1738822561904 89.07391409200184 28
1738822561922 88.40263226696109 29
1738822561937 87.75476415142332 30
1738822561958 87.12890961597274 31
1738822561979 86.52377521738832 32
1738822561994 85.93816440136426 33
1738822562035 85.37096888547296 34
1738822562049 84.82116100649212 35
1738822562064 84.28778687390735 36
1738822562079 83.76996021048437 37
1738822562094 83.26685678768246 38
1738822562109 82.7777093825031 39
1738822562126 82.30180319584146 40
1738822562141 81.83847168229512 41
1738822562159 81.38709274883931 42
1738822562182 80.94708528555697 43
1738822562197 80.51790599621533 44
1738822562217 80.0990465002414 45
1738822562237 79.69003068078928 46
1738822562253 79.29041225626382 47
1738822562269 78.89977255497412 48
1738822562286 78.5177184746067 49
1738822562303 78.14388060998985 50
1738822562320 77.7779115342011 51
1738822562337 77.41948421948274 52
1738822562355 77.068290585697 53
1738822562378 76.72404016519118 54
1738822562390 76.38645887396925 55
1738822562403 76.05528787999313 56
1738822562418 75.73028256027393 57
1738822562432 75.41121153917037 58
1738822562445 75.0978558009979 59
1738822562457 74.79000787067224 60
1738822562477 74.48747105667415 61
1738822562489 74.1900587511324 62
1738822562505 73.89759378228443 63
1738822562518 73.60990781499436 64
1738822562536 73.32684079538838 65
1738822562552 73.04824043601394 66
1738822562567 72.77396173824344 67
1738822562585 72.50386654892743 68
1738822562603 72.23782314856305 69
1738822562618 71.97570586847799 70
1738822562638 71.71739473474507 71
1738822562654 71.46277513673738 72
1738822562673 71.21173751841147 73
1738822562689 70.96417709056706 74
1738822562705 70.71999356247923 75
1738822562725 70.4790908914327 76
1738822562741 70.24137704880997 77
1738822562762 70.00676380149602 78
1738822562777 69.77516650746422 79
1738822562795 69.54650392450002 80
1738822562812 69.32069803110399 81
1738822562828 69.0976738586926 82
1738822562846 68.87735933428564 83
1738822562862 68.65968513293363 84
1738822562880 68.44458453919736 85
1738822562896 68.23199331704564 86
1738822562912 68.02184958758652 87
1738822562934 67.81409371409269 88
1738822562950 67.6086681938223 89
1738822562972 67.40551755617575 90
1738822562989 67.20458826676207 91
1738822563003 67.00582863698193 92
1738822563023 66.80918873876254 93
1738822563038 66.61462032410714 94
1738822563055 66.42207674914627 95
1738822563072 66.23151290240108 96
1738822563098 66.04288513698911 97
1738822563114 65.85615120652322 98
1738822563136 65.67127020447136 99
1738822563152 65.48820250676145 100
1738822563169 65.30690971743076 101
1738822563192 65.12735461713301 102
1738822563208 64.94950111432951 103
1738822563224 64.77331419900203 104
1738822563242 64.59875989873649 105
1738822563262 64.42580523703687 106
1738822563279 64.25441819373724 107
1738822563295 64.08456766738973 108
1738822563313 63.91622343951347 109
1738822563328 63.74935614059706 110
1738822563344 63.58393721775469 111
1738822563358 63.4199389039417 112
1738822563376 63.25733418864175 113
1738822563390 63.09609678994347 114
1738822563406 62.936201127929074 115
1738822563417 62.77762229930297 116
1738822563434 62.62033605319216 117
1738822563452 62.46431876805499 118
1738822563470 62.309547429638144 119
1738822563484 62.155999609926006 120
1738822563502 62.0036534470293 121
1738822563521 61.85248762596348 122
1738822563536 61.7024813602702 123
1738822563553 61.55361437443774 124
1738822563574 61.40586688707915 125
1738822563593 61.259219594829155 126
1738822563619 61.113653656922914 127
1738822563634 60.96915068042228 128
1738822563654 60.82569270605675 129
1738822563672 60.683262194648286 130
1738822563692 60.54184201409122 131
1738822563708 60.40141542685959 132
1738822563728 60.261966078016016 133
1738822563749 60.12347798369787 134
1738822563768 59.985935520057446 135
1738822563785 59.849323412634426 136
1738822563803 59.713626726139786 137
1738822563823 59.578830854631974 138
1738822563838 59.44492151206656 139
1738822563854 59.31188472320192 140
1738822563874 59.17970681484465 141
1738822563888 59.04837440741872 142
1738822563904 58.91787440684376 143
1738822563919 58.78819399670816 144
1738822563935 58.65932063072404 145
1738822563953 58.53124202545097 146
1738822563969 58.40394615327689 147
1738822563990 58.2774212356445 148
1738822564008 58.15165573651262 149
1738822564040 58.02663835604207 150
1738822564056 57.902358024496436 151
1738822564075 57.778803896348535 152
1738822564092 57.65596534458364 153
1738822564108 57.53383195519135 154
1738822564128 57.41239352183797 155
1738822564145 57.29164004071203 156
1738822564163 57.17156170553569 157
1738822564178 57.05214890273523 158
1738822564197 56.9333922067642 159
1738822564214 56.81528237557299 160
1738822564232 56.697810346218915 161
1738822564262 56.580967230611385 162
1738822564276 56.464744311386625 163
1738822564288 56.34913303790701 164
1738822564301 56.23412502238012 165
1738822564314 56.11971203609291 166
1738822564327 56.0058860057566 167
1738822564343 55.89263900995811 168
1738822564355 55.779963275713925 169
1738822564372 55.667851175122834 170
1738822564387 55.5562952221135 171
1738822564402 55.44528806928378 172
1738822564415 55.33482250482821 173
1738822564429 55.22489144955049 174
1738822564444 55.11548795395816 175
1738822564464 55.006605195436215 176
1738822564479 54.89823647549718 177
1738822564496 54.790375217104796 178
1738822564512 54.683014962068945 179
1738822564526 54.5761493685092 180
1738822564543 54.46977220838469 181
1738822564565 54.363877365088335 182
1738822564579 54.2584588311029 183
1738822564600 54.15351070571704 184
1738822564617 54.04902719279941 185
1738822564635 53.945002598628875 186
1738822564656 53.84143132977897 187
1738822564677 53.73830789105499 188
1738822564696 53.635626883482 189
1738822564717 53.533383002342184 190
1738822564733 53.43157103525987 191
1738822564752 53.330185860333025 192
1738822564766 53.22922244430955 193
1738822564783 53.12867584080714 194
1738822564798 53.02854118857537 195
1738822564814 52.92881370979876 196
1738822564827 52.82948870843964 197
1738822564840 52.73056156861957 198
1738822564853 52.632027753038216 199
1738822564867 52.53388280142871 200
1738822564884 52.43612232904834 201
1738822564900 52.33874202520346 202
1738822564919 52.24173765180811 203
1738822564934 52.14510504197469 204
1738822564950 52.04884009863659 205
1738822564968 51.95293879320121 206
1738822564986 51.85739716423307 207
1738822565002 51.76221131616574 208
1738822565022 51.667377418042264 209
1738822565039 51.572891702283044 210
1738822565053 51.478750463480374 211
1738822565069 51.3849500572193 212
1738822565087 51.2914868989237 213
1738822565101 51.19835746272721 214
1738822565117 51.10555828036825 215
1738822565131 51.01308594010857 216
1738822565154 50.92093708567467 217
1738822565175 50.829108415221555 218
1738822565193 50.737596680318326 219
1738822565207 50.64639868495496 220
1738822565223 50.555511284569725 221
1738822565239 50.46493138509697 222
1738822565257 50.37465594203443 223
1738822565274 50.28468195953 224
1738822565289 50.19500648948699 225
1738822565309 50.10562663068797 226
1738822565325 50.01653952793637 227
1738822565342 49.92774237121546 228
1738822565357 49.839232394864624 229
1738822565377 49.75100687677208 230
1738822565390 49.66306313758395 231
1738822565405 49.575398539929175 232
1738822565422 49.48801048766005 233
1738822565436 49.400896425107796 234
1738822565458 49.31405383635311 235
1738822565476 49.22748024451106 236
1738822565491 49.14117321103021 237
1738822565512 49.055130335005614 238
1738822565529 48.96934925250532 239
1738822565545 48.883827635910045 240
1738822565560 48.79856319326591 241
1738822565575 48.7135536676498 242
1738822565590 48.62879683654696 243
1738822565606 48.5442905112409 244
1738822565623 48.46003253621509 245
1738822565635 48.37602078856613 246
1738822565648 48.29225317742836 247
1738822565661 48.20872764340958 248
1738822565674 48.125442158037586 249
1738822565687 48.04239472321727 250
1738822565702 47.95958337069831 251
1738822565719 47.877006161552764 252
1738822565734 47.79466118566287 253
1738822565749 47.71254656121851 254
1738822565768 47.630660434224154 255
1738822565783 47.54900097801532 256
1738822565800 47.467566392783986 257
1738822565817 47.38635490511314 258
1738822565834 47.305364767519976 259
1738822565849 47.22459425800784 260
1738822565865 47.14404167962644 261
1738822565884 47.06370536004039 262
1738822565899 46.98358365110582 263
1738822565912 46.9036749284549 264
1738822565926 46.823977591088116 265
1738822565942 46.74449006097412 266
1738822565955 46.66521078265711 267
1738822565968 46.586138222871334 268
1738822565981 46.50727087016289 269
1738822565994 46.42860723451853 270
1738822566009 46.350145847001194 271
1738822566025 46.271885259392384 272
1738822566038 46.193824043841104 273
1738822566055 46.115960792519175 274
1738822566070 46.03829411728309 275
1738822566084 45.960822649341786 276
1738822566101 45.88354503893075 277
1738822566122 45.806459954991915 278
1738822566135 45.72956608485955 279
1738822566150 45.652862133951714 280
1738822566169 45.57634682546747 281
1738822566190 45.50001890008957 282
1738822566203 45.42387711569242 283
1738822566216 45.34792024705557 284
1738822566230 45.27214708558214 285
1738822566244 45.196556439022594 286
1738822566261 45.12114713120322 287
1738822566277 45.04591800175983 288
1738822566294 44.970867905875934 289
1738822566309 44.89599571402587 290
1738822566324 44.821300311722425 291
1738822566343 44.746780599269016 292
1738822566362 44.672435491516325 293
1738822566399 44.59826391762329 294
1738822566416 44.524264820822324 295
1738822566437 44.45043715818877 296
1738822566453 44.376779900414505 297
1738822566473 44.3032920315854 298
1738822566493 44.22997254896305 299
1738822566511 44.156820462770014 300
1738822566525 44.083834795979165 301
1738822566538 44.01101458410664 302
1738822566555 43.93835887500841 303
1738822566568 43.86586672868057 304
1738822566583 43.79353721706308 305
1738822566598 43.721369423846944 306
1738822566615 43.64936244428489 307
1738822566633 43.577515385005235 308
1738822566652 43.50582736382912 309
1738822566669 43.434297509591 310
1738822566687 43.362924961962115 311
1738822566703 43.29170887127719 312
1738822566724 43.220648398364126 313
1738822566743 43.14974271437668 314
1738822566759 43.07899100062999 315
1738822566781 43.008392448439125 316
1738822566797 42.93794625896023 317
1738822566814 42.86765164303465 318
1738822566832 42.79750782103556 319
1738822566848 42.72751402271749 320
1738822566867 42.657669487068176 321
1738822566885 42.58797346216322 322
1738822566905 42.51842520502312 323
1738822566921 42.44902398147285 324
1738822566937 42.37976906600376 325
1738822566955 42.31065974163799 326
1738822566975 42.24169529979511 327
1738822566997 42.172875040161095 328
1738822567013 42.10419827055951 329
1738822567029 42.03566430682502 330
1738822567048 41.96727247267884 331
1738822567064 41.89902209960667 332
1738822567078 41.83091252673827 333
1738822567101 41.762943100729515 334
1738822567120 41.69511317564609 335
1738822567137 41.62742211284959 336
1738822567153 41.55986928088501 337
1738822567168 41.49245405537074 338
1738822567190 41.425175818889926 339
1738822567204 41.35803396088399 340
1738822567222 41.29102787754782 341
1738822567235 41.224156971726714 342
1738822567254 41.157420652815205 343
1738822567269 41.09081833665743 344
1738822567284 41.024349445449204 345
1738822567305 40.95801340764191 346
1738822567317 40.89180965784774 347
1738822567334 40.82573763674679 348
1738822567349 40.75979679099547 349
1738822567370 40.69398657313666 350
1738822567385 40.62830644151125 351
1738822567398 40.562755860171166 352
1738822567416 40.49733429879389 353
1738822567429 40.432041232598365 354
1738822567444 40.36687614226234 355
1738822567459 40.301838513841076 356
1738822567474 40.236927838687386 357
1738822567496 40.17214361337299 358
1738822567515 40.10748533961124 359
1738822567535 40.04295252418105 360
1738822567563 39.97854467885214 361
1738822567577 39.91426132031152 362
1738822567595 39.85010197009103 363
1738822567618 39.786066154496396 364
1738822567636 39.7221534045371 365
1738822567655 39.65836325585769 366
1738822567667 39.59469524866997 367
1738822567682 39.5311489276865 368
1738822567700 39.467723842055165 369
1738822567718 39.40441954529463 370
1738822567733 39.34123559523109 371
1738822567749 39.27817155393587 372
1738822567766 39.21522698766422 373
1738822567781 39.15240146679487 374
1738822567798 39.089694565770834 375
1738822567812 39.02710586304096 376
1738822567826 38.96463494100252 377
1738822567845 38.90228138594481 378
1738822567862 38.84004478799345 379
1738822567879 38.77792474105583 380
1738822567901 38.715920842767225 381
1738822567921 38.654032694437966 382
1738822567938 38.5922599010013 383
1738822567952 38.5306020709622 384
1738822567978 38.46905881634695 385
1738822567994 38.407629752653555 386
1738822568015 38.346314498802904 387
1738822568033 38.285112677090815 388
1738822568050 38.22402391314072 389
1738822568064 38.16304783585722 390
1738822568081 38.10218407738031 391
1738822568097 38.04143227304036 392
1738822568118 37.98079206131377 393
1738822568133 37.92026308377947 394
1738822568150 37.85984498507588 395
1738822568166 37.799537412858776 396
1738822568184 37.73934001775967 397
1738822568200 37.679252453344986 398
1738822568217 37.61927437607572 399
1738822568233 37.55940544526786 400
1738822568248 37.4996453230534 401
1738822568264 37.439993674341906 402
1738822568282 37.380450166782815 403
1738822568296 37.32101447072818 404
1738822568313 37.26168625919615 405
1738822568329 37.20246520783487 406
1738822568344 37.14335099488703 407
1738822568360 37.08434330115496 408
1738822568379 37.02544180996631 409
1738822568395 36.96664620714017 410
1738822568413 36.90795618095379 411
1738822568427 36.84937142210978 412
1738822568443 36.79089162370386 413
1738822568465 36.732516481193066 414
1738822568479 36.67424569236451 415
1738822568499 36.616078957304474 416
1738822568514 36.55801597836826 417
1738822568540 36.50005646015018 418
1738822568559 36.44220010945424 419
1738822568575 36.38444663526521 420
1738822568586 36.326795748720095 421
1738822568604 36.26924716308005 422
1738822568620 36.21180059370285 423
1738822568642 36.15445575801559 424
1738822568663 36.097212375487956 425
1738822568681 36.04007016760582 426
1738822568702 35.98302885784528 427
1738822568717 35.92608817164703 428
1738822568736 35.869247836391274 429
1738822568753 35.81250758137283 430
1738822568767 35.75586713777671 431
1738822568783 35.69932623865409 432
1738822568798 35.642884618898606 433
1738822568814 35.58654201522301 434
1738822568829 35.53029816613618 435
1738822568849 35.474152811920476 436
1738822568865 35.41810569460948 437
1738822568882 35.36215655796602 438
1738822568897 35.306305147460485 439
1738822568914 35.25055121024961 440
1738822568930 35.19489449515542 441
1738822568946 35.13933475264456 442
1738822568964 35.083871734807985 443
1738822568978 35.02850519534085 444
1738822568997 34.97323488952276 445
1738822569011 34.91806057419831 446
1738822569024 34.8629820077579 447
1738822569042 34.80799895011886 448
1738822569056 34.75311116270681 449
1738822569069 34.69831840843736 450
1738822569083 34.643620451698 451
1738822569097 34.58901705833035 452
1738822569112 34.53450799561257 453
1738822569128 34.48009303224216 454
1738822569147 34.42577193831885 455
1738822569164 34.371544485327895 456
1738822569179 34.317410446123496 457
1738822569198 34.26336959491256 458
1738822569224 34.20942170723864 459
1738822569239 34.1555665599661 460
1738822569254 34.10180393126456 461
1738822569274 34.04813360059356 462
1738822569289 33.99455534868738 463
1738822569304 33.94106895754016 464
1738822569322 33.887674210391204 465
1738822569342 33.83437089171052 466
1738822569362 33.7811587871845 467
1738822569376 33.72803768370191 468
1738822569388 33.67500736933999 469
1738822569401 33.622067633350795 470
1738822569415 33.569218266147786 471
1738822569428 33.516459059292465 472
1738822569441 33.46378980548137 473
1738822569455 33.41121029853317 474
1738822569469 33.35872033337591 475
1738822569482 33.30631970603457 476
1738822569509 33.25400821361863 477
1738822569524 33.20178565430995 478
1738822569539 33.149651827350766 479
1738822569554 33.09760653303187 480
1738822569568 33.045649572680915 481
1738822569584 32.99378074865094 482
1738822569599 32.94199986430909 483
1738822569616 32.890306724025365 484
1738822569630 32.83870113316166 485
1738822569644 32.78718289806089 486
1738822569667 32.73575182603629 487
1738822569688 32.68440772536086 488
1738822569728 32.63315040525697 489
1738822569746 32.581979675886075 490
1738822569760 32.53089534833863 491
1738822569773 32.479897234624104 492
1738822569786 32.42898514766115 493
1738822569800 32.37815890126789 494
1738822569813 32.32741831015237 495
1738822569826 32.276763189903136 496
1738822569839 32.22619335697992 497
1738822569852 32.17570862870449 498
1738822569864 32.12530882325159 499
