1738825120695 157.29625603549667 0
1738825120737 177.882817019154 1
1738825120780 155.650692681608 2
1738825120821 184.55486292693072 3
1738825120862 200.46264138387934 4
1738825120935 180.39953648581115 5
1738825120978 158.562838333634 6
1738825121020 172.9476832351313 7
1738825121063 156.29690586117968 8
1738825121105 220.94657898603378 9
1738825121146 162.12294593473115 10
1738825121187 147.5720668144091 11
1738825121228 195.11714428668006 12
1738825121268 165.3018229846331 13
1738825121310 173.51685319009087 14
1738825121351 155.59397713507218 15
1738825121391 133.62839975060868 16
1738825121433 175.6442548487882 17
1738825121474 160.39961078123054 18
1738825121515 164.570452467584 19
1738825121556 163.61459277496436 20
1738825121596 184.86635456093214 21
1738825121637 167.27131701983942 22
1738825121677 171.97083077410053 23
1738825121718 171.98175009345243 24
1738825121760 179.0080730398336 25
1738825121800 164.4373031929736 26
1738825121841 171.93372220455163 27
1738825121881 143.73057863238003 28
1738825121922 154.78790769879362 29
1738825121963 166.927655620659 30
1738825122003 171.08739654355747 31
1738825122043 144.85254727628526 32
1738825122083 153.82835206558437 33
1738825122124 171.9832921719982 34
1738825122164 166.3165017405289 35
1738825122204 158.35894340618117 36
1738825122245 165.84529036781453 37
1738825122286 170.7847431779221 38
1738825122326 165.98734444100606 39
1738825122367 165.03814013098918 40
1738825122408 123.0990403731597 41
1738825122449 154.19018949831158 42
1738825122490 145.12334869227115 43
1738825122530 153.52037196106204 44
1738825122570 182.30572171938772 45
1738825122611 170.02311317675253 46
1738825122652 173.07637876112028 47
1738825122692 159.0382316476442 48
1738825122733 166.58074973741043 49
1738825122773 156.77764600087056 50
1738825122813 152.9982030608432 51
1738825122854 167.22550628715766 52
1738825122894 173.85387588026683 53
1738825122935 173.0555945845105 54
1738825122975 157.4566491774688 55
1738825123016 166.6548103863802 56
1738825123057 153.79905569600209 57
1738825123098 169.47010791721914 58
1738825123139 174.8719932529656 59
1738825123180 160.8588015350288 60
1738825123221 175.73632053493327 61
1738825123261 170.0899072839609 62
1738825123302 167.92262033180697 63
1738825123343 177.91640935706138 64
1738825123384 162.74875183355897 65
1738825123424 156.81695000540915 66
1738825123465 152.89797184860004 67
1738825123505 142.02048623588198 68
1738825123546 153.69878224738227 69
1738825123587 175.53591576585433 70
1738825123628 177.71313031114218 71
1738825123668 183.01485226243653 72
1738825123709 161.38216393907308 73
1738825123752 162.94752444770137 74
1738825123794 196.66231384556977 75
1738825123834 160.92080220403687 76
1738825123875 172.76651816901068 77
1738825123918 190.12384934762176 78
1738825123959 174.68316441247987 79
1738825124000 220.22367254756526 80
1738825124040 169.46124618853062 81
1738825124081 174.1852156413276 82
1738825124121 218.8170869130041 83
1738825124162 160.91996602795257 84
1738825124202 159.02157296630278 85
1738825124244 162.54426515648964 86
1738825124284 193.55643873103162 87
1738825124326 164.937841806224 88
1738825124366 154.05008198576115 89
1738825124407 158.95489376745132 90
1738825124448 161.9242616467702 91
1738825124488 154.38821230343572 92
1738825124529 170.22465881838804 93
1738825124573 147.55552807761012 94
1738825124620 189.47706263269305 95
1738825124664 171.64932310983028 96
1738825124705 170.84715081687756 97
1738825124747 154.51841516350763 98
1738825124787 190.3988573708557 99
1738825124827 161.03238354589521 100
1738825124868 156.35211553044087 101
1738825124909 176.85223879290362 102
1738825124950 183.9285871920656 103
1738825124990 170.14473841124845 104
1738825125031 213.27345894081566 105
1738825125072 170.99348503120015 106
1738825125117 139.99472940135598 107
1738825125161 153.1106226349947 108
1738825125204 172.72574600401134 109
1738825125247 151.9715556868658 110
1738825125288 147.13050821177325 111
1738825125331 176.88427415802067 112
1738825125372 186.56891638603923 113
1738825125413 151.3785024234897 114
1738825125454 169.70416976583667 115
1738825125495 228.07087051744915 116
1738825125535 202.72073370788146 117
1738825125576 163.14842608019194 118
1738825125617 174.97060995683984 119
1738825125658 150.01364244839522 120
1738825125700 175.02226213751055 121
1738825125740 128.54140598139165 122
1738825125781 167.6210678766071 123
1738825125821 172.42341189738386 124
1738825125862 177.2708998197395 125
1738825125902 172.1081438089992 126
1738825125945 169.6220587165999 127
1738825125986 145.51546513975904 128
1738825126027 179.14689167608262 129
1738825126067 162.32111234457304 130
1738825126108 185.94209007375716 131
1738825126148 188.84795893257206 132
1738825126190 178.6019107347496 133
1738825126232 164.72306339996223 134
1738825126272 168.22134597067108 135
1738825126313 188.96584597726223 136
1738825126353 177.66430867410878 137
1738825126394 168.6292597685234 138
1738825126434 177.79627994029445 139
1738825126475 156.7832345537156 140
1738825126515 196.8029862811259 141
1738825126556 169.88356509815563 142
1738825126596 169.1288224763922 143
1738825126637 160.87577002623 144
1738825126677 170.57440190262815 145
1738825126718 171.84889615220362 146
1738825126759 174.2733733623843 147
1738825126800 143.12680881401297 148
1738825126842 169.84302654011918 149
1738825126883 188.71340719716392 150
1738825126923 156.10615582507373 151
1738825126964 166.81244778578764 152
1738825127004 168.9210486248584 153
1738825127045 165.7309294739315 154
1738825127085 178.1844950367033 155
1738825127126 172.41591124171367 156
1738825127166 190.3513874178272 157
1738825127207 174.4267491024514 158
1738825127247 163.59379974944562 159
1738825127289 160.57482234069414 160
1738825127331 165.67628950480412 161
1738825127372 163.54353275532876 162
1738825127412 163.46922428629972 163
1738825127453 159.75726368907084 164
1738825127494 174.3255188998391 165
1738825127534 181.25801480732395 166
1738825127575 167.12426290196564 167
1738825127616 173.1805457831175 168
1738825127656 184.40066231280238 169
1738825127698 160.99973311088377 170
1738825127739 164.746437141233 171
1738825127779 174.28879457245546 172
1738825127821 164.4122053359915 173
1738825127862 168.43775049159828 174
1738825127903 163.81247632490653 175
1738825127943 141.80387404794192 176
1738825127984 162.47585086527755 177
1738825128025 173.35898730456694 178
1738825128065 148.29551811424767 179
1738825128105 177.37291996490578 180
1738825128146 158.35923161195734 181
1738825128188 145.2833672186632 182
1738825128228 150.4208857587258 183
1738825128268 175.58290926715972 184
1738825128309 173.3474373514976 185
1738825128349 183.32553903126046 186
1738825128389 161.30220557874694 187
1738825128429 153.65621150551132 188
1738825128470 181.23329127070207 189
1738825128510 154.7877713061242 190
1738825128551 164.90178752698952 191
1738825128591 159.23125210970917 192
1738825128632 200.72545801592437 193
1738825128673 164.41477561004055 194
1738825128714 153.4754624667931 195
1738825128754 241.8844294463739 196
1738825128795 224.81227964120785 197
1738825128837 160.13760671362397 198
1738825128877 205.10015452794798 199
1738825128918 166.29868771825534 200
1738825128958 174.71666231270328 201
1738825128998 176.6752275138859 202
1738825129039 163.33641555847046 203
1738825129079 156.23166043146693 204
1738825129120 186.26855860141487 205
1738825129160 186.63196208208828 206
1738825129200 182.76558902051076 207
1738825129241 173.0980156912262 208
1738825129283 162.57370096678778 209
1738825129327 169.28667151178394 210
1738825129371 165.9511877337647 211
1738825129412 158.1344149170902 212
1738825129453 170.4876679378507 213
1738825129494 155.51929962821444 214
1738825129535 147.12407009382446 215
1738825129575 153.2284408029611 216
1738825129616 167.68158192089192 217
1738825129657 157.86835877028895 218
1738825129698 207.35213582727377 219
1738825129739 189.9947698448969 220
1738825129780 169.02890548659542 221
1738825129822 154.1051655387093 222
1738825129863 157.08631928108994 223
1738825129905 143.85238125769453 224
1738825129947 168.71659634420962 225
1738825129988 184.20650307877403 226
1738825130029 174.32505570727858 227
1738825130069 157.573763032196 228
