1738679118981 162.8170934760165 0
1738679119020 178.11346785031887 1
1738679119059 144.52864079408755 2
1738679119099 167.7344847959055 3
1738679119140 176.35729417013206 4
1738679119180 160.50328290311603 5
1738679119221 152.55301527967114 6
1738679119260 120.1916266489212 7
1738679119299 165.8512456401033 8
1738679119338 145.77868557979457 9
1738679119377 185.30455649274117 10
1738679119415 160.5070468436728 11
1738679119453 163.1822568813612 12
1738679119492 203.76956666156624 13
1738679119531 140.28883316342308 14
1738679119569 181.32329453161523 15
1738679119608 169.3735978498813 16
1738679119647 170.70575031712008 17
1738679119686 172.69923322959616 18
1738679119725 178.94410204220384 19
1738679119764 177.27403145114047 20
1738679119802 162.45979356070845 21
1738679119841 169.0501398700833 22
1738679119880 168.42483060610522 23
1738679119919 179.08019581953485 24
1738679119958 184.72275604935217 25
1738679119997 143.19678196397643 26
1738679120037 153.6953424447784 27
1738679120076 157.72078037109728 28
1738679120116 158.6224949846949 29
1738679120155 171.2460292278053 30
1738679120196 174.09608351108233 31
1738679120234 166.59681356871548 32
1738679120273 156.50047754221814 33
1738679120312 184.26479063775827 34
1738679120353 172.7606083598555 35
1738679120393 156.62080568669842 36
1738679120432 185.02202874750876 37
1738679120472 179.65688168929984 38
1738679120512 180.97726320078337 39
1738679120552 178.98275905870076 40
1738679120592 163.79305176717213 41
1738679120632 162.47637298267244 42
1738679120672 158.74565513007119 43
1738679120712 141.4633797290803 44
1738679120751 173.654965888139 45
1738679120789 167.96777378965382 46
1738679120827 164.49321564598407 47
1738679120865 177.87310736399255 48
1738679120906 187.15446014463248 49
1738679120946 184.68088448966344 50
1738679120986 166.77044662300503 51
1738679121026 182.59895779884062 52
1738679121066 183.47796761611463 53
1738679121105 177.12191912161853 54
1738679121144 172.90287174853185 55
1738679121185 140.28348898765222 56
1738679121225 183.53428586433893 57
1738679121265 166.6922631275572 58
1738679121304 173.94469443502476 59
1738679121344 174.89726618465718 60
1738679121384 186.62349812823848 61
1738679121423 182.5995093491342 62
1738679121463 176.6207302898369 63
1738679121503 183.67554586318738 64
1738679121542 159.61397854295234 65
1738679121581 171.4545791052533 66
1738679121620 179.94650564258606 67
1738679121659 172.31069383587493 68
1738679121699 192.96768971372202 69
1738679121741 178.17910686757125 70
1738679121785 192.68353648214583 71
1738679121825 182.97945224008927 72
1738679121865 178.40628865823288 73
1738679121906 184.4835350403697 74
1738679121946 176.8079931614903 75
1738679121987 200.95502787367383 76
1738679122028 154.11992240209455 77
1738679122068 138.55344267959958 78
1738679122108 170.16877829330102 79
1738679122147 170.19043760310345 80
1738679122188 164.66354393524588 81
1738679122227 176.4601216445695 82
1738679122267 156.4635518165316 83
1738679122307 169.99382727957232 84
1738679122346 194.17985663294496 85
1738679122386 120.4484910037556 86
1738679122427 184.23765528925819 87
1738679122467 135.29490416816628 88
1738679122507 174.12101135308535 89
1738679122547 156.74987862978958 90
1738679122587 174.56302652737367 91
1738679122627 172.78075688456673 92
1738679122666 177.69182842689668 93
1738679122706 198.94157113324053 94
1738679122746 156.47273548278636 95
1738679122785 165.69152873183975 96
1738679122825 172.33034553909096 97
1738679122864 169.7176081026425 98
1738679122904 142.83454910053737 99
1738679122944 161.6103593161963 100
1738679122983 171.83838759763324 101
1738679123023 190.60730478879773 102
1738679123063 151.28734891457964 103
1738679123103 165.82789642230566 104
1738679123144 190.06497735755258 105
1738679123184 169.38080981506587 106
1738679123225 173.03932570724353 107
1738679123265 216.61289561944182 108
1738679123305 181.5135992375961 109
1738679123345 165.55758936347658 110
1738679123385 171.81734349454004 111
1738679123426 187.62594401771636 112
1738679123467 183.57334193132684 113
1738679123510 200.56307880990622 114
1738679123562 170.34711773800385 115
1738679123603 167.89040764674397 116
1738679123644 180.0932364102785 117
1738679123683 172.4751305697373 118
1738679123725 155.55417928648333 119
1738679123766 146.92404420021597 120
1738679123806 172.48771691556885 121
1738679123847 165.48013265474262 122
1738679123888 84.95171211339257 123
1738679123928 149.16897164208433 124
1738679123968 167.5054937560483 125
1738679124007 168.61372427079735 126
1738679124049 128.52420327532386 127
1738679124090 162.22410281951932 128
1738679124130 159.2899320611159 129
1738679124171 185.81547709777038 130
1738679124212 182.4408842903695 131
1738679124253 166.40520308364972 132
1738679124293 172.26618872164372 133
1738679124334 144.44029804353548 134
1738679124374 173.03024887575506 135
1738679124414 160.3134681280956 136
1738679124454 187.81383541144137 137
1738679124495 162.6988458160877 138
1738679124535 204.32960463012213 139
1738679124575 178.20306659495876 140
1738679124615 173.25301662082663 141
1738679124655 148.1926922539025 142
1738679124694 164.37883765851285 143
1738679124735 214.8500704142231 144
1738679124776 134.58882381904408 145
1738679124816 189.83113982556043 146
1738679124857 185.34088678713067 147
1738679124896 185.21359433010218 148
1738679124936 164.73891520774177 149
1738679124976 181.09296429944825 150
1738679125017 170.63104910580256 151
1738679125058 172.26605589849447 152
1738679125099 179.0198763550861 153
1738679125139 182.59977458533967 154
1738679125179 136.62170809951624 155
1738679125219 172.59813257485234 156
1738679125258 176.16254125585087 157
1738679125298 161.72940857028232 158
1738679125338 170.96190375499864 159
1738679125378 190.18246530451805 160
1738679125418 147.2818798122627 161
1738679125458 184.91076422518756 162
1738679125498 166.4299594944735 163
1738679125538 156.95714855680905 164
1738679125578 175.1296470345905 165
1738679125617 162.5341410394083 166
1738679125657 180.32492068819963 167
1738679125698 170.89436191576453 168
1738679125739 181.3121809058939 169
1738679125779 160.39151374208737 170
1738679125818 169.55168747024993 171
1738679125859 171.61102661525575 172
1738679125900 168.28449792070677 173
1738679125940 167.87428483002103 174
1738679125981 184.17821155618316 175
1738679126022 195.5075611964281 176
1738679126063 178.78362485483322 177
1738679126104 156.90218552880359 178
1738679126144 192.73620740937164 179
1738679126184 137.98606726905027 180
1738679126225 198.73885116047464 181
1738679126266 172.84236101877175 182
1738679126307 178.10808202006993 183
1738679126346 174.8701713966527 184
1738679126386 176.7919241448581 185
1738679126426 179.19190390298778 186
1738679126466 151.54506698188894 187
1738679126507 152.23598561217395 188
1738679126546 155.37450870676102 189
1738679126586 140.68998190391181 190
1738679126626 194.18144513880705 191
1738679126667 173.45014512329044 192
1738679126707 157.27523063261447 193
1738679126747 182.2414703435152 194
1738679126788 179.88755899222718 195
1738679126828 174.1819666267366 196
1738679126869 154.5439353504226 197
