1738681122625 168.2289666906962 0
1738681122671 166.70104070507347 1
1738681122716 170.7627193807276 2
1738681122761 188.5495620639838 3
1738681122807 152.9373963130411 4
1738681122852 166.5179194865475 5
1738681122896 142.37180941233737 6
1738681122941 180.14593616760845 7
1738681122986 156.67307244682533 8
1738681123031 178.8534547276162 9
1738681123075 164.5521020491215 10
1738681123119 160.27761972311714 11
1738681123164 151.40732035428883 12
1738681123208 162.05877260650502 13
1738681123252 209.21261649799223 14
1738681123297 173.19608567842803 15
1738681123343 160.8207552149325 16
1738681123388 163.63160308751716 17
1738681123432 168.02554717939313 18
1738681123477 179.15998898895214 19
1738681123522 173.4768844806423 20
1738681123566 175.93318165414183 21
1738681123610 139.22487864927893 22
1738681123654 177.67865647783725 23
1738681123698 184.44706868870892 24
1738681123742 171.81719762990141 25
1738681123786 167.96894280434958 26
1738681123831 148.19038638289928 27
1738681123876 176.43148733058604 28
1738681123920 159.55570028303674 29
1738681123964 166.82911384320565 30
1738681124010 180.2841014574815 31
1738681124056 176.32824551123346 32
1738681124100 153.5047618977039 33
1738681124145 175.2076251894202 34
1738681124190 149.39114828262925 35
1738681124234 190.80167391290638 36
1738681124278 105.19271183056026 37
1738681124322 177.09021469106605 38
1738681124367 183.97294925827984 39
1738681124412 180.77676262324158 40
1738681124457 182.59130482641424 41
1738681124501 179.67047194684613 42
1738681124545 169.81776764760897 43
1738681124590 162.9546038811522 44
1738681124634 165.29810133568398 45
1738681124679 158.96616053437577 46
1738681124723 162.88055568111423 47
1738681124767 184.03907217685057 48
1738681124812 168.10369655577946 49
1738681124856 173.37746162346826 50
1738681124901 147.52172479281052 51
1738681124946 176.17772900669178 52
1738681124990 179.30626866261036 53
1738681125034 142.78749811351761 54
1738681125077 171.07257467205557 55
1738681125122 166.8185771001944 56
1738681125166 163.73071480940717 57
1738681125210 178.3015238719812 58
1738681125255 178.0101983430434 59
1738681125300 185.59951787338244 60
1738681125346 150.97368899340447 61
1738681125390 150.5579657355361 62
1738681125434 176.2774997201195 63
1738681125479 158.87095679270436 64
1738681125523 173.35936452118318 65
1738681125568 182.04441204806818 66
1738681125612 159.73961613517872 67
1738681125657 161.32483967575968 68
1738681125701 181.47024618207783 69
1738681125746 172.19215242942897 70
1738681125790 157.42395254770918 71
1738681125834 174.36768316144716 72
1738681125878 149.837662980435 73
1738681125922 163.0208485882741 74
1738681125967 162.70085949554493 75
1738681126011 176.45966155342919 76
1738681126058 159.27689961409044 77
1738681126102 199.85178710030843 78
1738681126146 182.6255155975413 79
1738681126190 163.13247003452915 80
1738681126235 176.0635648391109 81
1738681126278 154.5499928474081 82
1738681126322 161.29372510005473 83
1738681126366 169.37556490474083 84
1738681126411 156.02185198578022 85
1738681126456 180.08440959223933 86
1738681126501 153.62823966032573 87
1738681126545 138.26027271199342 88
1738681126590 184.6691970413174 89
1738681126635 175.07857937130976 90
1738681126680 155.073870034646 91
1738681126724 170.39330059084975 92
1738681126768 147.1695037878092 93
1738681126813 179.419299775647 94
1738681126857 163.9910695219517 95
1738681126901 149.3085241422525 96
1738681126945 182.42103639171467 97
1738681126990 153.8787252754974 98
1738681127034 176.53040803040736 99
1738681127080 151.2232269273717 100
1738681127124 152.0764548175802 101
1738681127168 174.97245627293245 102
1738681127212 170.26124751904726 103
1738681127257 168.33498851757676 104
1738681127301 164.76402357696878 105
1738681127346 171.7076232668696 106
1738681127390 179.42753948544538 107
1738681127435 168.0337630453386 108
1738681127479 158.91077835294317 109
1738681127523 158.54683975446068 110
1738681127567 151.9682391033346 111
1738681127611 180.1542808695401 112
1738681127655 181.66797622390894 113
1738681127699 179.6914776445611 114
1738681127743 164.12244733702423 115
1738681127788 162.17742887935736 116
1738681127832 146.76419327524195 117
1738681127876 165.0368461330715 118
1738681127921 159.59319426700708 119
1738681127965 151.57334159112403 120
1738681128009 184.82736215265544 121
1738681128053 150.09596583360047 122
1738681128098 164.25988790802654 123
1738681128143 196.5641253196167 124
1738681128188 133.100067135171 125
1738681128232 165.78732727892657 126
1738681128276 161.35325610195042 127
1738681128321 159.94253490599866 128
1738681128365 162.68666851784474 129
1738681128409 160.35531778250598 130
1738681128453 168.31905444857122 131
1738681128497 126.07964438148203 132
1738681128541 184.2358944346405 133
1738681128586 177.79426057398456 134
1738681128630 183.82720676617132 135
1738681128675 176.13534345824488 136
1738681128719 166.03012894563355 137
1738681128763 161.25584353936708 138
1738681128808 201.65491660670685 139
1738681128852 166.1328058971559 140
1738681128895 192.3537828990181 141
1738681128939 177.30294821337938 142
1738681128984 161.10569460113172 143
1738681129028 179.38257424473616 144
1738681129072 225.02155530583565 145
1738681129116 178.72929181635186 146
1738681129161 190.73097065524757 147
1738681129206 180.754389763778 148
1738681129250 161.99144136632404 149
1738681129296 152.01334399456468 150
1738681129340 160.92352704098894 151
1738681129384 181.3289817194692 152
1738681129428 186.3799629650265 153
1738681129473 179.95104949549452 154
1738681129517 166.7662329428995 155
1738681129562 169.00349920351232 156
1738681129606 150.33434248554613 157
1738681129650 169.74346151453904 158
1738681129694 199.40934925284353 159
1738681129739 162.96469138760074 160
1738681129784 190.68236847718137 161
1738681129828 174.02927150078838 162
1738681129872 170.65595502260908 163
1738681129916 161.71454316550316 164
1738681129961 154.94573968328967 165
1738681130005 176.30458623557234 166
1738681130050 150.10640400018488 167
1738681130094 150.24367081278098 168
1738681130138 159.6522205616077 169
1738681130182 187.70755322340094 170
1738681130226 175.72611722540685 171
1738681130272 173.67492972495646 172
1738681130316 119.59651917996187 173
1738681130361 188.782565717762 174
1738681130406 161.05997183831155 175
1738681130452 153.45053592247515 176
1738681130496 200.91960471148388 177
1738681130540 195.12303820537005 178
1738681130584 128.32581867617617 179
1738681130629 170.0477324710901 180
1738681130673 141.80699330954155 181
1738681130719 182.51193408162086 182
1738681130763 168.57261688237287 183
1738681130807 171.54449303746694 184
1738681130852 174.52020558414156 185
1738681130896 189.0627319877315 186
1738681130940 176.56975161051514 187
1738681130984 154.80950745477156 188
1738681131028 182.9904119862241 189
1738681131073 166.71187771734276 190
1738681131116 190.97476712243693 191
1738681131160 172.15648971920498 192
1738681131205 177.44146684568742 193
1738681131249 202.12928168373736 194
1738681131294 176.28207177672704 195
1738681131340 163.40665912882827 196
1738681131384 164.7670303669593 197
1738681131429 130.8506914400686 198
1738681131472 164.21826220413502 199
1738681131517 143.72828239812986 200
1738681131561 183.98652299616182 201
1738681131605 178.0264961875016 202
1738681131649 170.7110695378143 203
1738681131694 176.84603535441798 204
1738681131738 179.80006916025505 205
1738681131782 182.61393625939937 206
1738681131826 188.89885848153193 207
1738681131871 180.5186260486621 208
1738681131916 124.70633219051413 209
1738681131960 164.39887702925827 210
1738681132004 177.60344308854036 211
1738681132049 147.8495339213876 212
1738681132098 181.13294330085296 213
1738681132147 147.56324988786972 214
1738681132195 179.30010960393412 215
1738681132244 189.20682033587917 216
1738681132294 183.34589940454546 217
1738681132342 189.43408344380444 218
1738681132389 159.48458393631458 219
1738681132438 161.57580194632018 220
1738681132486 177.27655326454558 221
1738681132533 169.33602536528792 222
1738681132582 175.29142613727475 223
1738681132631 172.16989497884845 224
1738681132679 168.81885328720097 225
1738681132728 184.13476532600944 226
1738681132777 106.93428243869005 227
1738681132825 166.54688993971558 228
1738681132874 150.6747886186216 229
1738681132923 168.7208405814474 230
1738681132971 178.48487892774614 231
1738681133019 170.42267719746812 232
1738681133068 182.83374594892354 233
1738681133116 165.84036044062333 234
1738681133164 159.87582675148417 235
1738681133212 183.83999476945596 236
1738681133261 178.72351926544349 237
1738681133310 158.7128274187844 238
1738681133357 154.29959116072374 239
1738681133406 145.84728568979523 240
1738681133454 144.9590270813585 241
1738681133502 159.11570698475123 242
1738681133551 177.5812699115722 243
1738681133599 173.2326211312695 244
1738681133648 166.268342152636 245
1738681133697 133.99716176019967 246
1738681133745 164.35176789574848 247
1738681133790 179.3189563124911 248
1738681133835 153.81929967258174 249
1738681133880 171.24400765185746 250
1738681133924 179.67024477473473 251
1738681133969 183.40035852730608 252
1738681134014 173.06462923813783 253
1738681134058 171.32902443350125 254
1738681134103 165.18702167907836 255
1738681134147 177.98944981350485 256
1738681134192 194.79897670457726 257
1738681134236 160.94876404677316 258
1738681134280 172.56226816597123 259
1738681134325 173.65582114664187 260
1738681134369 139.20709989632343 261
1738681134413 169.31494586117466 262
1738681134458 166.55637790289612 263
1738681134503 167.16007045266676 264
