1738678339343 168.31035537616228 0
1738678339367 168.2940470674325 1
1738678339386 168.263071210004 2
1738678339495 168.2189126424287 3
1738678339608 168.16291431163222 4
1738678339671 168.096290191902 5
1738678339730 168.02013714950374 6
1738678339784 167.93544581397168 7
1738678339803 167.84311051931076 8
1738678339819 167.74393837876983 9
1738678339846 167.63865755596535 10
1738678339868 167.52792479331512 11
1738678339912 167.41233225627394 12
1738678339941 167.29241374896142 13
1738678339977 167.16865035361118 14
1738678340007 167.0414755429772 15
1738678340023 166.9112798115043 16
1738678340036 166.77841486777922 17
1738678340054 166.643197427573 18
1738678340067 166.50591264370902 19
1738678340084 166.36681720605856 20
1738678340100 166.22614214219976 21
1738678340119 166.0840953466806 22
1738678340158 165.94086386440466 23
1738678340183 165.79661595140917 24
1738678340211 165.65150293422505 25
1738678340244 165.50566088708916 26
1738678340267 165.35921214451474 27
1738678340286 165.212266665109 28
1738678340309 165.06492326104342 29
1738678340347 164.91727070623207 30
1738678340367 164.76938873503636 31
1738678340382 164.621348942192 32
1738678340397 164.4732155936317 33
1738678340413 164.32504635694687 34
1738678340431 164.17689295938933 35
1738678340448 164.02880178054917 36
1738678340466 163.88081438615117 37
1738678340484 163.7329680087855 38
1738678340507 163.58529598082006 39
1738678340525 163.43782812422813 40
1738678340548 163.29059110160048 41
1738678340571 163.14360873219223 42
1738678340591 162.9969022764744 43
1738678340608 162.85049069231934 44
1738678340626 162.7043908656389 45
1738678340647 162.55861781801713 46
1738678340670 162.4131848936254 47
1738678340696 162.26810392748382 48
1738678340717 162.12338539692593 49
1738678340732 161.97903855794092 50
1738678340751 161.83507156790034 51
1738678340773 161.69149159602674 52
1738678340791 161.5483049228271 53
1738678340809 161.40551702959183 54
1738678340829 161.2631326789505 55
1738678340857 161.121155987377 56
1738678340878 160.97959049044752 57
1738678340905 160.83843920157582 58
1738678340939 160.69770466487535 59
1738678340961 160.55738900273687 60
1738678340985 160.41749395864798 61
1738678341006 160.27802093572998 62
1738678341033 160.13897103142108 63
1738678341049 160.00034506868914 64
1738678341070 159.86214362412258 65
1738678341099 159.72436705321005 66
1738678341139 159.5870155130908 67
1738678341156 159.4500889830275 68
1738678341172 159.31358728283053 69
1738678341190 159.17751008943688 70
1738678341216 159.04185695182983 71
1738678341236 158.90662730446374 72
1738678341256 158.77182047934443 73
1738678341280 158.63743571689912 74
1738678341296 158.50347217575717 75
1738678341330 158.36992894155006 76
1738678341350 158.2368050348296 77
1738678341369 158.10409941819117 78
1738678341446 157.97181100268298 79
1738678341483 157.8399386535715 80
1738678341511 157.7084811955284 81
1738678341536 157.577437417296 82
1738678341566 157.4468060758841 83
1738678341775 157.31658590034456 84
1738678341796 157.18677559516632 85
1738678341828 157.05737384332815 86
1738678341865 156.92837930904423 87
1738678341896 156.7997906402323 88
1738678341942 156.67160647073337 89
1738678341970 156.54382542230624 90
1738678342009 156.41644610642112 91
1738678342033 156.28946712587089 92
1738678342062 156.1628870762193 93
1738678342086 156.03670454710195 94
1738678342127 155.91091812339485 95
1738678342144 155.78552638626397 96
1738678342164 155.66052791410726 97
1738678342190 155.5359212834007 98
1738678342216 155.41170506945687 99
1738678342237 155.28787784710607 100
1738678342258 155.1644381913065 101
1738678342278 155.04138467769158 102
1738678342302 154.91871588306012 103
1738678342317 154.79643038581548 104
1738678342334 154.67452676635835 105
1738678342350 154.55300360743826 106
1738678342368 154.4318594944674 107
1738678342392 154.3110930158016 108
1738678342411 154.19070276299007 109
1738678342434 154.07068733099908 110
1738678342459 153.9510453184101 111
1738678342486 153.83177532759672 112
1738678342517 153.7128759648813 113
1738678342544 153.59434584067418 114
1738678342580 153.47618356959654 115
1738678342676 153.3583877705891 116
1738678342730 153.2409570670076 117
1738678342780 153.123890086707 118
1738678342835 153.0071854621148 119
1738678342882 152.89084183029505 120
1738678342899 152.77485783300432 121
1738678342916 152.65923211673922 122
1738678342933 152.54396333277776 123
1738678342948 152.4290501372144 124
1738678342962 152.3144911909893 125
1738678342977 152.20028515991282 126
1738678342993 152.08643071468572 127
1738678343010 151.9729265309149 128
1738678343030 151.859771289126 129
1738678343051 151.7469636747724 130
1738678343074 151.63450237824156 131
1738678343125 151.52238609485866 132
1738678343143 151.41061352488782 133
1738678343165 151.29918337353158 134
1738678343182 151.18809435092794 135
1738678343199 151.07734517214615 136
1738678343226 150.96693455718088 137
1738678343250 150.85686123094504 138
1738678343268 150.74712392326137 139
1738678343287 150.63772136885288 140
1738678343304 150.52865230733252 141
1738678343324 150.41991548319183 142
1738678343340 150.3115096457889 143
1738678343360 150.20343354933564 144
1738678343387 150.0956859528845 145
1738678343402 149.98826562031434 146
1738678343419 149.88117132031638 147
1738678343436 149.7744018263792 148
1738678343451 149.6679559167738 149
1738678343480 149.56183237453777 150
1738678343501 149.45602998746006 151
1738678343520 149.35054754806438 152
1738678343540 149.24538385359338 153
1738678343558 149.1405377059921 154
1738678343574 149.0360079118913 155
1738678343598 148.9317932825909 156
1738678343618 148.82789263404294 157
1738678343636 148.7243047868349 158
1738678343657 148.62102856617224 159
1738678343684 148.51806280186184 160
1738678343707 148.4154063282945 161
1738678343728 148.31305798442773 162
1738678343758 148.21101661376872 163
1738678343831 148.1092810643572 164
1738678343850 148.00785018874765 165
1738678343876 147.9067228439926 166
1738678343895 147.80589789162528 167
1738678343916 147.70537419764202 168
1738678343938 147.60515063248553 169
1738678343961 147.50522607102732 170
1738678343976 147.4055993925507 171
1738678343995 147.30626948073368 172
1738678344016 147.2072352236315 173
1738678344043 147.1084955136601 174
1738678344066 147.01004924757876 175
1738678344090 146.91189532647306 176
1738678344111 146.81403265573812 177
1738678344153 146.71646014506152 178
1738678344168 146.6191767084066 179
1738678344184 146.5221812639957 180
1738678344204 146.425472734293 181
1738678344220 146.3290500459885 182
1738678344236 146.23291212998078 183
1738678344259 146.1370579213607 184
1738678344293 146.04148635939484 185
1738678344318 145.9461963875089 186
1738678344351 145.85118695327162 187
1738678344371 145.75645700837794 188
1738678344400 145.6620055086331 189
1738678344423 145.56783141393612 190
1738678344446 145.47393368826394 191
1738678344474 145.38031129965498 192
1738678344508 145.2869632201932 193
1738678344529 145.19388842599218 194
1738678344558 145.10108589717913 195
1738678344579 145.00855461787893 196
1738678344607 144.9162935761983 197
1738678344625 144.82430176421033 198
1738678344645 144.73257817793836 199
1738678344671 144.6411218173406 200
1738678344692 144.54993168629463 201
1738678344724 144.45900679258148 202
1738678344754 144.3683461478707 203
1738678344776 144.27794876770463 204
1738678344797 144.18781367148304 205
1738678344817 144.0979398824481 206
1738678344837 144.00832642766883 207
1738678344867 143.91897233802635 208
1738678344890 143.82987664819834 209
1738678344906 143.74103839664437 210
1738678344928 143.65245662559067 211
1738678344945 143.5641303810154 212
1738678344960 143.47605871263355 213
1738678344978 143.38824067388242 214
1738678344995 143.30067532190668 215
1738678345025 143.21336171754368 216
1738678345046 143.12629892530896 217
1738678345079 143.03948601338158 218
1738678345110 142.95292205358956 219
1738678345128 142.86660612139553 220
1738678345147 142.78053729588234 221
1738678345162 142.6947146597385 222
1738678345183 142.60913729924422 223
1738678345196 142.52380430425697 224
1738678345211 142.43871476819734 225
1738678345227 142.3538677880349 226
1738678345250 142.2692624642743 227
1738678345274 142.184897900941 228
1738678345293 142.10077320556755 229
1738678345319 142.01688748917965 230
1738678345342 141.93323986628218 231
1738678345362 141.84982945484558 232
1738678345383 141.766655376292 233
1738678345402 141.68371675548173 234
1738678345419 141.6010127206995 235
1738678345434 141.51854240364094 236
1738678345451 141.43630493939907 237
1738678345467 141.35429946645084 238
1738678345484 141.27252512664376 239
1738678345501 141.19098106518248 240
1738678345517 141.1096664306155 241
1738678345536 141.028580374822 242
1738678345551 140.9477220529986 243
1738678345568 140.86709062364622 244
1738678345584 140.78668524855686 245
1738678345601 140.70650509280085 246
1738678345625 140.62654932471364 247
1738678345643 140.54681711588296 248
1738678345665 140.46730764113582 249
1738678345677 140.3880200785259 250
1738678345693 140.3089536093205 251
1738678345716 140.23010741798808 252
1738678345731 140.1514806921854 253
1738678345750 140.07307262274486 254
1738678345777 139.9948824036621 255
1738678345807 139.9169092320834 256
1738678345832 139.8391523082931 257
1738678345852 139.76161083570128 258
1738678345876 139.68428402083129 259
1738678345890 139.60717107330763 260
1738678345904 139.53027120584335 261
1738678345920 139.45358363422812 262
1738678345940 139.37710757731583 263
1738678345961 139.30084225701253 264
1738678345983 139.22478689826445 265
1738678346004 139.1489407290457 266
1738678346037 139.0733029803466 267
1738678346075 138.99787288616145 268
1738678346106 138.92264968347683 269
1738678346125 138.84763261225964 270
1738678346144 138.77282091544538 271
1738678346162 138.69821383892634 272
1738678346184 138.62381063153984 273
1738678346203 138.5496105450567 274
1738678346223 138.47561283416957 275
1738678346243 138.4018167564813 276
1738678346264 138.32822157249348 277
1738678346289 138.25482654559494 278
1738678346311 138.18163094205033 279
1738678346327 138.10863403098872 280
1738678346356 138.0358350843923 281
1738678346377 137.96323337708498 282
1738678346393 137.89082818672128 283
1738678346419 137.81861879377502 284
1738678346439 137.74660448152815 285
1738678346457 137.67478453605978 286
1738678346471 137.60315824623484 287
1738678346487 137.53172490369337 288
1738678346514 137.46048380283926 289
1738678346529 137.38943424082942 290
1738678346566 137.31857551756298 291
1738678346584 137.24790693567024 292
1738678346602 137.17742780050196 293
1738678346624 137.1071374201186 294
1738678346644 137.03703510527959 295
1738678346661 136.96712016943263 296
1738678346678 136.89739192870306 297
1738678346695 136.82784970188314 298
1738678346714 136.75849281042179 299
1738678346741 136.6893205784137 300
1738678346767 136.62033233258924 301
1738678346792 136.55152740230363 302
1738678346819 136.48290511952692 303
1738678346836 136.41446481883338 304
1738678346858 136.34620583739127 305
1738678346882 136.27812751495262 306
1738678346904 136.21022919384305 307
1738678346927 136.14251021895137 308
1738678346948 136.07496993771963 309
1738678347083 136.00760770013295 310
1738678347146 135.9404228587095 311
1738678347209 135.87341476849036 312
1738678347262 135.80658278702964 313
1738678347327 135.73992627438452 314
1738678347413 135.67344459310533 315
1738678347496 135.6071371082257 316
1738678347574 135.5410031872526 317
1738678347607 135.47504220015682 318
1738678347628 135.40925351936298 319
1738678347652 135.34363651973993 320
1738678347673 135.27819057859102 321
1738678347697 135.21291507564453 322
1738678347715 135.14780939304407 323
1738678347742 135.08287291533892 324
1738678347760 135.0181050294747 325
1738678347783 134.95350512478365 326
1738678347803 134.88907259297537 327
1738678347827 134.82480682812738 328
1738678347846 134.76070722667572 329
1738678347878 134.6967731874056 330
1738678347901 134.63300411144212 331
1738678347922 134.569399402241 332
1738678347941 134.50595846557954 333
1738678347968 134.442680709547 334
1738678347991 134.379565544536 335
1738678348012 134.31661238323298 336
1738678348028 134.25382064060932 337
1738678348051 134.19118973391227 338
1738678348067 134.12871908265595 339
1738678348086 134.06640810861228 340
1738678348102 134.00425623580225 341
1738678348119 133.94226289048692 342
1738678348136 133.8804275011584 343
1738678348159 133.81874949853136 344
1738678348177 133.75722831553392 345
1738678348203 133.69586338729908 346
1738678348234 133.63465415115596 347
1738678348258 133.573600046621 348
1738678348276 133.5127005153896 349
1738678348308 133.45195500132712 350
1738678348330 133.39136295046055 351
1738678348352 133.3309238109699 352
1738678348375 133.2706370331797 353
1738678348390 133.21050206955044 354
1738678348406 133.15051837467027 355
1738678348423 133.0906854052464 356
1738678348437 133.03100262009687 357
1738678348454 132.97146948014213 358
1738678348467 132.9120854483967 359
1738678348484 132.85284998996104 360
1738678348501 132.79376257201307 361
1738678348517 132.73482266380012 362
1738678348535 132.67602973663074 363
1738678348552 132.61738326386643 364
1738678348569 132.5588827209137 365
1738678348585 132.5005275852158 366
1738678348602 132.44231733624477 367
1738678348622 132.38425145549343 368
1738678348641 132.32632942646737 369
1738678348669 132.2685507346769 370
1738678348702 132.21091486762924 371
1738678348724 132.15342131482066 372
1738678348747 132.09606956772842 373
1738678348773 132.0388591198032 374
1738678348794 131.981789466461 375
1738678348816 131.92486010507568 376
1738678348840 131.86807053497094 377
1738678348862 131.8114202574128 378
1738678348936 131.7549087756019 379
1738678348985 131.69853559466574 380
1738678349004 131.64230022165117 381
1738678349025 131.5862021655167 382
1738678349044 131.53024093712514 383
1738678349060 131.4744160492358 384
1738678349078 131.41872701649726 385
1738678349105 131.36317335543964 386
1738678349122 131.30775458446743 387
1738678349141 131.2524702238519 388
1738678349158 131.19731979572373 389
1738678349175 131.14230282406572 390
1738678349193 131.08741883470552 391
1738678349220 131.03266735530815 392
1738678349261 130.97804791536896 393
1738678349292 130.92356004620623 394
1738678349311 130.86920328095403 395
1738678349336 130.8149771545551 396
1738678349358 130.76088120375354 397
1738678349384 130.70691496708793 398
1738678349402 130.65307798488396 399
1738678349420 130.5993697992476 400
1738678349435 130.5457899540579 401
1738678349452 130.49233799496017 402
1738678349467 130.4390134693588 403
1738678349486 130.38581592641037 404
1738678349502 130.33274491701684 405
1738678349543 130.27979999381847 406
1738678349563 130.2269807111872 407
1738678349584 130.17428662521942 408
1738678349603 130.1217172937296 409
1738678349621 130.06927227624323 410
1738678349637 130.01695113399003 411
1738678349656 129.9647534298974 412
1738678349670 129.91267872858361 413
1738678349686 129.86072659635113 414
1738678349703 129.80889660117998 415
1738678349720 129.757188312721 416
1738678349737 129.70560130228955 417
1738678349757 129.6541351428585 418
1738678349770 129.6027894090521 419
1738678349786 129.55156367713914 420
1738678349801 129.50045752502663 421
1738678349816 129.44947053225334 422
1738678349830 129.39860227998324 423
1738678349846 129.3478523509991 424
1738678350026 129.2972203296962 425
1738678350062 129.2467058020758 426
1738678350078 129.1963083557391 427
1738678350095 129.14602757988044 428
1738678350108 129.0958630652814 429
1738678350121 129.0458144043045 430
1738678350138 128.9958811908867 431
1738678350154 128.9460630205335 432
1738678350169 128.89635949031242 433
1738678350199 128.84677019884714 434
1738678350215 128.79729474631117 435
1738678350232 128.74793273442182 436
1738678350246 128.69868376643396 437
1738678350265 128.64954744713413 438
1738678350289 128.6005233828344 439
1738678350308 128.55161118136638 440
1738678350343 128.5028104520751 441
1738678350359 128.4541208058132 442
1738678350380 128.40554185493494 443
1738678350401 128.35707321329016 444
1738678350425 128.30871449621853 445
1738678350452 128.2604653205435 446
1738678350478 128.21232530456663 447
1738678350504 128.1642940680616 448
1738678350523 128.11637123226842 449
1738678350548 128.0685564198878 450
1738678350569 128.02084925507512 451
1738678350587 127.97324936343492 452
1738678350618 127.92575637201504 453
1738678350641 127.87836990930099 454
1738678350668 127.83108960521024 455
1738678350694 127.78391509108658 456
1738678350721 127.73684599969451 457
1738678350750 127.68988196521359 458
1738678350772 127.64302262323288 459
1738678350792 127.59626761074539 460
1738678350816 127.54961656614249 461
1738678350834 127.50306912920848 462
1738678350858 127.45662494111494 463
1738678350878 127.41028364441549 464
1738678350900 127.36404488304004 465
1738678350917 127.31790830228964 466
1738678350941 127.27187354883087 467
1738678350963 127.22594027069056 468
1738678350985 127.18010811725037 469
1738678351012 127.13437673924149 470
1738678351037 127.08874578873922 471
1738678351057 127.04321491915779 472
1738678351090 126.99778378524498 473
1738678351133 126.95245204307697 474
1738678351157 126.90721935005291 475
1738678351184 126.86208536488991 476
1738678351208 126.81704974761767 477
1738678351229 126.77211215957348 478
1738678351251 126.72727226339684 479
1738678351280 126.6825297230245 480
1738678351294 126.63788420368527 481
1738678351310 126.59333537189495 482
1738678351326 126.54888289545121 483
1738678351343 126.50452644342863 484
1738678351359 126.46026568617344 485
1738678351374 126.41610029529883 486
1738678351393 126.3720299436797 487
1738678351419 126.32805430544774 488
1738678351443 126.28417305598654 489
1738678351478 126.24038587192658 490
1738678351500 126.1966924311404 491
1738678351522 126.15309241273754 492
1738678351538 126.10958549705981 493
1738678351556 126.06617136567645 494
1738678351574 126.0228497013791 495
1738678351593 125.9796201881772 496
1738678351609 125.93648251129302 497
1738678351670 125.89343635715701 498
1738678351749 125.8504814134029 499
