1738824329903 169.34393581033927 0
1738824329910 168.40829424210042 1
1738824329916 166.58393685304017 2
1738824329923 168.81250189607107 3
1738824329929 168.02777842298528 4
1738824329935 168.02872339374773 5
1738824329941 168.49645220081743 6
1738824329947 168.76108003332197 7
1738824329953 171.25176044715354 8
1738824329958 169.79718373693325 9
1738824329964 170.29356478004664 10
1738824329970 170.94121165080222 11
1738824329976 169.02252261847943 12
1738824329981 169.08209519924324 13
1738824329987 166.6007169353549 14
1738824329993 170.43160070142852 15
1738824329999 171.87591571732807 16
1738824330005 171.9720532599117 17
1738824330011 168.24200837616385 18
1738824330017 169.89309019648684 19
1738824330023 167.4702844588709 20
1738824330029 168.85097700289987 21
1738824330035 171.25970402074455 22
1738824330041 168.56748304802747 23
1738824330047 166.63856088538125 24
1738824330054 167.81582996281904 25
1738824330060 167.56547893106602 26
1738824330067 170.58797359112074 27
1738824330073 173.68805450798874 28
1738824330080 172.64235666056427 29
1738824330086 171.49912907300603 30
1738824330093 168.5319658274005 31
1738824330100 170.45414566441752 32
1738824330108 171.79550061856773 33
1738824330115 167.63025136798345 34
1738824330121 166.65772411507228 35
1738824330128 166.40608409302985 36
1738824330134 168.5795467542327 37
1738824330142 170.52646765819978 38
1738824330148 169.19659448730062 39
1738824330154 170.69249391292817 40
1738824330160 170.28225771893204 41
1738824330166 168.55615215927443 42
1738824330172 171.38907303903196 43
1738824330178 166.4121403922727 44
1738824330185 168.30534565164334 45
1738824330191 170.47535057845766 46
1738824330197 169.93571205100739 47
1738824330203 168.87156030133175 48
1738824330210 165.2234970509183 49
1738824330216 169.51807929317638 50
1738824330223 169.7868443608216 51
1738824330230 168.6110079089633 52
1738824330238 169.84540487813723 53
1738824330245 169.9770706545493 54
1738824330252 162.55856245954058 55
1738824330258 167.6903983911854 56
1738824330264 170.62666023260635 57
1738824330271 168.3110807907774 58
1738824330278 169.93885492198027 59
1738824330284 168.37860146910597 60
1738824330291 171.74018385485937 61
1738824330297 170.9621329398021 62
1738824330303 165.18416353376506 63
1738824330309 167.3055817359338 64
1738824330315 164.92950519904926 65
1738824330321 169.83294345618194 66
1738824330327 169.27004714537136 67
1738824330333 168.30082694349576 68
1738824330339 165.98816490395447 69
1738824330345 168.7189602241262 70
1738824330351 171.06468251455604 71
1738824330356 167.55245416683496 72
1738824330362 168.76905005708818 73
1738824330368 168.26089324821197 74
1738824330374 167.5695492453801 75
1738824330380 170.00888282209354 76
1738824330386 167.322197915024 77
1738824330391 172.5908932006341 78
1738824330397 170.40954516809367 79
1738824330403 167.33603864938087 80
1738824330409 167.76087523631313 81
1738824330414 171.47010213787186 82
1738824330420 168.2164369562653 83
1738824330427 169.6171573189959 84
1738824330433 168.14827374811094 85
1738824330439 167.09671437761344 86
1738824330444 167.51447811060757 87
1738824330450 168.51758900528574 88
1738824330457 167.58983663462115 89
1738824330463 167.2329192645942 90
1738824330469 169.2376969314171 91
1738824330475 170.78028595412692 92
1738824330481 172.73621432012095 93
1738824330487 168.71892425212516 94
1738824330492 170.5891623033339 95
1738824330498 169.4129527179748 96
1738824330504 166.94516564812207 97
1738824330510 169.94875558463085 98
1738824330515 172.93124823461486 99
1738824330521 172.90644791513034 100
1738824330527 170.45095120163842 101
1738824330534 166.0819550207305 102
1738824330540 171.51163811458582 103
1738824330545 167.00009750954203 104
1738824330551 169.8929553339878 105
1738824330557 171.12839937503057 106
1738824330563 169.6909912070786 107
1738824330568 167.92870611382577 108
