1738679038662 167.21333776667353 0
1738679038670 173.47336312714435 1
1738679038677 173.04433049850778 2
1738679038683 169.09741846791766 3
1738679038689 171.50486175305505 4
1738679038695 173.11878543764365 5
1738679038702 166.62945805501246 6
1738679038708 165.38860673253126 7
1738679038714 165.1364299803149 8
1738679038721 167.52373511416164 9
1738679038727 169.30026520388822 10
1738679038733 170.7361073589338 11
1738679038740 168.0532856127632 12
1738679038745 170.58453159902902 13
1738679038752 171.0680376034628 14
