1738679055424 170.34943037836902 0
1738679055431 169.64121460907728 1
1738679055437 168.27167785066686 2
1738679055443 170.4816693282348 3
1738679055450 170.5575913638876 4
1738679055456 166.60326827020043 5
1738679055462 169.74168074181316 6
1738679055468 166.02464439708191 7
1738679055474 168.97648226541477 8
1738679055481 169.41639730458647 9
1738679055488 169.43629442581994 10
1738679055494 167.8243039070401 11
1738679055501 171.94165941414352 12
1738679055510 168.82915213901757 13
1738679055516 172.18004690434185 14
1738679055522 169.02189289463678 15
1738679055528 168.37894275100774 16
1738679055535 167.39225798536359 17
1738679055541 169.09673953371396 18
1738679055547 168.32740245392097 19
1738679055553 166.9949807622363 20
1738679055560 167.27103061531287 21
1738679055566 171.44476658141465 22
1738679055571 170.94528635726127 23
1738679055577 168.0018098642999 24
1738679055583 170.84779456612236 25
1738679055589 168.2660679265938 26
1738679055595 170.73004138209237 27
1738679055600 169.27738255626113 28
1738679055606 168.2957152967876 29
1738679055612 169.99235914995847 30
1738679055618 169.2358586086215 31
1738679055624 167.61392842618162 32
1738679055629 170.057855895665 33
1738679055635 170.68392442737053 34
1738679055641 167.98539640210248 35
1738679055647 169.19258615170108 36
1738679055653 169.55109237804098 37
1738679055659 167.25580700387084 38
1738679055665 167.88913985232998 39
1738679055671 171.27995644149948 40
1738679055677 167.60566116406858 41
1738679055683 169.35293412704956 42
1738679055688 172.37518649593912 43
