1738680115180 168.97651205062925 0
1738680115187 172.57166461136208 1
1738680115194 168.51818519955722 2
1738680115201 169.30165512148685 3
1738680115207 176.50256254446677 4
1738680115213 158.5994072231676 5
1738680115220 166.069908217618 6
1738680115226 169.25565075120304 7
1738680115232 167.7418510000998 8
1738680115238 172.8347005222258 9
1738680115244 162.21753496856508 10
1738680115250 160.2079061341538 11
1738680115256 169.3207391136454 12
1738680115262 167.89013068530755 13
1738680115268 163.66618936204307 14
1738680115274 169.180562489265 15
1738680115280 165.3997261304417 16
1738680115286 170.95114185667978 17
1738680115292 172.96823524640357 18
1738680115298 165.12332148914928 19
1738680115305 172.16088360252235 20
1738680115311 169.59265922348683 21
1738680115317 168.82727754786632 22
1738680115323 172.79010811236 23
1738680115329 166.906228066137 24
1738680115335 174.12666173301034 25
1738680115342 169.91367888491396 26
1738680115348 169.82422432377726 27
1738680115355 167.4857181513509 28
1738680115362 168.55899954668467 29
1738680115368 179.59662450626584 30
1738680115374 170.24032107949816 31
1738680115380 171.1966353796392 32
1738680115386 173.25624671073365 33
1738680115392 167.82178043957364 34
1738680115398 172.69730128787825 35
1738680115405 169.52605867851676 36
1738680115411 173.32043918749977 37
1738680115418 168.23568377546937 38
1738680115424 169.76600265414987 39
1738680115430 171.36724386325668 40
1738680115436 173.18620980737998 41
1738680115442 169.40173357736816 42
1738680115448 171.1699470279459 43
1738680115454 168.95283181405367 44
1738680115461 167.01437665003934 45
1738680115467 165.73152879032924 46
1738680115474 169.6056694541044 47
1738680115481 166.36351907820688 48
1738680115487 167.1922056558484 49
1738680115493 164.79233792700185 50
1738680115500 174.2348138207312 51
1738680115506 166.50937368334797 52
1738680115512 166.24402827525225 53
1738680115519 164.91158196400696 54
1738680115525 174.44316032483238 55
1738680115532 166.08168808407706 56
1738680115539 168.42228932210082 57
1738680115545 174.3960538834014 58
1738680115551 165.55362325023015 59
1738680115558 166.98638211685943 60
1738680115564 166.59454241262867 61
1738680115571 166.8794840234223 62
1738680115577 169.02086403843776 63
1738680115583 172.51010639083677 64
1738680115590 168.04236060618234 65
1738680115596 171.10865188407865 66
1738680115603 172.81168643600247 67
1738680115609 168.30693782250262 68
1738680115616 170.9856635129994 69
1738680115622 169.78585918665414 70
1738680115631 171.83743659076706 71
1738680115637 173.0268991809615 72
1738680115645 164.6887457475283 73
1738680115651 169.00856992351427 74
1738680115659 168.45743492018056 75
1738680115665 166.88146107685654 76
1738680115671 170.91277590782437 77
1738680115676 166.50119441965808 78
1738680115683 169.80349124138093 79
1738680115690 167.1136198304028 80
1738680115696 170.71336969090464 81
1738680115702 168.4107223192794 82
1738680115708 168.21428535860971 83
1738680115714 170.56552700741491 84
1738680115720 165.85575328486897 85
1738680115725 171.59406972057414 86
1738680115731 165.20574440852351 87
1738680115737 172.22613871953422 88
1738680115743 168.27784976821331 89
1738680115749 167.5382277073593 90
1738680115755 169.10657834352853 91
1738680115761 168.42283811165788 92
1738680115768 168.3376654236794 93
1738680115775 168.35701063230348 94
1738680115782 168.37737117323005 95
1738680115789 173.64480323677176 96
1738680115796 166.29913238456476 97
1738680115804 169.65947404279098 98
1738680115811 173.3194653720299 99
1738680115819 165.2590681763745 100
1738680115826 168.23139940840568 101
1738680115832 172.6644453578183 102
1738680115839 164.63296418150344 103
1738680115845 166.48931121842108 104
1738680115851 164.94434034781204 105
1738680115857 169.54584525775104 106
1738680115863 169.8786721529346 107
1738680115869 168.43859363987477 108
1738680115875 168.60629912123778 109
1738680115881 169.4417753430167 110
1738680115888 166.06515950832795 111
1738680115894 170.49745233991388 112
1738680115900 170.58427050356698 113
1738680115906 168.65877287736413 114
1738680115913 168.9926477726906 115
1738680115919 166.80686568642687 116
1738680115925 169.2926932145472 117
1738680115931 170.40261786761627 118
1738680115938 170.14181498909548 119
1738680115944 170.39566046045556 120
1738680115950 165.34396935529293 121
