1738825960132 134.21570112797744 0
1738825960174 137.69366368652808 1
1738825960215 198.36459611494467 2
1738825960255 170.24993315936717 3
1738825960295 134.89567655308548 4
1738825960336 170.03869849327273 5
1738825960377 201.457990739752 6
1738825960417 169.0799713786572 7
1738825960457 186.4400000461374 8
1738825960497 170.39095200617476 9
1738825960537 171.04750334684044 10
1738825960577 255.82031930300414 11
1738825960617 158.60226819591878 12
1738825960657 161.13927254775606 13
1738825960697 120.47501922373363 14
1738825960737 398.47840762889314 15
1738825960779 187.0819466429677 16
1738825960821 146.64654417200236 17
1738825960861 178.99941096742353 18
1738825960901 152.18822402064424 19
1738825960941 132.83915983716474 20
1738825960981 169.31658836056977 21
1738825961021 198.3391134042183 22
1738825961061 149.20419146446395 23
1738825961102 298.85471201927936 24
1738825961143 169.07880521029483 25
1738825961183 104.36143935463998 26
1738825961223 162.21162469031054 27
1738825961263 159.07386238578871 28
1738825961303 153.12805318246467 29
1738825961343 88.51215902732255 30
1738825961388 255.95755296541066 31
1738825961429 129.64538788816043 32
1738825961468 170.78480354306168 33
1738825961508 105.18806871974566 34
1738825961548 149.92228364515148 35
1738825961589 151.38929454513985 36
1738825961629 140.45718003935568 37
1738825961669 222.6286431963888 38
1738825961711 131.15652711908294 39
1738825961752 164.05504234650283 40
1738825961794 228.23500671970768 41
1738825961834 209.13653641698681 42
1738825961874 114.79332401725156 43
1738825961914 101.9448635257922 44
1738825961954 161.00993743379004 45
1738825961995 148.84662779802736 46
1738825962035 180.09122914064093 47
1738825962074 159.8287981644068 48
1738825962115 147.45030253956836 49
1738825962155 164.61213204232686 50
1738825962194 197.75210036234455 51
1738825962234 143.5938513656939 52
1738825962275 146.31124220686849 53
1738825962317 178.98793415120653 54
1738825962369 99.4263369510524 55
1738825962414 174.9417212088928 56
1738825962461 127.01585131405497 57
1738825962506 199.8123276595244 58
1738825962550 171.3569038721895 59
1738825962595 168.64483506389232 60
1738825962637 198.748489270631 61
1738825962677 200.58116879839775 62
1738825962721 197.11296295370826 63
1738825962764 302.4724563366336 64
1738825962807 182.12576936785743 65
1738825962848 163.65122334244583 66
1738825962888 198.97690006790384 67
1738825962929 240.86558515466905 68
1738825962968 163.70555366086012 69
1738825963008 157.26691467280983 70
1738825963049 188.26499326918142 71
1738825963088 174.48907065926983 72
1738825963128 157.79980223253838 73
1738825963169 255.5837181269238 74
1738825963209 2.1845040048765494 75
1738825963250 475.8813708497666 76
1738825963289 166.58694601176006 77
1738825963334 182.8861303973007 78
1738825963376 141.66043424862283 79
1738825963417 168.66528308266402 80
1738825963457 164.09165456078514 81
1738825963497 165.21952582948308 82
1738825963540 132.47628433609842 83
1738825963581 174.9080105818731 84
1738825963622 153.59844406041023 85
1738825963662 119.52434337994387 86
1738825963702 150.27940867562535 87
1738825963742 291.10531372004436 88
1738825963782 175.17425046000008 89
1738825963822 148.1321364218277 90
1738825963862 172.6575750457125 91
1738825963902 162.66389311292812 92
1738825963942 164.85021754297458 93
1738825963983 144.0551978911641 94
1738825964024 200.79579506097812 95
1738825964066 225.26585103570446 96
1738825964108 162.741613024131 97
1738825964149 111.73885285345182 98
1738825964189 197.33228771488402 99
1738825964229 60.8750979931057 100
1738825964269 216.02846430336862 101
1738825964309 169.59737797178536 102
1738825964349 171.69180429825082 103
1738825964389 168.55742600113297 104
1738825964429 171.70511671598462 105
1738825964469 137.8795573635306 106
1738825964509 173.37642939757822 107
1738825964549 223.00467346445433 108
1738825964589 153.64809301324317 109
1738825964629 162.04853156955875 110
1738825964669 28.361759357317148 111
1738825964709 193.37819412945672 112
1738825964749 182.28653379970956 113
1738825964789 124.36027530320399 114
1738825964829 92.04138500776027 115
1738825964870 177.5315006235218 116
1738825964910 210.10409805957377 117
1738825964950 118.73272303818811 118
1738825964990 143.30898188976968 119
1738825965030 148.9960593423751 120
1738825965070 102.8976702978281 121
1738825965110 156.1505684613662 122
1738825965149 155.5458929047389 123
1738825965189 205.43741781683752 124
1738825965229 173.96249712723846 125
1738825965268 158.21471080346942 126
1738825965308 147.39773393982423 127
1738825965349 183.3315111246003 128
1738825965389 138.131444599544 129
1738825965429 138.20174761737826 130
1738825965471 180.55189370565623 131
1738825965543 118.96586182575598 132
1738825965588 192.80618336774458 133
1738825965631 136.47076304463639 134
1738825965675 177.0176950615397 135
1738825965718 179.86518456165484 136
1738825965759 177.37127253839606 137
1738825965801 182.7775593989124 138
1738825965842 177.33538198140133 139
1738825965882 335.37208307243566 140
1738825965922 191.71704335374113 141
1738825965962 138.89324644625054 142
1738825966003 167.70596975228415 143
1738825966043 146.51233778485113 144
1738825966083 125.23677427798353 145
1738825966123 131.9576090433424 146
1738825966164 154.88565439355042 147
1738825966204 208.9352789930062 148
1738825966244 109.17135173967652 149
1738825966284 178.08344373659244 150
1738825966324 146.91649227608372 151
1738825966364 132.97814192087623 152
1738825966405 155.25913762238508 153
1738825966444 204.179822616557 154
1738825966484 125.85250975884198 155
1738825966526 182.85492837730482 156
1738825966570 208.6593216264895 157
1738825966611 173.80665269137995 158
1738825966651 158.25949385177742 159
1738825966691 209.35199067293533 160
1738825966731 162.70339458341823 161
1738825966771 137.80558216384387 162
1738825966811 169.39449273657024 163
1738825966852 180.66568039157315 164
1738825966892 133.9790630643559 165
1738825966932 163.1033142175257 166
1738825966972 106.14699691779491 167
1738825967012 85.26761192938501 168
1738825967052 175.69885676691266 169
1738825967092 158.55689759108563 170
1738825967131 239.70592312665613 171
1738825967171 190.82778143312777 172
1738825967212 156.38294753230016 173
1738825967252 77.33809860030307 174
1738825967292 155.1788697190676 175
1738825967332 188.6323730782224 176
1738825967372 121.00932813705907 177
1738825967412 243.58048302745826 178
1738825967453 168.87670662358755 179
1738825967494 204.72941348162172 180
1738825967534 191.53248026815712 181
1738825967575 175.37873133186685 182
1738825967616 178.68159393347898 183
1738825967658 191.46016418176964 184
1738825967698 282.0121537746829 185
1738825967738 174.98807574688658 186
1738825967779 201.72870647221387 187
1738825967820 175.2141590051189 188
1738825967859 167.86148360110474 189
1738825967899 155.34206756334447 190
1738825967940 211.69916100609058 191
1738825967979 180.31900889133757 192
1738825968020 187.80026543923736 193
1738825968060 181.34582873356462 194
1738825968100 120.60419854938051 195
1738825968139 126.61760442991441 196
1738825968179 179.75122153320913 197
1738825968219 157.50452373969952 198
1738825968259 201.42271997039742 199
1738825968299 132.8710174555828 200
1738825968339 133.44616677461144 201
1738825968379 149.13038792696645 202
1738825968419 175.06677424199023 203
1738825968459 185.28517556315722 204
1738825968499 78.69269679169791 205
1738825968539 183.64138317068424 206
1738825968579 428.2484319160343 207
1738825968625 238.4517518882266 208
1738825968671 119.85356578898981 209
1738825968715 229.2698130112962 210
1738825968763 131.2016740651353 211
1738825968808 173.59968159508446 212
1738825968856 240.5684132938397 213
1738825968898 91.89352979659348 214
1738825968941 165.78507627151586 215
1738825968983 150.55967939740054 216
1738825969024 178.93595646413596 217
1738825969065 152.0593065266124 218
1738825969106 170.9208339522007 219
1738825969146 154.13184616405675 220
1738825969187 161.05719397069183 221
1738825969227 156.2528795373649 222
1738825969268 130.01578860457295 223
1738825969309 127.76449593665579 224
1738825969349 161.99135331349532 225
1738825969389 89.38763830018395 226
1738825969429 137.47927898246368 227
1738825969469 127.54827592096058 228
1738825969509 140.51526542990348 229
1738825969558 183.95365123238406 230
1738825969601 168.9539944400761 231
1738825969642 155.57059171737808 232
1738825969683 189.11694362178747 233
1738825969723 190.49826666426318 234
1738825969764 147.17070395468068 235
1738825969804 214.33678348948752 236
1738825969844 157.7312535723692 237
1738825969885 145.0984890248994 238
1738825969925 206.23662852113506 239
1738825969965 219.67965010463723 240
1738825970036 156.8765274828085 241
1738825970084 119.66205145694879 242
1738825970130 233.91196316130285 243
1738825970174 163.01824133727 244
1738825970217 195.82878597884385 245
1738825970260 230.74361081661672 246
1738825970301 224.62212300607797 247
1738825970342 127.82006067782635 248
1738825970383 157.33881869440458 249
1738825970425 169.20127190852955 250
1738825970473 177.6747089640758 251
1738825970514 185.18717106133906 252
1738825970560 134.01878074173226 253
1738825970605 204.13950162941893 254
1738825970648 187.81467977404313 255
1738825970691 166.18251228045403 256
1738825970734 188.7079739953221 257
1738825970777 179.8028421316767 258
1738825970820 152.19009849856909 259
1738825970864 172.0910020443346 260
1738825970907 81.79598202066069 261
1738825970950 207.5236423868087 262
1738825970993 170.38503142710732 263
1738825971037 231.4679205720485 264
1738825971080 201.8676176852006 265
1738825971122 202.40874517004949 266
1738825971165 82.99071374717484 267
1738825971208 174.60803405690405 268
1738825971252 106.34949070371009 269
1738825971296 230.03668487296028 270
1738825971339 178.81482185307408 271
1738825971382 218.52939676071733 272
1738825971425 122.01552557918744 273
1738825971469 187.8159548025757 274
1738825971512 340.0795984238891 275
1738825971555 174.50781131217488 276
1738825971599 38.3296647305313 277
1738825971641 165.01989519004653 278
1738825971684 166.74658586806402 279
1738825971727 203.47199170028574 280
1738825971772 204.19405884089184 281
1738825971815 137.09625620924808 282
1738825971857 201.011069104656 283
1738825971900 128.26103509617076 284
1738825971943 150.45628435357176 285
1738825971987 160.68216301702495 286
1738825972028 194.4663471962001 287
1738825972069 133.16370448618665 288
1738825972109 236.1195445401294 289
1738825972149 128.17493196567003 290
1738825972189 179.00569844763208 291
1738825972229 178.14082314254992 292
1738825972269 126.20920939304713 293
1738825972309 205.9068692902223 294
1738825972349 146.29965224016254 295
1738825972389 367.7604881414162 296
1738825972429 240.06104514007026 297
1738825972469 196.7403297805888 298
1738825972509 194.7604765176611 299
1738825972549 324.2643829473626 300
1738825972589 196.91656798597356 301
1738825972630 206.5415739335254 302
1738825972675 175.95524020665673 303
1738825972717 160.81927671489294 304
1738825972758 149.03824630548246 305
1738825972799 225.46197451448606 306
1738825972839 444.0989382670766 307
1738825972880 175.12785257495227 308
1738825972920 126.76126353228946 309
1738825972960 155.80727748643434 310
1738825973000 121.87124639750007 311
1738825973040 170.68958668696771 312
1738825973080 174.25324797190774 313
1738825973120 167.5188592492525 314
1738825973159 269.4709103700486 315
1738825973199 154.469874925949 316
1738825973239 173.89918908126918 317
1738825973279 130.1331576932892 318
1738825973319 186.561983852453 319
1738825973359 196.3260484207529 320
1738825973399 147.28175010663554 321
1738825973440 202.28756551182065 322
1738825973479 123.96256895332817 323
1738825973519 213.08070005516328 324
1738825973559 186.17318887526207 325
1738825973599 170.4003582503551 326
1738825973638 158.63124893110842 327
1738825973678 247.05401061207473 328
1738825973718 164.98009622864768 329
1738825973758 168.37553492907497 330
1738825973798 151.78121494119452 331
1738825973837 181.35292973997272 332
1738825973879 160.6325766057836 333
1738825973919 156.94140476797662 334
1738825973960 184.98023139813412 335
1738825974000 147.7361826068446 336
1738825974040 100.27573172888852 337
1738825974080 201.71894864200553 338
1738825974120 183.48346535740598 339
1738825974160 128.3462540114706 340
1738825974199 160.60949618389566 341
1738825974239 152.93601308613052 342
1738825974279 154.1246677051192 343
1738825974319 146.07891039382434 344
1738825974359 160.68415613951976 345
1738825974400 121.61996809498943 346
1738825974440 179.15279373137244 347
1738825974480 151.36215070140278 348
1738825974520 246.69520729204 349
1738825974560 141.45981374599396 350
1738825974599 190.7844275446197 351
1738825974639 312.7336187051735 352
1738825974679 160.6228098168474 353
1738825974720 160.04443322470604 354
1738825974759 163.03101319038632 355
1738825974800 164.6519006918017 356
1738825974840 187.62730405246228 357
1738825974879 168.06193899371922 358
1738825974919 86.58282189696762 359
1738825974959 212.03340305490016 360
1738825974999 201.3277484996504 361
1738825975039 127.94391311339895 362
1738825975080 161.6259612825621 363
1738825975120 153.80355375605976 364
1738825975159 94.34115357379886 365
1738825975201 174.0883004146383 366
1738825975242 162.25638714642477 367
1738825975282 184.85654163436428 368
1738825975322 87.42230296993831 369
1738825975379 147.22259393128877 370
1738825975440 178.83092049919512 371
1738825975487 156.45406779489636 372
1738825975533 233.58893528632862 373
1738825975576 177.92528173929958 374
1738825975622 151.38948300667548 375
1738825975665 141.508315996414 376
1738825975709 179.53762574191143 377
1738825975750 145.3764343659498 378
1738825975792 202.7754949765189 379
1738825975832 195.1451277438823 380
1738825975872 144.21606694848137 381
1738825975913 105.88217899514396 382
1738825975954 189.42493398634562 383
1738825976002 199.2319503737379 384
1738825976044 181.55532984951432 385
1738825976085 169.51520061528436 386
1738825976125 306.6454848364903 387
1738825976165 187.85021927070116 388
1738825976205 143.39792950595466 389
1738825976245 293.9552685630439 390
1738825976285 87.89120835333917 391
1738825976325 168.439655752471 392
1738825976365 164.91834499704132 393
1738825976406 134.06551696030414 394
1738825976447 149.36076068716687 395
1738825976488 171.43543080612642 396
1738825976533 127.26311164590872 397
1738825976576 174.6024946239291 398
1738825976616 294.24736806952006 399
1738825976657 146.1455464517977 400
1738825976697 195.874198011091 401
1738825976737 170.02313647004362 402
1738825976777 183.72781824708994 403
1738825976817 263.6234750723491 404
1738825976857 174.38559547230494 405
1738825976897 169.50353986230547 406
1738825976937 128.64773507036733 407
1738825976977 192.41361420056217 408
1738825977018 201.60858658551868 409
1738825977058 187.46733962680926 410
1738825977098 199.2496444012963 411
1738825977138 123.90793905038234 412
1738825977178 158.8775510499456 413
1738825977217 207.42744310386962 414
1738825977258 180.68425021840233 415
1738825977298 108.35321305285838 416
1738825977338 160.17010829201902 417
1738825977378 127.4449509225818 418
1738825977418 144.9686014346975 419
1738825977458 188.86209554935542 420
1738825977498 144.73994668353848 421
1738825977538 173.6347949658045 422
1738825977578 169.28731813265856 423
1738825977618 175.21711726439483 424
1738825977658 268.63174075680445 425
1738825977698 134.65577717797916 426
1738825977739 170.68333341457958 427
1738825977779 160.57458426162782 428
1738825977820 629.5335089225779 429
1738825977860 140.24407516682396 430
1738825977901 192.89065090253254 431
1738825977941 125.96507566201853 432
1738825977981 289.22218402741134 433
1738825978021 191.137176660306 434
1738825978061 172.2682629322048 435
1738825978101 127.71408228726395 436
1738825978142 115.98865656886362 437
1738825978182 207.44589154785106 438
1738825978223 162.647211157313 439
1738825978263 134.23674432163642 440
1738825978303 157.6117451967144 441
1738825978343 192.06634480313966 442
1738825978383 156.79284434439708 443
1738825978423 215.38705724210922 444
1738825978463 175.70105863888088 445
1738825978503 198.0098618921544 446
1738825978543 151.4817358641914 447
1738825978583 183.53861505556796 448
1738825978622 113.46331890847512 449
1738825978662 194.46287794993162 450
1738825978702 171.12766914395513 451
1738825978742 193.16147218735273 452
1738825978783 93.63355968812333 453
1738825978823 210.65545755081578 454
1738825978864 219.1517712708687 455
1738825978904 267.9109330078631 456
1738825978944 177.6720547498989 457
1738825978984 240.8037489739888 458
1738825979024 179.61621931055606 459
1738825979064 116.78583305808847 460
1738825979104 150.7833988782057 461
1738825979144 129.83064262123378 462
1738825979183 142.43324901330308 463
1738825979223 162.1458957303424 464
1738825979263 187.14066697476488 465
1738825979303 267.19893864453815 466
1738825979343 213.95948445244522 467
1738825979384 110.33589070374019 468
1738825979424 152.64713614645515 469
1738825979464 166.7377637003372 470
1738825979504 148.8128414346642 471
1738825979543 158.4553815257422 472
1738825979583 169.82973515717487 473
1738825979623 180.4876145060046 474
1738825979662 166.42083249291375 475
1738825979703 167.87126796055145 476
1738825979743 128.34419401365898 477
1738825979782 187.13492601154928 478
1738825979823 150.17038989923836 479
1738825979864 199.044143153729 480
1738825979904 162.22523874828195 481
1738825979944 149.57727539900162 482
1738825979984 194.82665032360003 483
1738825980024 200.52058145360843 484
1738825980065 222.81505798237126 485
1738825980105 166.77381646563717 486
1738825980144 137.88218647812192 487
1738825980184 208.73499298853426 488
1738825980223 206.56219121879698 489
1738825980265 176.91510326852574 490
1738825980305 161.13786956550769 491
1738825980347 140.6655471705838 492
1738825980391 171.40434855571718 493
1738825980434 150.80183568669528 494
1738825980487 186.37653129523366 495
1738825980553 112.3033403708005 496
1738825980602 180.0455054131224 497
1738825980647 182.39152381989493 498
1738825980693 194.98161961478127 499
