1738823940563 28.40634601230429 0
1738823940640 105.48559089965717 1
1738823940723 80.10895632217677 2
1738823940820 94.33083854889237 3
1738823940894 48.80943433609997 4
1738823940965 12.679244845890839 5
1738823941027 9.041693373902927 6
1738823941092 61.20479650402529 7
1738823941175 0.08378687629515824 8
1738823941262 14.99116871629292 9
1738823941336 48.50726896241659 10
1738823941409 36.133504051380896 11
1738823941476 18.459585776458184 12
1738823941549 0.019481105573884702 13
1738823941621 17.772797526554616 14
1738823941704 48.65906336062871 15
1738823941789 1.1885217428022545 16
1738823941861 10.290608206978858 17
1738823941932 51.46035016967154 18
1738823942011 0.029806615485953248 19
1738823942076 40.09895178329019 20
1738823942156 28.513597770747175 21
1738823942214 17.915561316331754 22
1738823942286 38.13812254155141 23
1738823942363 16.735672695921068 24
1738823942432 18.095240441778387 25
1738823942524 29.875528573118693 26
1738823942598 33.88192308207653 27
1738823942674 31.755010170211094 28
1738823942747 0.8019717323339797 29
1738823942819 0.10230339657485438 30
1738823942881 23.525100904334433 31
1738823942952 20.922675612542296 32
1738823943026 0.6753291880814132 33
1738823943093 1.6364095496226545 34
1738823943151 4.587297816209308 35
1738823943205 2.9847366440922434 36
1738823943281 12.563786288563689 37
1738823943359 4.837377213896929 38
1738823943429 0.006527788451085475 39
1738823943544 3.5594883511523574 40
1738823943620 6.2006283583668615 41
1738823943696 13.012510021718825 42
1738823943766 3.722536537533112 43
1738823943847 12.515982504534888 44
1738823943921 12.858562234269018 45
1738823943991 2.165222681228151 46
1738823944070 9.877745161799785 47
1738823944143 3.114965329618096 48
1738823944222 4.855518830926652 49
1738823944288 4.469286162797739 50
1738823944360 0.3048808246444894 51
1738823944437 8.030158530918841 52
1738823944501 0.9862603403390989 53
1738823944597 3.7043194423916077 54
1738823944667 1.0739156426958756 55
1738823944736 1.4521483694416577 56
1738823944813 7.169428278334627 57
1738823944884 6.553513332292137 58
1738823944953 1.549339227403232 59
1738823945024 0.14248421349100546 60
1738823945092 0.8377682006347054 61
1738823945164 3.034240370626142 62
1738823945234 6.449436226263085 63
1738823945303 9.893189676739071 64
1738823945376 5.240112440059412 65
1738823945449 0.007017174265537506 66
1738823945518 0.44035526158904964 67
1738823945588 1.9124059798545578 68
1738823945658 2.5457855317111724 69
1738823945726 0.15811875254800103 70
1738823945800 5.120073106831004 71
1738823945870 0.10177728685941217 72
1738823945941 0.5971321926667196 73
1738823946013 0.5588531848866467 74
1738823946084 5.603198497840282e-07 75
1738823946160 3.2162320348873834 76
1738823946226 0.03655248901297791 77
1738823946305 1.1778955150007837 78
1738823946387 0.08794449334168858 79
1738823946464 0.08588566683153584 80
1738823946528 1.9598242103526764 81
1738823946595 2.477215728844182 82
1738823946699 4.226150807160615 83
1738823946795 0.02225291884241501 84
1738823946858 0.3560180674032141 85
1738823946941 0.1328510736990737 86
1738823947020 0.3830734244678605 87
1738823947077 0.02492382186063928 88
1738823947185 4.004820727763202 89
1738823947263 1.3623131175672374 90
1738823947335 4.347710403612329 91
1738823947450 2.417715157213991 92
1738823947545 0.013957235248837243 93
1738823947635 0.029651732551849948 94
1738823947716 0.07180292770416319 95
1738823947794 0.09214715419117632 96
1738823947869 0.10172295693113975 97
1738823947948 0.0043780640610891 98
1738823948030 0.005331504470054343 99
1738823948103 0.11836669061580422 100
1738823948179 0.08314471392317298 101
1738823948254 0.025466368052187688 102
1738823948328 0.1675192534893767 103
1738823948397 0.047247894918150304 104
1738823948467 0.019419819632436188 105
1738823948527 0.03131263092428562 106
1738823948579 0.020621851081667877 107
1738823948648 0.26393049955849307 108
1738823948721 0.013975237104488064 109
1738823948790 0.0023164015137127954 110
1738823948868 0.04534846091859737 111
1738823948952 0.39175552605289204 112
1738823949024 1.1895811894039732e-05 113
1738823949102 0.015687944391540337 114
1738823949172 0.08668401204660865 115
1738823949252 0.034679813430019205 116
1738823949340 0.9898868829812876 117
1738823949404 0.01609198955756143 118
1738823949475 3.361272478487154 119
1738823949554 0.019301165606256027 120
1738823949634 0.04395752624044301 121
1738823949711 0.041356414437266176 122
1738823949787 0.7418149995740992 123
1738823949863 0.3444314460568092 124
1738823949940 0.002254705085001516 125
1738823950012 0.03169072286786189 126
1738823950082 0.010481185858543046 127
1738823950160 0.12772157084329713 128
1738823950244 0.3711393346022601 129
1738823950319 0.01966798108010619 130
1738823950399 0.009870318721197134 131
1738823950484 0.6766867501493519 132
1738823950563 0.18029474639284565 133
1738823950628 0.016443828180647723 134
1738823950766 0.3591682509215893 135
1738823950850 0.010630163801615876 136
1738823950930 0.4542469122683519 137
1738823950997 0.007064951663031363 138
1738823951078 0.1117028007901482 139
1738823951162 0.09871999091506406 140
1738823951242 0.4763849835738159 141
1738823951334 0.6941557560340008 142
1738823951423 0.0713556011520454 143
1738823951497 0.012024559843774499 144
1738823951573 0.04403049163324713 145
1738823951656 0.2760547728837206 146
1738823951740 0.14275130027437036 147
1738823951838 0.09618116644631443 148
1738823951915 0.47832998553942774 149
1738823951996 0.0013439193966514303 150
1738823952074 0.07578718538078397 151
1738823952137 0.00019972502535770757 152
1738823952231 0.009859437442010737 153
1738823952315 0.3685847889315491 154
1738823952391 0.0737012632012881 155
1738823952468 0.17782318920788115 156
1738823952552 0.3663344799938153 157
1738823952621 0.5175900609059432 158
1738823952694 0.07877765579781558 159
1738823952781 0.01166495944280089 160
1738823952852 0.0068722727882176695 161
1738823952934 0.09290013918841514 162
1738823953019 0.01687180865627726 163
1738823953090 0.060351422448369794 164
1738823953166 0.0031324474743945536 165
1738823953231 0.4642853909090172 166
1738823953315 0.1512181953769899 167
1738823953402 0.018705735120680318 168
1738823953487 0.10628084665475813 169
1738823953566 0.47775451151716547 170
1738823953641 0.024776534529340807 171
1738823953714 0.05648938953789317 172
1738823953786 1.1107787151378166 173
1738823953857 0.22381079980318525 174
1738823953921 0.02062618371141102 175
1738823953990 0.03228601358081927 176
1738823954064 0.09229941441220099 177
1738823954145 0.2618556527903418 178
1738823954212 0.006478309867938114 179
1738823954281 0.3011253602490039 180
1738823954361 0.3878880309387354 181
1738823954421 0.2067301439971059 182
1738823954496 0.027148042943438786 183
1738823954568 8.10605436299521e-06 184
1738823954654 0.07334120750335259 185
1738823954723 0.01754750577776903 186
1738823954792 0.023826729006329116 187
1738823954863 0.0332470623934029 188
1738823954945 0.08242218715668594 189
1738823955021 0.0015785740204696417 190
1738823955096 0.002896982829037286 191
1738823955158 0.002887942129127723 192
1738823955211 0.01211379529604231 193
1738823955283 6.387588065386993e-05 194
1738823955377 0.14294069930464462 195
1738823955442 0.21520038470648847 196
1738823955514 1.2875780939492052 197
1738823955580 0.2685055365097931 198
1738823955652 0.0309850097809772 199
1738823955727 0.08703287042056188 200
1738823955807 0.29619117896602415 201
1738823955876 0.002280086576671973 202
1738823955939 0.3577789577391096 203
1738823956009 0.2216668965711297 204
1738823956083 0.063568193725084 205
1738823956157 0.0030988744479986787 206
1738823956226 0.14649779202613153 207
1738823956287 0.012979807535556633 208
1738823956341 0.0010515141361405957 209
1738823956412 0.00953424172503418 210
1738823956483 0.08411367143585764 211
1738823956561 0.00392908314610635 212
1738823956649 0.04384988919184483 213
1738823956713 0.3288672360578388 214
1738823956780 0.3818787684393785 215
1738823956848 0.013255747326568786 216
1738823956922 0.2660151947618054 217
1738823956998 0.5420410759131001 218
1738823957065 0.11105768544289699 219
1738823957144 0.02953532168290857 220
1738823957211 4.3373011442215574e-06 221
1738823957281 0.03255445924280333 222
1738823957351 0.07076054854429968 223
1738823957419 0.05769541136638118 224
1738823957483 0.0008454821840988475 225
1738823957558 0.11870692357176861 226
1738823957640 0.16291655605549987 227
1738823957710 0.10390177745303643 228
1738823957781 0.13675001217764385 229
1738823957856 0.0627997884599963 230
1738823957928 0.0061582334726436785 231
1738823958001 0.010338566891567978 232
1738823958071 0.22829011457219772 233
1738823958126 0.022810120972095026 234
1738823958197 0.06228224616919671 235
1738823958263 0.01976508968971129 236
1738823958333 0.005030020608414952 237
1738823958403 0.07449501325565676 238
1738823958467 0.4116487320298028 239
1738823958544 0.05309809409314895 240
1738823958615 0.0465430653091085 241
