1738680919788 169.40491999610254 0
1738680919797 168.84406747517312 1
1738680919804 169.71369017437087 2
1738680919812 168.19296766651232 3
1738680919819 165.95942086061518 4
1738680919826 169.8835628291871 5
1738680919833 166.96382931384346 6
1738680919841 169.03089775771025 7
1738680919848 167.38712799939336 8
1738680919855 170.33892015280063 9
1738680919862 169.14896843149586 10
1738680919870 167.94222288340686 11
1738680919877 168.96792277200208 12
1738680919883 168.24695765393494 13
1738680919890 168.75132149122618 14
1738680919897 166.17590442624737 15
1738680919904 166.00705272180886 16
1738680919910 169.3294921958361 17
1738680919917 170.74052266279722 18
1738680919923 167.99225197877556 19
1738680919930 168.88275185786833 20
1738680919936 168.90591077204684 21
1738680919943 168.16587138705526 22
1738680919950 165.95820358962726 23
1738680919957 168.22351673142663 24
1738680919965 169.37199551275572 25
1738680919972 168.59319846227498 26
1738680919979 170.33239935135842 27
1738680919987 167.86026399013008 28
1738680919995 172.85318244165686 29
1738680920002 168.74285041535381 30
1738680920009 167.0739443452955 31
1738680920016 167.17828323545734 32
1738680920023 169.62845775328375 33
1738680920031 168.46705006801972 34
1738680920041 169.18170409588953 35
1738680920048 169.07057971435438 36
1738680920055 170.57207739999188 37
1738680920062 167.6432307228178 38
1738680920068 169.3963483660686 39
1738680920075 166.69078193053684 40
1738680920081 168.8353291707039 41
1738680920088 167.24489783404658 42
1738680920095 168.8158125048583 43
1738680920102 165.32891424947732 44
1738680920108 168.60356686059748 45
1738680920115 166.95912254545885 46
1738680920122 167.05187235431976 47
1738680920129 164.07591889642816 48
1738680920136 171.1388582385204 49
1738680920143 170.00248561449135 50
1738680920149 165.45817643907142 51
1738680920156 167.13597687767125 52
1738680920163 173.58192715277914 53
1738680920169 167.0519837092014 54
1738680920177 167.78353766613932 55
