1738823271878 169.31213782154168 0
1738823271904 169.05913526122293 1
1738823271928 168.64738792229113 2
1738823271956 168.09507383408848 3
1738823271973 167.41935750464674 4
1738823271996 166.63631450642103 5
1738823272013 165.76089228405075 6
1738823272028 164.80689927374272 7
1738823272045 163.78701583884225 8
1738823272064 162.7128217096171 9
1738823272088 161.5948356033471 10
1738823272106 160.4425635241338 11
1738823272130 159.26455292638542 12
1738823272150 158.0684504937025 13
1738823272180 156.86106175451806 14
1738823272196 155.6484111431022 15
1738823272211 154.43580143275355 16
1738823272225 153.2278717284434 17
1738823272243 152.0286534183546 18
1738823272259 150.84162365569807 19
1738823272276 149.66975608065346 20
1738823272293 148.51556860295975 21
1738823272310 147.3811681533622 22
1738823272330 146.26829238082573 23
1738823272354 145.17834832551574 24
1738823272376 144.112448137858 25
1738823272397 143.07144194386436 26
1738823272418 142.05594797833248 27
1738823272456 141.06638012212264 28
1738823272471 140.10297298884998 29
1738823272486 139.165804711131 30
1738823272501 138.25481757791925 31
1738823272522 137.36983667322554 32
1738823272537 136.51058666326642 33
1738823272556 135.67670687434173 34
1738823272576 134.8677647979152 35
1738823272594 134.08326815280628 36
1738823272620 133.32267562736178 37
1738823272647 132.58540641717872 38
1738823272669 131.87084866656338 39
1738823272693 131.1783669145687 40
1738823272713 130.50730863925162 41
1738823272736 129.85700998680989 42
1738823272764 129.22680076554897 43
1738823272786 128.61600877823096 44
1738823272809 128.02396356029539 45
1738823272822 127.44999958572818 46
1738823272837 126.89345899699781 47
1738823272853 126.35369391047317 48
1738823272881 125.83006834408351 49
1738823272909 125.32195980966306 50
1738823272926 124.828760608432 51
1738823272947 124.34987886438736 52
1738823272982 123.88473932699134 53
1738823273014 123.43278397144223 54
1738823273051 122.993472421969 55
1738823273068 122.56628222099384 56
1738823273088 122.15070896463891 57
1738823273108 121.74626632289612 58
1738823273129 121.35248596082009 59
1738823273146 120.96891737532584 60
1738823273168 120.59512766056227 61
1738823273185 120.23070121337508 62
1738823273203 119.87523938905784 63
1738823273222 119.52836011640203 64
1738823273236 119.18969747998942 65
1738823273252 118.8589012767083 66
1738823273269 118.5356365526127 67
1738823273286 118.2195831254703 68
1738823273303 117.91043509765157 69
1738823273319 117.60790036339456 70
1738823273337 117.311700113926 71
1738823273355 117.02156834342884 72
1738823273373 116.73725135840685 73
1738823273393 116.45850729260913 74
1738823273409 116.18510562933287 75
1738823273421 115.91682673261752 76
1738823273437 115.65346138857532 77
1738823273454 115.39481035786551 78
1738823273474 115.14068394011325 79
1738823273498 114.89090155089002 80
1738823273527 114.64529131171554 81
1738823273546 114.40368965340137 82
1738823273569 114.16594093293715 83
1738823273591 113.93189706401697 84
1738823273613 113.70141716121407 85
1738823273636 113.47436719773643 86
1738823273671 113.25061967663147 87
1738823273690 113.03005331525338 88
1738823273709 112.8125527427617 89
1738823273727 112.598008210382 90
1738823273751 112.38631531413007 91
1738823273774 112.17737472967485 92
1738823273797 111.97109195899885 93
1738823273818 111.7673770884984 94
1738823273836 111.56614455815716 95
1738823273856 111.36731294141927 96
1738823273874 111.1708047353846 97
1738823273903 110.97654616094832 98
1738823273921 110.78446697250732 99
1738823273945 110.59450027685973 100
1738823273964 110.40658236092858 101
1738823273981 110.22065252794596 102
1738823274001 110.03665294174245 103
1738823274023 109.85452847879318 104
1738823274043 109.67422658768227 105
1738823274060 109.49569715565508 106
1738823274084 109.31889238193932 107
1738823274101 109.14376665752448 108
1738823274118 108.97027645110057 109
1738823274143 108.79838020086716 110
1738823274162 108.62803821193408 111
1738823274184 108.45921255904608 112
1738823274204 108.29186699437342 113
1738823274225 108.12596686012184 114
1738823274243 107.96147900572382 115
1738823274267 107.79837170938497 116
1738823274285 107.63661460376703 117
1738823274310 107.47617860560031 118
1738823274330 107.31703584902631 119
1738823274352 107.1591596224808 120
1738823274369 107.00252430893637 121
1738823274386 106.84710532933138 122
1738823274408 106.69287908902085 123
1738823274426 106.53982292709246 124
1738823274444 106.38791506839804 125
1738823274469 106.23713457815884 126
1738823274486 106.08746131900881 127
1738823274507 105.93887591034792 128
1738823274524 105.791359689883 129
1738823274546 105.64489467724027 130
1738823274569 105.49946353953874 131
1738823274595 105.35504955882098 132
1738823274613 105.21163660124056 133
1738823274631 105.06920908791301 134
1738823274648 104.92775196734041 135
1738823274663 104.78725068932474 136
1738823274684 104.64769118029014 137
1738823274707 104.50905981993739 138
1738823274727 104.37134341915878 139
1738823274755 104.23452919914465 140
1738823274786 104.09860477161737 141
1738823274808 103.96355812013086 142
1738823274827 103.82937758237787 143
1738823274855 103.69605183345017 144
1738823274876 103.56356986999911 145
1738823274889 103.431920995248 146
1738823274919 103.301094804809 147
1738823274944 103.17108117326109 148
1738823274969 103.04187024144674 149
1738823274997 102.91345240444855 150
1738823275027 102.78581830020782 151
1738823275047 102.65895879875036 152
1738823275076 102.53286499198593 153
1738823275103 102.40752818404954 154
1738823275127 102.28293988215526 155
1738823275147 102.15909178793399 156
1738823275170 102.03597578922871 157
1738823275193 101.91358395232187 158
1738823275215 101.79190851457133 159
1738823275236 101.67094187743216 160
1738823275260 101.55067659984317 161
1738823275277 101.43110539195804 162
1738823275298 101.312221109202 163
1738823275323 101.19401674663635 164
1738823275346 101.07648543361357 165
1738823275368 100.95962042870737 166
1738823275388 100.84341511490214 167
1738823275410 100.72786299502799 168
1738823275430 100.61295768742752 169
1738823275453 100.4986929218418 170
1738823275474 100.38506253550337 171
1738823275496 100.27206046942513 172
1738823275519 100.15968076487393 173
1738823275539 100.04791756001947 174
1738823275561 99.93676508674808 175
1738823275579 99.82621766763292 176
1738823275604 99.71626971305201 177
1738823275626 99.60691571844562 178
1738823275647 99.49815026170604 179
1738823275669 99.38996800069194 180
1738823275690 99.28236367086083 181
1738823275710 99.17533208301334 182
1738823275736 99.06886812114284 183
1738823275760 98.96296674038507 184
1738823275777 98.85762296506229 185
1738823275794 98.75283188681664 186
1738823275815 98.64858866282829 187
1738823275835 98.54488851411338 188
1738823275853 98.44172672389779 189
1738823275868 98.3390986360626 190
1738823275885 98.23699965365735 191
1738823275901 98.1354252374775 192
1738823275918 98.03437090470277 193
1738823275936 97.93383222759299 194
1738823275954 97.83380483223858 195
1738823275976 97.73428439736261 196
1738823275997 97.6352666531718 197
1738823276021 97.53674738025401 198
1738823276044 97.43872240851965 199
1738823276068 97.34118761618463 200
1738823276086 97.244138928793 201
1738823276114 97.14757231827706 202
1738823276143 97.0514838020528 203
1738823276173 96.95586944214931 204
1738823276194 96.86072534437002 205
1738823276211 96.76604765748448 206
1738823276228 96.67183257244864 207
1738823276247 96.5780763216531 208
1738823276264 96.48477517819664 209
1738823276279 96.39192545518512 210
1738823276295 96.29952350505353 211
1738823276310 96.20756571891032 212
1738823276326 96.11604852590331 213
1738823276343 96.0249683926054 214
1738823276364 95.93432182241986 215
1738823276390 95.84410535500368 216
1738823276407 95.75431556570844 217
1738823276429 95.66494906503783 218
1738823276451 95.57600249812101 219
1738823276468 95.48747254420088 220
1738823276485 95.39935591613698 221
1738823276504 95.31164935992189 222
1738823276526 95.22434965421097 223
1738823276542 95.13745360986441 224
1738823276556 95.05095806950132 225
1738823276578 94.96485990706523 226
1738823276601 94.87915602740061 227
1738823276620 94.79384336583958 228
1738823276645 94.70891888779887 229
1738823276670 94.62437958838629 230
1738823276692 94.54022249201633 231
1738823276714 94.45644465203443 232
1738823276745 94.37304315035007 233
1738823276770 94.29001509707746 234
1738823276793 94.2073576301843 235
1738823276810 94.12506791514794 236
1738823276831 94.0431431446186 237
1738823276861 93.9615805380896 238
1738823276887 93.88037734157415 239
1738823276909 93.79953082728846 240
1738823276930 93.71903829334119 241
1738823276959 93.63889706342849 242
1738823276987 93.5591044865351 243
1738823277009 93.4796579366407 244
1738823277036 93.40055481243152 245
1738823277059 93.32179253701746 246
1738823277079 93.24336855765368 247
1738823277097 93.16528034546728 248
1738823277113 93.08752539518855 249
1738823277130 93.01010122488655 250
1738823277146 92.93300537570936 251
1738823277164 92.85623541162818 252
1738823277185 92.7797889191857 253
1738823277204 92.70366350724838 254
1738823277225 92.6278568067626 255
1738823277253 92.55236647051449 256
1738823277309 92.47719017289334 257
1738823277339 92.40232560965875 258
1738823277363 92.32777049771076 259
1738823277386 92.25352257486392 260
1738823277411 92.17957959962399 261
1738823277436 92.1059393509683 262
1738823277474 92.03259962812878 263
1738823277498 91.95955825037827 264
1738823277526 91.88681305681972 265
1738823277547 91.81436190617804 266
1738823277568 91.74220267659508 267
1738823277591 91.67033326542699 268
1738823277613 91.59875158904447 269
1738823277636 91.5274555826355 270
1738823277657 91.45644320001077 271
1738823277679 91.38571241341138 272
1738823277701 91.31526121331915 273
1738823277715 91.2450876082693 274
1738823277730 91.17518962466536 275
1738823277746 91.10556530659653 276
1738823277763 91.03621271565704 277
1738823277779 90.96712993076812 278
1738823277797 90.8983150480017 279
1738823277813 90.82976618040645 280
1738823277835 90.76148145783591 281
1738823277859 90.69345902677863 282
1738823277875 90.62569705019028 283
1738823277894 90.55819370732773 284
1738823277913 90.49094719358523 285
1738823277929 90.4239557203322 286
1738823277951 90.35721751475326 287
1738823277965 90.29073081968971 288
1738823277980 90.22449389348316 289
1738823277996 90.15850500982071 290
1738823278013 90.0927624575821 291
1738823278029 90.02726454068836 292
1738823278046 89.96200957795226 293
1738823278059 89.8969959029306 294
1738823278086 89.8322218637778 295
1738823278107 89.76768582310147 296
1738823278126 89.70338615781935 297
1738823278154 89.63932125901788 298
1738823278179 89.57548953181251 299
1738823278204 89.5118893952092 300
1738823278226 89.44851928196769 301
1738823278247 89.38537763846632 302
1738823278271 89.32246292456801 303
1738823278291 89.25977361348798 304
1738823278312 89.19730819166286 305
1738823278336 89.13506515862096 306
1738823278355 89.07304302685439 307
1738823278377 89.01124032169213 308
1738823278398 88.94965558117468 309
1738823278418 88.88828735593005 310
1738823278440 88.82713420905085 311
1738823278460 88.76619471597314 312
1738823278476 88.70546746435606 313
1738823278495 88.6449510539631 314
1738823278513 88.58464409654445 315
1738823278528 88.52454521572064 316
1738823278546 88.46465304686743 317
1738823278561 88.40496623700196 318
1738823278577 88.34548344466982 319
1738823278598 88.28620333983386 320
1738823278627 88.22712460376351 321
1738823278649 88.16824592892583 322
1738823278669 88.10956601887717 323
1738823278692 88.05108358815654 324
1738823278710 87.99279736217963 325
1738823278730 87.93470607713408 326
1738823278759 87.87680847987596 327
1738823278786 87.81910332782721 328
1738823278803 87.76158938887401 329
1738823278820 87.70426544126666 330
1738823278842 87.64713027351979 331
1738823278861 87.59018268431447 332
1738823278903 87.53342148240048 333
1738823278923 87.47684548650017 334
1738823278947 87.42045352521315 335
1738823278969 87.36424443692181 336
1738823278983 87.30821706969806 337
1738823279004 87.25237028121084 338
1738823279030 87.1967029386347 339
1738823279053 87.14121391855922 340
1738823279069 87.08590210689952 341
1738823279085 87.03076639880744 342
1738823279104 86.97580569858387 343
1738823279118 86.92101891959187 344
1738823279136 86.86640498417066 345
1738823279151 86.81196282355053 346
1738823279168 86.75769137776868 347
1738823279187 86.70358959558573 348
1738823279205 86.6496564344033 349
1738823279221 86.59589086018224 350
1738823279238 86.54229184736202 351
1738823279269 86.48885837878034 352
1738823279288 86.43558944559425 353
1738823279309 86.38248404720164 354
1738823279327 86.32954119116356 355
1738823279346 86.27675989312756 356
1738823279365 86.22413917675152 357
1738823279381 86.17167807362854 358
1738823279396 86.11937562321224 359
1738823279412 86.06723087274325 360
1738823279430 86.01524287717602 361
1738823279447 85.96341069910676 362
1738823279471 85.91173340870168 363
1738823279493 85.86021008362641 364
1738823279521 85.8088398089758 365
1738823279544 85.75762167720461 366
1738823279587 85.70655478805872 367
1738823279669 85.65563824850733 368
1738823279693 85.6048711726755 369
1738823279714 85.55425268177758 370
1738823279743 85.50378190405137 371
1738823279769 85.45345797469263 372
1738823279787 85.4032800357907 373
1738823279813 85.35324723626431 374
1738823279838 85.30335873179837 375
1738823279860 85.25361368478124 376
1738823279883 85.20401126424274 377
1738823279909 85.15455064579253 378
1738823279928 85.10523101155947 379
1738823279955 85.05605155013134 380
1738823279977 85.00701145649515 381
1738823279997 84.95810993197827 382
1738823280037 84.90934618418989 383
1738823280072 84.86071942696324 384
1738823280106 84.8122288802983 385
1738823280127 84.76387377030515 386
1738823280159 84.71565332914783 387
1738823280180 84.66756679498873 388
1738823280203 84.61961341193364 389
1738823280228 84.57179242997735 390
1738823280254 84.52410310494959 391
1738823280273 84.47654469846177 392
1738823280294 84.42911647785405 393
1738823280320 84.38181771614315 394
1738823280342 84.3346476919704 395
1738823280363 84.28760568955059 396
1738823280386 84.24069099862103 397
1738823280405 84.1939029143915 398
1738823280420 84.14724073749427 399
1738823280436 84.10070377393501 400
1738823280453 84.05429133504389 401
1738823280463 84.0080027374272 402
1738823280479 83.96183730291979 403
1738823280496 83.91579435853743 404
1738823280513 83.86987323643011 405
1738823280527 83.82407327383562 406
1738823280543 83.77839381303339 407
1738823280559 83.73283420129927 408
1738823280573 83.68739379086033 409
1738823280596 83.6420719388502 410
1738823280619 83.59686800726497 411
1738823280639 83.5517813629195 412
1738823280661 83.50681137740405 413
1738823280681 83.46195742704134 414
1738823280701 83.41721889284435 415
1738823280718 83.3725951604739 416
1738823280738 83.32808562019738 417
1738823280755 83.2836896668474 418
1738823280769 83.23940669978087 419
1738823280856 83.1952361228388 420
1738823280880 83.15117734430613 421
1738823280895 83.10722977687222 422
1738823280911 83.06339283759154 423
1738823280928 83.01966594784487 424
1738823280946 82.97604853330084 425
1738823280961 82.93254002387776 426
1738823280980 82.88913985370606 427
1738823280995 82.8458474610908 428
1738823281020 82.80266228847475 429
1738823281044 82.75958378240178 430
1738823281058 82.71661139348055 431
1738823281073 82.67374457634865 432
1738823281096 82.63098278963707 433
1738823281115 82.58832549593487 434
1738823281138 82.5457721617544 435
1738823281159 82.50332225749675 436
1738823281180 82.46097525741763 437
1738823281205 82.41873063959335 438
1738823281227 82.37658788588736 439
1738823281263 82.3345464819172 440
1738823281286 82.29260591702133 441
1738823281309 82.2507656842268 442
1738823281328 82.20902528021689 443
1738823281343 82.16738420529916 444
1738823281360 82.12584196337392 445
1738823281376 82.0843980619028 446
1738823281395 82.04305201187785 447
1738823281413 82.00180332779065 448
1738823281430 81.9606515276021 449
1738823281447 81.91959613271212 450
1738823281464 81.87863666792985 451
1738823281481 81.83777266144425 452
1738823281504 81.79700364479459 453
1738823281525 81.75632915284164 454
1738823281546 81.71574872373895 455
1738823281563 81.67526189890432 456
1738823281578 81.63486822299181 457
1738823281596 81.5945672438637 458
1738823281613 81.55435851256296 459
1738823281628 81.51424158328588 460
1738823281646 81.47421601335498 461
1738823281661 81.43428136319221 462
1738823281680 81.39443719629234 463
1738823281695 81.35468307919662 464
1738823281714 81.31501858146683 465
1738823281743 81.27544327565934 466
1738823281765 81.23595673729955 467
1738823281793 81.19655854485669 468
1738823281810 81.15724827971857 469
1738823281835 81.11802552616692 470
1738823281855 81.07888987135259 471
1738823281871 81.03984090527126 472
1738823281894 81.00087822073938 473
1738823281914 80.96200141337015 474
1738823281936 80.92321008154988 475
1738823281956 80.8845038264145 476
1738823281973 80.84588225182641 477
1738823281995 80.80734496435136 478
1738823282021 80.76889157323569 479
1738823282039 80.73052169038381 480
1738823282063 80.6922349303357 481
1738823282081 80.65403091024491 482
1738823282097 80.61590924985654 483
1738823282110 80.57786957148548 484
1738823282126 80.53991149999486 485
1738823282143 80.50203466277482 486
1738823282158 80.46423868972131 487
1738823282176 80.42652321321516 488
1738823282193 80.38888786810136 489
1738823282211 80.35133229166854 490
1738823282234 80.31385612362863 491
1738823282250 80.2764590060966 492
1738823282272 80.23914058357069 493
1738823282293 80.2019005029125 494
1738823282314 80.16473841332738 495
1738823282335 80.12765396634514 496
1738823282356 80.09064681580068 497
1738823282370 80.05371661781516 498
1738823282390 80.01686303077682 499
