1738680886660 169.05034316472285 0
1738680886685 169.0452412550862 1
1738680886712 169.0398314071057 2
1738680886730 169.03417294364732 3
1738680886750 169.02831962055416 4
1738680886774 169.0223198807419 5
1738680886790 169.01621714208017 6
1738680886813 169.01005010597564 7
1738680886834 169.00385307640303 8
1738680886852 168.99765628143626 9
1738680886874 168.9914861912138 10
1738680886891 168.98536582779343 11
1738680886906 168.97931506358108 12
1738680886924 168.973350906004 13
1738680886938 168.96748776688509 14
1738680886959 168.96178095228524 15
1738680886974 168.95623311032566 16
1738680886993 168.9508458349592 17
1738680887018 168.94561979508228 18
1738680887039 168.94055485230743 19
1738680887061 168.93565016799073 20
1738680887078 168.9309043001491 21
1738680887103 168.9263152909248 22
1738680887117 168.92188074525944 23
1738680887141 168.91765372036627 24
1738680887156 168.9136230089919 25
1738680887172 168.9097780738207 26
1738680887188 168.90610900242783 27
1738680887208 168.90260646587367 28
1738680887225 168.8992616805633 29
1738680887244 168.89606637304166 30
1738680887260 168.89301274743806 31
1738680887282 168.89009345530923 32
1738680887304 168.8873015676605 33
1738680887319 168.88463054895033 34
1738680887338 168.88207423290604 35
1738680887358 168.8796267999986 36
1738680887377 168.87728275643846 37
1738680887393 168.8750369145722 38
1738680887408 168.872884374569 39
1738680887426 168.8708205072987 40
1738680887443 168.86884093831222 41
1738680887460 168.8669415328436 42
1738680887476 168.86511838175923 43
1738680887491 168.86336778838802 44
1738680887511 168.86168625617088 45
1738680887525 168.860070477073 46
1738680887541 168.85851732070793 47
1738680887555 168.85702382412475 48
1738680887569 168.85558718221588 49
1738680887584 168.85420473870423 50
1738680887599 168.85287397767186 51
1738680887617 168.8515925155964 52
1738680887633 168.85035809386216 53
1738680887647 168.84916857171604 54
1738680887662 168.84802191964081 55
1738680887680 168.84691621311921 56
1738680887698 168.84584962676533 57
1738680887714 168.84482042879958 58
1738680887729 168.84382697584752 59
1738680887753 168.84286770804175 60
1738680887773 168.84194114440882 61
1738680887791 168.84104587852408 62
1738680887809 168.84018057441784 63
1738680887825 168.83934396271843 64
1738680887841 168.838534837017 65
1738680887863 168.83775205044185 66
1738680887886 168.83699451242904 67
1738680887907 168.83626118567787 68
1738680887924 168.83555108328034 69
1738680887942 168.83486326601425 70
1738680887959 168.83419683979017 71
1738680887977 168.83355095324322 72
1738680887996 168.8329247954615 73
1738680888011 168.83231759384253 74
1738680888025 168.83172861207075 75
1738680888043 168.83115714820863 76
1738680888059 168.83060253289517 77
1738680888074 168.83006412764485 78
1738680888090 168.82954132324213 79
1738680888105 168.8290335382249 80
1738680888127 168.82854021745285 81
1738680888145 168.82806083075448 82
1738680888165 168.82759487164986 83
1738680888181 168.8271418561431 84
1738680888196 168.82670132158168 85
1738680888214 168.82627282557857 86
1738680888235 168.82585594499284 87
1738680888249 168.82545027496664 88
1738680888264 168.8250554280139 89
1738680888280 168.8246710331591 90
1738680888295 168.82429673512232 91
1738680888309 168.82393219354864 92
1738680888325 168.82357708227866 93
1738680888342 168.82323108865833 94
