1738678099803 173.34473871522295 0
1738678099861 140.15461143307488 1
1738678099922 91.6313541159646 2
1738678100003 70.27599572636572 3
1738678100078 84.05305889345875 4
1738678100137 107.12682726457271 5
1738678100194 13.189978007550385 6
1738678100275 34.273439354564786 7
1738678100337 61.33270302046429 8
1738678100403 45.94889918469723 9
1738678100476 20.537627969533183 10
1738678100534 35.476592057433656 11
1738678100590 51.05478053958207 12
1738678100651 41.385674134823546 13
1738678100714 13.288962807791469 14
1738678100781 3.7252079296386884 15
1738678100851 28.640755841364737 16
1738678100916 20.503289465156772 17
1738678100988 53.20109591112965 18
1738678101056 7.673664401094636 19
1738678101125 33.06723485169266 20
1738678101182 7.752567089393405 21
1738678101248 26.689766299948094 22
1738678101310 1.8045086653346307 23
1738678101370 1.8419055527282915 24
1738678101430 22.38643714731628 25
1738678101495 5.330447447192455 26
1738678101555 0.8065803246964782 27
1738678101616 22.616871965085938 28
1738678101674 3.012849423108231 29
1738678101737 6.053056931697769 30
1738678101795 27.818986095432837 31
1738678101854 0.7783907348805503 32
1738678101914 0.10883923558684101 33
1738678101969 0.10528043767827716 34
1738678102025 17.462799232601977 35
1738678102091 1.2925729041111791e-05 36
1738678102150 0.08924258886644823 37
1738678102221 10.071105257778159 38
1738678102281 0.040068062954049785 39
1738678102341 8.267329513490026 40
1738678102407 15.265159882962548 41
1738678102486 7.70907286954688 42
1738678102545 13.287575772463647 43
1738678102605 1.2647253861554908 44
1738678102671 0.227413771816342 45
1738678102740 22.56077795567514 46
1738678102801 0.7113434704710696 47
1738678102865 2.5287192486839745 48
1738678102924 2.1838023645600124 49
1738678102993 9.535710716253108 50
1738678103061 6.364980572167755 51
1738678103126 9.59737585788399 52
1738678103191 0.18545096747794773 53
1738678103259 1.1626520445060051 54
1738678103321 0.017520714185923582 55
1738678103385 0.4807168467866405 56
1738678103447 0.5777891247617544 57
1738678103509 0.48094211563609146 58
1738678103567 1.9993883095349727 59
1738678103632 0.07823482211488152 60
1738678103690 0.14271975893581085 61
1738678103743 0.08706632726177169 62
1738678103805 1.2422391093036869 63
1738678103869 6.346061075537524 64
1738678103931 0.02605587675907851 65
1738678103993 1.787272675850867 66
1738678104056 3.3416481523871657 67
1738678104120 2.0050855484598897 68
1738678104189 2.1763496902736272 69
1738678104247 0.0772135539413687 70
1738678104316 0.0547847414072314 71
1738678104383 0.04828734807014385 72
1738678104439 1.535899808686931 73
1738678104495 0.25321751211169924 74
1738678104561 2.4435647409365893 75
1738678104638 2.636390587922702 76
1738678104700 1.8472959573478551 77
1738678104765 0.9529864666145085 78
1738678104827 0.9797296765946668 79
1738678104888 1.665290395690901 80
1738678104941 0.08380465440132369 81
1738678105001 1.6512257652105649 82
1738678105065 0.1700511290714737 83
1738678105122 0.3025833038386517 84
1738678105177 1.0077985751631713 85
1738678105235 0.4096586045878193 86
1738678105292 0.02494213610891651 87
1738678105355 0.6844846055283944 88
1738678105415 0.2798735382821475 89
1738678105477 0.15879683033841277 90
1738678105549 0.18087320149604932 91
1738678105608 0.24217154172207617 92
1738678105674 0.1108478488251111 93
1738678105733 0.08230164698568938 94
1738678105794 0.9003384087926642 95
1738678105858 1.7128432321838374 96
1738678105915 0.2673233026791085 97
1738678105964 0.07007284135442805 98
1738678106024 0.07491516339322804 99
1738678106085 0.27762214967946486 100
1738678106157 0.09532222334063097 101
1738678106213 0.00435984757995106 102
1738678106271 0.15904121326698342 103
1738678106337 1.0885674987126512 104
1738678106402 0.09007969074298851 105
1738678106459 1.6245994463347955 106
1738678106517 0.093558236161544 107
1738678106582 1.6992313872565572 108
1738678106645 0.21336352184267568 109
1738678106723 1.1901275899849395 110
1738678106783 0.04161454325689314 111
1738678106836 0.0964016517742786 112
1738678106891 0.9786529824982171 113
1738678106954 0.07465763664075538 114
1738678107013 0.7671339479766147 115
1738678107072 0.6211868557177325 116
1738678107129 0.0025864242830462418 117
1738678107183 0.022456193785733655 118
1738678107239 1.0588489467996272 119
1738678107295 0.12207716401186247 120
1738678107352 0.07933919208354336 121
1738678107411 0.11044770857042319 122
1738678107462 0.30837012867432034 123
1738678107524 0.3165172236429816 124
1738678107588 0.007972619834489058 125
1738678107644 0.013903392382508277 126
1738678107699 0.08245786358004324 127
1738678107758 0.16409031328419482 128
1738678107816 0.24910304994548615 129
1738678107869 0.12495642786211301 130
1738678107930 0.6254363122315252 131
1738678107991 0.340085495293215 132
1738678108039 0.07336486493197156 133
1738678108099 0.155003922077447 134
1738678108144 0.1610622083070207 135
1738678108214 8.664541282209339e-05 136
1738678108272 0.01226617544791667 137
1738678108330 0.14526226648182983 138
1738678108390 0.03009915614083615 139
1738678108449 0.08645125789483615 140
1738678108511 0.3061415525643676 141
1738678108567 0.009624750798167806 142
1738678108621 0.2337733669257896 143
1738678108678 0.0783180235371925 144
1738678108740 0.21138934435630252 145
1738678108802 0.0016495889889513295 146
1738678108849 0.3018314028150311 147
1738678108901 0.18491302253463873 148
1738678108987 0.0017198007086830199 149
1738678109047 0.06074856410510121 150
1738678109108 0.07881094909130497 151
1738678109173 0.0793314675493988 152
1738678109236 0.06451522611731245 153
1738678109293 0.20793488364224866 154
1738678109351 0.02219726634406272 155
1738678109404 0.36737992467573094 156
1738678109460 0.022251962800029116 157
1738678109522 0.00018998884050264322 158
1738678109595 0.27260725505564753 159
1738678109653 0.320879498996017 160
1738678109713 0.1403847193417829 161
1738678109769 0.024433718603012695 162
1738678109827 0.035149459265934546 163
1738678109885 0.041958808404198356 164
1738678109941 0.002996985213074425 165
1738678109996 0.06200857636979486 166
1738678110056 0.09725967467303481 167
1738678110099 0.015158584239530265 168
1738678110155 0.03363857820959514 169
1738678110217 0.10854817601328327 170
1738678110274 1.0582837864466609e-05 171
1738678110334 0.11030176976714771 172
1738678110396 0.07879795535028511 173
1738678110455 0.19641732627431072 174
1738678110519 0.02215127097310434 175
1738678110581 0.06945260696986183 176
1738678110642 0.0036910812438641903 177
1738678110692 0.0040692409731681155 178
1738678110758 0.22709680948709418 179
1738678110815 0.009811181143041508 180
1738678110876 0.18500164642317382 181
1738678110937 0.040432164687822174 182
1738678110991 0.02291446560127519 183
1738678111047 0.03511434168577513 184
1738678111105 0.01426223792997471 185
1738678111159 0.01499543986172156 186
1738678111216 5.657785065613229e-05 187
1738678111277 0.04237160217882054 188
1738678111349 0.3039947315509797 189
1738678111412 0.08465296363624591 190
1738678111467 0.04967003167588659 191
1738678111525 0.03308284737293558 192
1738678111595 0.00588491015997503 193
1738678111653 0.052406030009028985 194
1738678111712 0.0012147781942529736 195
1738678111771 0.004579647498315249 196
1738678111826 0.0025626701524414973 197
1738678111886 0.01393602798912433 198
1738678111943 0.7161311410125628 199
1738678112005 0.5799897396300949 200
1738678112067 0.008701258131319115 201
1738678112129 0.07315502499360042 202
1738678112181 0.023501146848899188 203
1738678112236 0.004843155331055593 204
1738678112286 0.05859361985110195 205
1738678112345 0.08203025455881748 206
1738678112408 0.24322335034025566 207
1738678112468 1.3445400886090837 208
1738678112525 0.021535323462438607 209
1738678112582 0.00010823228694631936 210
1738678112642 0.10922771415219824 211
1738678112700 0.0012515609615094418 212
1738678112764 0.02790210862693709 213
1738678112821 0.004775163320576604 214
1738678112874 0.29874428331016734 215
1738678112919 0.27818309539553465 216
1738678112966 0.012360073770329544 217
1738678113013 0.1354827030537065 218
1738678113067 0.04528131254308911 219
1738678113137 0.09362589711616974 220
1738678113193 0.03183861493425271 221
1738678113250 0.005532894752072412 222
1738678113325 0.014774447611017393 223
1738678113380 0.0284106306684462 224
1738678113438 0.00189001219629155 225
1738678113494 0.03218172201964962 226
1738678113551 0.42587880029956 227
1738678113611 0.00312708673663136 228
1738678113666 0.12888318705765175 229
1738678113725 0.0007783470719526028 230
1738678113785 0.1172768419253461 231
1738678113842 0.05354179452604358 232
1738678113899 0.00177931675036639 233
1738678113956 2.106293679692537e-05 234
1738678114012 0.02032072946679957 235
1738678114060 0.08994238387994445 236
1738678114118 0.015898271232403373 237
1738678114182 0.29919146284113 238
1738678114236 0.006779140089514594 239
1738678114300 0.17534137990830298 240
1738678114355 0.0018153994978512302 241
1738678114404 0.027946407361694296 242
1738678114461 0.13062173987812747 243
1738678114516 0.057739349110047536 244
1738678114571 0.003048149241639794 245
1738678114653 0.029204000742225487 246
1738678114712 0.017312647307198094 247
1738678114766 0.061080578095526784 248
1738678114832 6.412863030088675e-07 249
1738678114894 0.004556547194433466 250
1738678114953 0.02581687754191131 251
1738678115015 0.01867500167321634 252
1738678115077 0.006173011867726468 253
1738678115135 0.04013202210403557 254
1738678115194 0.004856768019059974 255
1738678115252 0.026877704295239897 256
1738678115311 0.0010866724417012501 257
1738678115373 0.042333869179400956 258
1738678115422 0.34482029623976485 259
1738678115481 0.13605784116849146 260
1738678115541 0.0001958140742089741 261
1738678115600 0.13434109912871983 262
1738678115664 0.19057716241646694 263
1738678115721 0.02806249550937394 264
1738678115779 0.0025905378118882814 265
1738678115835 0.001260796023701581 266
1738678115891 0.1930678466262857 267
1738678115952 0.01926290003542769 268
1738678116008 0.11304213605907534 269
1738678116066 0.12420416834541297 270
1738678116129 0.006546438684512558 271
1738678116187 0.15063086371889647 272
1738678116248 0.004548705348184568 273
1738678116298 0.10090079530688895 274
1738678116356 0.04294675145561605 275
1738678116417 0.030685824713094344 276
1738678116474 0.15193398018902585 277
1738678116532 0.0046358997525116465 278
1738678116589 0.12288353363736294 279
1738678116651 0.056483515725423775 280
1738678116707 0.07451013306067239 281
1738678116766 0.12402967405416339 282
1738678116827 6.028967167534785e-05 283
1738678116884 0.08240804692491564 284
1738678116941 0.0152645574001307 285
1738678116999 0.3040005258214893 286
1738678117056 0.02934685510880935 287
1738678117118 1.0492285382401927 288
1738678117175 0.16223577065316425 289
1738678117236 0.06936369996979905 290
1738678117300 0.025100117937790857 291
1738678117355 0.08383442410255847 292
1738678117409 0.061737145717522875 293
1738678117467 0.04858311852899433 294
1738678117524 0.030012081627401998 295
1738678117580 0.2190280678514545 296
1738678117639 0.1251844952686011 297
1738678117690 0.07279910201146812 298
1738678117737 0.004058423008770238 299
1738678117793 0.06691356385597959 300
1738678117846 0.0009027065659644957 301
