1738824020777 170.68229010975716 0
1738824020786 168.15933967806694 1
1738824020794 168.51082065535655 2
1738824020804 168.1856055054829 3
1738824020812 170.94452546795665 4
1738824020819 170.57335781375122 5
1738824020826 168.56841141247313 6
1738824020832 169.5629598515298 7
1738824020839 169.75846460641543 8
1738824020845 167.70605956573755 9
1738824020854 169.1144681813377 10
1738824020862 168.25684317887962 11
1738824020871 169.72420576285876 12
1738824020879 169.94235739535884 13
1738824020888 168.4520598197456 14
1738824020895 168.5860604438665 15
1738824020901 169.67692254678542 16
1738824020908 168.69038291393025 17
1738824020916 170.03837580293722 18
1738824020922 168.02905541782812 19
1738824020928 169.27225912780324 20
