1738679546982 169.31213782154168 0
1738679546997 169.31007486675608 1
1738679547015 169.3080208639684 2
1738679547031 169.30597577298937 3
1738679547046 169.30393955381314 4
1738679547066 169.30191216661666 5
1738679547086 169.29989357175867 6
1738679547100 169.2978837297791 7
1738679547113 169.2958826013979 8
1738679547130 169.29389014751462 9
1738679547150 169.2919063292071 10
1738679547165 169.2899311077311 11
1738679547197 169.28796444451925 12
1738679547215 169.28600630118015 13
1738679547241 169.28405663949792 14
