1738680075150 169.65543624409767 0
1738680075169 169.6525568871973 1
1738680075185 169.64968821204778 2
1738680075202 169.64683017647442 3
1738680075223 169.64398273847536 4
1738680075242 169.64114585622033 5
1738680075263 169.63831948805029 6
1738680075279 169.63550359247648 7
1738680075297 169.63269812818 8
1738680075316 169.6299030540108 9
1738680075335 169.6271183289872 10
1738680075398 169.62434391229496 11
1738680075454 169.62157976328683 12
1738680075477 169.61882584148174 13
1738680075493 169.6160821065641 14
1738680075513 169.61334851838305 15
1738680075532 169.61062503695186 16
1738680075550 169.60791162244738 17
1738680075568 169.60520823520895 18
1738680075583 169.60251483573822 19
1738680075601 169.5998313846981 20
1738680075620 169.59715784291222 21
1738680075636 169.59449417136435 22
1738680075653 169.59184033119757 23
1738680075669 169.5891962837137 24
1738680075685 169.58656199037256 25
1738680075702 169.5839374127915 26
1738680075720 169.58132251274455 27
1738680075737 169.57871725216177 28
1738680075757 169.57612159312876 29
1738680075777 169.57353549788584 30
1738680075798 169.57095892882765 31
1738680075817 169.56839184850202 32
1738680075832 169.56583421960988 33
1738680075848 169.56328600500436 34
1738680075863 169.56074716769027 35
1738680075878 169.55821767082315 36
1738680075892 169.55569747770906 37
1738680075906 169.55318655180378 38
1738680075924 169.55068485671205 39
1738680075940 169.54819235618723 40
1738680075954 169.54570901413044 41
1738680075968 169.54323479459003 42
1738680075982 169.540769661761 43
1738680075997 169.53831357998436 44
1738680076011 169.53586651374656 45
1738680076029 169.53342842767873 46
1738680076044 169.53099928655632 47
1738680076057 169.52857905529834 48
1738680076076 169.52616769896682 49
1738680076094 169.52376518276603 50
1738680076109 169.52137147204235 51
1738680076127 169.51898653228307 52
1738680076143 169.5166103291164 53
1738680076162 169.51424282831033 54
1738680076180 169.5118839957725 55
1738680076200 169.50953379754932 56
1738680076216 169.50719219982568 57
1738680076232 169.50485916892396 58
1738680076254 169.5025346713039 59
1738680076271 169.50021867356162 60
1738680076287 169.49791114242953 61
1738680076305 169.49561204477533 62
1738680076326 169.4933213476016 63
1738680076343 169.49103901804529 64
1738680076358 169.48876502337714 65
1738680076373 169.48649933100103 66
1738680076389 169.4842419084536 67
1738680076407 169.48199272340355 68
1738680076422 169.4797517436511 69
1738680076438 169.4775189371276 70
1738680076453 169.47529427189468 71
1738680076469 169.47307771614416 72
1738680076486 169.470869238197 73
1738680076501 169.4686688065031 74
1738680076522 169.4664763896407 75
1738680076540 169.46429195631575 76
1738680076556 169.46211547536157 77
1738680076609 169.45994691573807 78
1738680076625 169.45778624653144 79
1738680076639 169.4556334369535 80
1738680076657 169.45348845634118 81
1738680076678 169.4513512741561 82
1738680076693 169.449221859984 83
1738680076710 169.4471001835341 84
1738680076728 169.44498621463885 85
1738680076747 169.4428799232531 86
1738680076764 169.44078127945394 87
1738680076778 169.43869025343994 88
1738680076792 169.4366068155306 89
1738680076814 169.4345309361662 90
1738680076835 169.43246258590676 91
1738680076850 169.4304017354321 92
1738680076864 169.428348355541 93
1738680076878 169.42630241715082 94
1738680076895 169.42426389129685 95
1738680076912 169.42223274913218 96
1738680076930 169.42020896192673 97
1738680076947 169.41819250106727 98
1738680076963 169.41618333805644 99
1738680076981 169.4141814445127 100
1738680077002 169.41218679216956 101
1738680077020 169.4101993528752 102
1738680077035 169.4082190985921 103
1738680077051 169.40624600139634 104
1738680077065 169.40428003347728 105
1738680077081 169.40232116713713 106
1738680077094 169.4003693747903 107
1738680077107 169.3984246289631 108
1738680077122 169.3964869022933 109
1738680077144 169.39455616752946 110
1738680077160 169.39263239753066 111
1738680077177 169.390715565266 112
1738680077192 169.38880564381412 113
1738680077207 169.38690260636264 114
1738680077222 169.385006426208 115
1738680077240 169.38311707675476 116
1738680077256 169.38123453151508 117
1738680077269 169.37935876410862 118
1738680077284 169.37748974826178 119
1738680077299 169.3756274578073 120
1738680077315 169.37377186668408 121
1738680077331 169.37192294893632 122
1738680077348 169.37008067871346 123
1738680077370 169.36824503026952 124
1738680077387 169.36641597796273 125
1738680077402 169.3645934962551 126
1738680077421 169.36277755971213 127
1738680077440 169.36096814300197 128
1738680077457 169.35916522089553 129
1738680077473 169.35736876826573 130
1738680077490 169.35557876008696 131
1738680077504 169.35379517143508 132
1738680077518 169.35201797748664 133
1738680077539 169.35024715351855 134
1738680077553 169.34848267490784 135
1738680077567 169.34672451713087 136
1738680077580 169.34497265576334 137
1738680077594 169.34322706647967 138
1738680077609 169.34148772505247 139
1738680077624 169.33975460735252 140
1738680077643 169.33802768934777 141
1738680077658 169.3363069471036 142
1738680077676 169.3345923567819 143
1738680077691 169.33288389464101 144
1738680077709 169.33118153703506 145
1738680077724 169.32948526041375 146
1738680077740 169.32779504132188 147
1738680077763 169.32611085639894 148
1738680077779 169.32443268237884 149
1738680077793 169.32276049608936 150
1738680077807 169.32109427445184 151
1738680077821 169.31943399448082 152
1738680077835 169.31777963328355 153
1738680077848 169.31613116805974 154
1738680077862 169.3144885761011 155
1738680077877 169.31285183479088 156
1738680077892 169.3112209216037 157
