1738824185472 152.1310830052059 0
1738824185511 181.7213772914777 1
1738824185550 186.85478734753107 2
1738824185589 174.20014228983513 3
1738824185629 157.3322079878448 4
1738824185704 154.76899852012437 5
1738824185748 168.56177588802194 6
1738824185788 182.2225347263367 7
1738824185827 165.5358150162576 8
1738824185867 108.52005195925359 9
1738824185905 192.0005850898347 10
1738824185945 134.28020043974436 11
1738824185984 147.53575685382933 12
1738824186021 166.05168022676347 13
1738824186058 149.8304206641051 14
1738824186095 219.5672059895846 15
1738824186133 183.23048027562172 16
1738824186172 187.40618305137605 17
1738824186210 175.91719958812877 18
1738824186252 174.63430710614298 19
1738824186326 183.47926664059952 20
1738824186375 90.2485531740303 21
1738824186446 114.38886394235041 22
1738824186491 201.45068911325302 23
1738824186535 141.78225083218717 24
1738824186577 178.8220511018651 25
1738824186616 135.83774169870884 26
1738824186655 182.00464587738497 27
1738824186693 244.96927142124454 28
1738824186732 206.95341321451488 29
1738824186771 197.76374781227378 30
1738824186809 110.88124141580582 31
1738824186848 177.93387360042556 32
1738824186886 188.10692965111429 33
1738824186924 209.3829300927658 34
1738824186962 150.63734160058186 35
1738824187000 190.9129767011988 36
1738824187038 196.0715162803851 37
1738824187075 209.94499024327686 38
1738824187113 144.20652036587072 39
1738824187152 153.51111531043904 40
1738824187193 138.40621805180612 41
1738824187232 186.88751297477225 42
1738824187272 106.60804216826911 43
1738824187312 114.21109032660281 44
1738824187350 171.2794262925463 45
1738824187388 198.07069720955243 46
1738824187434 163.2793232318338 47
1738824187474 180.24035439547237 48
1738824187514 208.4288421940399 49
1738824187553 138.53218927530412 50
1738824187592 190.2083430368828 51
1738824187630 167.61751502951492 52
1738824187668 193.1004105773464 53
1738824187706 181.79301169926285 54
1738824187745 182.75030963315396 55
1738824187784 173.37281182394472 56
1738824187826 210.65126872308247 57
1738824187867 169.5805805562148 58
1738824187907 139.2649650650707 59
1738824187946 172.75632055183348 60
1738824187987 171.97541101502966 61
1738824188039 180.19404948878332 62
1738824188081 161.10600914582395 63
1738824188121 161.1640049068477 64
1738824188162 164.06553153226986 65
1738824188203 161.51292010608142 66
1738824188243 181.37904137853954 67
1738824188285 169.82674004483817 68
1738824188325 172.65674289132696 69
1738824188364 178.33414126781904 70
1738824188403 200.5819425442708 71
1738824188446 113.55596401384938 72
1738824188495 184.6869109153187 73
1738824188538 168.62317532452383 74
1738824188580 167.91880243413542 75
1738824188619 222.45779055858355 76
1738824188659 160.73056801070211 77
1738824188697 134.21288136935496 78
1738824188736 149.26295245506265 79
1738824188775 291.54585270940856 80
1738824188813 167.09550424237543 81
1738824188854 208.32058499250644 82
1738824188895 193.11749467664472 83
1738824188937 176.11595737711798 84
1738824188976 170.99328475373855 85
1738824189015 108.87652286439747 86
1738824189054 144.98030598581326 87
1738824189093 213.7809265383147 88
1738824189134 154.36813001506337 89
1738824189175 156.4301312089192 90
1738824189215 157.66435188290126 91
1738824189255 172.78558371669928 92
1738824189294 179.55518344472316 93
1738824189333 138.2318510739586 94
1738824189372 248.59230638973236 95
1738824189411 115.67355335927289 96
1738824189450 168.55362675880738 97
1738824189490 95.75739502034934 98
1738824189530 191.59770268057574 99
1738824189570 155.39238122306884 100
1738824189616 173.51080298449372 101
1738824189666 178.7632027541561 102
1738824189708 144.16442798909267 103
1738824189749 247.42763972360973 104
1738824189790 201.94494623705506 105
1738824189830 164.22797353474752 106
1738824189871 82.40693955961386 107
1738824189910 209.08801013949653 108
1738824189951 202.9574576635586 109
1738824189994 62.06923638340117 110
1738824190034 187.2745375857788 111
1738824190074 172.47645124879617 112
1738824190113 186.3264420180177 113
1738824190151 187.5198856597258 114
1738824190192 168.9880891175986 115
1738824190233 278.06152967737177 116
1738824190273 187.56243391060124 117
1738824190313 146.06138119629927 118
1738824190353 217.07158181657286 119
1738824190393 171.9645036190677 120
1738824190435 172.87263494791156 121
1738824190476 249.19646435994855 122
1738824190515 156.9234639935635 123
1738824190556 107.37129612889667 124
1738824190595 184.03910144805542 125
1738824190635 199.97380285900195 126
1738824190674 243.95883721318674 127
1738824190711 129.7473454520951 128
1738824190748 173.36623434755444 129
1738824190787 229.94585135286619 130
1738824190828 172.37384353289363 131
1738824190871 177.5644411134056 132
1738824190912 154.45815593005204 133
1738824190951 155.86750246901613 134
1738824190991 102.19763069359537 135
1738824191029 185.0808872963828 136
1738824191068 181.53537836124156 137
1738824191106 221.77330714238886 138
1738824191146 180.02056310678577 139
1738824191185 142.00583031445683 140
1738824191224 183.6841930796836 141
1738824191266 152.07382215054236 142
1738824191308 123.30926907858515 143
1738824191381 177.53072887988924 144
1738824191509 178.08000003127646 145
1738824191553 141.29861959334102 146
1738824191598 215.97814368837794 147
1738824191640 199.67737128697937 148
1738824191684 141.5740922321619 149
1738824191728 212.3741822695593 150
1738824191769 201.35859488715982 151
1738824191814 147.41543475199714 152
1738824191858 179.54086639492505 153
1738824191900 141.50274059800455 154
1738824191944 172.1589076152225 155
1738824191993 341.6021979004778 156
1738824192036 182.19767258852366 157
1738824192149 178.30547766197188 158
1738824192218 400.2841653494208 159
1738824192265 60.406355492452384 160
1738824192308 170.84355832688425 161
1738824192374 147.26505676404176 162
1738824192425 170.60559200353075 163
1738824192467 179.80958704450398 164
1738824192510 146.95258427162202 165
1738824192559 161.33068922808135 166
1738824192611 214.25102580451653 167
1738824192653 178.11587144771946 168
1738824192696 176.29516654820702 169
1738824192751 159.86723915722771 170
1738824192795 201.4885022041469 171
1738824192836 197.71615378135738 172
1738824192878 189.82536869959222 173
1738824192921 168.16648688236197 174
1738824192967 185.09673195108715 175
1738824193016 165.23147136446462 176
1738824193073 191.5268815989457 177
1738824193119 147.56884585340302 178
1738824193162 165.4859202240969 179
1738824193206 199.3747319095049 180
1738824193248 260.4245175233082 181
1738824193320 186.75764846271338 182
1738824193377 119.90022819728246 183
1738824193448 144.94546111481873 184
1738824193596 170.60162725512535 185
1738824193673 109.62340289244231 186
1738824193731 141.04393492642424 187
1738824193781 200.10157510424278 188
1738824193873 93.46323219788552 189
1738824193936 171.1589696980022 190
1738824194006 154.40640030803925 191
1738824194060 203.07556260459313 192
1738824194101 151.3171650537784 193
1738824194143 148.94663122840615 194
1738824194184 206.47133461772066 195
1738824194228 158.86999367182955 196
1738824194280 144.7027719367466 197
1738824194324 200.51259749612134 198
1738824194368 181.25152684744572 199
1738824194411 181.0158352376882 200
1738824194453 160.99480977750778 201
1738824194492 169.58186317605131 202
1738824194532 182.36987258458433 203
1738824194570 153.353132691275 204
1738824194612 183.35570775648154 205
1738824194654 180.04392733384768 206
1738824194693 193.5656566599497 207
1738824194735 296.81506085786793 208
1738824194775 142.01052046583746 209
1738824194815 145.7354806490874 210
1738824194863 116.5931321106069 211
1738824194905 155.79969187858885 212
1738824194946 143.36428978531143 213
1738824194987 164.6738473672794 214
1738824195030 93.19350092896413 215
1738824195071 172.40362482305406 216
1738824195112 173.29546699962435 217
1738824195155 124.59849094989062 218
1738824195196 200.69342632801093 219
1738824195236 114.26255793202753 220
1738824195274 57.959332575646705 221
1738824195312 217.08785478024015 222
1738824195350 158.43781121732687 223
1738824195387 141.61051239857954 224
1738824195424 149.8271721756598 225
1738824195466 147.1681947278864 226
1738824195506 171.75043189365564 227
1738824195544 190.18953023753286 228
1738824195583 194.91291857754902 229
1738824195621 169.83508678798782 230
1738824195658 199.71818398083857 231
1738824195695 131.92143632618283 232
1738824195740 101.88601773294418 233
1738824195799 149.80059531336678 234
1738824195843 151.57959458038818 235
1738824195885 122.79977707806694 236
1738824195925 176.5245160009768 237
1738824195966 197.71258019912878 238
1738824196038 168.93898319118114 239
1738824196083 227.53847692363482 240
1738824196131 187.74702001888443 241
1738824196172 181.37754184504794 242
1738824196213 162.01763774777606 243
1738824196255 217.68114828504335 244
1738824196296 106.17459297040483 245
1738824196349 155.34559304650702 246
1738824196391 156.89426827863596 247
1738824196432 172.37159810766192 248
1738824196474 189.74559898410268 249
1738824196531 144.08282153596517 250
1738824196582 200.96015534523676 251
1738824196629 186.00805159362514 252
1738824196679 163.5674880525827 253
1738824196738 217.28125653993135 254
1738824196779 112.59419693017429 255
1738824196820 157.7987782224989 256
1738824196863 177.70575560583023 257
1738824196904 121.60576921502276 258
1738824196944 95.66034688211882 259
1738824196983 191.48987523374043 260
1738824197026 179.60416080186366 261
1738824197066 176.79532635775587 262
1738824197107 152.2273905262711 263
1738824197146 160.5848247926557 264
1738824197186 165.33329012827772 265
1738824197226 166.37703054133289 266
1738824197299 185.32051070253095 267
1738824197344 186.53250191559977 268
1738824197386 187.51062576806385 269
1738824197427 125.26843794552977 270
1738824197469 160.67885508352524 271
1738824197520 179.69449233614165 272
1738824197571 184.71264025044655 273
1738824197617 193.5876732720033 274
1738824197658 203.6530741649716 275
1738824197699 166.86121594678954 276
1738824197741 127.91677507676023 277
1738824197784 191.20354306249058 278
1738824197823 162.21588205129538 279
1738824197864 192.80513354758796 280
1738824197904 163.1607425014391 281
1738824197946 182.85530340049974 282
1738824197986 135.40793624982447 283
1738824198026 132.36965633596674 284
1738824198068 123.97273715908621 285
1738824198108 142.00373469830566 286
1738824198148 129.32651195985375 287
1738824198188 181.57717037859683 288
1738824198226 190.70598142917706 289
1738824198269 265.39110386105966 290
1738824198308 201.47246446141227 291
1738824198348 150.62806514841128 292
1738824198387 95.48194519738837 293
1738824198429 152.90150259475158 294
1738824198543 135.33849610419324 295
1738824198590 185.34401492114594 296
1738824198632 141.94208786801727 297
1738824198676 190.61375355878872 298
1738824198717 191.75791354522735 299
1738824198764 144.61702404223945 300
1738824198804 151.6608818033204 301
1738824198843 184.2761920153872 302
1738824198881 168.58806599156475 303
1738824198919 155.60984110669767 304
1738824198996 113.39536587614244 305
1738824199037 119.53195822069412 306
1738824199079 71.9561690836784 307
1738824199120 184.7730005061921 308
1738824199161 177.45320794424725 309
1738824199199 151.7214445307209 310
1738824199238 113.09320050807693 311
1738824199278 195.19710088352156 312
1738824199318 168.64132720666117 313
1738824199357 167.632242171931 314
1738824199397 244.9897056049983 315
1738824199438 161.2225886231994 316
1738824199486 171.30499520225283 317
1738824199528 183.19470069119356 318
1738824199569 177.65320527084157 319
1738824199609 148.3837112472611 320
1738824199649 173.28869257689794 321
1738824199688 238.7882820113493 322
1738824199727 27.14761060160897 323
1738824199766 192.1416381270993 324
1738824199805 168.1312094990035 325
1738824199844 181.8043386559981 326
1738824199884 165.95228597332363 327
1738824199923 290.74298960882857 328
1738824199963 169.31717102900106 329
1738824200002 303.8705191514527 330
1738824200043 162.2400085990114 331
1738824200082 194.30698403646724 332
1738824200121 315.0686875741239 333
1738824200159 203.0728952509584 334
1738824200198 151.94828832553867 335
1738824200238 170.4755747821788 336
1738824200277 204.0810731276886 337
1738824200316 186.76094484573036 338
1738824200355 142.32914158779312 339
1738824200393 186.85512034254637 340
1738824200442 255.67827297373904 341
1738824200482 206.5958180734183 342
1738824200524 158.4440595928837 343
1738824200566 165.53291703023302 344
1738824200609 216.1779051384396 345
1738824200653 196.39836660058972 346
1738824200699 135.29003060754738 347
1738824200743 118.727685556259 348
1738824200784 91.18299968689875 349
1738824200825 218.92047922135797 350
1738824200866 135.51598870394815 351
1738824200907 189.06053122655584 352
1738824200948 175.27853404949332 353
1738824200988 121.9592159709333 354
1738824201027 141.82886665907694 355
1738824201068 199.40693172430238 356
1738824201108 165.9442045428076 357
1738824201148 202.84716622212093 358
1738824201188 87.08200803828385 359
1738824201230 189.82266974967897 360
1738824201274 154.17892347423745 361
1738824201373 141.65227327704937 362
1738824201419 227.4130408053053 363
1738824201466 146.2681460886159 364
1738824201513 188.4536206899344 365
1738824201564 177.26489180268925 366
1738824201611 150.19848519589982 367
1738824201655 155.0779948569913 368
1738824201698 145.72984983441373 369
1738824201742 189.74819833228972 370
1738824201785 141.11473445832337 371
1738824201829 140.13608948411309 372
1738824201869 194.7714821066559 373
1738824201908 166.924040695668 374
1738824201947 242.22334991895187 375
1738824201985 372.4207669561981 376
1738824202024 186.09759837569945 377
1738824202063 141.4979186287681 378
1738824202102 212.64916525314504 379
1738824202140 151.07986014471214 380
1738824202178 165.15139596470846 381
1738824202217 164.59651290202513 382
1738824202256 207.00935432531992 383
1738824202295 177.11942935741106 384
1738824202333 472.0045360698133 385
1738824202372 171.76398152548984 386
1738824202410 219.92532294627526 387
1738824202448 152.5988551053537 388
1738824202487 172.99283637416647 389
1738824202526 204.14589793623588 390
1738824202565 120.78749903151909 391
1738824202604 192.9645721511523 392
1738824202643 210.0473508754719 393
1738824202683 222.8113081526872 394
1738824202722 178.83334628151948 395
1738824202762 166.47642337820483 396
1738824202806 166.48442626968244 397
1738824202846 133.28657565413792 398
1738824202885 155.54660772950135 399
1738824202925 180.52780955879248 400
1738824202964 226.18089784671955 401
1738824203006 178.7892379891555 402
1738824203045 400.31011790147244 403
1738824203085 152.29833027438056 404
1738824203125 164.6904540259375 405
1738824203165 188.86787403142176 406
1738824203203 146.5748736166987 407
1738824203242 211.71841278572407 408
1738824203285 97.92891893463144 409
1738824203325 167.45688369381764 410
1738824203363 175.0925432228188 411
1738824203402 244.75318603596185 412
1738824203439 140.7094874173808 413
1738824203478 164.27901463628132 414
1738824203516 208.54006608013032 415
1738824203554 449.2282639291353 416
1738824203593 156.75978123977208 417
1738824203631 182.47952617174397 418
1738824203669 128.68451078697572 419
1738824203707 222.80885838449677 420
1738824203745 134.17989623174756 421
1738824203784 199.0831886240104 422
1738824203823 178.17337588382307 423
1738824203862 173.46188488063942 424
1738824203937 187.58040110900515 425
1738824203977 165.55181772975277 426
1738824204016 125.88015508796066 427
1738824204055 191.79189479636153 428
1738824204094 88.72399824162234 429
1738824204133 131.29442371818112 430
1738824204173 245.53605688899344 431
1738824204213 121.04258306443613 432
1738824204253 154.91701695823704 433
1738824204292 169.17441149765423 434
1738824204332 134.04820012008932 435
1738824204371 161.740158133344 436
1738824204411 123.40670333589395 437
1738824204452 188.85688483055733 438
1738824204492 195.51138782415958 439
1738824204530 126.81364797270324 440
1738824204569 214.07608668711697 441
1738824204610 59.41932373549201 442
1738824204649 198.99454932375028 443
1738824204689 165.00234971443703 444
1738824204729 117.9356089865474 445
1738824204767 197.32855096663548 446
1738824204807 294.2738796275173 447
1738824204847 163.63001821249372 448
1738824204885 206.97876477248494 449
1738824204922 182.7108285454939 450
1738824204961 158.0402526283676 451
1738824205002 187.62227708720533 452
1738824205046 200.69494460004714 453
1738824205091 147.29046507490438 454
1738824205134 242.47530649041474 455
1738824205174 174.18641824781747 456
1738824205214 162.52650915794325 457
1738824205252 197.20431302824142 458
1738824205291 180.68674715258842 459
1738824205330 171.68576416663663 460
1738824205368 378.21767707161496 461
1738824205407 149.51397006100612 462
1738824205446 175.55441858303672 463
1738824205484 148.87571037225175 464
1738824205523 216.68590356250726 465
1738824205561 219.17652502382066 466
1738824205600 195.51680895420267 467
1738824205639 105.52555929556456 468
1738824205678 104.05749826665756 469
1738824205716 59.26996129456949 470
1738824205755 158.80408019567935 471
1738824205794 182.42065158346261 472
1738824205833 160.36502981831677 473
1738824205872 184.91714138345947 474
1738824205911 107.55861373748397 475
1738824205950 182.8739647100267 476
1738824205989 133.77688854389442 477
1738824206027 207.27119294955736 478
1738824206067 188.64344703482791 479
1738824206105 152.48459536140942 480
1738824206145 141.3344236904522 481
1738824206182 157.52378696003348 482
1738824206221 176.47203423711073 483
1738824206260 165.8123103700166 484
1738824206299 196.71855550122422 485
1738824206337 170.28260913900655 486
1738824206377 171.35141235081633 487
1738824206416 172.9116609517667 488
1738824206455 200.2073119540972 489
1738824206495 151.2546143050748 490
1738824206534 204.2026677055909 491
1738824206573 133.64062044737366 492
1738824206612 189.5518917396917 493
1738824206650 142.85000985786104 494
1738824206688 191.40278241229666 495
1738824206727 165.53662714247784 496
1738824206766 174.0396015823986 497
1738824206805 166.548809327081 498
1738824206843 170.3587443347049 499
