1738677547704 165.01065155706516 0
1738677547719 149.55383998807028 1
1738677547736 138.68956018898118 2
1738677547751 130.85438299843406 3
1738677547765 125.0316483416245 4
1738677547779 120.55902890276549 5
1738677547794 117.00393133887287 6
1738677547807 114.08281080548673 7
1738677547819 111.60891287938112 8
1738677547832 109.45841890660964 9
1738677547845 107.54850621421294 10
1738677547858 105.82312303442626 11
1738677547871 104.24375924665908 12
1738677547889 102.78345284596838 13
1738677547902 101.4228926772787 14
1738677547914 100.14787971227562 15
1738677547926 98.94766919788509 16
1738677547939 97.81388434598162 17
1738677547950 96.73980121079866 18
1738677547962 95.71987495121594 19
1738677547973 94.74942335229743 20
1738677547986 93.8244130565433 21
1738677547998 92.94131310855796 22
1738677548012 92.0969928227135 23
1738677548026 91.28864902104792 24
1738677548039 90.51375289811551 25
1738677548052 89.77001014770731 26
1738677548066 89.05533017861092 27
1738677548080 88.36780167065469 28
1738677548093 87.70567264863786 29
1738677548107 87.0673338555048 30
1738677548124 86.45130460065981 31
1738677548139 85.85622051807823 32
1738677548154 85.28082283941215 33
1738677548168 84.72394890043628 34
1738677548183 84.18452367491142 35
1738677548196 83.66155218121327 36
1738677548209 83.15411264229634 37
1738677548225 82.66135030419936 38
1738677548240 82.18247183590739 39
1738677548253 81.71674024628466 40
1738677548267 81.26347026349899 41
1738677548281 80.82202412986807 42
1738677548292 80.3918077710275 43
1738677548304 79.97226730318705 44
1738677548316 79.56288584629829 45
1738677548328 79.16318061440113 46
1738677548340 78.77270025738947 47
1738677548352 78.39102243102793 48
1738677548364 78.01775157433852 49
1738677548380 77.65251687550249 50
1738677548392 77.29497040923242 51
1738677548404 76.94478543018859 52
1738677548417 76.60165480846982 53
1738677548432 76.26528959451764 54
1738677548446 75.93541770195465 55
1738677548460 75.61178269794272 56
1738677548475 75.29414269161097 57
1738677548491 74.98226931197344 58
1738677548503 74.67594676754472 59
1738677548518 74.37497098057409 60
1738677548532 74.07914878946559 61
1738677548546 73.78829721353453 62
1738677548560 73.50224277478215 63
1738677548572 73.22082087184914 64
1738677548584 72.94387520174482 65
1738677548596 72.67125722534252 66
1738677548609 72.40282567299015 67
1738677548622 72.13844608690965 68
1738677548634 71.8779903973528 69
1738677548648 71.62133652974954 70
1738677548663 71.36836804032652 71
1738677548677 71.11897377789481 72
1738677548691 70.8730475697057 73
1738677548704 70.6304879294555 74
1738677548718 70.39119778568573 75
1738677548732 70.15508422897558 76
1738677548745 69.9220582764601 77
1738677548759 69.69203465233235 78
1738677548774 69.46493158310052 79
1738677548789 69.24067060647509 80
1738677548804 69.01917639285392 81
1738677548818 68.80037657845956 82
1738677548832 68.58420160926103 83
1738677548846 68.37058459488294 84
1738677548859 68.15946117177039 85
1738677548874 67.95076937493705 86
1738677548892 67.74444951767768 87
1738677548907 67.54044407867615 88
1738677548921 67.33869759598505 89
1738677548938 67.13915656739422 90
1738677548952 66.94176935674304 91
1738677548967 66.74648610576651 92
1738677548981 66.55325865109629 93
1738677548999 66.36204044606686 94
1738677549015 66.17278648700388 95
1738677549027 65.98545324369579 96
1738677549041 65.79999859377249 97
1738677549056 65.61638176073492 98
1738677549072 65.43456325539877 99
1738677549087 65.2545048205325 100
1738677549103 65.07616937848586 101
1738677549125 64.89952098162 102
1738677549142 64.7245247653634 103
1738677549160 64.55114690373031 104
1738677549171 64.37935456715053 105
1738677549186 64.20911588246864 106
1738677549200 64.04039989498196 107
1738677549213 63.87317653239445 108
1738677549228 63.70741657057264 109
1738677549242 63.54309160099716 110
1738677549256 63.380173999810786 111
1738677549271 63.21863689837005 112
1738677549291 63.05845415521406 113
1738677549303 62.89960032936959 114
1738677549320 62.742050654916724 115
1738677549335 62.58578101674423 116
1738677549350 62.43076792742842 117
1738677549368 62.2769885051734 118
1738677549384 62.12442045275439 119
1738677549399 61.97304203740982 120
1738677549413 61.82283207163061 121
1738677549428 61.67376989479888 122
1738677549440 61.52583535563088 123
1738677549453 61.37900879538168 124
1738677549466 61.23327103177175 125
1738677549479 61.08860334359803 126
1738677549491 60.9449874559942 127
1738677549503 60.802405526306806 128
1738677549516 60.660840130556245 129
1738677549530 60.520274250452914 130
1738677549544 60.38069126094085 131
1738677549564 60.24207491824274 132
1738677549576 60.10440934838153 133
1738677549594 59.967679036155374 134
1738677549607 59.831868814543895 135
1738677549621 59.69696385452506 136
1738677549637 59.56294965528299 137
1738677549651 59.42981203478808 138
1738677549670 59.29753712073209 139
1738677549683 59.166111341801475 140
1738677549697 59.03552141927323 141
1738677549712 58.90575435891857 142
1738677549725 58.77679744320022 143
1738677549740 58.6486382237501 144
1738677549754 58.52126451411465 145
1738677549769 58.39466438275609 146
1738677549783 58.268826146298004 147
1738677549798 58.14373836300463 148
1738677549812 58.01938982648369 149
1738677549827 57.895769559603025 150
1738677549842 57.772866808611774 151
1738677549856 57.65067103745754 152
1738677549871 57.52917192229121 153
1738677549885 57.40835934615132 154
1738677549899 57.288223393820914 155
1738677549913 57.16875434684933 156
1738677549927 57.04994267873255 157
1738677549940 56.931779050245325 158
1738677549953 56.81425430491918 159
1738677549963 56.69735946466041 160
1738677549977 56.58108572550245 161
1738677549991 56.46542445348744 162
1738677550009 56.35036718067181 163
1738677550024 56.23590560125123 164
1738677550038 56.122031567800285 165
1738677550052 56.00873708762239 166
1738677550066 55.89601431920605 167
1738677550080 55.78385556878321 168
1738677550099 55.672253286986084 169
1738677550112 55.56120006559881 170
1738677550133 55.45068863440035 171
1738677550146 55.34071185809558 172
1738677550161 55.23126273333113 173
1738677550175 55.12233438579315 174
1738677550189 55.013920067384106 175
1738677550201 54.906013153475676 176
1738677550213 54.79860714023539 177
1738677550226 54.69169564202417 178
1738677550239 54.58527238886262 179
1738677550251 54.47933122396362 180
1738677550263 54.37386610132895 181
1738677550277 54.268871083408 182
1738677550291 54.16434033881634 183
1738677550302 54.06026814011234 184
1738677550318 53.95664886162983 185
1738677550331 53.853476977365126 186
1738677550346 53.75074705891668 187
1738677550359 53.648453773475545 188
1738677550373 53.54659188186532 189
1738677550385 53.445156236629806 190
1738677550397 53.34414178016707 191
1738677550411 53.243543542908476 192
1738677550424 53.143356641541125 193
1738677550438 53.04357627727285 194
1738677550451 52.94419773413794 195
1738677550466 52.84521637734295 196
1738677550478 52.74662765165087 197
1738677550492 52.648427079803135 198
1738677550505 52.55061026097782 199
1738677550521 52.45317286928342 200
1738677550535 52.356110652286965 201
1738677550548 52.259419429575594 202
1738677550560 52.16309509135065 203
1738677550574 52.06713359705337 204
1738677550589 51.97153097402143 205
1738677550603 51.87628331617519 206
1738677550617 51.781386782733264 207
1738677550632 51.68683759695626 208
1738677550647 51.592632044918226 209
1738677550660 51.498766474304766 210
1738677550674 51.40523729323748 211
1738677550688 51.31204096912372 212
1738677550702 51.21917402753121 213
1738677550716 51.12663305108682 214
1738677550728 51.03441467839887 215
1738677550744 50.94251560300239 216
1738677550756 50.850932572326755 217
1738677550770 50.759662386685136 218
1738677550782 50.668701898285136 219
1738677550795 50.57804801026036 220
1738677550811 50.48769767572197 221
1738677550825 50.39764789683019 222
1738677550838 50.30789572388496 223
1738677550850 50.21843825443538 224
1738677550863 50.12927263240757 225
1738677550876 50.04039604725039 226
1738677550890 49.951805733098624 227
1738677550902 49.86349896795328 228
1738677550915 49.7754730728785 229
1738677550930 49.68772541121486 230
1738677550949 49.600253387808436 231
1738677550966 49.513054448255495 232
1738677550979 49.42612607816234 233
1738677550993 49.33946580241997 234
1738677551011 49.25307118449329 235
1738677551024 49.1669398257244 236
1738677551042 49.081069364649835 237
1738677551054 48.99545747633118 238
1738677551067 48.91010187169919 239
1738677551079 48.825000296910495 240
1738677551091 48.74015053271728 241
1738677551103 48.65555039384912 242
1738677551115 48.57119772840705 243
1738677551132 48.48709041726939 244
1738677551145 48.40322637350921 245
1738677551160 48.31960354182304 246
1738677551173 48.236219897970756 247
1738677551185 48.153073448226266 248
1738677551198 48.070162228838775 249
1738677551209 47.98748430550452 250
1738677551221 47.90503777284858 251
1738677551232 47.822820753916645 252
1738677551245 47.740831399676644 253
1738677551257 47.65906788852967 254
1738677551272 47.577528425830515 255
1738677551284 47.496211243417044 256
1738677551297 47.415114599148815 257
1738677551310 47.33423677645419 258
1738677551324 47.253576083886216 259
1738677551339 47.17313085468678 260
1738677551354 47.09289944635906 261
1738677551368 47.01288024024804 262
1738677551383 46.93307164112874 263
1738677551396 46.85347207680252 264
1738677551411 46.77407999770062 265
1738677551423 46.69489387649524 266
1738677551436 46.615912207717976 267
1738677551450 46.53713350738523 268
1738677551465 46.45855631263064 269
1738677551483 46.38017918134442 270
1738677551496 46.302000691819245 271
1738677551511 46.224019442402884 272
1738677551526 46.14623405115709 273
1738677551539 46.068643155522885 274
1738677551553 45.99124541199202 275
1738677551567 45.914039495784415 276
1738677551579 45.83702410053166 277
1738677551593 45.76019793796619 278
1738677551605 45.68355973761624 279
1738677551619 45.60710824650639 280
1738677551633 45.53084222886356 281
1738677551648 45.45476046582835 282
1738677551662 45.37886175517172 283
1738677551677 45.30314491101675 284
1738677551691 45.22760876356553 285
1738677551705 45.152252158830926 286
1738677551719 45.07707395837332 287
1738677551732 45.002073039042 288
1738677551746 44.92724829272135 289
1738677551760 44.852598626081495 290
1738677551775 44.778122960333555 291
1738677551789 44.70382023098924 292
1738677551803 44.629689387624815 293
1738677551817 44.555729393649294 294
1738677551832 44.48193922607673 295
1738677551844 44.408317875302735 296
1738677551857 44.33486434488481 297
1738677551872 44.26157765132677 298
1738677551886 44.18845682386692 299
1738677551900 44.11550090427008 300
1738677551914 44.04270894662317 301
1738677551927 43.97008001713468 302
1738677551941 43.89761319393739 303
1738677551952 43.82530756689492 304
1738677551965 43.75316223741142 305
1738677551977 43.68117631824482 306
1738677551990 43.60934893332331 307
1738677552002 43.53767921756501 308
1738677552015 43.46616631670096 309
1738677552028 43.394809387101084 310
1738677552040 43.3236075956033 311
1738677552054 43.2525601193456 312
1738677552069 43.181666145601085 313
1738677552082 43.110924871615936 314
1738677552097 43.04033550445008 315
1738677552113 42.969897260820815 316
1738677552131 42.89960936694916 317
1738677552144 42.829471058408615 318
1738677552159 42.75948157997697 319
1738677552171 42.68964018549037 320
1738677552183 42.619946137700055 321
1738677552195 42.55039870813157 322
1738677552205 42.48099717694638 323
1738677552219 42.41174083280599 324
1738677552230 42.34262897273824 325
1738677552242 42.27366090200605 326
1738677552253 42.20483593397844 327
1738677552265 42.136153390003585 328
1738677552279 42.06761259928437 329
1738677552291 41.99921289875578 330
1738677552304 41.93095363296457 331
1738677552319 41.86283415395098 332
1738677552334 41.794853821132385 333
1738677552348 41.727012001189095 334
1738677552361 41.65930806795195 335
1738677552372 41.591741402291916 336
1738677552386 41.524311392011576 337
1738677552400 41.45701743173842 338
1738677552413 41.389858922820025 339
1738677552427 41.32283527322087 340
1738677552441 41.255945897421086 341
1738677552457 41.18919021631688 342
1738677552470 41.12256765712244 343
1738677552482 41.056077653273825 344
1738677552496 40.98971964433427 345
1738677552510 40.92349307590112 346
1738677552524 40.85739739951434 347
1738677552541 40.791432072566664 348
1738677552559 40.72559655821501 349
1738677552572 40.659890325293745 350
1738677552587 40.594312848229045 351
1738677552600 40.52886360695489 352
1738677552613 40.4635420868305 353
1738677552626 40.39834777855894 354
1738677552642 40.33328017810736 355
1738677552657 40.26833878662833 356
1738677552671 40.20352311038262 357
1738677552684 40.13883266066324 358
1738677552700 40.0742669537207 359
1738677552712 40.00982551068958 360
1738677552727 39.94550785751623 361
1738677552740 39.881313524887766 362
1738677552754 39.81724204816215 363
1738677552767 39.75329296729954 364
1738677552783 39.68946582679458 365
1738677552796 39.62576017561008 366
1738677552808 39.56217556711151 367
1738677552825 39.49871155900273 368
1738677552839 39.43536771326281 369
1738677552854 39.37214359608373 370
1738677552868 39.30903877780923 371
1738677552881 39.24605283287465 372
1738677552894 39.18318533974768 373
1738677552909 39.12043588087013 374
1738677552922 39.057804042600694 375
1738677552937 38.99528941515851 376
1738677552952 38.93289159256782 377
1738677552965 38.87061017260337 378
1738677552979 38.80844475673676 379
1738677552993 38.74639495008372 380
1738677553006 38.68446036135212 381
1738677553025 38.622640602790916 382
1738677553042 38.560935290139895 383
1738677553060 38.49934404258022 384
1738677553078 38.43786648268576 385
1738677553090 38.37650223637525 386
1738677553103 38.3152509328652 387
1738677553126 38.25411220462349 388
1738677553142 38.193085687323844 389
1738677553160 38.13217101980092 390
1738677553177 38.071367844006176 391
1738677553193 38.0106758049644 392
1738677553207 37.95009455073101 393
1738677553219 37.889623732349904 394
1738677553233 37.82926300381216 395
1738677553249 37.769012022015204 396
1738677553264 37.70887044672274 397
1738677553279 37.64883794052533 398
1738677553291 37.58891416880153 399
1738677553305 37.52909879967966 400
1738677553317 37.4693915040002 401
1738677553330 37.409791955278784 402
1738677553342 37.350299829669744 403
1738677553355 37.290914805930235 404
1738677553368 37.23163656538499 405
1738677553381 37.17246479189148 406
1738677553397 37.11339917180583 407
1738677553409 37.05443939394906 408
1738677553422 36.99558514957399 409
1738677553436 36.936836132332616 410
1738677553448 36.878192038244 411
1738677553463 36.81965256566264 412
1738677553480 36.7612174152474 413
1738677553494 36.70288628993084 414
1738677553506 36.64465889488904 415
1738677553525 36.58653493751196 416
1738677553540 36.528514127374194 417
1738677553564 36.47059617620615 418
1738677553585 36.4127807978658 419
1738677553600 36.35506770831072 420
1738677553624 36.29745662557063 421
1738677553647 36.23994726972036 422
1738677553670 36.18253936285328 423
1738677553689 36.125232629054956 424
1738677553707 36.06802679437748 425
1738677553752 36.01092158681394 426
1738677553779 35.953916736273456 427
1738677553800 35.89701197455648 428
1738677553816 35.84020703533056 429
1738677553832 35.783501654106445 430
1738677553847 35.726895568214516 431
1738677553864 35.67038851678162 432
1738677553880 35.61398024070824 433
1738677553895 35.55767048264601 434
1738677553908 35.50145898697561 435
1738677553928 35.44534549978488 436
1738677553951 35.38932976884741 437
1738677553971 35.3334115436014 438
1738677553992 35.277590575128734 439
1738677554009 35.22186661613455 440
1738677554032 35.16623942092699 441
1738677554046 35.11070874539732 442
1738677554060 35.055274347000235 443
1738677554073 34.999935984734655 444
1738677554087 34.94469341912465 445
1738677554101 34.88954641220064 446
1738677554115 34.834494727481015 447
1738677554137 34.779538129953906 448
1738677554152 34.72467638605928 449
1738677554164 34.66990926367125 450
1738677554179 34.615236532080736 451
1738677554193 34.56065796197831 452
1738677554208 34.506173325437295 453
1738677554223 34.45178239589717 454
1738677554238 34.39748494814717 455
1738677554252 34.343280758310115 456
1738677554270 34.289169603826586 457
1738677554292 34.23515126343915 458
1738677554314 34.181225517176976 459
1738677554331 34.127392146340625 460
1738677554349 34.07365093348704 461
1738677554371 34.02000166241476 462
1738677554387 33.966444118149404 463
1738677554404 33.91297808692927 464
1738677554426 33.85960335619126 465
1738677554441 33.80631971455689 466
1738677554454 33.7531269518186 467
1738677554473 33.70002485892624 468
1738677554488 33.64701322797367 469
1738677554502 33.59409185218567 470
1738677554517 33.541260525905 471
1738677554532 33.488519044579625 472
1738677554546 33.435867204750075 473
1738677554564 33.38330480403716 474
1738677554577 33.33083164112965 475
1738677554594 33.2784475157723 476
1738677554616 33.2261522287539 477
1738677554631 33.173945581895666 478
1738677554647 33.121827378039626 479
1738677554661 33.06979742103732 480
1738677554680 33.01785551573851 481
1738677554693 32.966001467980206 482
1738677554706 32.9142350845757 483
1738677554723 32.86255617330394 484
1738677554738 32.81096454289882 485
1738677554750 32.75946000303882 486
1738677554763 32.708042364336706 487
1738677554776 32.656711438329374 488
1738677554788 32.605467037467854 489
1738677554802 32.55430897510747 490
1738677554815 32.50323706549811 491
1738677554831 32.45225112377463 492
1738677554845 32.401350965947394 493
1738677554858 32.35053640889303 494
1738677554873 32.29980727034515 495
1738677554887 32.249163368885334 496
1738677554901 32.19860452393422 497
1738677554919 32.14813055574267 498
1738677554933 32.097741285383066 499
