1738679799689 169.4806387665546 0
1738679799706 169.4728397710661 1
1738679799722 169.46398003082592 2
1738679799740 169.45421343896768 3
1738679799762 169.44368089067413 4
1738679799779 169.4325107675112 5
1738679799794 169.42081951739553 6
1738679799809 169.40871229817236 7
1738679799825 169.39628365936204 8
1738679799841 169.38361824205202 9
1738679799856 169.37079148135865 10
1738679799873 169.35787029952073 11
1738679799907 169.3449137806515 12
1738679799945 169.3319738205773 13
1738679799964 169.31909574713282 14
1738679799981 169.3063189078326 15
1738679799996 169.29367722307828 16
1738679800012 169.2811997040308 17
1738679800031 169.26891093503752 18
1738679800045 169.25683152108527 19
1738679800062 169.24497850118883 20
1738679800084 169.23336572894542 21
1738679800100 169.22200422171383 22
1738679800117 169.21090248002832 23
1738679800134 169.20006677894852 24
1738679800158 169.18950143309084 25
1738679800173 169.1792090370943 26
1738679800189 169.16919068325097 27
1738679800205 169.1594461579893 28
1738679800221 169.1499741188379 29
1738679800238 169.14077225342953 30
1738679800258 169.1318374220242 31
1738679800275 169.1231657849504 32
1738679800291 169.1147529162766 33
1738679800307 169.10659390494078 34
1738679800323 169.09868344448242 35
1738679800341 169.09101591243507 36
1738679800357 169.08358544036338 37
1738679800373 169.07638597544766 38
1738679800390 169.06941133444758 39
1738679800407 169.06265525080985 40
1738679800423 169.05611141561695 41
1738679800446 169.04977351301588 42
1738679800463 169.04363525070812 43
1738679800480 169.03769038603016 44
1738679800497 169.03193274810516 45
1738679800516 169.02635625650103 46
1738679800535 169.02095493678954 47
1738679800554 169.01572293336238 48
1738679800570 169.0106545198259 49
1738679800584 169.00574410726338 50
1738679800599 169.0009862506253 51
