1738680000102 167.91559421915167 0
1738680000148 175.81138158503938 1
1738680000194 113.02520544905084 2
1738680000238 188.56453760278475 3
1738680000280 178.0680287113047 4
1738680000325 169.35856302987722 5
1738680000369 233.0873478578636 6
1738680000413 180.53030535823095 7
1738680000455 192.41374734438568 8
1738680000497 187.93485529360947 9
1738680000539 200.99557410354524 10
1738680000580 174.4172795400661 11
1738680000621 155.919457204585 12
1738680000663 119.30856853452903 13
1738680000705 176.37170115738854 14
1738680000746 148.46486846195768 15
1738680000787 249.51852781726726 16
1738680000827 126.09223057126528 17
1738680000868 162.7541782711928 18
1738680000909 126.52571747548048 19
1738680000949 149.63518038508067 20
1738680000990 204.8200254407601 21
1738680001030 169.74893245780967 22
1738680001070 90.89514368105584 23
1738680001111 212.4986145155485 24
1738680001152 154.96446337081878 25
1738680001192 264.78084256461176 26
1738680001233 159.29107088153452 27
1738680001274 167.8649200909174 28
1738680001317 162.22569925641187 29
1738680001359 249.87245446263964 30
1738680001400 202.29365020275804 31
1738680001441 169.66534566828386 32
1738680001482 172.4727680200717 33
1738680001523 155.2331836296844 34
1738680001566 171.91999126355947 35
1738680001607 175.58778619117433 36
1738680001647 230.42285373991558 37
1738680001688 172.01662946776935 38
1738680001729 140.39403969258512 39
1738680001770 272.59229789330817 40
1738680001812 194.34892939579788 41
1738680001853 203.63317788026094 42
1738680001893 190.52691580108637 43
1738680001934 131.1887801914636 44
1738680001976 156.57166651594434 45
1738680002018 207.24523466887476 46
1738680002058 103.02501181378081 47
1738680002098 156.2704710711996 48
1738680002141 180.10347062420468 49
1738680002184 159.93605200250565 50
1738680002226 88.49573083638435 51
1738680002268 172.14843874766115 52
1738680002309 170.29500288887706 53
1738680002350 185.12043367538953 54
1738680002390 137.5671124580933 55
1738680002432 223.16615418925963 56
1738680002472 172.17433295354869 57
1738680002513 114.21803781575359 58
1738680002553 149.31254833945817 59
1738680002597 190.41278907258877 60
1738680002638 396.93255002766364 61
1738680002678 146.33600786003578 62
1738680002723 170.47625169774378 63
1738680002764 135.56546915312748 64
1738680002804 168.64393924618955 65
1738680002845 171.02416561790537 66
1738680002885 161.80245002831754 67
1738680002927 198.819920080346 68
1738680002968 100.77673270397506 69
1738680003009 164.34745592616935 70
1738680003050 198.82244583980173 71
1738680003091 167.06051096504865 72
1738680003132 88.71934190720202 73
1738680003172 163.83762841999263 74
1738680003213 163.83610700286476 75
1738680003254 186.81247039762866 76
1738680003295 180.16154987025652 77
1738680003335 150.74555905417452 78
1738680003375 169.0058904980188 79
1738680003416 171.28128197191126 80
1738680003456 158.1739115663727 81
1738680003498 227.04200035505872 82
1738680003538 185.12440848116339 83
1738680003580 145.18483570645367 84
1738680003623 190.4413262338119 85
1738680003663 151.46268426792116 86
1738680003704 148.18358213516487 87
1738680003745 148.40669982495524 88
1738680003785 166.47854839779876 89
1738680003825 200.8361969088588 90
1738680003866 295.2832084511143 91
1738680003907 229.9131567229082 92
1738680003947 152.55277527117286 93
1738680003988 195.18333662196082 94
1738680004028 202.14615866736705 95
1738680004070 142.09808093044364 96
1738680004111 165.80162497187703 97
1738680004152 108.42175152068681 98
1738680004192 170.45318290327293 99
1738680004232 196.73307478777775 100
1738680004273 188.99970787277826 101
1738680004313 224.36597597394203 102
1738680004354 257.7612174545652 103
1738680004394 153.54702557759248 104
1738680004435 160.28590960005337 105
1738680004476 247.12142246331308 106
1738680004516 74.75072508620217 107
1738680004556 109.44219394471433 108
1738680004596 156.39827227420872 109
1738680004637 187.1948949372671 110
1738680004678 183.03053663538586 111
1738680004719 165.99081082338256 112
1738680004760 138.24017586887248 113
1738680004800 160.0571313387167 114
1738680004840 209.7713378330246 115
1738680004881 180.89265400021628 116
1738680004921 187.83176601654287 117
1738680004962 157.59792023343692 118
1738680005002 188.1433393873075 119
1738680005044 175.13437816990586 120
1738680005084 254.82495454833713 121
1738680005125 142.63212548145603 122
1738680005165 203.28566086373783 123
1738680005206 159.52042890437687 124
1738680005247 185.69819527320413 125
1738680005287 177.0372700432349 126
1738680005327 189.94868277396193 127
1738680005368 179.682973427835 128
1738680005408 140.6281615749192 129
1738680005449 167.85043214641323 130
1738680005489 167.1996203162998 131
1738680005530 125.22596564910286 132
1738680005570 148.93371934125452 133
1738680005612 147.1605355015746 134
1738680005652 155.72097596361814 135
1738680005693 221.42488121703187 136
1738680005734 266.6497659105432 137
1738680005774 169.23352527383568 138
1738680005815 138.7727362039827 139
1738680005855 221.86398971721226 140
1738680005896 154.60044620313852 141
1738680005936 112.27408112932002 142
1738680005977 165.57470730100914 143
1738680006017 148.70924266316462 144
1738680006057 180.96414245979844 145
1738680006098 146.43014450459796 146
1738680006138 172.99132899535215 147
1738680006178 139.55488204374115 148
1738680006220 161.06507280341253 149
1738680006261 155.18864364419576 150
1738680006302 123.23961788233254 151
1738680006342 181.50332004547272 152
1738680006383 191.27092698756928 153
1738680006423 180.91358645380504 154
1738680006464 167.36717483851345 155
1738680006504 174.07785466992618 156
1738680006545 133.32531593404835 157
1738680006587 159.08843642098867 158
1738680006628 239.59438657043694 159
1738680006668 228.394115269972 160
1738680006710 206.7344444374236 161
1738680006751 139.50665129057933 162
1738680006792 195.13287197128756 163
1738680006834 181.29679259109597 164
1738680006875 137.12604542632246 165
1738680006916 230.46685550708986 166
1738680006957 339.34387671878636 167
1738680006998 163.1887234332159 168
1738680007040 116.56634260889943 169
1738680007080 174.2485073948007 170
1738680007121 143.05407278467814 171
1738680007162 185.52080645332248 172
1738680007203 168.02993210826548 173
1738680007243 135.96011418024037 174
1738680007284 396.3827973643131 175
1738680007324 268.1458163355625 176
1738680007365 205.89902906943422 177
1738680007406 154.52551183939352 178
1738680007447 183.7079355638479 179
1738680007487 170.40862701466014 180
1738680007528 173.62015022398646 181
1738680007569 201.98307886809525 182
1738680007610 179.20582630238172 183
1738680007650 148.70407192641423 184
1738680007691 140.27325684311637 185
1738680007732 153.22572960688285 186
1738680007773 174.0182189432051 187
1738680007813 229.59283849328312 188
1738680007853 236.559058993091 189
1738680007893 114.04366148575865 190
1738680007934 208.3573789729801 191
1738680007975 233.9266088315214 192
1738680008015 147.65191340385965 193
1738680008055 155.55914107590047 194
1738680008096 107.5274121911163 195
1738680008137 233.5595537787743 196
1738680008178 163.77687861294726 197
1738680008218 197.39031853564842 198
1738680008259 277.85982212563766 199
1738680008299 233.49637107825404 200
1738680008340 184.93294193380862 201
1738680008381 155.45578001322673 202
1738680008421 175.3347107145548 203
1738680008462 279.3192149182852 204
1738680008502 142.99987903584673 205
1738680008543 176.2831665003245 206
1738680008584 228.2842715774547 207
1738680008625 144.55687478499433 208
1738680008666 118.86692432444768 209
1738680008706 203.8117971903795 210
1738680008746 112.35747239057396 211
1738680008787 169.26059289598433 212
1738680008827 156.1229254551139 213
1738680008867 217.38283478423537 214
1738680008909 257.2171931162685 215
1738680008950 85.57654058693211 216
1738680008992 172.5379994337313 217
1738680009033 136.74397720559517 218
1738680009074 111.19304085974953 219
1738680009115 152.16878144942226 220
1738680009155 274.57969715594 221
1738680009195 138.20449389996034 222
1738680009236 190.05126541022258 223
1738680009276 427.17625540401815 224
1738680009316 253.682552906356 225
1738680009357 138.5895174953973 226
1738680009397 139.96003885430093 227
1738680009438 178.9649857239824 228
1738680009478 171.40430363272108 229
1738680009519 165.80806580009315 230
1738680009560 177.30421129178953 231
1738680009601 156.12286625864445 232
1738680009641 143.77735445603577 233
1738680009683 136.49272497617417 234
1738680009723 178.6573049170718 235
1738680009764 181.63655746548523 236
1738680009804 172.2944451473548 237
1738680009844 197.72464894286054 238
1738680009885 166.53882278431524 239
1738680009927 207.36910448730518 240
1738680009968 158.78371467873077 241
1738680010009 135.14124461702693 242
1738680010050 188.93979919370105 243
1738680010091 101.00934512977742 244
1738680010132 236.12594383469795 245
1738680010172 255.52212504605234 246
1738680010213 109.68366592844292 247
1738680010253 215.9431475952077 248
1738680010293 173.98093466193546 249
1738680010334 107.71352037578613 250
1738680010374 186.94161300669464 251
1738680010415 117.44557570826949 252
1738680010456 158.3230303662554 253
1738680010497 129.9190864689426 254
1738680010538 164.67962497581493 255
1738680010579 186.2838485558515 256
1738680010620 151.07491636978523 257
1738680010660 210.84448826982032 258
1738680010701 220.86429212554623 259
1738680010741 311.3003181148246 260
1738680010782 14.743020544965933 261
1738680010823 182.68608789093807 262
1738680010864 163.93915178402926 263
1738680010905 79.17593828462319 264
1738680010945 157.75746354387766 265
1738680010986 166.00239566389723 266
1738680011029 183.9816291903796 267
1738680011071 175.15888771652558 268
1738680011113 146.3206363847799 269
1738680011154 246.82535445759834 270
1738680011195 175.47049017500464 271
1738680011235 138.95495649665236 272
1738680011276 133.2214321950822 273
1738680011316 228.95696328429443 274
1738680011357 173.49314955089883 275
1738680011398 203.11349065294232 276
1738680011440 144.3023561531003 277
1738680011480 146.53445090934164 278
1738680011521 163.57731156823672 279
1738680011561 62.47748049040239 280
1738680011615 158.38102781754824 281
1738680011658 160.72673363941763 282
1738680011700 139.51736821693027 283
1738680011741 205.11312896201994 284
1738680011783 125.92384109315367 285
1738680011824 103.23579817435518 286
1738680011864 120.70329448854751 287
1738680011905 235.76413523200532 288
1738680011945 107.62286900650028 289
1738680011986 168.20831365659024 290
1738680012027 150.86796484796642 291
1738680012068 267.438195081983 292
1738680012108 155.57787134168709 293
1738680012149 198.9735594664652 294
1738680012190 180.5516107322513 295
1738680012230 139.64507684059046 296
1738680012272 188.2758193668706 297
1738680012312 164.97281866367445 298
1738680012353 170.15436502422983 299
1738680012394 158.26303651166845 300
1738680012435 61.68487123293022 301
1738680012475 205.17989037418084 302
1738680012515 220.96543810910623 303
1738680012556 149.2009836971675 304
1738680012596 291.4494351623475 305
1738680012637 162.23097827428822 306
1738680012679 153.68848413250242 307
1738680012721 173.1652738158369 308
1738680012762 145.22391880430231 309
1738680012803 211.46155892858442 310
1738680012844 272.35382498409234 311
1738680012885 113.59568254372863 312
1738680012925 164.39849280620743 313
1738680012968 158.63676041480198 314
1738680013009 213.30928614542228 315
1738680013051 457.07599906769275 316
1738680013092 103.75051045684334 317
1738680013133 184.95347353239896 318
1738680013174 179.5301188393649 319
1738680013215 142.32240000511186 320
1738680013256 180.9754179553002 321
1738680013300 92.33840067810407 322
1738680013341 186.1402204204491 323
1738680013381 164.33186391670878 324
1738680013423 176.06144351956982 325
1738680013463 175.2231340748718 326
1738680013503 248.26831103509994 327
1738680013544 324.47965224364657 328
1738680013584 290.55345805736954 329
1738680013625 157.95618617623197 330
1738680013665 168.1388274082751 331
1738680013706 167.46202589385064 332
1738680013746 148.78588064211579 333
1738680013786 201.74634850239048 334
1738680013827 149.41303043627258 335
1738680013868 142.08205594760432 336
1738680013908 136.4709915210559 337
1738680013949 137.01010246445423 338
1738680013991 176.81931950793123 339
1738680014033 164.86957875583497 340
1738680014075 144.81152555576998 341
1738680014116 163.02704112494462 342
1738680014157 157.20739737407848 343
1738680014197 209.32217569779087 344
1738680014238 150.54526753824038 345
1738680014279 152.89403418823275 346
1738680014320 195.62685535844014 347
1738680014360 9.612501259570578 348
1738680014401 171.012903863872 349
1738680014441 182.87838007228177 350
1738680014482 176.22608022373245 351
1738680014523 77.01560052115984 352
1738680014563 176.27458590423575 353
1738680014604 192.65507757775987 354
1738680014645 157.1008577269344 355
