1738823807030 85.85677108251666 0
1738823807120 6.977863105400619 1
1738823807189 27.694600459185803 2
1738823807277 75.87192290246932 3
1738823807349 38.86921406617076 4
1738823807416 18.193201763518914 5
1738823807490 43.976290506720986 6
1738823807570 72.81950791331289 7
1738823807651 0.8662101506718337 8
1738823807735 16.026541043895637 9
1738823807807 73.73685134326068 10
1738823807877 21.424628762637187 11
1738823807955 83.11484608607331 12
1738823808030 0.9069674972057163 13
1738823808107 14.835612249980212 14
1738823808181 19.9184336914639 15
1738823808264 11.333968928242069 16
1738823808351 43.761493034802825 17
1738823808466 0.8341491838476376 18
1738823808536 19.913673334420597 19
1738823808615 19.978486633494175 20
1738823808695 8.65931320300107 21
1738823808768 54.830951609015464 22
1738823808840 5.888058139537677 23
1738823808895 1.0931929639404157 24
1738823808950 14.568821984937324 25
1738823809029 0.18934152450096028 26
1738823809106 30.157228178085116 27
1738823809177 6.9050082440863 28
1738823809250 15.298493285076518 29
1738823809321 18.3830496175779 30
1738823809392 1.3451908168185651 31
1738823809461 20.22287997059451 32
1738823809537 14.983619885702117 33
1738823809617 14.145822699682238 34
1738823809686 15.680994421222694 35
1738823809755 0.08636346601683728 36
1738823809824 15.136529012291412 37
1738823809907 2.5691147786467288 38
1738823809981 17.56626489528645 39
1738823810043 9.23824233868303 40
1738823810118 2.299651838511883 41
1738823810189 15.916064650395091 42
1738823810253 16.952259432091836 43
1738823810329 4.454555635775114 44
1738823810388 0.057280804959243446 45
1738823810454 9.209982223302363 46
1738823810527 7.676761764519644 47
1738823810599 1.7457205190744676 48
1738823810669 13.005041899663105 49
1738823810740 16.421340298792913 50
1738823810801 3.3291873749191376 51
1738823810872 0.5506283329553905 52
1738823810943 1.1096833665989494 53
1738823811005 0.6327538316889978 54
1738823811077 3.900782548251023 55
1738823811150 1.4061479533052872 56
1738823811219 2.4345296075153886 57
1738823811313 0.453160816086737 58
1738823811386 0.5978045365345273 59
1738823811463 1.1308472762956747 60
1738823811537 0.08709949869968692 61
1738823811618 0.6477908070651996 62
1738823811678 0.0012628717374379296 63
1738823811780 0.17145283820295562 64
1738823811861 1.309579988645494 65
1738823811939 0.0280068475834741 66
1738823812026 0.08219968250343984 67
1738823812094 4.076658150008445 68
1738823812156 0.39233908788868055 69
1738823812212 0.04719833891692926 70
1738823812286 0.0021466561746114284 71
1738823812356 0.1166509644754727 72
1738823812425 0.04399181074197362 73
1738823812509 0.4184340186122822 74
1738823812581 0.03229965002765755 75
1738823812660 0.0028393474092681635 76
1738823812737 0.30273684092931 77
1738823812808 2.3862869783956255 78
1738823812888 0.0016518010102658698 79
1738823812950 0.11095540676263098 80
1738823813027 2.4122470795984112 81
1738823813087 1.6693563758683276 82
1738823813153 1.1406018303326961 83
1738823813226 1.0135726658487338 84
1738823813312 1.0713413849610807 85
1738823813382 0.07682694594375288 86
1738823813465 0.14641666275705884 87
1738823813544 5.763162374922575e-05 88
1738823813608 5.2695182084656205 89
1738823813691 0.12469763139988047 90
1738823813766 0.8086607392313988 91
1738823813843 0.5781636221308915 92
1738823813922 0.011326291861463493 93
1738823814010 0.07237599240485688 94
1738823814068 0.17641667175432427 95
1738823814135 0.9909660292708778 96
1738823814210 1.6366570968155416 97
1738823814290 1.1145887786206373e-05 98
1738823814371 0.0016872491303475874 99
1738823814435 0.38321984746025795 100
1738823814513 0.0186985170453606 101
1738823814578 0.023997555023424044 102
1738823814649 11.040350444215777 103
1738823814721 0.02245101070564542 104
1738823814798 0.02509934673552603 105
1738823814879 0.9617177200640932 106
1738823814950 0.24259068659258332 107
1738823815026 0.06435224725986227 108
1738823815085 0.8827559649759059 109
1738823815140 1.0415275454721071 110
1738823815211 0.14053599090584987 111
1738823815291 0.04308196273257772 112
1738823815363 0.5112705500180101 113
1738823815441 0.31384882951567106 114
1738823815517 0.2796297028712484 115
1738823815586 0.004879847997541573 116
1738823815668 0.41076214073666256 117
1738823815749 0.6003652896882499 118
1738823815824 0.22947664713938679 119
1738823815887 0.0005666390781580085 120
1738823815960 1.7264975726544285 121
1738823816018 0.2601385223153184 122
1738823816095 0.1317102228916669 123
1738823816161 0.007228824465752314 124
1738823816237 0.8939493919272476 125
1738823816326 0.0031210092943556034 126
1738823816399 0.8822422352177055 127
1738823816468 0.09175183779285115 128
1738823816549 0.008448336193810415 129
1738823816618 0.013952413164286803 130
1738823816681 0.0009929786657796433 131
1738823816746 1.2330268816774896 132
1738823816826 0.151255125718159 133
1738823816898 0.004966632935179242 134
1738823816967 0.0771345228557318 135
1738823817035 1.1746308782077783 136
1738823817111 0.21524825175368897 137
1738823817177 0.0008951169996340521 138
1738823817250 0.32023129700298253 139
1738823817322 0.42073242201977135 140
1738823817392 1.174611773358277 141
1738823817465 0.6287197855872003 142
1738823817535 0.3721653107753223 143
1738823817600 0.933487731796241 144
1738823817667 0.01925225682744176 145
1738823817749 0.05877736770220803 146
1738823817812 0.011264876212429536 147
1738823817895 0.030954809643441918 148
1738823817981 0.023161587423840807 149
1738823818053 0.039381846706143114 150
1738823818123 0.18184565138571676 151
1738823818198 0.11627434637039738 152
1738823818262 0.12619049996220366 153
1738823818346 0.18379300771357582 154
1738823818415 0.06747201341633617 155
1738823818487 0.029822148749416542 156
1738823818560 0.1930710006519695 157
1738823818633 0.006928157134099102 158
1738823818706 0.10086727766889392 159
1738823818788 0.3023776433479251 160
1738823818871 0.04687570000658722 161
1738823818951 0.19484821102121067 162
1738823819020 0.10515269530285375 163
1738823819096 0.05974779169689719 164
1738823819171 0.5630588048043351 165
1738823819238 0.16736252603177124 166
1738823819317 0.0014621094235722973 167
1738823819395 0.3838038008034173 168
1738823819485 0.08593095469358751 169
1738823819562 0.15398872871836863 170
1738823819634 0.0009202218543521441 171
1738823819706 0.0005701648455474043 172
1738823819780 9.329600385922192e-05 173
1738823819861 0.07138922640693211 174
1738823819930 0.021393628194230654 175
1738823819998 0.2729157060370546 176
1738823820082 0.08018024568380323 177
1738823820149 0.06513170401278302 178
1738823820222 0.05317739833795626 179
1738823820293 0.09376754514745102 180
1738823820365 0.017003050634060112 181
1738823820432 0.0005008373877628831 182
1738823820491 0.00916065069135587 183
1738823820565 0.47586064630863967 184
1738823820642 0.01252704260795846 185
1738823820719 0.17425026948442474 186
1738823820781 0.22197252663866515 187
1738823820849 0.004294483928284101 188
1738823820923 0.07676236803081006 189
1738823820996 0.050636777852021496 190
1738823821068 2.001537899756087 191
1738823821141 0.005054492734924971 192
1738823821205 0.0015128302977418962 193
1738823821280 0.005789548564609232 194
1738823821353 0.0819362014936249 195
1738823821419 0.00013851084573901953 196
1738823821548 0.0012954990206215883 197
1738823821627 1.6282580524070195e-05 198
1738823821693 0.18544195273775416 199
1738823821762 8.893423335551539e-07 200
1738823821833 0.008158617215029008 201
1738823821906 0.004492275226904337 202
1738823821978 0.05170548865796423 203
1738823822056 0.17462593193707826 204
1738823822123 0.11164689483635959 205
1738823822198 0.05414744770540376 206
1738823822259 0.20911184092933713 207
1738823822337 0.009223657771266103 208
1738823822420 0.17337499879732837 209
1738823822488 0.013238530030150587 210
1738823822566 0.0026024457016763634 211
1738823822642 0.03333939316561695 212
1738823822717 0.6289969895378478 213
1738823822787 0.20597892133341902 214
1738823822864 0.008344182255901278 215
1738823822941 0.0077643273475511195 216
1738823823014 0.0360028378804238 217
1738823823126 0.06576906977927852 218
1738823823212 0.03222363251955976 219
1738823823297 0.0002047667036680779 220
1738823823367 0.2819290748437198 221
1738823823442 0.1018484578371415 222
1738823823513 0.02737899854787866 223
1738823823582 0.005257633957499606 224
1738823823653 0.01182092424257659 225
1738823823725 0.19969368595147588 226
1738823823793 0.20961549189031867 227
1738823823853 0.004950000744623948 228
1738823823920 0.006002204230778021 229
1738823823982 0.1746463518086041 230
1738823824065 0.0001211201253414496 231
1738823824144 0.016679116494698245 232
1738823824211 0.14558164112738364 233
1738823824272 0.0001501371992950594 234
1738823824343 1.882494048782511 235
1738823824423 0.019277728239249364 236
1738823824489 0.036616189805790435 237
1738823824564 0.057060262677232174 238
1738823824641 0.2659273172573119 239
1738823824702 0.17870000744357545 240
1738823824781 0.12920854244999955 241
1738823824851 0.1281383461547984 242
1738823824923 0.007977562426149774 243
1738823824989 0.15838858582699317 244
1738823825054 0.02300985820585362 245
1738823825128 0.045756034854085983 246
1738823825216 0.02241393411754788 247
1738823825287 0.0783943537399694 248
1738823825343 0.18937192175986278 249
1738823825408 0.04273904558885785 250
1738823825466 0.217028423687824 251
1738823825528 0.08774095876079183 252
1738823825589 0.0038944386926204363 253
1738823825651 0.0392055037262904 254
1738823825728 1.2448271277291845 255
1738823825787 0.07957362337667291 256
1738823825864 0.023717109797859078 257
1738823825939 0.09588622040102633 258
1738823826018 0.00010377714991007253 259
1738823826100 0.00016581965364279285 260
1738823826175 0.24173152744481918 261
1738823826244 0.31499292562012443 262
1738823826312 3.8619933623105215e-05 263
1738823826382 0.25519322175024434 264
1738823826453 0.017351492439907124 265
1738823826541 0.004522384649534164 266
1738823826614 0.004747147434078799 267
1738823826685 0.026864237365659103 268
1738823826766 0.013980911792602125 269
1738823826837 4.950950632461904e-05 270
1738823826913 0.09365147890006527 271
1738823826988 0.24516120545730272 272
1738823827059 0.0004234726542304799 273
1738823827131 0.04647385880927405 274
1738823827198 0.05607296157621559 275
1738823827269 0.004652518123116973 276
1738823827348 0.010200202567963125 277
1738823827422 0.17475465076378913 278
1738823827505 0.04654629136437132 279
1738823827578 0.038681846664208486 280
1738823827645 0.0002497688109682474 281
1738823827713 0.027022311998187644 282
1738823827789 0.00025656956853371035 283
1738823827854 0.000791022178928846 284
1738823827916 0.027636506009700936 285
1738823827982 0.0001984983694053039 286
1738823828050 0.08158527984943463 287
1738823828121 0.019697539025022782 288
1738823828174 0.004343849943746964 289
1738823828238 0.048879152678934376 290
1738823828303 0.03801966211211592 291
1738823828369 0.012504483491411558 292
1738823828443 0.01153339231086319 293
1738823828508 0.249424548688398 294
1738823828574 0.03698235207130292 295
1738823828646 0.0004469389350899528 296
1738823828718 0.011480729094601462 297
1738823828784 0.058589251739886265 298
1738823828850 0.011980735562394184 299
1738823828914 0.0032689068254455893 300
1738823828986 0.15784645194173977 301
1738823829050 0.12025476860148572 302
1738823829191 0.0002619159720894605 303
1738823829265 0.027487790321854052 304
1738823829341 0.0005828815909472729 305
1738823829410 0.0964777679900173 306
1738823829498 0.08519970356391697 307
1738823829564 0.4681384342060079 308
1738823829633 0.10943730963483986 309
1738823829698 0.15206190277837475 310
1738823829774 0.024808037456962972 311
1738823829853 0.28385174079157366 312
1738823829923 0.006776051184252459 313
1738823829993 0.2048854903452202 314
1738823830068 0.02249117623765524 315
1738823830148 0.0016957624970948327 316
1738823830219 0.0011747066076090037 317
1738823830295 0.04073947421108209 318
1738823830357 0.06203249873345917 319
1738823830415 0.04500958479365976 320
1738823830473 0.005045345954193381 321
1738823830543 0.02822517817459276 322
1738823830608 0.02259570757067402 323
1738823830665 0.004978819091570389 324
1738823830728 1.7841366747095106e-05 325
1738823830782 0.8804449012225672 326
1738823830841 0.08413624156972069 327
1738823830914 0.0009170157088323558 328
1738823830985 0.012438674307399368 329
1738823831061 0.284778437896476 330
1738823831128 0.2950317178777244 331
1738823831202 0.17702950073061063 332
1738823831265 0.018487523978415254 333
1738823831333 1.5977023996107755 334
1738823831411 0.001464097260952071 335
1738823831505 0.12833392119986184 336
1738823831558 0.055646906683816125 337
1738823831630 0.04563810822066141 338
1738823831696 0.05445631025666886 339
1738823831780 0.10511696748302495 340
1738823831843 0.014727601115199676 341
1738823831910 0.03465518672150826 342
1738823831982 0.04098012225679193 343
1738823832047 0.0038074351354412286 344
1738823832124 0.3373244958497651 345
1738823832191 0.03665846546039057 346
1738823832264 0.023509522289044887 347
1738823832331 0.13325403329837318 348
1738823832394 2.358018072200157e-06 349
1738823832458 0.021233114319739156 350
1738823832525 0.06461418727396215 351
1738823832650 0.00425933016785994 352
1738823832732 0.00392855994964249 353
1738823832804 0.011097223200078572 354
1738823832866 0.010725937516433116 355
1738823832932 0.03325042207298329 356
1738823832999 0.03603624505175054 357
1738823833071 0.0017490323464479569 358
1738823833142 0.0011831762740124707 359
1738823833222 0.0789907323739694 360
1738823833286 0.03564293159971634 361
1738823833353 0.00030281991585826283 362
1738823833444 0.006597463459091276 363
1738823833511 0.03287671753893232 364
1738823833584 0.20917872483119843 365
1738823833649 0.03815758222334351 366
1738823833717 5.583871285501317e-06 367
1738823833790 1.3700684874003176e-05 368
1738823833862 0.02119415988377874 369
1738823833940 0.0004251417461870669 370
1738823834009 0.06586515608233046 371
1738823834084 0.008616401732881463 372
1738823834169 0.17842420973330386 373
1738823834254 0.00020294792611925985 374
1738823834327 0.15534669951989385 375
1738823834399 0.11213565861975129 376
1738823834459 0.0031033953981030914 377
1738823834516 0.023267296448478473 378
1738823834581 0.14771864857677822 379
1738823834649 0.02011458005003487 380
1738823834726 0.0019517395720933472 381
1738823834810 0.4790828066410163 382
1738823834879 0.5513038110285874 383
1738823834957 0.0013691384941140077 384
1738823835026 0.06325020905312803 385
1738823835101 0.018402892193708803 386
1738823835170 0.0016074459169819894 387
1738823835240 0.012774179432022735 388
1738823835308 0.0027304621031287225 389
1738823835380 0.0014158925348448405 390
1738823835442 0.056639296317635465 391
1738823835517 0.32248744484705827 392
1738823835601 0.25666827293685823 393
1738823835665 0.26497465547205945 394
1738823835730 0.07628632892645429 395
1738823835789 0.08845601060966217 396
1738823835850 0.03476029578018243 397
1738823835921 0.015411367860346943 398
1738823835995 0.02273810621284508 399
1738823836067 0.010184506525031653 400
