1738677774538 113.69152959989347 0
1738677774558 88.3485964888638 1
1738677774575 97.19178535823028 2
1738677774592 93.66230730840826 3
1738677774608 78.86887675727661 4
1738677774624 93.9918572310088 5
1738677774646 94.74210580052731 6
1738677774674 65.11294131612166 7
1738677774691 66.02124730096921 8
1738677774706 82.80693858178549 9
1738677774721 79.2163806205185 10
1738677774743 61.69263352789355 11
1738677774767 71.11692012907137 12
1738677774782 63.68459706474871 13
1738677774797 72.26947659706305 14
1738677774813 61.49549783882837 15
1738677774842 87.99853050892632 16
1738677774862 54.45724630706594 17
1738677774887 58.06392563216978 18
1738677774910 55.78555003510231 19
1738677774927 52.095512105194636 20
1738677774946 51.9349785636886 21
1738677774964 63.653487282476924 22
1738677774981 52.40520134625962 23
1738677774997 43.78533419966537 24
1738677775022 63.09667484386626 25
1738677775037 56.093904355508265 26
1738677775057 58.92301083633315 27
1738677775076 78.75817544859775 28
1738677775090 45.394152537213365 29
1738677775106 51.69399230531093 30
1738677775120 50.88470168131379 31
1738677775136 48.10552452818986 32
1738677775151 56.892005379534794 33
1738677775165 47.60405240311221 34
1738677775180 57.399952643824555 35
1738677775195 45.502308553476766 36
1738677775213 41.0857320104734 37
1738677775231 43.83320790982572 38
1738677775253 43.50084610856009 39
1738677775272 42.756526361549184 40
1738677775292 45.24978716045578 41
1738677775316 38.67203740704764 42
1738677775331 39.19897981377032 43
1738677775350 41.75838205594681 44
1738677775366 45.682215607645475 45
1738677775388 58.84420429834058 46
1738677775409 35.04708506627333 47
1738677775428 32.43951695111335 48
1738677775444 40.089509223269545 49
1738677775461 37.37788844552016 50
1738677775475 32.075185228177645 51
1738677775489 35.78522506986676 52
1738677775505 32.28275355404835 53
1738677775519 32.46865876118392 54
1738677775535 45.79324017091406 55
1738677775549 43.20343664120064 56
1738677775564 34.41736388202686 57
1738677775579 40.582374144188044 58
1738677775595 28.672364842655963 59
1738677775608 43.54129994265402 60
1738677775623 40.3145578024152 61
1738677775637 33.76671840105149 62
1738677775651 32.42582737016602 63
1738677775667 33.08916037775391 64
1738677775685 43.71604632231629 65
1738677775703 31.92198567333609 66
1738677775725 35.194755203916195 67
1738677775749 31.476281281068896 68
1738677775766 24.75317866937415 69
1738677775782 29.142888017794565 70
1738677775798 29.990472580054732 71
1738677775817 26.644204620225945 72
1738677775830 24.93649175443948 73
1738677775847 30.791357874429718 74
1738677775861 28.48383641794145 75
1738677775876 34.19852940393326 76
1738677775891 25.264400245585396 77
1738677775910 37.45275537099525 78
1738677775929 23.423096862728762 79
1738677775948 30.955868926031272 80
1738677775963 24.210648825924796 81
1738677775978 24.855258446696638 82
1738677775997 23.873203724734484 83
1738677776019 28.69239975258894 84
1738677776033 20.66425626662118 85
1738677776050 22.65383518692694 86
1738677776068 23.781820376827053 87
1738677776084 21.58738507451956 88
1738677776101 24.35676996736124 89
1738677776115 27.624091219695337 90
1738677776134 22.641015048929567 91
1738677776151 21.373551719655637 92
1738677776167 25.799955749315753 93
1738677776187 27.754381630020248 94
1738677776206 22.266460244039653 95
1738677776232 19.56908334190253 96
1738677776248 22.564956292826604 97
1738677776264 19.35519722447066 98
1738677776281 29.20280874318602 99
1738677776297 16.00933752247109 100
1738677776314 22.13209464374122 101
1738677776332 28.07462327146407 102
1738677776356 18.060545273140477 103
1738677776380 23.292353634118673 104
1738677776411 22.59317721896416 105
1738677776433 26.323133644976096 106
1738677776451 22.082579117183865 107
1738677776468 19.99659946382336 108
1738677776488 23.686885257662073 109
1738677776509 18.042306743102525 110
1738677776526 16.424636542696334 111
1738677776545 19.79991215785541 112
1738677776564 19.707748905272545 113
1738677776584 19.96065094103345 114
1738677776603 13.538635270401674 115
1738677776628 19.025462425804506 116
1738677776651 26.264567258888302 117
1738677776667 13.66093808190572 118
1738677776686 15.540738639575569 119
1738677776704 16.76687074746214 120
1738677776721 14.784345205564387 121
1738677776743 18.303567338520278 122
1738677776762 15.336017441822106 123
1738677776778 17.838940011235703 124
1738677776798 12.827329608917303 125
1738677776815 16.353406896041434 126
1738677776830 16.186056353138987 127
1738677776847 14.76046488277138 128
1738677776864 16.874403775628586 129
1738677776880 13.382298438104296 130
1738677776895 15.737964197682548 131
1738677776913 13.762317070029633 132
1738677776929 11.663297161358118 133
1738677776946 11.861758213119343 134
1738677776963 13.82305904352224 135
1738677776987 18.11166464348638 136
1738677777006 12.874641863430776 137
1738677777022 14.215354029803304 138
1738677777040 14.302149885421883 139
1738677777055 24.75335877068278 140
1738677777071 12.134934985066193 141
1738677777088 12.445474468276162 142
1738677777104 12.9060864103227 143
1738677777120 16.71601595512996 144
1738677777142 11.11125846008942 145
1738677777162 9.748695957552048 146
1738677777178 15.394631390586955 147
1738677777193 14.401168201775889 148
1738677777209 12.037823300422113 149
1738677777227 10.324232120045743 150
1738677777243 11.374127488212324 151
1738677777263 14.402355064102915 152
1738677777284 12.06850736878961 153
1738677777300 13.22622001711079 154
1738677777318 13.047666456128006 155
1738677777333 12.375915800230354 156
1738677777351 11.077279652541375 157
1738677777368 10.819468406136567 158
1738677777385 9.78828939471704 159
1738677777401 13.313893805512343 160
1738677777426 9.29271203604132 161
1738677777442 8.680993250629287 162
1738677777466 10.151593646945337 163
1738677777490 8.708955997447426 164
1738677777512 10.446458572916017 165
1738677777527 10.275326434796185 166
1738677777544 8.239756564851358 167
1738677777568 10.116227040494719 168
1738677777587 9.586575857284384 169
1738677777602 12.415142134106043 170
1738677777619 10.935355042742353 171
1738677777639 10.053809622722117 172
1738677777654 9.715045029663305 173
1738677777669 10.555982218522962 174
1738677777686 12.137469482000956 175
1738677777700 8.670144041939203 176
1738677777717 7.323202055417234 177
1738677777734 9.954978598594767 178
1738677777754 8.662066682541502 179
1738677777769 12.071205424543802 180
1738677777787 7.045563249381752 181
1738677777804 9.244369021407934 182
1738677777822 12.354228942012776 183
1738677777838 8.05045436818709 184
1738677777855 9.719520754720026 185
1738677777874 9.426246286551093 186
1738677777888 8.141712918375864 187
1738677777905 7.208357196024139 188
1738677777923 7.344976196695731 189
1738677777937 8.258145995808189 190
1738677777958 6.069665498212503 191
1738677777975 6.121932307641628 192
1738677777991 10.916797819428401 193
1738677778027 5.832035725005569 194
1738677778046 8.050029782550352 195
1738677778065 7.379225599836733 196
1738677778080 7.053421699202448 197
1738677778097 7.054560026568106 198
1738677778113 7.4929639141829325 199
1738677778132 6.570110707754001 200
1738677778161 8.126033002657076 201
1738677778182 7.982246590466771 202
1738677778196 7.297838635755229 203
1738677778217 5.834380536066246 204
1738677778232 6.44798952223753 205
1738677778249 9.270506736897625 206
1738677778265 5.58501409205584 207
1738677778283 6.064521821392339 208
1738677778301 5.311546799404753 209
1738677778319 5.800044693107996 210
1738677778339 5.075854661872442 211
1738677778355 5.70307655441116 212
1738677778397 5.846735595028437 213
1738677778429 6.648450500323974 214
1738677778453 6.5661699378813445 215
1738677778473 4.882500139231282 216
1738677778497 7.2091946605525115 217
1738677778521 5.217680198231814 218
1738677778545 5.453721364965251 219
1738677778562 5.3531941915054295 220
1738677778582 6.239083309350058 221
1738677778603 4.736676596521379 222
1738677778626 5.873020161867748 223
1738677778646 5.951552645312204 224
1738677778667 4.939287193203385 225
1738677778684 6.265127223124195 226
1738677778702 6.346432366343297 227
1738677778719 4.583706618568502 228
1738677778734 5.9582126330920975 229
1738677778748 6.588784742274477 230
1738677778763 5.60701330198703 231
1738677778781 4.932264033493278 232
1738677778796 4.48414235790117 233
1738677778811 4.762954535247028 234
1738677778826 4.757963548210981 235
1738677778843 8.474367323848117 236
1738677778857 4.6168218355923445 237
1738677778871 5.1479406389901055 238
1738677778885 8.272484252488091 239
1738677778901 3.9153377242682366 240
1738677778919 5.100000539861057 241
1738677778933 7.0092498530098375 242
1738677778948 4.203806786625145 243
1738677778968 5.724873397874802 244
1738677778987 4.4888930197491295 245
1738677779006 4.993084975612947 246
1738677779020 4.098101259581241 247
1738677779037 4.063636335164423 248
1738677779052 3.867185243792625 249
1738677779069 4.0981915120625585 250
1738677779091 5.472248806973122 251
1738677779111 4.221794318229206 252
1738677779136 5.839025350093329 253
1738677779153 3.271254900192563 254
1738677779172 2.8668810313299606 255
1738677779187 3.712562543055822 256
1738677779204 3.661017084578297 257
1738677779223 4.180614944895736 258
1738677779242 4.300994595877345 259
1738677779260 4.9266570455554906 260
1738677779281 3.6660451122402296 261
1738677779300 3.1379289653004134 262
1738677779322 4.759233273522704 263
1738677779338 3.9625697545561955 264
1738677779354 3.631206523140678 265
1738677779370 3.7757663669875097 266
1738677779385 3.409939183637007 267
1738677779413 2.4384170463749513 268
1738677779426 2.6237923344075953 269
1738677779441 3.0304035655095727 270
1738677779456 3.5054221809428867 271
1738677779473 3.5864983877452907 272
1738677779491 4.20594788579819 273
1738677779513 3.204614279892668 274
1738677779533 3.5126932202283228 275
1738677779548 2.9981739950259585 276
1738677779564 3.2860520352304836 277
1738677779585 3.216701235424635 278
1738677779600 3.3073570308753846 279
1738677779614 4.093748953593594 280
1738677779632 2.6258504087734216 281
1738677779649 2.9239634861606354 282
1738677779671 3.3550008587676086 283
1738677779686 3.032557775451896 284
1738677779701 1.935612163593555 285
1738677779718 2.6716284446244205 286
1738677779733 2.376625985818325 287
1738677779750 4.053928456054669 288
1738677779764 1.849808334304665 289
1738677779782 2.383569913195855 290
1738677779799 2.080990921369481 291
1738677779816 3.01502327408861 292
1738677779833 2.968965434284073 293
1738677779850 3.0099388873753337 294
1738677779864 2.1742063093495383 295
1738677779878 2.9344274368530963 296
1738677779893 2.578782683751786 297
1738677779906 2.7456304661583144 298
1738677779923 2.5415039462625897 299
1738677779940 2.1779517204677608 300
1738677779961 2.6125450937857395 301
1738677779980 1.863702380247471 302
1738677780000 2.127473927769785 303
1738677780052 2.6064565808880347 304
1738677780078 2.462440041712038 305
1738677780093 2.4718664414188574 306
1738677780107 3.2433458294040034 307
1738677780121 2.5503670825880644 308
1738677780139 2.054444174630219 309
1738677780154 1.8914960342022862 310
1738677780169 2.2835833560993035 311
1738677780182 2.4837521502082422 312
1738677780198 2.7404068470912364 313
1738677780214 2.8426899570726967 314
1738677780231 2.285357107483959 315
1738677780254 1.8280000706510429 316
1738677780272 1.845690308854405 317
1738677780288 2.0030748443878386 318
1738677780309 1.9727199663911954 319
1738677780326 2.0846682433222443 320
1738677780342 2.5627638782669684 321
1738677780357 2.0804903584810606 322
1738677780375 1.4334467289667416 323
1738677780391 2.759922588179436 324
1738677780407 1.9334112868153341 325
1738677780423 2.834244546345695 326
1738677780439 2.2301581772827004 327
1738677780455 2.011007312535769 328
1738677780476 2.2561888525719014 329
1738677780495 2.4352031779199264 330
1738677780511 1.5018842312942733 331
1738677780524 2.367057689622659 332
1738677780539 2.001991656917349 333
1738677780553 2.3357301056750575 334
1738677780568 2.0803068750540596 335
1738677780588 1.772183638536533 336
1738677780611 1.3974223940204105 337
1738677780629 2.050615190587909 338
1738677780643 1.6830044942396163 339
1738677780661 1.8527206704744814 340
1738677780679 1.342480539319828 341
1738677780697 2.1327583754055914 342
1738677780713 1.388612695197455 343
1738677780728 1.4970061397331622 344
1738677780743 1.2325433321331551 345
1738677780762 1.3635241019128361 346
1738677780776 1.3799009638502202 347
1738677780792 1.610023925192695 348
1738677780809 2.1284763501212662 349
1738677780827 1.2058252897581863 350
1738677780856 1.6851176886077863 351
1738677780886 1.261087953131476 352
1738677780907 1.289714381684288 353
1738677780934 2.0609490951811424 354
1738677780951 1.499409850920335 355
1738677780970 1.713227947750723 356
1738677780988 1.4563357141796534 357
1738677781004 1.6844544292202552 358
1738677781024 1.1902219517539234 359
1738677781045 1.6309894398919966 360
1738677781067 1.2043606389945067 361
1738677781084 1.3441093521944338 362
1738677781098 1.0678070269616209 363
1738677781113 2.9954020031294335 364
1738677781129 1.5225469233215785 365
1738677781144 1.3142276215467106 366
1738677781158 2.04586396070215 367
1738677781173 1.4294598946689796 368
1738677781187 1.6151446694502511 369
1738677781200 1.1024304878535858 370
1738677781217 1.3426856241356933 371
1738677781236 1.4760817381638263 372
1738677781257 1.4866889838216106 373
1738677781277 1.3063339068340822 374
1738677781297 1.7782399367097028 375
1738677781323 1.4235435670885215 376
1738677781342 1.2410151028156837 377
1738677781363 1.1787862360880001 378
1738677781391 1.0394972291736602 379
1738677781414 1.3210478991265604 380
1738677781434 1.2062961322158727 381
1738677781455 1.250825060150209 382
1738677781486 1.0811641769885896 383
1738677781512 1.2696025403786393 384
1738677781529 1.2061014825494685 385
1738677781556 1.0406221289726205 386
1738677781657 1.3582953928947294 387
1738677781716 1.2840462753999424 388
1738677781737 1.3448449905399218 389
1738677781754 1.1115510631841643 390
1738677781772 1.7735342129024787 391
1738677781794 0.9695971507109916 392
1738677781810 1.0772544985796881 393
1738677781827 1.0507597396612107 394
1738677781845 0.8877764094299073 395
1738677781860 1.0719170005890997 396
1738677781875 1.0603111825676883 397
1738677781893 1.3751605378613692 398
1738677781911 1.3452257978366293 399
1738677781931 1.0825026115461784 400
1738677781947 1.4804072243048723 401
1738677781968 0.9376095610939571 402
1738677781994 1.29287988442607 403
1738677782025 0.9812586785264755 404
1738677782072 0.9493945777214681 405
1738677782102 1.077067175035631 406
1738677782125 0.8722781520497876 407
1738677782153 0.9969503145601996 408
1738677782175 1.1866209990678946 409
1738677782202 1.076273340639559 410
1738677782222 0.5822647521423732 411
1738677782238 1.1192930633069167 412
1738677782254 0.8538548249610002 413
1738677782273 0.924078921544334 414
1738677782289 1.3703224037033217 415
1738677782306 0.9177326541399008 416
1738677782322 0.911070164525347 417
1738677782339 0.9904365667256078 418
1738677782362 0.894556888531797 419
1738677782381 1.1759405755438272 420
1738677782404 0.8085946134970932 421
1738677782420 1.3229706429608519 422
1738677782440 0.7226575077425927 423
1738677782457 0.8818643580091284 424
1738677782480 0.5720528606245285 425
1738677782503 0.8434449110050807 426
1738677782524 0.7831323534548226 427
1738677782551 0.7697082852875228 428
1738677782572 0.659418975745768 429
1738677782595 0.4394422910931193 430
1738677782621 0.9482091623280641 431
1738677782649 1.0116224477430296 432
1738677782671 0.8531287474641245 433
1738677782692 1.389902595449737 434
1738677782713 0.7186109584740087 435
1738677782735 0.979337976189626 436
1738677782750 0.9101552709805355 437
1738677782766 1.0897170282322828 438
1738677782779 1.1466598872513496 439
1738677782793 0.5262162938639399 440
1738677782806 0.6761874191050237 441
1738677782821 0.9631598603215771 442
1738677782878 0.5801225270380419 443
1738677782897 0.7896197026229536 444
1738677782909 0.805251885855445 445
1738677782927 0.6402745072962424 446
1738677782946 0.8737989313261163 447
1738677782992 0.7296564618054874 448
1738677783015 0.5125580563369787 449
1738677783036 0.45646765994026006 450
1738677783061 0.5567817210228142 451
1738677783081 0.5670683409239444 452
1738677783096 0.8475235553013156 453
1738677783112 0.5954920244045764 454
1738677783163 0.5179346465504437 455
1738677783221 0.5332524719284347 456
1738677783241 0.6830812523292714 457
1738677783257 0.59452865725671 458
1738677783273 0.6703139355134711 459
1738677783286 0.779704736968888 460
1738677783301 0.5020182539636685 461
1738677783315 0.7770603622269584 462
1738677783330 0.702006063187801 463
1738677783344 0.7485608462213575 464
1738677783364 0.5306164189657102 465
1738677783383 0.6458382189096552 466
1738677783402 0.5744407365701731 467
1738677783419 0.517048853425289 468
1738677783436 0.3672732568016023 469
1738677783457 0.5850196462711305 470
1738677783479 0.5264723073254571 471
1738677783504 0.5129390250959817 472
1738677783531 0.37572080019381304 473
1738677783558 0.623298836508865 474
1738677783587 0.7253578217469737 475
1738677783601 0.7130832199962734 476
1738677783617 0.3587256178231401 477
1738677783636 0.5279838258075507 478
1738677783654 0.5359878042074416 479
1738677783672 0.8474116775462063 480
1738677783689 0.6282473514958623 481
1738677783710 0.7209283809465338 482
1738677783735 0.4390604640825341 483
1738677783749 0.5179683169044329 484
1738677783767 0.8647739221766235 485
1738677783791 0.533729632203211 486
1738677783825 0.4581014480743527 487
1738677783852 0.3930127965027502 488
1738677783872 0.5234879927962531 489
1738677783893 0.46166293040382855 490
1738677783909 0.5785200222045607 491
1738677783931 0.50667278924364 492
1738677783948 0.4965269054565948 493
1738677783969 0.39327061486223125 494
1738677783994 0.5270361044484819 495
1738677784014 0.36215486269998587 496
1738677784034 0.34561524528930154 497
1738677784056 0.4735329485331654 498
1738677784077 0.6010193045183361 499
