1738824933762 166.27595106840107 0
1738824933769 171.14277771780596 1
1738824933776 168.36638446703518 2
1738824933783 168.3887638857817 3
1738824933790 166.66113902771056 4
1738824933797 169.4301171989344 5
1738824933803 167.64053666807044 6
1738824933810 167.09270755872691 7
1738824933817 163.4323085509977 8
1738824933824 168.84376405999754 9
1738824933830 167.5090862688446 10
1738824933837 172.06253613479674 11
1738824933843 168.58961265379335 12
1738824933850 164.59415689199602 13
1738824933857 167.72573957895486 14
1738824933864 166.3450708871283 15
1738824933871 172.98023051370134 16
1738824933878 170.22268541759152 17
1738824933885 165.07301779977394 18
1738824933892 165.70396257109246 19
1738824933898 165.4367857064803 20
1738824933906 167.5083180985465 21
1738824933912 165.82112801050553 22
1738824933919 168.50706336755934 23
1738824933925 173.20900602938826 24
1738824933931 169.59115428949633 25
1738824933938 173.84325953378334 26
1738824933944 168.14425349174695 27
1738824933951 170.53881502393327 28
1738824933957 170.33479445815283 29
1738824933963 169.9365048161365 30
1738824933969 167.82740012555087 31
1738824933976 169.96862323283744 32
1738824933983 167.82813620628133 33
1738824933990 168.97463978403846 34
1738824933997 170.99776691761542 35
1738824934004 166.24156437572282 36
1738824934011 168.50054569830073 37
1738824934018 169.65992376884816 38
1738824934024 168.1190313878554 39
1738824934031 165.6897516486178 40
1738824934038 165.9199091086861 41
1738824934044 169.07554855062 42
1738824934050 166.43105578554113 43
1738824934057 165.71583157055028 44
1738824934064 167.87625641379663 45
1738824934070 175.46947674839532 46
1738824934077 169.9116423730556 47
1738824934083 166.6683676336625 48
1738824934089 169.5230176213672 49
1738824934095 170.39671709725835 50
1738824934102 166.81270035097683 51
1738824934108 165.84188679625638 52
1738824934114 168.76479303356098 53
1738824934121 169.91254004514167 54
1738824934128 169.3233938048116 55
1738824934134 169.04677081958138 56
1738824934141 173.00192002890122 57
1738824934147 169.4004267013281 58
1738824934154 171.71656837144295 59
1738824934161 166.49532083696457 60
1738824934167 169.51180991793734 61
1738824934174 166.3317043037363 62
1738824934181 167.73293096577453 63
1738824934187 169.81846049323067 64
1738824934194 170.71458452436949 65
