1738825681486 165.27264536198456 0
1738825681524 172.16221627007377 1
1738825681562 160.28012129202148 2
1738825681599 175.2024442592014 3
1738825681638 166.97944048959445 4
1738825681679 186.04542392977743 5
1738825681719 156.65455117287064 6
1738825681759 169.938861647299 7
1738825681798 147.236947341696 8
1738825681837 159.0884220833289 9
1738825681876 129.6974062918006 10
1738825681914 169.3110088091549 11
1738825681952 176.73284372711535 12
1738825681990 177.30655378978585 13
1738825682027 188.630194765467 14
1738825682065 184.46362191146912 15
1738825682103 168.94398815507742 16
1738825682140 161.4801433435421 17
1738825682177 122.33816253044198 18
1738825682215 173.02454208724546 19
1738825682252 157.8901249426333 20
1738825682289 159.2382193670233 21
1738825682327 165.88607426759543 22
1738825682365 166.55094280406755 23
1738825682403 210.60661078243822 24
1738825682440 164.9118131798129 25
1738825682481 174.1736845489625 26
1738825682519 169.8159376113225 27
1738825682557 154.84466615405228 28
1738825682595 169.70483025039204 29
1738825682632 140.08330111359797 30
1738825682670 176.49871431730406 31
1738825682709 164.941068103333 32
1738825682782 180.21894487465357 33
1738825682821 173.16942630034356 34
1738825682860 182.83771551265656 35
1738825682898 164.15612477915937 36
1738825682936 166.29188458536868 37
1738825682973 134.51391621395027 38
1738825683010 163.32123446937945 39
1738825683049 131.81860054482217 40
1738825683086 165.52057985166823 41
1738825683123 174.54514582485123 42
1738825683161 165.49474309213372 43
1738825683200 184.09271279616243 44
1738825683239 179.36011096187286 45
1738825683276 177.6949886715954 46
1738825683313 171.667159899546 47
1738825683351 161.00015865533715 48
1738825683389 147.3847861608436 49
1738825683427 173.91947458910312 50
1738825683464 183.53519869139402 51
1738825683501 160.5214677652037 52
1738825683539 181.58420834345415 53
1738825683576 209.24800395393842 54
1738825683613 188.6518688630606 55
1738825683651 191.64853198119775 56
1738825683689 167.13776809485407 57
1738825683727 168.17142229129936 58
1738825683765 127.07459515248883 59
1738825683803 153.7555830349309 60
1738825683840 175.94878640876416 61
1738825683878 209.9301844029177 62
1738825683916 152.46718223784984 63
1738825683953 171.67048699778366 64
1738825683991 165.16674258225376 65
1738825684030 170.6896716531144 66
1738825684068 180.94114807957973 67
1738825684106 168.8303138463211 68
1738825684146 193.60739473357503 69
1738825684185 147.79926122607046 70
1738825684221 169.4153205428625 71
1738825684260 163.75157893108658 72
1738825684297 174.45240161629866 73
1738825684335 182.11377477139968 74
1738825684372 146.16481099417246 75
1738825684410 200.22598783797508 76
1738825684447 154.02427631530037 77
1738825684485 188.27197214556236 78
1738825684522 140.73543715398924 79
1738825684560 155.8475267845207 80
1738825684597 195.3804515894749 81
1738825684634 182.56260914477622 82
1738825684671 153.0050047658869 83
1738825684708 158.3939450563394 84
1738825684745 152.88877805173206 85
1738825684782 185.50251073212576 86
1738825684819 175.29288327872877 87
1738825684858 164.5901574304568 88
1738825684895 167.44139679866805 89
1738825684932 184.20755507171344 90
1738825684969 146.809339772214 91
1738825685006 180.79419853890093 92
1738825685044 129.17817611941254 93
1738825685081 179.6406478145908 94
1738825685118 163.76394788154565 95
1738825685156 159.78726249140163 96
1738825685193 147.2701256247403 97
1738825685230 164.63428011295076 98
1738825685267 182.23222840304683 99
1738825685305 178.29607782599305 100
1738825685342 175.74692552707157 101
1738825685380 171.82568234037197 102
1738825685418 168.89992809402702 103
1738825685456 184.46013468863976 104
1738825685493 142.5486188593195 105
1738825685530 168.61770954568414 106
1738825685568 243.655211137313 107
1738825685606 160.90843996958958 108
1738825685643 169.7555643805749 109
1738825685680 190.74108145388746 110
1738825685717 153.1175577654062 111
1738825685754 130.81096520965002 112
1738825685791 163.27801591236167 113
1738825685829 179.91341739953154 114
1738825685866 140.14760221347248 115
1738825685903 151.0351070466515 116
1738825685943 175.11912229487905 117
1738825685980 185.76016530897576 118
1738825686017 174.62811895229652 119
1738825686055 173.32919310974194 120
1738825686092 200.33904375184946 121
1738825686130 180.57364277055504 122
1738825686169 170.63094776221035 123
1738825686210 174.55180512772912 124
1738825686254 153.09369322969948 125
1738825686293 155.4187948134006 126
1738825686332 165.16364983420144 127
1738825686371 131.9564806722157 128
1738825686409 177.45548764542465 129
1738825686448 161.12770467289383 130
1738825686486 167.26817907089918 131
1738825686533 153.93706533784263 132
1738825686574 152.22433951660807 133
1738825686616 164.24813440271905 134
1738825686655 175.84361233698684 135
1738825686693 172.99278842735282 136
1738825686731 171.05434922357273 137
1738825686769 168.9439485013279 138
1738825686807 163.61003268085219 139
1738825686845 175.69894004634054 140
