1738679566963 169.8325826731122 0
1738679566978 169.82923563483817 1
1738679566993 169.82590165516052 2
1738679567011 169.8225806789649 3
1738679567033 169.81927265137733 4
1738679567050 169.81597751776306 5
1738679567065 169.81269522372583 6
1738679567080 169.8094257151063 7
1738679567096 169.8061689379814 8
1738679567112 169.80292483866327 9
1738679567132 169.79969336369805 10
1738679567148 169.79647445986492 11
1738679567167 169.79326807417502 12
1738679567182 169.79007415387053 13
1738679567198 169.78689264642358 14
1738679567230 169.7837234995353 15
1738679567243 169.7805666611346 16
1738679567253 169.7774220793775 17
1738679567266 169.77428970264583 18
1738679567282 169.7711694795464 19
1738679567297 169.76806135890982 20
1738679567312 169.7649652897898 21
1738679567330 169.761881221462 22
1738679567344 169.75880910342298 23
1738679567362 169.75574888538927 24
1738679567378 169.7527005172965 25
1738679567393 169.74966394929834 26
1738679567407 169.7466391317655 27
1738679567420 169.7436260152849 28
1738679567435 169.74062455065857 29
1738679567448 169.73763468890286 30
1738679567463 169.73465638124736 31
1738679567477 169.7316895791338 32
1738679567492 169.72873423421575 33
1738679567506 169.72579029835683 34
1738679567520 169.72285772363034 35
1738679567538 169.71993646231834 36
1738679567554 169.71702646691034 37
1738679567579 169.71412769010269 38
1738679567596 169.7112400847978 39
1738679567612 169.7083636041027 40
1738679567631 169.70549820132868 41
1738679567645 169.70264382999014 42
1738679567659 169.6998004438037 43
1738679567673 169.69696799668736 44
1738679567688 169.69414644275946 45
1738679567701 169.69133573633815 46
1738679567714 169.68853583194007 47
1738679567728 169.68574668427974 48
1738679567741 169.6829682482686 49
1738679567756 169.6802004790143 50
1738679567772 169.67744333181952 51
1738679567789 169.67469676218136 52
1738679567812 169.67196072579043 53
1738679567828 169.66923517852996 54
1738679567845 169.6665200764749 55
1738679567862 169.66381537589123 56
1738679567878 169.66112103323505 57
1738679567892 169.65843700515154 58
1738679567907 169.65576324847441 59
1738679567922 169.65309972022501 60
1738679567937 169.65044637761133 61
1738679567951 169.64780317802743 62
1738679567967 169.64517007905238 63
1738679567980 169.6425470384495 64
1738679567995 169.63993401416576 65
1738679568009 169.63733096433063 66
1738679568024 169.6347378472556 67
1738679568039 169.63215462143305 68
1738679568053 169.62958124553577 69
1738679568076 169.62701767841594 70
1738679568090 169.6244638791045 71
1738679568107 169.62191980681018 72
1738679568123 169.6193854209188 73
1738679568138 169.6168606809927 74
1738679568164 169.6143455467694 75
1738679568178 169.61183997816158 76
1738679568194 169.6093439352557 77
1738679568207 169.60685737831145 78
1738679568220 169.60438026776106 79
1738679568234 169.60191256420836 80
1738679568247 169.59945422842824 81
1738679568261 169.5970052213658 82
1738679568276 169.5945655041354 83
1738679568295 169.59213503802025 84
1738679568317 169.5897137844715 85
1738679568331 169.5873017051075 86
1738679568346 169.58489876171294 87
1738679568362 169.58250491623843 88
1738679568377 169.58012013079951 89
1738679568395 169.577744367676 90
1738679568412 169.5753775893112 91
1738679568427 169.57301975831137 92
1738679568443 169.57067083744485 93
1738679568460 169.5683307896413 94
1738679568477 169.56599957799114 95
1738679568492 169.5636771657447 96
1738679568507 169.56136351631173 97
1738679568527 169.55905859326035 98
1738679568543 169.55676236031672 99
1738679568558 169.5544747813641 100
1738679568579 169.55219582044214 101
1738679568596 169.54992544174652 102
1738679568611 169.5476636096278 103
1738679568627 169.545410288591 104
1738679568643 169.54316544329507 105
1738679568657 169.54092903855172 106
1738679568671 169.5387010393253 107
1738679568686 169.53648141073177 108
1738679568704 169.5342701180381 109
1738679568718 169.53206712666173 110
1738679568731 169.52987240216976 111
1738679568745 169.52768591027836 112
1738679568762 169.52550761685214 113
1738679568775 169.52333748790335 114
1738679568789 169.52117548959149 115
1738679568803 169.51902158822242 116
1738679568815 169.5168757502477 117
1738679568828 169.5147379422643 118
1738679568841 169.5126081310135 119
1738679568854 169.5104862833806 120
1738679568867 169.50837236639396 121
1738679568880 169.50626634722477 122
1738679568895 169.50416819318613 123
1738679568909 169.5020778717325 124
1738679568924 169.499995350459 125
1738679568940 169.49792059710103 126
1738679568956 169.49585357953333 127
1738679568972 169.49379426576974 128
1738679568987 169.49174262396215 129
1738679569001 169.48969862240025 130
1738679569021 169.48766222951076 131
1738679569036 169.48563341385687 132
1738679569055 169.48361214413762 133
1738679569072 169.48159838918724 134
1738679569087 169.4795921179748 135
1738679569105 169.47759329960326 136
1738679569129 169.47560190330913 137
1738679569143 169.47361789846192 138
1738679569161 169.47164125456317 139
1738679569182 169.46967194124647 140
1738679569199 169.4677099282763 141
1738679569215 169.4657551855478 142
1738679569229 169.4638076830862 143
1738679569248 169.46186739104598 144
1738679569265 169.4599342797106 145
1738679569278 169.45800831949177 146
1738679569301 169.4560894809288 147
1738679569316 169.4541777346883 148
1738679569335 169.45227305156345 149
1738679569349 169.4503754024735 150
1738679569362 169.44848475846302 151
1738679569377 169.44660109070173 152
1738679569398 169.44472437048356 153
1738679569418 169.44285456922637 154
1738679569432 169.4409916584713 155
1738679569450 169.43913560988221 156
1738679569464 169.43728639524514 157
1738679569479 169.43544398646785 158
1738679569498 169.43360835557925 159
1738679569514 169.4317794747288 160
1738679569536 169.42995731618606 161
1738679569553 169.42814185234013 162
1738679569570 169.42633305569905 163
1738679569584 169.42453089888954 164
1738679569602 169.42273535465606 165
1738679569620 169.42094639586062 166
1738679569639 169.41916399548234 167
1738679569668 169.41738812661643 168
1738679569687 169.41561876247425 169
1738679569702 169.41385587638248 170
1738679569725 169.41209944178271 171
1738679569748 169.41034943223084 172
1738679569772 169.40860582139683 173
1738679569787 169.4068685830638 174
1738679569808 169.40513769112795 175
1738679569829 169.4034131195978 176
1738679569844 169.40169484259357 177
1738679569863 169.3999828343473 178
1738679569880 169.39827706920147 179
1738679569896 169.39657752160937 180
1738679569910 169.39488416613406 181
1738679569927 169.39319697744793 182
1738679569943 169.39151593033262 183
1738679569961 169.3898409996781 184
1738679569975 169.38817216048233 185
1738679569992 169.3865093878509 186
1738679570007 169.38485265699646 187
1738679570021 169.38320194323813 188
1738679570035 169.38155722200145 189
1738679570049 169.37991846881724 190
1738679570062 169.37828565932182 191
1738679570076 169.37665876925615 192
1738679570090 169.3750377744655 193
1738679570104 169.37342265089887 194
1738679570118 169.37181337460868 195
1738679570135 169.3702099217503 196
1738679570149 169.3686122685815 197
1738679570163 169.3670203914621 198
1738679570176 169.3654342668534 199
1738679570190 169.36385387131793 200
1738679570207 169.36227918151877 201
1738679570223 169.3607101742193 202
1738679570238 169.35914682628268 203
1738679570252 169.3575891146714 204
1738679570266 169.35603701644686 205
1738679570280 169.354490508769 206
1738679570297 169.35294956889567 207
1738679570318 169.35141417418245 208
1738679570335 169.3498843020821 209
1738679570350 169.34835993014408 210
1738679570365 169.34684103601424 211
1738679570379 169.34532759743422 212
1738679570395 169.34381959224137 213
1738679570412 169.34231699836795 214
1738679570431 169.3408197938408 215
1738679570447 169.33932795678132 216
1738679570462 169.33784146540432 217
1738679570477 169.3363602980183 218
1738679570500 169.3348844330247 219
1738679570515 169.3334138489175 220
1738679570531 169.33194852428295 221
1738679570545 169.33048843779903 222
1738679570562 169.32903356823505 223
1738679570576 169.3275838944514 224
1738679570594 169.32613939539908 225
1738679570614 169.3247000501191 226
1738679570632 169.32326583774238 227
1738679570652 169.32183673748926 228
1738679570669 169.320412728669 229
1738679570688 169.31899379067946 230
1738679570703 169.31757990300682 231
1738679570719 169.31617104522505 232
1738679570735 169.3147671969955 233
1738679570756 169.31336833806665 234
1738679570772 169.31197444827373 235
1738679570787 169.3105855075381 236
1738679570807 169.30920149586723 237
1738679570824 169.307822393354 238
1738679570839 169.3064481801765 239
1738679570855 169.30507883659772 240
1738679570869 169.30371434296492 241
1738679570884 169.30235467970948 242
1738679570899 169.30099982734657 243
1738679570914 169.29964976647452 244
