1738677817751 153.8732262748612 0
1738677817768 155.18054685786973 1
1738677817786 142.42611900070256 2
1738677817802 133.53862932704013 3
1738677817824 135.34010138704522 4
1738677817840 127.2435064778929 5
1738677817860 113.85581104538628 6
1738677817874 120.28704772770423 7
1738677817896 123.72100945829284 8
1738677817915 129.39297511453324 9
1738677817936 107.015724605098 10
1738677817953 111.12841957312644 11
1738677817971 124.55215119151909 12
1738677817989 109.46922796565505 13
1738677818006 102.35124176886727 14
1738677818021 113.82082541163558 15
1738677818038 100.29304371428886 16
1738677818052 98.12875632371092 17
1738677818069 104.98537609288896 18
1738677818085 98.4266904684756 19
1738677818099 99.31289957608817 20
1738677818115 96.52779282248396 21
1738677818136 102.8586574386729 22
1738677818152 113.38521468125434 23
1738677818167 99.19667366222343 24
1738677818184 102.07077071925808 25
1738677818200 102.54975064379641 26
1738677818215 87.56603940551015 27
1738677818233 90.69131939533312 28
1738677818257 102.78830290199927 29
1738677818287 104.63733200995672 30
1738677818302 108.26801283508004 31
1738677818316 88.06771704851236 32
1738677818329 95.33728799629408 33
1738677818344 85.88792643225456 34
1738677818363 82.51374627681605 35
1738677818385 105.40855559019944 36
1738677818399 131.6411619836807 37
1738677818416 92.89069375663158 38
1738677818434 104.93216905167876 39
1738677818452 72.8843560530402 40
1738677818469 91.4063834672345 41
1738677818488 90.04300831512143 42
1738677818504 75.48475841272929 43
1738677818521 77.55583337677888 44
1738677818545 86.75619292908165 45
1738677818562 81.70675585536719 46
1738677818578 83.67183053802628 47
1738677818592 104.87144028619869 48
1738677818607 85.00968821807852 49
1738677818623 89.29707739476191 50
1738677818638 85.51704172181789 51
1738677818655 93.02031762910033 52
1738677818671 74.10950445361462 53
1738677818691 76.56617818503038 54
1738677818706 100.29018500115792 55
1738677818720 79.02571847904585 56
1738677818740 79.3126141426495 57
1738677818762 79.04241366161918 58
1738677818779 67.71598022540329 59
1738677818796 76.56032534903319 60
1738677818812 72.4620476931124 61
1738677818825 77.26727284078956 62
1738677818839 68.19403361517153 63
1738677818858 76.74695557736086 64
1738677818875 75.17053008664631 65
1738677818895 72.41429527828724 66
1738677818911 61.93735394098056 67
1738677818929 76.45662628800838 68
1738677818948 76.13936713478422 69
1738677818963 84.10944564137326 70
1738677818980 89.4518012525008 71
1738677819004 81.79307680612473 72
1738677819019 60.996750744993186 73
1738677819033 64.51820938841604 74
1738677819049 84.12536838178747 75
1738677819080 63.9620859546609 76
1738677819099 74.60852900911362 77
1738677819117 85.39164949060688 78
1738677819150 124.68575484380665 79
1738677819180 80.03971877374548 80
1738677819199 72.37443708547947 81
1738677819216 68.74737388649329 82
1738677819227 70.92020149760776 83
1738677819237 62.9479080315825 84
1738677819249 71.36484936099966 85
1738677819256 70.40216446465924 86
1738677819262 79.48347702476886 87
1738677819269 60.51560999372418 88
1738677819278 92.955655098903 89
1738677819288 80.19912385383088 90
1738677819309 117.44902893615117 91
1738677819325 74.39514892140951 92
1738677819340 71.07746679100106 93
1738677819357 60.28386970447729 94
1738677819372 81.30341918170525 95
1738677819393 65.62985138431841 96
1738677819408 88.79904019928927 97
1738677819424 81.01943532211341 98
1738677819447 69.44071517497392 99
1738677819466 73.8505725201399 100
1738677819498 89.99284726809238 101
1738677819518 65.17815717418362 102
1738677819539 75.71474824400893 103
1738677819564 66.7375183109184 104
1738677819587 67.06434274924376 105
1738677819615 68.71215482438691 106
1738677819634 65.48090523055849 107
1738677819649 60.678354159035656 108
1738677819672 77.2391379676048 109
1738677819695 72.58685511434791 110
1738677819713 67.44638468229367 111
1738677819742 61.664564728062835 112
1738677819762 98.46947516201777 113
1738677819781 74.92909876547864 114
1738677819798 90.31163912257831 115
1738677819823 71.58664204291304 116
1738677819847 74.0217827939873 117
1738677819877 70.63492479323016 118
1738677819891 72.76110704790861 119
1738677819913 68.3547885365456 120
1738677819932 75.88610981581475 121
1738677819948 71.513268541926 122
1738677819970 76.23714778090331 123
1738677819987 57.192632086238234 124
1738677820005 69.40719940343229 125
1738677820029 60.6078643729327 126
1738677820047 88.9358895712317 127
1738677820064 60.0965178502784 128
1738677820083 82.16659522736397 129
1738677820100 55.253069835914836 130
1738677820118 75.88127266157927 131
1738677820142 85.34435099766179 132
1738677820161 74.87428061526188 133
1738677820178 56.20584769702088 134
1738677820192 90.37369067622599 135
1738677820206 59.4498679149707 136
1738677820220 80.0622830918815 137
1738677820234 65.97109546956995 138
1738677820251 78.20343242790928 139
1738677820265 54.97078978710053 140
1738677820279 103.37954372653867 141
1738677820297 75.42305019660711 142
1738677820313 59.728120783974184 143
1738677820329 66.3297610355086 144
1738677820358 63.9985147796001 145
1738677820373 61.95811058887087 146
1738677820394 69.36151841270116 147
1738677820407 87.56282308342054 148
1738677820420 66.66572000831367 149
1738677820436 71.83032196320063 150
1738677820451 63.079820257581915 151
1738677820465 54.44167169905909 152
1738677820481 90.67936954670319 153
1738677820494 60.21679860639082 154
1738677820508 52.29503394948058 155
1738677820523 59.87658629428996 156
1738677820541 57.87374258802621 157
1738677820557 61.13329255449107 158
1738677820572 64.31717011693745 159
1738677820591 65.69764278765652 160
1738677820611 78.81966818334935 161
1738677820625 63.435403571419506 162
1738677820646 63.79662352883803 163
1738677820664 56.030991750740576 164
1738677820681 105.49379057151005 165
1738677820697 55.040256857781785 166
1738677820711 88.3360788771432 167
1738677820727 85.41332874435241 168
1738677820748 65.05228669688883 169
1738677820764 49.65461581315832 170
1738677820782 65.80565565364991 171
1738677820797 60.53160334570751 172
1738677820811 63.830110835947906 173
1738677820824 59.97742566612728 174
1738677820838 78.71493869973656 175
1738677820853 57.13287107517618 176
1738677820867 45.7880522672604 177
1738677820881 62.06461330887977 178
1738677820897 69.27658797354248 179
1738677820912 50.820548135500054 180
1738677820932 57.456659182816615 181
1738677820952 63.57753221293751 182
1738677820972 61.67805071386807 183
1738677820990 89.37220469925705 184
1738677821012 59.43640266796436 185
1738677821031 54.98567540045689 186
1738677821048 63.95856861676991 187
1738677821067 52.2337776201893 188
1738677821088 56.22734247479825 189
1738677821104 61.75943823180923 190
1738677821133 55.937887816403894 191
1738677821150 46.32582417202146 192
1738677821168 49.7085741883136 193
1738677821184 49.25142805368323 194
1738677821198 52.21379068253587 195
1738677821217 55.86800988395135 196
1738677821240 56.00553831275715 197
1738677821255 61.33972941268279 198
1738677821270 49.54729740649016 199
1738677821287 54.424680287281205 200
1738677821311 54.54709844828325 201
1738677821328 66.01489247937374 202
1738677821346 55.746308053577124 203
1738677821366 40.35487994388001 204
1738677821393 50.98743564740017 205
1738677821416 59.20105573004005 206
1738677821435 82.80965943852925 207
1738677821450 51.44406920163775 208
1738677821467 83.58331175247605 209
1738677821482 52.816651467633214 210
1738677821497 64.23373506889081 211
1738677821512 70.77152501007417 212
1738677821527 46.35067788977812 213
1738677821545 60.70953852296268 214
1738677821570 60.40523074393231 215
1738677821588 75.94201039214043 216
1738677821607 57.590084452501436 217
1738677821629 59.95829233678728 218
1738677821644 53.32770983333788 219
1738677821662 53.084172278310334 220
1738677821678 40.821318345704434 221
1738677821694 48.314030104337405 222
1738677821709 49.092663009706804 223
1738677821732 51.889435563732206 224
1738677821747 50.569377803411776 225
1738677821761 55.12693092898 226
1738677821777 58.88417612459285 227
1738677821792 51.658042576318294 228
1738677821809 81.23516514194834 229
1738677821827 55.68098332497988 230
1738677821844 52.81323141062328 231
1738677821861 51.69788548406341 232
1738677821884 60.70644561643118 233
1738677821903 57.12976492680514 234
1738677821919 64.00045959654588 235
1738677821937 79.49642442737681 236
1738677821958 56.414714325403345 237
1738677822014 77.32513762500517 238
1738677822028 76.6424912383783 239
1738677822047 66.81134648164686 240
1738677822060 51.3763866296697 241
1738677822074 50.775190097731894 242
1738677822095 51.53852524702941 243
1738677822113 48.678117848881364 244
1738677822137 53.203508635346275 245
1738677822155 57.67153334939934 246
1738677822171 56.7348232928694 247
1738677822190 52.39750901545731 248
1738677822207 40.907660394479464 249
1738677822226 62.63987353178948 250
1738677822244 106.7182800988995 251
1738677822262 75.70859085220751 252
1738677822279 46.43657677523834 253
1738677822297 44.39321750183224 254
1738677822317 57.580593186215594 255
1738677822336 55.55240295201174 256
1738677822358 48.910661877246945 257
1738677822376 57.7941960797201 258
1738677822392 54.59438720514914 259
1738677822416 51.41711826700357 260
1738677822438 66.29577649201528 261
1738677822457 70.37030602892055 262
1738677822473 49.72735345025024 263
1738677822492 56.11143529193889 264
1738677822506 39.323526974454055 265
1738677822523 58.13210582928875 266
1738677822537 46.81070418028478 267
1738677822555 59.63705417280631 268
1738677822579 52.92265755991038 269
1738677822594 54.716800659285326 270
1738677822611 66.67209493335638 271
1738677822635 55.7722126119734 272
1738677822657 49.015389621293096 273
1738677822674 50.30396814033253 274
1738677822690 67.71354559912821 275
1738677822707 49.14782718015936 276
1738677822725 54.368095190330635 277
1738677822742 47.87954114090301 278
1738677822762 71.16519018457637 279
1738677822776 34.51032479856645 280
1738677822805 60.60143499711941 281
1738677822827 42.40357031636229 282
1738677822846 42.586387097099966 283
1738677822876 54.69467172313774 284
1738677822893 44.08563241929327 285
1738677822937 59.484462135813175 286
1738677822953 49.45574532046802 287
1738677822968 42.069720655542696 288
1738677822983 58.273519235230985 289
1738677822998 53.86493191337177 290
1738677823012 62.455102237951195 291
1738677823027 54.90874213287047 292
1738677823042 43.32835553525575 293
1738677823058 69.28990632771416 294
1738677823075 45.422091324173834 295
1738677823092 42.72777158843171 296
1738677823138 55.24065686633872 297
1738677823158 46.4537576269245 298
1738677823186 45.59090955953414 299
1738677823217 47.01760786827347 300
1738677823237 46.42560759260371 301
1738677823262 47.84906253484892 302
1738677823285 36.74978845242776 303
1738677823305 50.79482228716679 304
1738677823324 56.7680381303777 305
1738677823357 58.731695915650455 306
1738677823375 57.255013168131306 307
1738677823393 44.907773698290285 308
1738677823410 47.321532055956645 309
1738677823427 41.07252391673315 310
1738677823444 37.79411311497165 311
1738677823461 37.841379224788334 312
1738677823476 39.12378474561378 313
1738677823492 40.99221972683667 314
1738677823507 50.005629001143355 315
1738677823522 47.01932642678385 316
1738677823539 46.49165934677505 317
1738677823556 43.07855558227665 318
1738677823570 35.027019770050174 319
1738677823585 38.75128408985182 320
1738677823602 35.814009227353154 321
1738677823620 39.27609724548879 322
1738677823635 46.32007161112514 323
1738677823648 48.10352310245109 324
1738677823665 39.65152164515865 325
1738677823682 51.933845577983405 326
1738677823699 43.058497082402276 327
1738677823715 43.533873315044154 328
1738677823731 75.8231665791218 329
1738677823746 62.9743773470053 330
1738677823761 39.324170410653 331
1738677823781 38.70916766880845 332
1738677823800 75.7982593023739 333
1738677823816 48.38799807777503 334
1738677823836 58.650585061841184 335
1738677823853 45.0718040918088 336
1738677823867 44.04995639198709 337
1738677823883 65.01556512029067 338
1738677823903 48.48471893928472 339
1738677823922 42.79495941403639 340
1738677823941 40.45422009831269 341
1738677823955 45.94928840458058 342
1738677823970 44.362580726777644 343
1738677823986 46.32668234400257 344
1738677824003 33.563595384289016 345
1738677824030 57.730793555662586 346
1738677824048 73.93279773419344 347
1738677824064 68.78409611554947 348
1738677824082 47.985304017650016 349
1738677824101 55.14792412489454 350
1738677824119 78.21900396377777 351
1738677824139 40.147786066952854 352
1738677824157 62.787162961404555 353
1738677824179 39.13415368402105 354
1738677824202 72.79933573800169 355
1738677824227 68.53621644946112 356
1738677824249 38.533759116866726 357
1738677824271 82.3641138650106 358
1738677824290 54.27097819078931 359
1738677824314 37.678221798576615 360
1738677824341 36.98709829308519 361
1738677824362 43.869986308074644 362
1738677824385 43.90723767761573 363
1738677824407 36.59589857033054 364
1738677824427 42.67763090785795 365
1738677824445 44.52834843874048 366
1738677824466 42.08428640527023 367
1738677824485 42.63109014133611 368
1738677824501 62.72457109292502 369
1738677824523 47.26840791021845 370
1738677824538 40.08229029476366 371
1738677824565 43.39306182100616 372
1738677824595 55.33877439556811 373
1738677824616 69.77544539883046 374
1738677824643 39.50502194181811 375
1738677824664 44.99424986433235 376
1738677824683 40.5526070067184 377
1738677824742 37.55923973618324 378
1738677824786 35.040449319506 379
1738677824805 51.326425142171935 380
1738677824819 30.759122640410734 381
1738677824834 48.64059043265949 382
1738677824853 47.71098906062584 383
1738677824867 48.05433877191023 384
1738677824883 44.72414697969557 385
1738677824901 40.0065203530018 386
1738677824917 43.22894625556406 387
1738677824931 41.6135092835756 388
1738677824948 47.332679197881866 389
1738677824962 66.18616685204195 390
1738677824978 46.48759455055314 391
1738677824992 32.57409630406294 392
1738677825008 36.35104903696703 393
1738677825031 68.43139178182501 394
1738677825051 50.48040611642627 395
1738677825075 42.45391049163847 396
1738677825099 63.03352376164421 397
1738677825121 68.27288616107654 398
1738677825153 46.711194337844034 399
1738677825168 44.77785816108255 400
1738677825190 41.00338044563183 401
1738677825211 56.669416929880924 402
1738677825227 41.99105351595172 403
1738677825244 37.36087029124153 404
1738677825262 43.47432629025878 405
1738677825278 55.18977113327527 406
1738677825294 62.47049521391045 407
1738677825308 45.97734774189744 408
1738677825323 47.48222013670817 409
1738677825337 46.75916111908714 410
1738677825355 49.239065698556566 411
1738677825371 59.02463158908401 412
1738677825386 40.46867881286335 413
1738677825405 32.70533480813901 414
1738677825422 51.08996176603336 415
1738677825438 57.199641444439855 416
1738677825454 42.146988742529814 417
1738677825542 39.92332881942561 418
1738677825578 40.38434106979627 419
1738677825595 44.47748966509272 420
1738677825615 47.27649562098516 421
1738677825638 37.23244089594351 422
1738677825659 43.615162629404566 423
1738677825673 40.05647153488985 424
1738677825690 44.05290825491243 425
1738677825707 50.62014887867026 426
1738677825723 41.68028117275317 427
1738677825740 41.90744823332138 428
1738677825774 37.039756014338934 429
1738677825804 57.47059505961359 430
1738677825835 42.56677756620927 431
1738677825862 41.54210458096016 432
1738677825885 44.0912316402138 433
1738677825917 42.97180622534091 434
1738677825932 36.87690373048504 435
1738677825965 35.613488662671124 436
1738677825988 48.43789919167033 437
1738677826012 44.735827652290034 438
1738677826036 49.94232133364331 439
1738677826074 35.47362819444159 440
1738677826099 48.44139664746585 441
1738677826174 49.18136669870832 442
1738677826189 38.005979330067184 443
1738677826208 31.991816119941607 444
1738677826227 69.99155173485386 445
1738677826244 43.741792927256554 446
1738677826262 50.406426154098604 447
1738677826281 42.431839245193764 448
1738677826302 45.28216903342817 449
1738677826322 39.56666320728252 450
1738677826339 53.86720101715499 451
1738677826358 45.494199237675346 452
1738677826376 42.08940839815321 453
1738677826396 36.55828906625184 454
1738677826413 39.81827635482441 455
1738677826435 40.647032889723484 456
1738677826454 36.39581182242949 457
1738677826476 55.2056610323871 458
1738677826493 37.68918949145837 459
1738677826509 42.41594519444305 460
1738677826526 39.948306557752424 461
1738677826551 54.15470685085552 462
1738677826567 42.60008119533795 463
1738677826582 49.34089923984834 464
1738677826599 41.526131386964174 465
1738677826613 41.65644862756982 466
1738677826629 41.218831698681115 467
1738677826644 46.91294564537143 468
1738677826661 33.17407072024778 469
1738677826677 37.36330486516204 470
1738677826734 36.10930514672613 471
1738677826756 56.82403792580367 472
1738677826799 52.648287081767215 473
1738677826821 40.418596276627966 474
1738677826848 44.7632939635096 475
1738677826869 47.07009935145122 476
1738677826888 38.24181823311193 477
1738677826916 29.56116843824054 478
1738677826932 31.010805876759072 479
1738677826947 32.19456135043264 480
1738677826961 38.71680896425014 481
1738677826976 44.38229292608524 482
1738677826991 38.76180274679631 483
1738677827006 37.7317377345682 484
1738677827022 49.42461538338716 485
1738677827039 32.65665529652505 486
1738677827065 31.861642852560518 487
1738677827101 34.67703714210378 488
1738677827115 36.613048289873056 489
1738677827132 45.04189824816307 490
1738677827144 34.27364647034302 491
1738677827161 36.67347919019456 492
1738677827184 33.63442573538923 493
1738677827205 52.97713011011259 494
1738677827225 45.19571360247597 495
1738677827251 56.14803008296661 496
1738677827272 44.664391538896126 497
1738677827290 35.31207267186101 498
1738677827306 32.299482282447464 499
