1738677487468 169.46928671508385 0
1738677487488 167.6567322128889 1
1738677487505 165.90442114418286 2
1738677487524 164.21009016000332 3
1738677487538 162.57156293010408 4
1738677487554 160.98674677996036 5
1738677487567 159.4536294579055 6
1738677487584 157.97027602736165 7
1738677487601 156.53482587932308 8
1738677487615 155.14548986043678 9
1738677487630 153.80054751220658 10
1738677487646 152.49834441701904 11
1738677487670 151.23728964685705 12
1738677487691 150.0158533107259 13
1738677487707 148.8325641969713 14
1738677487724 147.6860075068166 15
1738677487739 146.57482267558805 16
1738677487755 145.49770127823473 17
1738677487772 144.4533850158798 18
1738677487787 143.44066378026727 19
1738677487801 142.45837379308887 20
1738677487817 141.50539581729328 21
1738677487830 140.58065343759134 22
1738677487843 139.68311140747883 23
1738677487857 138.81177406020302 24
1738677487869 137.9656837811973 25
1738677487883 137.1439195396052 26
1738677487896 136.3455954766071 27
1738677487908 135.5698595483503 28
1738677487921 134.8158922213704 29
1738677487936 134.082905218471 30
1738677487952 133.37014031310989 31
1738677487973 132.67686817041402 32
1738677488000 132.00238723301857 33
1738677488015 131.34602264999532 34
1738677488048 130.70712524720295 35
1738677488065 130.08507053745586 36
1738677488080 129.47925776897046 37
1738677488096 128.88910901060802 38
1738677488113 128.31406827248964 39
1738677488129 127.75360066061417 40
1738677488154 127.20719156416396 41
1738677488169 126.67434587423264 42
1738677488183 126.1545872327595 43
1738677488199 125.64745731050095 44
1738677488218 125.152515112916 45
1738677488235 124.66933631288497 46
1738677488254 124.19751260922338 47
1738677488267 123.73665110999268 48
1738677488283 123.28637373964837 49
1738677488299 122.84631666910286 50
1738677488314 122.41612976781654 51
1738677488327 121.99547607706484 52
1738677488340 121.5840313035612 53
1738677488353 121.18148333264925 54
1738677488367 120.78753176030607 55
1738677488380 120.40188744322928 56
1738677488395 120.02427206630793 57
1738677488408 119.65441772680462 58
1738677488421 119.29206653460241 59
1738677488434 118.93697022789465 60
1738677488462 118.58888980372045 61
1738677488485 118.24759516277159 62
1738677488503 117.91286476791801 63
1738677488519 117.58448531592204 64
1738677488536 117.26225142183046 65
1738677488554 116.945965315554 66
1738677488571 116.63543655016316 67
1738677488587 116.33048172144667 68
1738677488604 116.030924198297 69
1738677488617 115.73659386350427 70
1738677488629 115.44732686455572 71
1738677488643 115.1629653740536 72
1738677488658 114.88335735937976 73
1738677488672 114.60835636124895 74
1738677488686 114.33782128080723 75
1738677488701 114.07161617494465 76
1738677488714 113.80961005950489 77
1738677488728 113.55167672008618 78
1738677488745 113.2976945301398 79
1738677488761 113.04754627608425 80
1738677488777 112.80111898916347 81
1738677488797 112.55830378378833 82
1738677488851 112.31899570211085 83
1738677488901 112.08309356458987 84
1738677488974 111.85049982631666 85
1738677488999 111.62112043887775 86
1738677489017 111.39486471754067 87
1738677489044 111.17164521355691 88
1738677489064 110.95137759138451 89
1738677489089 110.73398051063936 90
1738677489112 110.51937551259321 91
1738677489139 110.30748691104202 92
1738677489164 110.09824168737606 93
1738677489178 109.89156938968898 94
1738677489193 109.68740203577005 95
1738677489211 109.48567401982933 96
1738677489226 109.28632202281148 97
1738677489243 109.08928492615938 98
1738677489260 108.89450372889456 99
1738677489275 108.70192146788588 100
1738677489289 108.51148314118352 101
1738677489305 108.32313563429966 102
1738677489322 108.13682764932204 103
1738677489340 107.95250963675116 104
1738677489355 107.77013372995516 105
1738677489372 107.58965368214245 106
1738677489388 107.41102480575351 107
1738677489415 107.23420391417937 108
1738677489442 107.05914926571658 109
1738677489463 106.8858205096719 110
1738677489481 106.71417863453453 111
1738677489498 106.54418591813511 112
1738677489516 106.37580587971547 113
1738677489531 106.20900323383489 114
1738677489548 106.04374384604235 115
1738677489564 105.87999469024602 116
1738677489590 105.71772380771529 117
1738677489606 105.55690026765141 118
1738677489624 105.39749412926697 119
1738677489642 105.2394764053154 120
1738677489664 105.08281902701489 121
1738677489682 104.92749481031288 122
1738677489701 104.77347742343918 123
1738677489716 104.62074135569812 124
1738677489734 104.46926188745218 125
1738677489757 104.3190150612507 126
1738677489775 104.16997765405974 127
1738677489791 104.02212715055072 128
1738677489806 103.87544171740673 129
1738677489831 103.72990017860761 130
1738677489847 103.58548199165571 131
1738677489863 103.44216722470641 132
1738677489876 103.29993653456823 133
1738677489891 103.1587711455393 134
1738677489904 103.01865282904767 135
1738677489916 102.8795638840647 136
1738677489931 102.74148711826179 137
1738677489945 102.60440582988151 138
1738677489957 102.46830379029603 139
1738677489969 102.33316522722598 140
1738677489982 102.19897480859476 141
1738677489996 102.06571762699339 142
1738677490010 101.9333791847327 143
1738677490022 101.80194537946014 144
1738677490037 101.67140249031958 145
1738677490052 101.54173716463305 146
1738677490064 101.41293640508455 147
1738677490081 101.28498755738647 148
1738677490101 101.1578782984102 149
1738677490120 101.03159662476283 150
1738677490137 100.90613084179323 151
1738677490159 100.78146955301057 152
1738677490170 100.65760164989976 153
1738677490186 100.53451630211835 154
1738677490199 100.41220294806041 155
1738677490210 100.29065128577322 156
1738677490222 100.16985126421321 157
1738677490235 100.0497930748283 158
1738677490248 99.9304671434537 159
1738677490261 99.81186412250995 160
1738677490274 99.69397488349048 161
1738677490287 99.57679050972888 162
1738677490300 99.46030228943398 163
1738677490313 99.34450170898342 164
1738677490327 99.22938044646507 165
1738677490340 99.11493036545751 166
1738677490356 99.0011435090398 167
1738677490371 98.8880120940222 168
1738677490386 98.77552850538913 169
1738677490401 98.66368529094659 170
1738677490416 98.55247515616567 171
1738677490429 98.44189095921537 172
1738677490444 98.33192570617682 173
1738677490458 98.22257254643253 174
1738677490475 98.11382476822374 175
1738677490499 98.00567579436918 176
1738677490529 97.89811917813996 177
1738677490547 97.79114859928353 178
1738677490564 97.6847578601919 179
1738677490581 97.57894088220822 180
1738677490598 97.4736917020666 181
1738677490614 97.36900446845999 182
1738677490631 97.26487343873141 183
1738677490647 97.16129297568371 184
1738677490668 97.0582575445034 185
1738677490685 96.95576170979434 186
1738677490699 96.853800132717 187
1738677490713 96.75236756822908 188
1738677490727 96.65145886242439 189
1738677490744 96.55106894996533 190
1738677490759 96.451192851606 191
1738677490774 96.3518256718026 192
1738677490789 96.25296259640737 193
1738677490803 96.15459889044321 194
1738677490818 96.05672989595605 195
1738677490832 95.95935102994183 196
1738677490848 95.86245778234522 197
1738677490860 95.76604571412766 198
1738677490872 95.6701104554019 199
1738677490884 95.57464770363067 200
1738677490896 95.47965322188699 201
1738677490908 95.38512283717371 202
1738677490920 95.29105243880039 203
1738677490932 95.19743797681511 204
1738677490945 95.10427546048912 205
1738677490960 95.0115609568526 206
1738677490975 94.91929058927947 207
1738677490990 94.82746053611929 208
1738677491003 94.73606702937498 209
1738677491024 94.64510635342388 210
1738677491040 94.55457484378145 211
1738677491059 94.46446888590515 212
1738677491072 94.37478491403786 213
1738677491085 94.28551941008861 214
1738677491100 94.19666890254966 215
1738677491115 94.10822996544876 216
1738677491128 94.0201992173347 217
1738677491144 93.93257332029553 218
1738677491157 93.84534897900784 219
1738677491176 93.75852293981636 220
1738677491194 93.67209198984209 221
1738677491208 93.58605295611899 222
1738677491225 93.50040270475697 223
1738677491242 93.4151381401311 224
1738677491261 93.33025620409587 225
1738677491281 93.24575387522324 226
1738677491296 93.16162816806423 227
1738677491309 93.0778761324326 228
1738677491322 92.99449485271029 229
1738677491336 92.91148144717344 230
1738677491350 92.82883306733873 231
1738677491365 92.74654689732867 232
1738677491379 92.66462015325595 233
1738677491395 92.58305008262529 234
1738677491410 92.501833963753 235
1738677491423 92.42096910520311 236
1738677491438 92.34045284523943 237
1738677491450 92.26028255129354 238
1738677491463 92.18045561944744 239
1738677491474 92.10096947393083 240
1738677491486 92.02182156663233 241
1738677491498 91.94300937662419 242
1738677491514 91.86453040969987 243
1738677491525 91.78638219792447 244
1738677491538 91.70856229919697 245
1738677491550 91.6310682968243 246
1738677491563 91.55389779910675 247
1738677491576 91.47704843893416 248
1738677491591 91.40051787339286 249
1738677491608 91.32430378338248 250
1738677491621 91.24840387324286 251
1738677491633 91.17281587039032 252
1738677491646 91.09753752496313 253
1738677491662 91.02256660947587 254
1738677491678 90.9479009184823 255
1738677491693 90.87353826824665 256
1738677491705 90.79947649642266 257
1738677491716 90.72571346174067 258
1738677491729 90.6522470437019 259
1738677491741 90.57907514228035 260
1738677491752 90.50619567763117 261
1738677491769 90.43360658980636 262
1738677491781 90.36130583847658 263
1738677491794 90.28929140265966 264
1738677491805 90.21756128045499 265
1738677491818 90.14611348878388 266
1738677491832 90.07494606313593 267
1738677491847 90.0040570573206 268
1738677491863 89.93344454322445 269
1738677491881 89.86310661057351 270
1738677491907 89.79304136670075 271
1738677491935 89.72324693631825 272
1738677491954 89.65372146129458 273
1738677491971 89.58446310043632 274
1738677491985 89.51547002927427 275
1738677492004 89.44674043985398 276
1738677492021 89.37827254053053 277
1738677492036 89.31006455576724 278
1738677492051 89.24211472593839 279
1738677492067 89.17442130713599 280
1738677492081 89.10698257097984 281
1738677492095 89.03979680443166 282
1738677492110 88.97286230961245 283
1738677492123 88.90617740362337 284
1738677492139 88.83974041836984 285
1738677492154 88.77354970038905 286
1738677492174 88.70760361068031 287
1738677492188 88.64190052453871 288
1738677492200 88.57643883139164 289
1738677492213 88.51121693463804 290
1738677492229 88.44623325149074 291
1738677492247 88.38148621282124 292
1738677492266 88.31697426300725 293
1738677492285 88.25269585978288 294
1738677492301 88.1886494740911 295
1738677492322 88.12483358993902 296
1738677492338 88.0612467042551 297
1738677492354 87.99788732674905 298
1738677492367 87.93475397977377 299
1738677492382 87.87184519818946 300
1738677492398 87.8091595292301 301
1738677492416 87.74669553237186 302
1738677492434 87.68445177920336 303
1738677492448 87.62242685329842 304
1738677492463 87.56061935009018 305
1738677492481 87.49902787674749 306
1738677492498 87.43765105205304 307
1738677492513 87.37648750628314 308
1738677492527 87.31553588108957 309
1738677492541 87.25479482938286 310
1738677492557 87.19426301521732 311
1738677492570 87.13393911367784 312
1738677492586 87.07382181076817 313
1738677492605 87.01390980330065 314
1738677492621 86.95420179878785 315
1738677492636 86.89469651533526 316
1738677492651 86.8353926815357 317
1738677492693 86.77628903636518 318
1738677492711 86.71738432908006 319
1738677492727 86.65867731911547 320
1738677492741 86.60016677598543 321
1738677492755 86.54185147918393 322
1738677492774 86.48373021808747 323
1738677492792 86.42580179185883 324
1738677492809 86.36806500935207 325
1738677492826 86.31051868901875 326
1738677492838 86.2531616588153 327
1738677492852 86.19599275611161 328
1738677492889 86.1390108276007 329
1738677492907 86.08221472920954 330
1738677492932 86.0256033260111 331
1738677492946 85.96917549213707 332
1738677492959 85.91293011069223 333
1738677492975 85.85686607366932 334
1738677492987 85.80098228186519 335
1738677493008 85.74527764479797 336
1738677493022 85.68975108062511 337
1738677493035 85.63440151606244 338
1738677493049 85.57922788630415 339
1738677493065 85.52422913494381 340
1738677493084 85.46940421389611 341
1738677493104 85.41475208331963 342
1738677493213 85.36027171154049 343
1738677493351 85.30596207497685 344
1738677493430 85.25182215806429 345
1738677493467 85.19785095318193 346
1738677493483 85.14404746057951 347
1738677493501 85.09041068830517 348
1738677493518 85.0369396521342 349
1738677493530 84.98363337549829 350
1738677493543 84.93049088941588 351
1738677493557 84.87751123242303 352
1738677493572 84.82469345050524 353
1738677493587 84.77203659702973 354
1738677493606 84.71953973267878 355
1738677493622 84.6672019253836 356
1738677493637 84.61502225025886 357
1738677493650 84.56299978953814 358
1738677493664 84.51113363250971 359
1738677493681 84.45942287545343 360
1738677493694 84.40786662157792 361
1738677493709 84.35646398095871 362
1738677493722 84.30521407047667 363
1738677493733 84.25411601375751 364
1738677493750 84.20316894111157 365
1738677493779 84.15237198947436 366
1738677493793 84.10172430234778 367
1738677493809 84.0512250297418 368
1738677493823 84.00087332811684 369
1738677493838 83.95066836032669 370
1738677493851 83.9006092955621 371
1738677493867 83.8506953092948 372
1738677493886 83.80092558322221 373
1738677493900 83.7512993052125 374
1738677493913 83.70181566925069 375
1738677493929 83.6524738753846 376
1738677493943 83.60327312967198 377
1738677493960 83.55421264412772 378
1738677493974 83.50529163667181 379
1738677493991 83.4565093310778 380
1738677494007 83.40786495692173 381
1738677494021 83.35935774953147 382
1738677494037 83.31098694993678 383
1738677494049 83.26275180481967 384
1738677494064 83.21465156646536 385
1738677494077 83.16668549271365 386
1738677494093 83.1188528469108 387
1738677494106 83.07115289786185 388
1738677494143 83.02358491978346 389
1738677494159 82.97614819225716 390
1738677494173 82.9288420001831 391
1738677494187 82.8816656337341 392
1738677494200 82.83461838831046 393
1738677494216 82.78769956449473 394
1738677494237 82.74090846800745 395
1738677494264 82.69424440966294 396
1738677494287 82.64770670532556 397
1738677494310 82.60129467586661 398
1738677494333 82.5550076471213 399
1738677494350 82.50884494984653 400
1738677494363 82.46280591967869 401
1738677494379 82.41688989709209 402
1738677494394 82.37109622735774 403
1738677494412 82.32542426050244 404
1738677494429 82.27987335126846 405
1738677494447 82.23444285907333 406
1738677494465 82.18913214797016 407
1738677494484 82.14394058660835 408
1738677494512 82.09886754819469 409
1738677494530 82.05391241045464 410
1738677494549 82.00907455559422 411
1738677494569 81.96435337026206 412
1738677494596 81.919748245512 413
1738677494612 81.87525857676573 414
1738677494630 81.83088376377624 415
1738677494650 81.78662321059107 416
1738677494667 81.74247632551639 417
1738677494686 81.69844252108113 418
1738677494704 81.65452121400145 419
1738677494716 81.61071182514569 420
1738677494731 81.56701377949958 421
1738677494747 81.52342650613161 422
1738677494760 81.47994943815905 423
1738677494776 81.43658201271397 424
1738677494791 81.39332367090971 425
1738677494805 81.35017385780772 426
1738677494820 81.30713202238454 427
1738677494832 81.26419761749925 428
1738677494847 81.22137009986112 429
1738677494860 81.1786489299976 430
1738677494874 81.13603357222257 431
1738677494893 81.09352349460488 432
1738677494909 81.05111816893725 433
1738677494923 81.00881707070539 434
1738677494936 80.96661967905735 435
1738677494950 80.92452547677328 436
1738677494965 80.88253395023541 437
1738677494981 80.84064458939825 438
1738677494995 80.79885688775906 439
1738677495011 80.7571703423288 440
1738677495025 80.71558445360301 441
1738677495041 80.67409872553317 442
1738677495054 80.63271266549835 443
1738677495070 80.59142578427685 444
1738677495084 80.55023759601859 445
1738677495098 80.50914761821711 446
1738677495110 80.46815537168241 447
1738677495125 80.42726038051366 448
1738677495147 80.38646217207229 449
1738677495163 80.3457602769554 450
1738677495178 80.30515422896922 451
1738677495192 80.26464356510297 452
1738677495209 80.22422782550292 453
1738677495224 80.18390655344658 454
1738677495238 80.14367929531724 455
1738677495254 80.1035456005788 456
1738677495271 80.06350502175061 457
1738677495293 80.02355711438267 458
1738677495308 79.9837014370311 459
1738677495323 79.94393755123372 460
1738677495335 79.90426502148591 461
1738677495348 79.86468341521667 462
1738677495359 79.82519230276485 463
1738677495372 79.7857912573558 464
1738677495384 79.74647985507784 465
1738677495397 79.70725767485935 466
1738677495409 79.66812429844578 467
1738677495421 79.62907931037704 468
1738677495437 79.59012229796497 469
1738677495455 79.55125285127102 470
1738677495472 79.51247056308428 471
1738677495488 79.47377502889952 472
1738677495503 79.43516584689547 473
1738677495516 79.3966426179134 474
1738677495542 79.35820494543576 475
1738677495619 79.31985243556505 476
1738677495633 79.28158469700291 477
1738677495647 79.24340134102944 478
1738677495662 79.20530198148246 479
1738677495675 79.1672862347373 480
1738677495766 79.12935371968653 481
1738677495849 79.09150405771993 482
1738677495876 79.05373687270468 483
1738677495900 79.01605179096558 484
1738677495909 78.97844844126571 485
1738677495927 78.94092645478706 486
1738677496080 78.90348546511126 487
1738677496183 78.86612510820072 488
1738677496214 78.82884502237974 489
1738677496230 78.79164484831591 490
1738677496248 78.75452422900156 491
1738677496264 78.7174828097355 492
1738677496279 78.68052023810479 493
1738677496301 78.64363616396673 494
1738677496315 78.60683023943109 495
1738677496344 78.5701021188423 496
1738677496366 78.533451458762 497
1738677496381 78.49687791795162 498
1738677496394 78.46038115735514 499
