1738679764828 131.64639218686412 0
1738679764866 156.1539213356749 1
1738679764903 158.2625279123649 2
1738679764939 177.00884455886998 3
1738679764976 192.6349234079183 4
1738679765013 150.98593164420072 5
1738679765052 177.483954419809 6
1738679765093 164.5894338023715 7
1738679765133 167.99129407507093 8
1738679765170 165.31996766103245 9
1738679765207 158.67149868147786 10
1738679765244 183.89400939876327 11
1738679765280 158.05433310233158 12
1738679765317 187.67215376879201 13
1738679765354 162.72728453638993 14
1738679765390 167.74102327147114 15
1738679765426 173.58726950289466 16
1738679765462 143.07996134139375 17
1738679765497 157.4087021583624 18
1738679765534 183.1463873209737 19
1738679765570 157.64139201886857 20
1738679765606 178.28163364678318 21
1738679765642 178.60889137368187 22
1738679765679 165.8965874080428 23
1738679765717 149.4834584765155 24
1738679765753 162.48761158647932 25
1738679765788 175.21192984990338 26
1738679765824 180.2295768814042 27
1738679765860 164.17401587743805 28
1738679765895 178.14014151301012 29
1738679765931 176.43231020970828 30
1738679765967 183.340992998188 31
1738679766003 162.4079696729098 32
1738679766039 160.8423686400949 33
1738679766076 172.60615825309733 34
1738679766112 166.80461071389215 35
1738679766148 161.58124395477532 36
1738679766184 181.00242049614803 37
1738679766220 174.17176091686116 38
1738679766257 173.05595546313074 39
1738679766293 154.3196714731376 40
1738679766329 176.07463941583552 41
1738679766365 167.179215793042 42
1738679766401 164.50338808481968 43
1738679766437 162.34425973676483 44
1738679766473 164.80628324421085 45
1738679766508 143.4508294067899 46
1738679766545 174.94962553192923 47
1738679766581 161.52036955339068 48
1738679766617 156.46468097351394 49
1738679766654 173.05131175229533 50
1738679766691 178.16452808857025 51
1738679766726 154.30712384866115 52
1738679766762 177.1277219661993 53
1738679766798 158.86557286534173 54
1738679766834 180.1495754924485 55
1738679766871 161.79285888327738 56
1738679766908 185.7938831910168 57
1738679766944 189.45320729629844 58
1738679766980 180.6547381229809 59
1738679767016 184.66586757540335 60
1738679767052 189.35599717766257 61
1738679767088 178.98507680221869 62
1738679767124 185.10009661799472 63
1738679767160 128.67626925519133 64
1738679767196 167.63022877356738 65
1738679767232 174.34506718646088 66
1738679767270 152.6212115712426 67
1738679767306 177.01765177017126 68
1738679767342 161.52386673614484 69
1738679767379 183.3887143853698 70
1738679767417 168.87848671373303 71
1738679767453 168.49291096427842 72
1738679767489 180.78516751857484 73
1738679767525 187.5208403071243 74
1738679767560 175.87011537009883 75
1738679767596 173.97356053582118 76
1738679767632 186.34574037075092 77
1738679767668 163.28397479457252 78
1738679767705 158.18817983796103 79
1738679767740 153.27869436484684 80
1738679767777 147.42242089939032 81
1738679767813 178.9749845530951 82
1738679767848 184.11780444606745 83
1738679767885 175.25397094693832 84
1738679767923 176.93369918905702 85
1738679767959 185.8933941612322 86
1738679767995 184.06009072896458 87
1738679768031 152.2336168409957 88
1738679768068 190.87339617466216 89
1738679768104 173.6867117149082 90
1738679768140 136.9813910704788 91
1738679768176 168.3297243718006 92
1738679768212 168.66269369914383 93
1738679768248 162.70281322689084 94
1738679768284 169.02350870168522 95
1738679768320 181.57998087099227 96
1738679768356 179.07507288180034 97
1738679768392 146.07330332324275 98
1738679768428 158.47037694645783 99
1738679768463 190.0428094208596 100
1738679768499 182.79689412927695 101
1738679768535 169.1001205629312 102
1738679768571 166.92859287644254 103
1738679768607 155.89593391598905 104
1738679768644 164.79708376849786 105
1738679768680 142.8059380604358 106
1738679768716 153.12828722053985 107
1738679768753 166.83932176635005 108
1738679768789 185.54596507674046 109
1738679768827 174.41220519367485 110
1738679768863 160.0712483096634 111
1738679768899 168.19003023425037 112
1738679768935 165.54410861426214 113
1738679768971 171.37412375617183 114
1738679769007 158.98062063227684 115
1738679769043 163.6803688734909 116
1738679769079 177.30794923418725 117
1738679769115 177.19757375023661 118
1738679769151 169.90604247080188 119
1738679769187 183.33208561463852 120
1738679769223 166.15408011553117 121
1738679769258 189.4594629553962 122
1738679769294 150.05026548891843 123
1738679769330 168.27613033301873 124
1738679769366 183.51812286726502 125
1738679769403 139.8664061036982 126
1738679769438 140.92154040579138 127
1738679769474 171.53459547096008 128
1738679769510 181.13815334527973 129
1738679769547 169.43900782391785 130
1738679769583 148.44328441691317 131
1738679769618 165.51789247983763 132
1738679769654 169.86559479658163 133
1738679769690 182.99375881199185 134
1738679769726 197.1429557723264 135
1738679769763 162.23066431127953 136
1738679769799 157.34032044832523 137
1738679769835 200.04554235772 138
1738679769870 175.46486196126742 139
1738679769906 156.8798564382005 140
1738679769942 182.06377189975385 141
1738679769978 162.8511902353699 142
1738679770014 159.07881725576675 143
1738679770050 194.54010281942996 144
1738679770086 187.8997114932628 145
1738679770123 167.62568833611036 146
1738679770159 162.30125837232927 147
1738679770196 162.57605848381658 148
1738679770233 185.76319581240867 149
1738679770268 185.11496366361456 150
1738679770304 168.8752591640784 151
1738679770340 175.77252300777647 152
1738679770377 141.58024289685972 153
1738679770412 185.94703051839443 154
1738679770448 174.62105379486155 155
1738679770484 183.1636035073899 156
1738679770520 152.74379135291113 157
1738679770556 166.58801816232597 158
1738679770592 143.8973973717847 159
1738679770628 126.79003776563727 160
1738679770664 178.51344476606286 161
1738679770700 156.25729686628182 162
1738679770736 170.54988482957756 163
1738679770772 176.60534146585306 164
1738679770809 204.95650974570628 165
1738679770844 150.9007410855637 166
1738679770880 173.20370467599292 167
1738679770916 179.43636367811848 168
1738679770952 174.06675544621928 169
1738679770987 139.9926789939188 170
1738679771025 155.29347657499662 171
1738679771064 148.2044771155254 172
1738679771100 180.75009855623753 173
1738679771136 168.10239667451447 174
1738679771172 175.10842804266545 175
1738679771208 167.08103332074563 176
1738679771244 158.3620151637876 177
1738679771280 171.0036367866917 178
1738679771316 178.52424630779151 179
1738679771352 176.7386566296144 180
1738679771389 181.21760118809024 181
1738679771425 189.90661546903002 182
1738679771461 188.8513729603324 183
1738679771497 176.65533963866613 184
1738679771533 167.89207401595255 185
1738679771569 156.606499159067 186
1738679771604 192.51567389492573 187
1738679771640 180.41674715957546 188
1738679771676 161.25085993490418 189
1738679771712 178.732771134945 190
1738679771748 174.3854253112163 191
1738679771784 187.9289829244956 192
1738679771820 140.25097124362614 193
1738679771856 170.3633344313747 194
1738679771893 165.31161790969662 195
1738679771930 176.81662149587802 196
1738679771966 187.44112255561265 197
1738679772001 171.595009769121 198
1738679772038 175.33886074136515 199
1738679772074 175.88857675345145 200
1738679772110 178.7679128870849 201
1738679772146 140.8931854189659 202
1738679772182 148.85181060182754 203
1738679772218 177.80796894928622 204
1738679772254 175.11797115151725 205
1738679772290 187.06494558851045 206
1738679772325 165.2979160888691 207
1738679772361 166.7239668242333 208
1738679772397 179.63665768626655 209
1738679772433 159.22276669061355 210
1738679772469 166.65852324571884 211
1738679772505 174.10146498804673 212
1738679772541 192.39366777815394 213
1738679772577 165.30467042238766 214
1738679772614 182.9186330166934 215
1738679772649 183.2056299121702 216
1738679772685 183.96523896157586 217
1738679772721 181.74883269342968 218
1738679772757 123.38401326516339 219
1738679772793 178.15754757535507 220
1738679772830 146.43115514197106 221
1738679772866 187.46960240887677 222
1738679772901 165.47178359142592 223
1738679772937 152.4835765144455 224
1738679772973 184.51268591483378 225
1738679773010 186.24650241656215 226
1738679773047 118.97059516231157 227
1738679773084 183.29116769450926 228
1738679773120 176.96236627669344 229
1738679773156 162.63869263230174 230
1738679773192 169.0378876755535 231
1738679773227 182.63222856304205 232
1738679773263 141.6722103770918 233
1738679773299 172.2134479551626 234
1738679773335 166.77434596348965 235
1738679773371 156.46767279584327 236
1738679773407 155.54292589703118 237
1738679773442 173.91293303080042 238
1738679773478 177.74724659040106 239
1738679773514 213.42717360021012 240
1738679773550 189.02571521443966 241
1738679773586 145.9943841343264 242
1738679773622 161.9870735332406 243
1738679773658 178.7421285847967 244
1738679773695 125.18676365040544 245
1738679773733 171.45507117319605 246
1738679773769 146.5640241742243 247
1738679773805 178.79673302330607 248
1738679773840 187.68840610266358 249
1738679773876 180.89532402148714 250
1738679773912 173.85112532497257 251
1738679773947 165.05573136930644 252
1738679773983 167.79202690389405 253
1738679774019 162.30790262216806 254
1738679774056 167.57913783835608 255
1738679774092 187.25222827663893 256
1738679774128 185.9131804197547 257
1738679774164 167.9732970521449 258
1738679774200 147.97699431411255 259
1738679774235 177.2992611965668 260
1738679774271 179.9195065689032 261
1738679774307 156.53307047366178 262
1738679774343 169.64025037053423 263
1738679774379 132.13200998216516 264
1738679774415 171.44224087499865 265
1738679774451 152.38925097981274 266
1738679774487 154.8430389909291 267
1738679774525 191.01999182848513 268
1738679774561 155.3427015133879 269
1738679774597 177.0300685502317 270
1738679774633 175.5372885574672 271
1738679774669 144.27271703541015 272
1738679774705 158.32419028875512 273
1738679774740 175.9353826602219 274
1738679774776 164.152648548618 275
1738679774812 182.85579480304588 276
1738679774848 172.47337098489828 277
1738679774885 158.7251876432166 278
1738679774921 168.5238765601278 279
1738679774957 166.9910178423934 280
1738679774993 212.90956919374833 281
1738679775029 175.7984587253457 282
1738679775065 162.32888467096566 283
1738679775102 170.99702634953223 284
1738679775138 158.4142627485182 285
1738679775174 161.61314559899995 286
1738679775209 179.97419098457584 287
1738679775245 160.31873181495595 288
1738679775281 164.4097811775329 289
1738679775317 150.56795558080688 290
1738679775353 168.97604903670387 291
1738679775388 188.04276018370078 292
1738679775424 175.69992900245745 293
1738679775460 150.1546569329051 294
1738679775496 163.29811937786656 295
1738679775533 192.67771770249556 296
1738679775569 177.09386825032664 297
1738679775604 154.22046164410335 298
1738679775641 176.1256035138549 299
1738679775677 126.75238678572576 300
1738679775713 181.4373556016395 301
1738679775749 173.0500988462167 302
1738679775785 174.6897761479086 303
1738679775821 183.06492870564205 304
1738679775857 175.8787064269988 305
1738679775892 153.6151192927546 306
1738679775928 176.68549983995214 307
1738679775964 174.36363691652022 308
1738679776000 177.44884069761142 309
1738679776036 168.82889995482643 310
1738679776072 153.91722115664368 311
1738679776108 171.98377955598224 312
1738679776144 179.77028669977057 313
1738679776179 167.0153993389863 314
1738679776216 167.85063772371973 315
1738679776252 158.09087947175013 316
1738679776288 181.84010992583367 317
1738679776324 177.4656927437324 318
1738679776360 146.55645827918445 319
1738679776395 162.1152028295538 320
1738679776431 162.41453900247402 321
1738679776467 183.89016997861475 322
1738679776503 164.58587548234075 323
1738679776539 169.04741037739944 324
1738679776575 156.61442621541465 325
1738679776611 162.7028997199312 326
1738679776647 174.00498816506604 327
1738679776683 163.47393883309132 328
1738679776719 171.2795979487375 329
1738679776755 158.92088679334202 330
1738679776791 164.26692521285307 331
1738679776827 184.82704320696735 332
1738679776862 157.10607250176412 333
1738679776899 160.31936799357783 334
1738679776935 169.66721316436445 335
1738679776971 132.3128059966558 336
1738679777007 196.3833315633184 337
1738679777043 188.85433929004452 338
1738679777079 158.7693501897608 339
1738679777115 186.11393618721277 340
1738679777151 177.20164906022632 341
1738679777187 161.12642706393112 342
1738679777223 155.03666146544367 343
1738679777258 168.5077828097184 344
1738679777294 144.8785469765458 345
1738679777331 155.98745210471992 346
1738679777367 176.1862381516957 347
1738679777402 178.09684521482987 348
1738679777439 172.6950672561681 349
1738679777475 185.4641491197634 350
1738679777511 190.0954175688937 351
1738679777547 167.4350767740641 352
1738679777583 197.1946489566316 353
1738679777619 169.19910123516172 354
1738679777656 179.0824895287805 355
1738679777692 167.7812222889312 356
1738679777728 175.79837644598499 357
1738679777763 171.7252421196749 358
1738679777800 173.60318213035808 359
1738679777835 164.4017962302415 360
1738679777871 162.85633164860474 361
1738679777907 149.47482253956773 362
1738679777943 173.51047289290466 363
1738679777979 152.3017470517979 364
1738679778015 163.7234686913028 365
1738679778052 160.54493317302612 366
1738679778088 164.93948580511446 367
1738679778124 177.4305695130325 368
1738679778160 179.4297497533235 369
1738679778196 180.20654156158975 370
1738679778232 152.09379233994727 371
1738679778267 153.4591560338953 372
1738679778303 149.0434300138007 373
1738679778339 124.78627024377454 374
1738679778375 186.98942807425925 375
1738679778411 166.9882214097715 376
1738679778446 161.90572601784837 377
1738679778483 157.58334446489366 378
1738679778520 166.13353159274155 379
1738679778556 182.65296386002802 380
1738679778592 149.97239603667106 381
1738679778628 142.67395044591228 382
1738679778664 164.75679754722432 383
1738679778700 180.82933728256444 384
1738679778736 182.2285731199091 385
1738679778772 187.0520905786559 386
1738679778807 148.84714189135335 387
1738679778844 169.00316040581154 388
1738679778880 161.61282251048365 389
1738679778915 182.57098666017376 390
1738679778951 122.13325032885852 391
1738679778987 150.1513994512894 392
1738679779023 177.54643354162613 393
1738679779060 131.6031688663273 394
1738679779096 184.60516710770486 395
1738679779132 159.33645037140542 396
1738679779167 186.6059148813759 397
1738679779203 172.7558182015591 398
1738679779239 178.36885785573864 399
1738679779275 164.1377560614537 400
1738679779311 176.06083414073854 401
1738679779347 148.43364068504744 402
1738679779383 176.6410037528978 403
1738679779419 162.99257107409304 404
1738679779455 173.9177029398848 405
1738679779490 148.45448804431723 406
1738679779526 169.52199587080037 407
1738679779562 174.05128928063476 408
1738679779598 150.7183863606339 409
1738679779634 160.7743336122012 410
1738679779670 187.49616595226337 411
1738679779706 161.8454801402878 412
1738679779742 174.50187438476814 413
1738679779778 162.39663849101754 414
1738679779813 189.8253376433725 415
1738679779849 186.82711789019848 416
1738679779885 168.02174499854212 417
1738679779921 174.3923986906328 418
1738679779957 137.87474298443917 419
1738679779993 122.99861917932398 420
1738679780029 174.51014273827437 421
1738679780066 182.63709061885598 422
1738679780102 192.33029986975194 423
1738679780138 186.94217258125943 424
1738679780174 170.5406625266468 425
1738679780210 150.1690966187843 426
1738679780246 169.15364530276236 427
1738679780282 169.11599021639316 428
1738679780318 179.10585243112905 429
1738679780354 163.11225270687584 430
1738679780389 178.97151171790856 431
1738679780425 168.202002102099 432
1738679780461 179.34568640070177 433
1738679780497 168.33836522843936 434
1738679780534 173.7684432169348 435
1738679780570 166.00138982942872 436
1738679780606 160.2200416217846 437
1738679780642 187.42307453844495 438
1738679780678 178.23405088769965 439
1738679780714 174.19430515141917 440
1738679780750 143.44856818680068 441
1738679780787 170.81274764493307 442
1738679780822 184.24058115770035 443
1738679780859 176.97098589763633 444
1738679780895 178.30818736872322 445
1738679780931 190.64043816848186 446
1738679780966 180.03349796771604 447
1738679781002 175.21144988216588 448
1738679781038 152.14012385600037 449
1738679781074 168.36966918590932 450
1738679781110 159.59789048421305 451
1738679781146 146.44924594420814 452
1738679781182 159.7706717602698 453
1738679781220 180.2700008080004 454
1738679781259 159.3544885343021 455
1738679781296 171.6897556078841 456
1738679781331 190.85026651028844 457
1738679781367 177.14762522325196 458
1738679781403 168.3559460188267 459
1738679781439 172.73921391292214 460
1738679781475 181.72173518688376 461
1738679781511 183.477910136264 462
1738679781547 173.80358834578007 463
1738679781583 175.6205194528481 464
1738679781619 146.44260360231436 465
1738679781654 165.71178042350803 466
1738679781690 181.28370788993732 467
1738679781726 153.77974007641964 468
1738679781762 181.0275491832344 469
1738679781798 178.4601171776448 470
1738679781834 176.7236915763025 471
1738679781870 186.84132728849184 472
1738679781906 169.25112548166172 473
1738679781942 162.10276143229237 474
1738679781978 188.73693839247795 475
1738679782013 151.58576436032942 476
1738679782049 190.4500227835389 477
1738679782089 210.7853106806864 478
1738679782128 178.99576156916538 479
1738679782165 163.28984280523525 480
1738679782201 172.12844217313054 481
1738679782237 119.06741785356265 482
1738679782274 171.88242806641543 483
1738679782310 176.89563054381952 484
1738679782346 154.48005148681264 485
1738679782382 155.2056746706241 486
1738679782418 163.24842627777127 487
1738679782454 161.9737903557506 488
1738679782490 188.17575444338837 489
1738679782526 175.03930886730282 490
1738679782562 173.681674595647 491
1738679782599 171.79973329827783 492
1738679782635 169.50046949786014 493
1738679782671 217.47874569723876 494
1738679782706 171.28544771371577 495
1738679782742 182.1387555769662 496
1738679782778 137.722447205742 497
1738679782814 180.48057357094865 498
1738679782850 163.26074681358511 499
