1738677753491 68.64058131257465 0
1738677753506 46.74959084674932 1
1738677753530 46.99265811719745 2
1738677753562 41.798616827123986 3
1738677753585 39.84741265037334 4
1738677753604 28.110950480329187 5
1738677753625 27.135497033477435 6
1738677753645 47.012984036402756 7
1738677753663 20.32027003858261 8
1738677753680 21.639349710907524 9
1738677753697 17.78472710393574 10
1738677753713 16.444731789563487 11
1738677753727 13.38389359669531 12
1738677753741 12.989856139068529 13
1738677753757 12.965414775530224 14
1738677753772 11.36811813019687 15
1738677753792 10.0469078944503 16
1738677753813 12.024242500172175 17
1738677753840 8.027492753171652 18
1738677753866 7.724523797645374 19
1738677753890 11.12231321270453 20
1738677753907 5.379864842538927 21
1738677753921 4.961030991310792 22
1738677753940 4.703518210750678 23
1738677753958 4.00187976367243 24
1738677753974 4.557866160798426 25
1738677753991 5.192305065315901 26
1738677754010 3.047280444392178 27
1738677754025 3.1801908202183666 28
1738677754042 2.0784899663823664 29
1738677754065 2.2070135134594926 30
1738677754082 2.1075957752594943 31
1738677754098 1.209116093955742 32
1738677754116 2.448960180797941 33
1738677754137 1.258446962046351 34
1738677754156 1.5834221109401008 35
1738677754177 1.6304730395376876 36
1738677754196 1.2192848374157375 37
1738677754217 1.352839089211993 38
1738677754241 2.396625064634109 39
1738677754264 0.956875580903684 40
1738677754285 1.1084259477650051 41
1738677754300 0.8613278123113893 42
1738677754315 0.7970397151732745 43
1738677754331 1.178011751982643 44
1738677754348 1.0201681651856693 45
1738677754366 0.773234082195432 46
1738677754381 0.7521793551341588 47
1738677754396 0.5328508686333797 48
1738677754414 0.7162418972667421 49
1738677754439 0.341236220374933 50
1738677754460 0.4077807068515651 51
1738677754480 0.4538552697992568 52
1738677754493 0.321919314375589 53
1738677754513 0.5957524017717593 54
1738677754533 0.4667333608243326 55
1738677754552 0.48950715572958275 56
1738677754575 0.6070233605624603 57
1738677754594 0.3164234013213475 58
1738677754614 0.4001431288072091 59
1738677754634 0.23053751546026965 60
1738677754653 0.3296362990291929 61
1738677754673 0.2513548086867391 62
1738677754689 0.33613503560486974 63
1738677754705 0.25007228692832495 64
1738677754721 0.30912612580166077 65
1738677754737 0.21359284471103174 66
1738677754753 0.21957626199629643 67
1738677754770 0.4016025065796389 68
1738677754786 0.29964985970413727 69
1738677754805 0.14302257110733818 70
1738677754827 0.23166712190950545 71
1738677754852 0.24351365130140235 72
1738677754873 0.25737922340221375 73
1738677754894 0.17784508035256774 74
1738677754909 0.15571676260959322 75
1738677754926 0.20026591892684228 76
1738677754942 0.14846671095781136 77
1738677754961 0.1551119789465711 78
1738677754977 0.22347370281816273 79
1738677754994 0.18380141123119784 80
1738677755010 0.28529709370005496 81
1738677755025 0.167904788254283 82
1738677755044 0.08395210448609071 83
1738677755062 0.11951607973090363 84
1738677755079 0.1492565842154536 85
1738677755105 0.14403771107846375 86
1738677755128 0.14529094623647906 87
1738677755146 0.13822290581628394 88
1738677755166 0.1289110865879529 89
1738677755186 0.09878381114110621 90
1738677755207 0.09264630870940467 91
1738677755225 0.15672522761982638 92
1738677755242 0.12378487824606685 93
1738677755264 0.1872255917943728 94
1738677755284 0.11940413736451763 95
1738677755299 0.083896746529929 96
1738677755314 0.12163689423935171 97
1738677755328 0.10608920089189254 98
1738677755344 0.10553971320647075 99
1738677755358 0.10709874283252348 100
1738677755383 0.07506800230887008 101
1738677755398 0.10808349507638587 102
1738677755414 0.08285677323449334 103
1738677755430 0.10866122826466985 104
1738677755445 0.09263442300687232 105
1738677755459 0.10514168671693504 106
1738677755475 0.1162354784567442 107
1738677755492 0.13480682038476666 108
1738677755508 0.07979501535858886 109
1738677755523 0.10449793884138363 110
1738677755537 0.11636967142179629 111
1738677755552 0.05800803946737676 112
1738677755569 0.1327156493198697 113
1738677755584 0.06573352258963176 114
1738677755598 0.10176193618067231 115
1738677755612 0.09147895749898627 116
1738677755627 0.10022157644292495 117
1738677755641 0.12808271826754256 118
1738677755662 0.05767034746859478 119
1738677755680 0.09349040044586548 120
1738677755695 0.09450904147131549 121
1738677755709 0.08967129320153452 122
1738677755725 0.13146446811070572 123
1738677755746 0.09807682932394485 124
1738677755771 0.0829272867954882 125
1738677755787 0.1172242585566938 126
1738677755802 0.06602533016085625 127
1738677755817 0.10582979393176167 128
1738677755834 0.08786224420989165 129
1738677755851 0.07904478956444738 130
1738677755869 0.06411544522467644 131
1738677755885 0.07618374554839243 132
1738677755905 0.10946043062630458 133
1738677755929 0.08933738268140994 134
1738677755947 0.0921511035723391 135
1738677755967 0.07294566603545757 136
1738677755988 0.07460425106757067 137
1738677756009 0.07954363524058548 138
1738677756030 0.08290945730212973 139
1738677756049 0.06768733044704256 140
1738677756072 0.09785265012349771 141
1738677756089 0.12197830800981978 142
1738677756104 0.07465246396260151 143
1738677756120 0.13987422029476337 144
1738677756139 0.16613475716286474 145
1738677756154 0.090407098952294 146
1738677756168 0.07576662174469534 147
1738677756184 0.10901460900734339 148
1738677756199 0.10706164208192433 149
1738677756216 0.10607344619073213 150
1738677756233 0.08408294280606199 151
1738677756246 0.117742152752119 152
1738677756260 0.13879929602737126 153
1738677756276 0.10523298288851579 154
1738677756290 0.13462478190421145 155
1738677756310 0.11612307578843037 156
1738677756327 0.0993545543116051 157
1738677756343 0.05605163701159597 158
1738677756358 0.09349649528246032 159
1738677756375 0.12225055222180788 160
1738677756393 0.0726563210327056 161
1738677756409 0.05685134387610082 162
1738677756426 0.09172018827124961 163
1738677756440 0.058698490761399824 164
1738677756453 0.055749744561448294 165
1738677756468 0.09325161171117871 166
1738677756482 0.07928096613697418 167
1738677756496 0.09747057390335466 168
1738677756510 0.060022310945395584 169
1738677756525 0.09676616129949409 170
1738677756541 0.14891889839278863 171
1738677756556 0.11348528678568753 172
1738677756573 0.07373123991843786 173
1738677756593 0.09295660158889109 174
1738677756610 0.09230043329214792 175
1738677756625 0.060146430688109036 176
1738677756648 0.06536203883290966 177
1738677756665 0.056467707688721884 178
1738677756681 0.05628371245227938 179
1738677756696 0.08264611294091469 180
1738677756710 0.05987909137194492 181
1738677756726 0.09356166057690589 182
1738677756742 0.11271223037695327 183
1738677756760 0.1053184859919827 184
1738677756775 0.10379474355718923 185
1738677756797 0.06102492438477682 186
1738677756818 0.08569703367422955 187
1738677756834 0.055670829894391274 188
1738677756855 0.09041799395415047 189
1738677756876 0.0698797931537333 190
1738677756892 0.10557311725221456 191
1738677756926 0.1203660631488089 192
1738677756953 0.04979164328911219 193
1738677756990 0.0807699642389996 194
1738677757007 0.09423191283839849 195
1738677757023 0.07848638548486662 196
1738677757040 0.07489157807617892 197
1738677757055 0.09231238217880404 198
1738677757072 0.06117921724222791 199
1738677757088 0.10194768595086391 200
1738677757103 0.09363818691313944 201
1738677757119 0.05938218231138701 202
1738677757137 0.05568836036203195 203
1738677757155 0.11071218235452206 204
1738677757171 0.09835635548502887 205
1738677757186 0.09758548344616953 206
1738677757200 0.10343278794041015 207
1738677757214 0.12608219131232853 208
1738677757229 0.11181912828071015 209
1738677757244 0.08096763063991191 210
1738677757258 0.15777134646455065 211
1738677757272 0.12794486809677047 212
1738677757286 0.061081590474445134 213
1738677757301 0.07518965590147987 214
1738677757320 0.08986109376484253 215
1738677757337 0.06542459575909328 216
1738677757353 0.0858474823294236 217
1738677757371 0.09482960564443156 218
1738677757389 0.047724714361504175 219
1738677757406 0.06764377272111713 220
1738677757421 0.08036568207811208 221
1738677757436 0.07010578694070975 222
1738677757450 0.08475628172909873 223
1738677757465 0.11617831128626975 224
1738677757479 0.0869989843641524 225
1738677757493 0.09181861676094366 226
1738677757506 0.054416634036831 227
1738677757521 0.1094507159574714 228
1738677757535 0.062184341125678715 229
1738677757550 0.09336675598267055 230
1738677757564 0.05695059940061214 231
1738677757594 0.09225601467498948 232
1738677757608 0.07762956667896365 233
1738677757624 0.07400997271082596 234
1738677757640 0.10145070346109622 235
1738677757655 0.09315679403812002 236
1738677757669 0.11454883979357616 237
1738677757685 0.07401185040547735 238
1738677757698 0.0711406302422628 239
1738677757716 0.08846159262800284 240
1738677757757 0.0780692084801303 241
1738677757791 0.09213742211260584 242
1738677757805 0.11020612641538062 243
1738677757820 0.0930909109592674 244
1738677757834 0.08266992487285449 245
1738677757853 0.0718211420793479 246
1738677757867 0.08734939098170057 247
1738677757881 0.08715450209528115 248
1738677757896 0.08236637583053556 249
1738677757911 0.10636517245559354 250
1738677757926 0.07696197942830685 251
1738677757941 0.06842475723728941 252
1738677757960 0.054601580666223545 253
1738677757976 0.11718646996946708 254
1738677757994 0.07492932715770217 255
1738677758011 0.09425659264898875 256
1738677758030 0.0955905930757027 257
1738677758046 0.10453950362424239 258
1738677758062 0.07956472623437205 259
1738677758077 0.07530562127209811 260
1738677758097 0.08564112759499787 261
1738677758111 0.0775116101832647 262
1738677758131 0.08577881966350903 263
1738677758149 0.13340280153408882 264
1738677758166 0.08244075848074488 265
1738677758182 0.09353507625062556 266
1738677758198 0.08803487086880048 267
1738677758219 0.07742907940841759 268
1738677758236 0.12144409641164078 269
1738677758253 0.10532227490024365 270
1738677758271 0.09198915991351943 271
1738677758287 0.07290257121780822 272
1738677758303 0.07176698418158173 273
1738677758326 0.07668865878748736 274
1738677758349 0.0671864760496687 275
1738677758364 0.17511539880391896 276
1738677758380 0.06862466396038769 277
1738677758396 0.06807432411841145 278
1738677758412 0.10866290116986443 279
1738677758429 0.07172255057756811 280
1738677758445 0.08645707509195527 281
1738677758461 0.0946571206734734 282
1738677758477 0.06440669772688462 283
1738677758494 0.1179216359047044 284
1738677758510 0.09198237092724795 285
1738677758525 0.06829933656332235 286
1738677758540 0.06154459007184872 287
1738677758556 0.06866811798278723 288
1738677758572 0.06478349276675018 289
1738677758586 0.08436782012870758 290
1738677758601 0.0719166980378104 291
1738677758616 0.1135660327776828 292
1738677758630 0.08536513685235043 293
1738677758645 0.0787772150521011 294
1738677758660 0.06605516589518139 295
1738677758679 0.08758142110467369 296
1738677758695 0.08019266526135056 297
1738677758712 0.12458260699613376 298
1738677758730 0.14071490816797172 299
1738677758748 0.10677364065502912 300
1738677758765 0.07216182959271222 301
1738677758780 0.07078357717747007 302
1738677758797 0.08195502375223386 303
1738677758816 0.1102806025493993 304
1738677758830 0.05690626892695557 305
1738677758844 0.0502910773153843 306
1738677758859 0.08248212294338474 307
1738677758873 0.07318676148881686 308
1738677758888 0.07323422552656729 309
1738677758903 0.12934052836420246 310
1738677758917 0.07785872130078378 311
1738677758932 0.09027000919708995 312
1738677758946 0.07420732558535631 313
1738677758961 0.11787108705239388 314
1738677758977 0.08040344913752337 315
1738677758993 0.07047233804240916 316
1738677759007 0.1499375947415979 317
1738677759024 0.06546403091119267 318
1738677759039 0.07582236814311523 319
1738677759054 0.08744721043610382 320
1738677759070 0.08632063885650913 321
1738677759085 0.07673806035174073 322
1738677759102 0.0570581642751341 323
1738677759118 0.06768403492779122 324
1738677759137 0.09807242727965228 325
1738677759153 0.09442179288562347 326
1738677759166 0.08745517237491048 327
1738677759182 0.07329298000815956 328
1738677759201 0.0971198165680502 329
1738677759216 0.10993647758271098 330
1738677759234 0.06685469653283517 331
1738677759251 0.12602173162321034 332
1738677759268 0.07258668194059284 333
1738677759285 0.07555658956793011 334
1738677759299 0.07985199908542523 335
1738677759315 0.10467878635367538 336
1738677759333 0.0705639807971755 337
1738677759348 0.06939628791088408 338
1738677759371 0.07213365359756406 339
1738677759389 0.08511420495304843 340
1738677759407 0.05900155391248482 341
1738677759424 0.0964913132317651 342
1738677759441 0.0640136065523319 343
1738677759460 0.09241421841864231 344
1738677759475 0.09129634467276934 345
1738677759493 0.11142814383308558 346
1738677759509 0.055726251198257686 347
1738677759526 0.10674969370148678 348
1738677759541 0.08034543945260575 349
1738677759560 0.05870949137876437 350
1738677759581 0.07317363135340195 351
1738677759600 0.15177872820835633 352
1738677759617 0.05009430997468073 353
1738677759641 0.07693877472612178 354
1738677759662 0.09297134239007435 355
1738677759681 0.034492203955357154 356
1738677759698 0.1013223894808909 357
1738677759715 0.07459802730710073 358
1738677759748 0.06699697340969259 359
1738677759764 0.10837475874592233 360
1738677759793 0.09340311458465402 361
1738677759823 0.07876843222310195 362
1738677759838 0.13536578248858896 363
1738677759888 0.07359520508308574 364
1738677759904 0.10910624722987529 365
1738677759918 0.10948968863240181 366
1738677759931 0.10709143819817664 367
1738677759950 0.08758951059218942 368
1738677759966 0.09323483693041994 369
1738677759981 0.04742909040912024 370
1738677759998 0.06329104103043248 371
1738677760011 0.07062278638600569 372
1738677760033 0.06965155801261544 373
1738677760049 0.06352190576885715 374
1738677760071 0.12625387158685336 375
1738677760086 0.12974178749335594 376
1738677760102 0.09567961602518195 377
1738677760117 0.06093953183261755 378
1738677760132 0.12985120882893736 379
1738677760151 0.05837687437079501 380
1738677760167 0.08305404288331569 381
1738677760181 0.057118991016763106 382
1738677760196 0.09217949732820942 383
1738677760210 0.09029970797326684 384
1738677760224 0.07218668297664509 385
1738677760240 0.08832366249669361 386
1738677760254 0.062279450177209164 387
1738677760269 0.07034770224250236 388
1738677760283 0.08557190625350071 389
1738677760298 0.0651373967240618 390
1738677760315 0.15595383911039987 391
1738677760329 0.08007533347626757 392
1738677760343 0.11633597736814213 393
1738677760357 0.07397439839002067 394
1738677760371 0.1506346342677297 395
1738677760386 0.07932241753971618 396
1738677760400 0.08509247705248561 397
1738677760415 0.0717193869768214 398
1738677760430 0.08536480274770084 399
1738677760446 0.093040931523259 400
1738677760461 0.06812191823661413 401
1738677760477 0.10331965865653565 402
1738677760492 0.09219096053763673 403
1738677760509 0.16330300134139278 404
1738677760529 0.08835647681455625 405
1738677760544 0.07512012693144302 406
1738677760571 0.10228423355899416 407
1738677760588 0.07620693345305365 408
1738677760604 0.11460269091282313 409
1738677760630 0.08720125203378126 410
1738677760655 0.11680591160373863 411
1738677760668 0.10444630014318639 412
1738677760682 0.06720771570960926 413
1738677760698 0.11340743701131212 414
1738677760713 0.08663006797081617 415
1738677760730 0.1119429545531828 416
1738677760744 0.07224191205015104 417
1738677760760 0.05889998736221629 418
1738677760776 0.09564688196694766 419
1738677760794 0.07940847010002801 420
1738677760818 0.07803811933444905 421
1738677760835 0.10703308497931069 422
1738677760849 0.10889216997393757 423
1738677760869 0.06971557943986376 424
1738677760884 0.14215846929776918 425
1738677760902 0.056912584346394623 426
1738677760916 0.1108621426224728 427
1738677760931 0.1404367139111051 428
1738677760948 0.09625204734509779 429
1738677760962 0.10254606479412468 430
1738677760977 0.08451716453257299 431
1738677760992 0.060584102345112106 432
1738677761006 0.07092032453969406 433
1738677761021 0.09499650607046493 434
1738677761036 0.08493604202408528 435
1738677761050 0.08964737996498054 436
1738677761069 0.09499472179519555 437
1738677761085 0.10561944291648527 438
1738677761101 0.09247590389566224 439
1738677761119 0.040362185467410744 440
1738677761137 0.10752197487389846 441
1738677761155 0.06430890898206502 442
1738677761182 0.08881816928377552 443
1738677761201 0.09836360070240453 444
1738677761217 0.0705614195177986 445
1738677761233 0.0634619201135485 446
1738677761250 0.06777802239846817 447
1738677761266 0.09180408413471713 448
1738677761280 0.08125785517688346 449
1738677761297 0.04741666772710528 450
1738677761315 0.06968826319811072 451
1738677761352 0.043783979941180544 452
1738677761369 0.06625886004722216 453
1738677761383 0.07582186295253664 454
1738677761399 0.053603129241893845 455
1738677761415 0.06432039932890514 456
1738677761431 0.06730938086473694 457
1738677761448 0.10034553616384627 458
1738677761464 0.12119067071057783 459
1738677761482 0.07763274469243847 460
1738677761502 0.06157610811652455 461
1738677761516 0.07243985163808488 462
1738677761533 0.1401446329073873 463
1738677761558 0.09070303318873678 464
1738677761585 0.09451945000124674 465
1738677761603 0.07323737435248191 466
1738677761621 0.09950671678313823 467
1738677761644 0.05240245960873812 468
1738677761682 0.13314527133100315 469
1738677761698 0.09145213807066942 470
1738677761713 0.07827906584444659 471
1738677761730 0.06560385356733761 472
1738677761747 0.10622969068580884 473
1738677761761 0.07093607163642092 474
1738677761776 0.0910577984873449 475
1738677761791 0.06632637802959562 476
1738677761806 0.04809861224906912 477
1738677761822 0.09711803151226796 478
1738677761842 0.11418419964741942 479
1738677761860 0.07675567527027022 480
1738677761874 0.08274115235505074 481
1738677761890 0.08158983781693854 482
1738677761909 0.10863333983267845 483
1738677761923 0.0704452405026987 484
1738677761940 0.0844946219703307 485
1738677761955 0.07049667526044122 486
1738677761971 0.0941073832052953 487
1738677761986 0.07256384248059147 488
1738677762003 0.12168177515579842 489
1738677762018 0.08384350487427135 490
1738677762039 0.08671813653745031 491
1738677762056 0.12730903097709462 492
1738677762070 0.05283195397761781 493
1738677762087 0.10288776574385458 494
1738677762103 0.09439866422298956 495
1738677762119 0.07535534687429768 496
1738677762141 0.12121058731525877 497
1738677762157 0.07628413211442175 498
1738677762175 0.06570574855639337 499
