1738825451769 169.30377123882496 0
1738825451797 169.2948359889439 1
1738825451835 169.28570495043525 2
1738825451853 169.27643282835524 3
1738825451868 169.2670686028337 4
1738825451884 169.25765586541655 5
1738825451900 169.24823317717616 6
1738825451915 169.23883443607977 7
1738825451930 169.22948924418233 8
1738825451945 169.22022326765963 9
1738825451983 169.21105858464114 10
1738825452012 169.20201401733323 11
1738825452032 169.19310544612148 12
1738825452054 169.18434610427454 13
1738825452072 169.17574685258376 14
1738825452092 169.16731643381934 15
1738825452115 169.15906170728587 16
1738825452135 169.1509878640577 17
1738825452157 169.14309862368168 18
1738825452178 169.1353964132771 19
1738825452200 169.1278825300491 20
1738825452221 169.1205572882793 21
1738825452242 169.11342015187307 22
1738825452256 169.10646985353438 23
1738825452272 169.09970450161364 24
1738825452295 169.09312167563743 25
1738825452309 169.08671851148085 26
1738825452327 169.08049177709327 27
1738825452343 169.07443793963148 28
