1738825351703 177.33757112412167 0
1738825351738 200.20208263748592 1
1738825351774 125.58319246369612 2
1738825351808 163.82867237044675 3
1738825351841 163.1618814861377 4
1738825351875 133.1130842914174 5
1738825351909 150.3773628380289 6
1738825351944 165.66208622103036 7
1738825351978 180.77216835742428 8
1738825352012 188.4067621994643 9
1738825352045 137.96936158697747 10
1738825352078 151.81983945475125 11
1738825352111 138.37306136038256 12
1738825352144 126.40272256625185 13
1738825352177 199.3572460475761 14
1738825352211 124.93601849715031 15
1738825352244 78.6040819063575 16
1738825352277 183.66897999793775 17
1738825352311 163.07067652298412 18
1738825352344 183.04949500333947 19
1738825352377 161.44909511667632 20
1738825352412 205.85158623114552 21
1738825352447 163.97505542508952 22
1738825352483 225.80234266623978 23
1738825352516 193.11686347656197 24
1738825352550 116.75238245429688 25
1738825352583 200.8311195521148 26
1738825352617 235.88942836263476 27
1738825352651 118.44115170898553 28
1738825352684 163.48220375146582 29
1738825352717 96.28036801836362 30
1738825352751 65.9193431426961 31
1738825352784 106.32215648379653 32
1738825352816 180.0525574204422 33
1738825352849 166.31174906310974 34
1738825352882 177.70112321765333 35
1738825352916 170.56857861623243 36
1738825352949 66.59255128103511 37
1738825352983 252.54237413203606 38
1738825353018 140.1487855962211 39
1738825353052 163.4381617287049 40
1738825353087 125.47844604399936 41
1738825353120 197.32510308484308 42
1738825353154 194.74446391264757 43
1738825353188 150.20085608189362 44
1738825353222 180.2969158700059 45
1738825353257 251.76672260505913 46
1738825353292 162.71642924815023 47
1738825353327 201.95740368083412 48
1738825353361 94.3203432389134 49
1738825353398 167.60502096596775 50
1738825353433 181.69487767985177 51
1738825353468 178.01061765876435 52
1738825353502 174.07050533697605 53
1738825353536 409.94383054376584 54
1738825353569 192.25256048223613 55
1738825353602 165.44682225090628 56
1738825353636 175.49451033469109 57
1738825353668 199.3097423310062 58
1738825353702 162.62788277756974 59
1738825353735 174.41357671755213 60
1738825353768 154.0681038392026 61
1738825353801 99.95943096137658 62
1738825353834 78.45835306345145 63
1738825353867 136.00235082040973 64
1738825353901 331.3421026288134 65
1738825353935 199.80267579214407 66
1738825353970 195.68462969504085 67
1738825354003 91.74350911290543 68
1738825354036 198.32104857494363 69
1738825354069 159.56516423238838 70
1738825354102 147.890040309705 71
1738825354135 207.53742976556862 72
1738825354169 431.58653233056555 73
1738825354203 134.95572465879064 74
1738825354236 187.32215765727545 75
1738825354269 206.92212944651774 76
1738825354303 195.5913190275307 77
1738825354336 122.69945529488685 78
1738825354369 156.28187463102103 79
1738825354402 186.7528974397893 80
1738825354435 141.9334892393375 81
1738825354468 165.1251786663874 82
1738825354502 194.14653090664197 83
1738825354534 165.73552129469434 84
1738825354567 283.1092352477342 85
1738825354600 162.41486344148146 86
1738825354633 176.66865053366195 87
1738825354666 126.36094381458706 88
1738825354700 171.98516397014876 89
1738825354734 117.4550181557647 90
1738825354767 137.11992092945954 91
1738825354800 164.3864092612973 92
1738825354833 223.62273102379376 93
1738825354866 110.91665739867818 94
1738825354899 154.63452651009072 95
1738825354932 190.5110903581845 96
1738825354965 99.13984238418618 97
1738825354998 152.25001462939235 98
1738825355031 171.19104667937958 99
1738825355064 120.67736703298375 100
1738825355097 172.6240914554716 101
1738825355130 149.13368863917597 102
1738825355163 108.36584346853385 103
1738825355196 151.39908552033117 104
1738825355229 177.29551097776192 105
1738825355263 235.38737009185243 106
1738825355296 129.4720919810736 107
1738825355330 123.96094542572439 108
1738825355363 189.38169752628397 109
1738825355396 168.90909884914163 110
1738825355429 108.11253759400698 111
1738825355462 167.00793144230184 112
1738825355495 152.19845955030462 113
1738825355528 140.54728737638894 114
1738825355560 171.17210644999764 115
1738825355593 150.35390852318483 116
1738825355627 160.6248577318155 117
1738825355660 147.4499899187124 118
1738825355693 223.69766894720277 119
1738825355726 111.83626799673195 120
1738825355759 179.16959429769202 121
1738825355793 183.50495160737634 122
1738825355826 200.59818471304402 123
1738825355859 200.71531534088305 124
1738825355893 179.37655187291548 125
1738825355926 164.81044447062678 126
1738825355959 133.67656954553883 127
1738825355992 208.9689684356433 128
1738825356026 164.49418968765227 129
1738825356059 132.00596049388474 130
1738825356093 191.8332688261635 131
1738825356126 223.2699368425602 132
1738825356159 197.1636534834503 133
1738825356192 158.5709622885381 134
1738825356225 124.44243270153149 135
1738825356259 194.35935889365163 136
1738825356292 140.3770241671009 137
1738825356326 97.21485271858629 138
1738825356360 162.4357369444858 139
1738825356392 201.62404061524197 140
1738825356426 110.29912949574295 141
1738825356459 103.00284435671351 142
1738825356492 162.70582627580373 143
1738825356525 180.13091306524913 144
1738825356559 196.81542586216048 145
1738825356592 85.26856265857825 146
1738825356625 149.43106171367776 147
1738825356658 233.27640902842245 148
1738825356691 144.81527436836777 149
1738825356724 86.90269682201676 150
1738825356757 153.42304437250695 151
1738825356790 186.38066577049514 152
1738825356823 160.8221503218893 153
1738825356856 216.46195454491234 154
1738825356889 183.9904200456316 155
1738825356923 105.87387306263642 156
1738825356957 265.7119499135187 157
1738825356990 173.8053439134637 158
1738825357023 124.50939173895031 159
1738825357056 171.68269774942894 160
1738825357090 247.1955820454337 161
1738825357123 155.0271506381523 162
1738825357156 192.036338734218 163
1738825357189 175.45429230293314 164
1738825357222 190.60764119434225 165
1738825357255 184.4867881015045 166
1738825357289 193.36490290337525 167
1738825357321 184.24169432905265 168
1738825357354 240.4097080154787 169
1738825357387 140.14694075488572 170
1738825357420 172.41474612414123 171
1738825357453 217.10301099762847 172
1738825357487 178.0993190189843 173
1738825357520 169.5527052649131 174
1738825357553 158.1600773372576 175
1738825357586 243.16974940911064 176
1738825357619 186.60102011618199 177
1738825357651 265.0459007808119 178
1738825357685 126.1610426326928 179
1738825357719 141.7976171379844 180
1738825357752 189.2069531309421 181
1738825357785 152.08636122059505 182
1738825357819 91.16652193405825 183
1738825357852 191.06767559992758 184
1738825357885 203.82684215432607 185
1738825357918 152.09907421593584 186
1738825357951 263.06878251995704 187
1738825357984 163.8579357041511 188
1738825358017 170.8171108464596 189
1738825358050 172.87191503335453 190
1738825358083 199.6009589345285 191
1738825358116 194.46026869368356 192
1738825358149 125.04679483546896 193
1738825358182 199.6530292437752 194
1738825358217 169.61261378353942 195
1738825358250 163.35900299470512 196
1738825358283 126.89873894122226 197
1738825358316 165.1561144519997 198
1738825358350 209.21346579478606 199
1738825358383 150.8639261385301 200
1738825358416 170.05585026900565 201
1738825358450 220.03088778819915 202
1738825358483 207.37326319307735 203
1738825358517 163.30191817763986 204
1738825358550 159.53116374116237 205
1738825358583 155.41566605521797 206
1738825358616 177.12214847324915 207
1738825358649 153.22373882381822 208
1738825358683 178.54368864390787 209
1738825358717 271.9942015069505 210
1738825358750 176.9531128788826 211
1738825358784 166.67719117852434 212
1738825358817 145.4187660430387 213
1738825358851 187.83930708156305 214
1738825358884 144.79939117773765 215
1738825358917 168.74508070625487 216
1738825358951 436.8807220309049 217
1738825358985 284.6694038451355 218
1738825359018 468.3708439903816 219
1738825359051 337.69857483807886 220
1738825359084 125.80211002041948 221
1738825359117 195.66295967548905 222
1738825359150 164.6653038533432 223
1738825359183 93.28971644515613 224
1738825359217 121.71378107843175 225
1738825359250 178.43960736741488 226
1738825359283 58.795828282443075 227
1738825359316 298.7682503285961 228
1738825359349 160.88269471424275 229
1738825359382 155.5338314901097 230
1738825359416 120.76779312007453 231
1738825359449 104.30519581236018 232
1738825359483 158.99241756024793 233
1738825359516 170.5151999088868 234
1738825359549 2.4718308737454766 235
1738825359582 156.4595151181849 236
1738825359615 288.46265345818176 237
1738825359648 177.7272009838472 238
1738825359680 158.70136326705483 239
1738825359714 199.57440411660906 240
1738825359747 107.15010022860837 241
1738825359780 139.47199224747155 242
1738825359813 190.7607244301709 243
1738825359847 132.2548380822282 244
1738825359880 141.72325285692054 245
1738825359913 136.94129102279484 246
1738825359946 154.07754742494114 247
1738825359980 132.92546180713455 248
1738825360012 147.02520917749035 249
1738825360046 290.067293452553 250
1738825360079 152.53771627437436 251
1738825360112 172.12785187897532 252
1738825360145 144.4976162112676 253
1738825360178 155.81410713016615 254
1738825360211 157.5328006392759 255
1738825360244 252.51298013388413 256
1738825360277 146.97615946757324 257
1738825360311 195.47255450784584 258
1738825360344 240.19501288037992 259
1738825360378 157.12647977438485 260
1738825360411 131.42657056410462 261
1738825360444 157.5577546103308 262
1738825360477 235.9234995456049 263
1738825360511 142.55976804877847 264
1738825360545 171.62272416343038 265
1738825360578 181.84797657927672 266
1738825360611 122.20586102244211 267
1738825360644 189.90666283192502 268
1738825360677 168.70708525843702 269
1738825360710 221.75114757237665 270
1738825360744 286.0841202011479 271
1738825360777 172.03186297288 272
1738825360810 140.85986605529519 273
1738825360844 94.38578347271273 274
1738825360877 143.7389386751989 275
1738825360910 168.20945633832287 276
1738825360943 225.91509991300802 277
1738825360977 187.2909567274076 278
1738825361010 161.7238967025871 279
1738825361043 160.89461559845725 280
1738825361076 187.5513436924156 281
1738825361109 157.71422298793112 282
1738825361143 135.03418423553276 283
1738825361176 94.84109309485683 284
1738825361209 121.569639854882 285
1738825361244 278.09084598173126 286
1738825361277 111.41758089600509 287
1738825361311 229.29860071306973 288
1738825361345 177.01403502078878 289
1738825361377 116.24645051353819 290
1738825361410 132.49608709026143 291
1738825361444 322.3647425724064 292
1738825361477 148.6341710453007 293
1738825361510 197.7447529749301 294
1738825361543 162.76732693270014 295
1738825361575 114.14530541399498 296
1738825361609 166.58476511836915 297
1738825361642 185.37171778285924 298
1738825361675 169.30370338121034 299
1738825361708 181.9440476152707 300
1738825361741 121.80829208067344 301
1738825361774 132.77719096669918 302
1738825361808 142.1077508529238 303
1738825361841 201.6068019107483 304
1738825361875 196.13354777622422 305
1738825361908 143.37770083398547 306
1738825361941 138.61011816284068 307
1738825361974 197.92487693957526 308
1738825362007 208.93215932745838 309
1738825362040 124.86983921680287 310
1738825362073 141.49919675240432 311
1738825362107 186.5223581037617 312
1738825362140 183.29210787365554 313
1738825362173 436.24521421000435 314
1738825362206 182.36148638820552 315
1738825362239 164.77938184404763 316
1738825362272 304.67191189276815 317
1738825362306 122.66950252947713 318
1738825362339 286.94897855344755 319
1738825362372 164.73119574241295 320
1738825362405 166.45108961438126 321
1738825362438 173.36642538778003 322
1738825362471 127.15638925184147 323
1738825362505 131.45630668002502 324
1738825362539 74.04603350536115 325
1738825362572 181.2857880216494 326
1738825362605 132.24796825706704 327
1738825362638 161.13691113938975 328
1738825362671 190.453585941737 329
1738825362705 142.13724150659093 330
1738825362738 128.61486767086313 331
1738825362771 192.2407599195435 332
1738825362805 154.41320692989612 333
1738825362838 159.67994645742831 334
1738825362872 14.79436271737415 335
1738825362905 120.57946984342661 336
1738825362938 189.5842841446315 337
1738825362972 197.77662720560028 338
1738825363005 171.186999992943 339
1738825363038 189.99192389210972 340
1738825363071 134.7941763254154 341
1738825363104 196.79209133553138 342
1738825363137 132.3473805610907 343
1738825363170 140.91604419985643 344
1738825363203 193.2942497550728 345
1738825363236 184.93074138935904 346
1738825363270 162.24477393671611 347
1738825363303 211.83667418373352 348
1738825363336 167.90275182681037 349
1738825363370 206.1041551704902 350
1738825363403 163.0685300233642 351
1738825363437 185.5473000996781 352
1738825363470 179.3887640372702 353
1738825363503 148.16381219360582 354
1738825363536 139.08059021468284 355
1738825363569 157.68203640431037 356
1738825363604 213.10364015703757 357
1738825363638 227.995346763933 358
1738825363670 134.0487746641966 359
1738825363704 187.34410771753835 360
1738825363738 154.80564140914552 361
1738825363772 156.05632400298876 362
1738825363807 177.70746331289837 363
1738825363841 188.82098630550792 364
1738825363875 166.91218706799964 365
1738825363913 132.05474599822952 366
1738825363948 162.09462594922834 367
1738825363983 125.53308898797513 368
1738825364018 92.18355635078352 369
1738825364053 156.6070197706466 370
1738825364088 199.0501822065218 371
1738825364122 178.83462035720248 372
1738825364157 246.3850508408356 373
1738825364192 198.88660983220703 374
1738825364228 150.36522945994383 375
1738825364264 151.21325606698593 376
1738825364300 306.1038495422363 377
1738825364334 167.6295967268118 378
1738825364368 169.8546061118273 379
1738825364401 146.6383095952557 380
1738825364436 184.70493265991115 381
1738825364469 172.38520343121502 382
1738825364503 147.3628083554028 383
1738825364541 124.02256903382148 384
1738825364577 155.17622768191296 385
1738825364611 181.5495911116155 386
1738825364645 258.2337121945873 387
1738825364679 163.1458306252232 388
1738825364713 358.9472025647269 389
1738825364748 67.14957626862751 390
1738825364783 169.76555527107882 391
1738825364817 72.01515327003469 392
1738825364850 155.51686727464394 393
1738825364883 190.02003116097035 394
1738825364917 173.0354531169 395
1738825364951 157.07508687579718 396
1738825364986 137.24960767036615 397
1738825365019 166.11487290012312 398
1738825365053 166.28318868514978 399
1738825365086 176.60896131830015 400
1738825365119 165.1289815545729 401
1738825365153 85.65520670614882 402
1738825365186 205.34060829836528 403
1738825365219 213.0056480669767 404
1738825365253 148.71316021182454 405
1738825365287 176.120146307508 406
1738825365321 151.69226253837283 407
1738825365354 162.40229015841305 408
1738825365387 169.9852278976363 409
1738825365421 184.79943047358734 410
1738825365456 145.85663142170657 411
1738825365490 133.14416999305553 412
1738825365524 211.6833761011617 413
1738825365557 126.79164811675555 414
1738825365591 183.10220412473967 415
1738825365626 167.09361343357804 416
1738825365659 232.70197680868168 417
1738825365692 131.75748434597887 418
1738825365725 136.23899433227177 419
1738825365758 185.81729233967553 420
1738825365792 185.78526068395607 421
1738825365825 188.82594923991186 422
1738825365859 146.97028249251807 423
1738825365892 163.9357570718746 424
1738825365928 128.35211552049424 425
1738825365962 195.33957187469707 426
1738825365996 66.36494797289224 427
1738825366029 118.63615664171122 428
1738825366062 189.23439674460312 429
1738825366096 182.31043799910088 430
1738825366130 208.45638776536995 431
1738825366163 177.69862315265397 432
1738825366197 97.71361945728317 433
1738825366231 73.21593059862998 434
1738825366264 94.64646566103345 435
1738825366298 181.23267243761697 436
1738825366331 195.06977548739573 437
1738825366365 306.81337894032157 438
1738825366403 175.99998056814272 439
1738825366437 209.51985722652452 440
1738825366471 164.0492474029172 441
1738825366505 129.44479574999306 442
1738825366539 129.7954666536295 443
1738825366573 191.54437768918336 444
1738825366607 172.702337686019 445
1738825366642 196.82762525706616 446
1738825366676 144.64504027883876 447
1738825366711 165.89047867678076 448
1738825366747 187.70439553799795 449
1738825366787 284.476982472388 450
1738825366823 250.97224853000495 451
1738825366858 68.76466335006677 452
1738825366892 113.11926350561514 453
1738825366926 264.91254605413786 454
1738825366960 169.7118979038514 455
1738825366994 132.93183778509285 456
1738825367028 152.15531017061986 457
1738825367061 193.46030183183237 458
1738825367096 275.45989940906276 459
1738825367132 160.54819481627024 460
1738825367165 211.9640712953026 461
1738825367199 228.2429673392132 462
1738825367232 90.36261270362206 463
1738825367266 128.97721011854185 464
1738825367300 301.9441963864937 465
1738825367334 198.111794593033 466
1738825367367 185.40940410141005 467
1738825367401 193.98572669699698 468
1738825367439 155.06818772190638 469
1738825367475 149.63711062823833 470
1738825367508 126.21660765832752 471
1738825367542 104.20429037068831 472
1738825367575 165.1086087445501 473
1738825367609 177.72623383825697 474
1738825367642 167.72811112941812 475
1738825367675 114.32632949753997 476
1738825367708 171.15284081017748 477
1738825367743 122.1548542318058 478
1738825367776 163.2285369216062 479
1738825367810 152.86943982107906 480
1738825367843 171.82041442123696 481
1738825367877 62.07658798136964 482
1738825367910 147.90463965472682 483
1738825367942 178.72449852806335 484
1738825367975 145.72608724440565 485
1738825368008 109.4513142094135 486
1738825368041 272.40929157948676 487
1738825368074 165.1892465331375 488
1738825368107 174.93819417442248 489
1738825368140 153.32249604799574 490
1738825368172 169.27743923351474 491
1738825368205 136.18635825617204 492
1738825368239 163.5826691527992 493
1738825368272 159.83290868719206 494
1738825368306 131.8499371920524 495
1738825368340 126.89163455683267 496
1738825368373 157.4763415823133 497
1738825368411 141.02052928788856 498
1738825368449 180.35579378144263 499
