1738680393074 167.35182496569522 0
1738680393115 275.8028416359638 1
1738680393155 165.13206684752498 2
1738680393196 170.23077380856307 3
1738680393235 222.26559309526618 4
1738680393274 237.8565600572999 5
1738680393312 154.7808518912029 6
1738680393350 176.3720504935282 7
1738680393388 185.148692008433 8
1738680393427 126.70713615903249 9
1738680393467 102.1009305555898 10
1738680393506 166.7358461642757 11
1738680393544 120.25980672835887 12
1738680393582 148.16988738466026 13
1738680393621 192.3047248444455 14
1738680393659 194.99668484832318 15
1738680393697 175.28237020620475 16
1738680393735 81.64303903182166 17
1738680393774 169.64506412253039 18
1738680393815 47.83533968298049 19
1738680393854 119.69802641381935 20
1738680393893 142.22217572202317 21
1738680393933 175.95745829241238 22
1738680393973 177.68096959172027 23
1738680394012 197.89874085451208 24
1738680394051 142.51218888794463 25
1738680394089 164.2144033627107 26
1738680394127 161.2545275308235 27
1738680394165 206.47879270084138 28
1738680394203 194.6156468482573 29
1738680394242 218.49102075214122 30
1738680394281 181.07270445128717 31
1738680394319 207.29698548571454 32
1738680394358 205.47004949193004 33
1738680394396 157.67599465074042 34
1738680394433 143.70078780647313 35
1738680394472 170.0495972077233 36
1738680394510 181.67107247862 37
1738680394549 228.8935340484872 38
1738680394588 179.10341023059786 39
1738680394626 175.48365048481614 40
1738680394664 200.18038472642274 41
1738680394702 175.14160534456258 42
1738680394741 96.75452041899887 43
1738680394780 179.4128401027632 44
1738680394818 178.01691203133902 45
1738680394857 156.92051653316298 46
1738680394895 313.31691612969183 47
1738680394933 281.6045266085822 48
1738680394971 119.96350450453971 49
1738680395009 189.156164687541 50
1738680395047 200.97278782830853 51
1738680395086 151.2463859076938 52
1738680395124 179.64071061568123 53
1738680395162 191.55049714193933 54
1738680395200 117.65330519604896 55
1738680395238 207.35512512097694 56
1738680395276 89.18054097813415 57
1738680395314 195.63375919177474 58
1738680395353 177.73721662491315 59
1738680395392 195.663509304526 60
1738680395430 190.4488141542101 61
1738680395468 208.7490321244578 62
1738680395508 177.5750243531584 63
1738680395547 129.48114999617317 64
1738680395585 168.31581231461158 65
1738680395625 180.62225016268093 66
1738680395665 202.7908793926086 67
1738680395705 177.87928333038687 68
1738680395744 102.34639352973892 69
1738680395782 180.11041207281764 70
1738680395821 89.3113427995282 71
1738680395859 174.89237080949542 72
1738680395897 178.12180183981147 73
1738680395935 176.87626366693033 74
1738680395973 193.3878546487417 75
1738680396011 155.2815913141792 76
1738680396049 57.92476698228631 77
1738680396088 154.36405925483072 78
1738680396128 164.3605408221244 79
1738680396165 185.9643185270024 80
1738680396203 235.4191778835326 81
1738680396241 152.02699764298373 82
1738680396281 76.96957275275102 83
1738680396321 223.73217094358913 84
1738680396358 170.34522566790844 85
1738680396396 137.17005208569972 86
1738680396434 163.76507145097807 87
1738680396472 130.83471350287223 88
1738680396510 150.75938750805386 89
1738680396548 163.83887742755772 90
1738680396586 104.2531358910208 91
1738680396624 147.07799287259226 92
1738680396664 217.480117081129 93
1738680396702 149.86110264390172 94
1738680396739 166.51457941119432 95
1738680396778 212.54699681836047 96
1738680396815 43.746532741793345 97
1738680396854 189.27774019203628 98
1738680396893 190.8652442775679 99
1738680396931 134.6100177048144 100
1738680396970 138.23650605263703 101
1738680397009 175.59293580524067 102
1738680397047 217.13576064427153 103
1738680397085 189.49016595165395 104
1738680397124 97.81223242881781 105
1738680397162 192.52146658848528 106
1738680397201 199.4240715870573 107
1738680397239 198.14139888217377 108
1738680397278 163.98640953590717 109
1738680397315 209.96375190302533 110
1738680397353 201.05839052940593 111
1738680397392 164.4550957536718 112
1738680397430 149.31154323306393 113
1738680397468 174.05781518687775 114
1738680397506 231.1358972645286 115
1738680397544 197.25072198117462 116
1738680397582 200.78790410403707 117
1738680397620 231.84141947650576 118
1738680397658 145.7539069663458 119
1738680397696 194.75379211104453 120
1738680397736 196.91433850061978 121
1738680397773 185.64202502158636 122
1738680397812 231.8665030911389 123
1738680397850 170.84352123964683 124
1738680397888 167.57595589061458 125
1738680397926 178.5072289165641 126
1738680397964 146.53971020351878 127
1738680398003 162.9993250765773 128
1738680398041 158.59212433818143 129
1738680398080 255.43229624798374 130
1738680398118 180.82594814195517 131
1738680398156 136.93612110414134 132
1738680398194 200.86868487407818 133
1738680398232 152.40071816549573 134
1738680398271 129.67284922700503 135
1738680398309 286.6802474696228 136
1738680398348 163.24821369127167 137
1738680398386 148.41971566282942 138
1738680398424 135.6647016195118 139
1738680398462 143.75894541528785 140
1738680398500 160.34640446263626 141
1738680398539 147.9918112653459 142
1738680398577 214.9419298881147 143
1738680398615 139.99864613628247 144
1738680398653 161.25706280805736 145
1738680398691 208.7866841900862 146
1738680398731 115.4648321842002 147
1738680398768 76.21747862172076 148
1738680398806 161.94735809080106 149
1738680398845 165.5696088695581 150
1738680398883 166.3096496101777 151
1738680398921 183.28311274466927 152
1738680398959 203.96442309780338 153
1738680398998 167.3837620862 154
1738680399036 164.07936633801128 155
1738680399074 116.47926660862966 156
1738680399112 188.7942440545591 157
1738680399150 154.75505999028394 158
1738680399188 149.6845925287247 159
1738680399226 174.57921074139554 160
1738680399264 181.10734527158215 161
1738680399303 221.58390677736017 162
1738680399342 98.8142687513528 163
1738680399381 181.5634151098576 164
1738680399419 375.78712320871404 165
1738680399457 206.56281356606263 166
1738680399494 139.06901375363827 167
1738680399532 148.38128199812923 168
1738680399570 121.65038322680344 169
1738680399608 46.10376651298765 170
1738680399646 195.80272463641643 171
1738680399684 171.8500859686929 172
1738680399722 154.27815955414175 173
1738680399761 150.67460870134232 174
1738680399799 407.1896987751487 175
1738680399837 218.99303546451534 176
1738680399876 137.60620947202162 177
1738680399914 105.92431972871238 178
1738680399952 153.35073970128758 179
1738680399991 179.1517765349007 180
1738680400029 127.57832286960394 181
1738680400067 194.55308633399656 182
1738680400106 153.96417860551955 183
1738680400144 182.80539773926156 184
1738680400182 186.01265627573233 185
1738680400220 174.42318237946466 186
1738680400258 168.15700600249338 187
1738680400296 179.9321768462459 188
1738680400334 137.03399519622218 189
1738680400372 145.93511032304988 190
1738680400411 143.29801528238926 191
1738680400449 180.103955275067 192
1738680400488 196.29973491103158 193
1738680400526 188.39863704611068 194
1738680400564 163.84831053849567 195
1738680400602 164.67462664106077 196
1738680400640 185.86689715037318 197
1738680400678 187.67172792151814 198
1738680400716 125.61571568176541 199
1738680400754 221.70829480154342 200
1738680400792 205.13154657356594 201
1738680400830 177.87414925419182 202
1738680400868 219.20326417398363 203
1738680400905 173.236974802917 204
1738680400945 187.89047976229594 205
1738680400983 195.45873510633928 206
1738680401021 205.3029303275894 207
1738680401060 160.37638276275948 208
1738680401098 190.5428387660891 209
1738680401136 84.13771100808431 210
1738680401174 134.43498606648092 211
1738680401214 184.89990176345134 212
1738680401253 158.62216040791026 213
1738680401292 178.28070532653243 214
1738680401330 210.8755233871083 215
1738680401368 140.64593960117324 216
1738680401406 201.4584693458249 217
1738680401444 152.17724273429477 218
1738680401483 138.45035925068578 219
1738680401521 206.32022327997137 220
1738680401559 130.12374688663922 221
1738680401597 119.33336401220966 222
1738680401635 149.04140725474235 223
1738680401673 195.27173333236348 224
1738680401711 192.1855768057199 225
1738680401749 135.7915162555352 226
1738680401787 217.99581913207197 227
1738680401826 270.88796632095637 228
1738680401864 134.88052832274496 229
1738680401903 104.86625774036048 230
1738680401941 286.7592266096846 231
1738680401979 218.45278075644043 232
1738680402019 168.66507141179696 233
1738680402057 159.0282228632619 234
1738680402096 199.37548857894433 235
1738680402134 181.94134880542816 236
1738680402172 258.835756737631 237
1738680402210 184.29483205110577 238
1738680402248 125.80395391259947 239
1738680402286 134.00365610460173 240
1738680402324 193.65968325579277 241
1738680402362 166.709127917999 242
1738680402400 130.50363659123724 243
1738680402438 195.92912669594813 244
1738680402476 179.507287703422 245
1738680402513 190.38082306677651 246
1738680402553 213.74947611039676 247
1738680402591 177.63783531119748 248
1738680402629 190.15214332831545 249
1738680402667 173.1719619683142 250
1738680402705 164.38727381008795 251
1738680402743 130.27727791728833 252
1738680402782 409.4987292947368 253
1738680402820 198.88776572891365 254
1738680402858 166.58319315673654 255
1738680402896 166.25189423644227 256
1738680402935 131.99067427318712 257
1738680402973 172.47279548535786 258
1738680403013 213.46493333421972 259
1738680403055 165.20095832569652 260
1738680403094 305.1461823542605 261
1738680403132 209.56084661993037 262
1738680403170 77.92739452263727 263
1738680403208 211.3619029865058 264
1738680403246 198.91635948252562 265
1738680403284 201.0231849055881 266
1738680403321 148.06976845782978 267
1738680403360 185.29509033298464 268
1738680403398 166.51362389136406 269
1738680403437 150.08050210032334 270
1738680403476 98.44512408771325 271
1738680403514 161.27108635563644 272
1738680403552 173.36586464476528 273
1738680403590 196.15891219899797 274
1738680403629 227.6251758460644 275
1738680403667 145.69224375542106 276
1738680403705 184.49955135752822 277
1738680403743 119.76288114130315 278
1738680403781 163.37152192287687 279
1738680403819 164.18841736367864 280
1738680403857 229.89724183610508 281
1738680403895 139.68203334974447 282
1738680403933 186.94312938574905 283
1738680403971 184.59660133799275 284
1738680404010 146.35299794111432 285
1738680404048 97.73579214272885 286
1738680404086 157.6204425807928 287
1738680404124 245.9268613745458 288
1738680404163 216.78127419772358 289
1738680404201 133.65668176942418 290
1738680404239 148.29044947071702 291
1738680404277 227.2823718659421 292
1738680404315 150.89194354126482 293
1738680404353 154.41286142190148 294
1738680404391 65.01773885372792 295
1738680404429 156.4384063203252 296
1738680404467 291.11169687479793 297
1738680404505 194.76748206528868 298
1738680404544 147.7330536878739 299
1738680404582 140.00730536395344 300
1738680404620 211.44449934368475 301
1738680404658 155.1861615859032 302
1738680404697 218.05081612542048 303
1738680404735 178.34157351528742 304
1738680404773 105.2572830083765 305
1738680404811 183.00943874078712 306
1738680404849 172.05761576863637 307
1738680404887 151.51397806503377 308
1738680404925 192.12702731317336 309
1738680404963 150.38066818613422 310
1738680405001 186.3937729587777 311
1738680405043 149.11801423146161 312
1738680405082 160.09010918619873 313
1738680405121 101.75405631322703 314
1738680405160 132.93364601021494 315
1738680405199 178.25914764241767 316
1738680405238 192.84333899758508 317
1738680405276 189.25216464517632 318
1738680405314 44.844604832656835 319
1738680405352 199.12476957958475 320
1738680405390 156.12244863434702 321
1738680405429 195.6450780544381 322
1738680405467 145.54687257457545 323
1738680405505 119.68103605508352 324
1738680405543 171.13200318956783 325
1738680405581 167.34486546202328 326
1738680405619 201.56119224602736 327
1738680405657 199.80660758591137 328
1738680405695 320.4632413184297 329
1738680405732 191.29267742725173 330
1738680405771 154.00317475191827 331
1738680405810 190.06827140207233 332
1738680405848 163.8579903181257 333
1738680405886 270.0263844817871 334
1738680405924 173.50908974146822 335
1738680405962 178.7939861341885 336
1738680406001 246.77768900685277 337
1738680406039 154.2404993321306 338
1738680406078 154.77272523204155 339
1738680406116 109.80241927928195 340
1738680406153 164.44863967978083 341
1738680406192 142.55251072240833 342
1738680406230 185.80396121945418 343
1738680406269 174.62926947229352 344
1738680406307 184.5585518999541 345
1738680406345 266.7890810725663 346
1738680406384 196.83325144073746 347
1738680406421 92.7951829976147 348
1738680406460 194.23204570890545 349
1738680406498 139.0604291235438 350
1738680406537 177.34309042936965 351
1738680406575 135.1505780765107 352
1738680406613 276.60554358521995 353
1738680406651 102.18281086564018 354
1738680406689 163.1385942159633 355
1738680406728 147.68127270662995 356
1738680406766 204.40289650284396 357
1738680406805 190.56178548703645 358
1738680406844 180.03757049801777 359
1738680406882 194.27200102194578 360
1738680406920 145.32044753723926 361
1738680406958 161.66399828162508 362
1738680406996 190.50974620895948 363
1738680407034 177.99233213599157 364
1738680407072 142.8027504022773 365
1738680407111 155.17534740232222 366
1738680407149 179.6938489880629 367
1738680407186 197.11039198331713 368
1738680407224 166.12465548668717 369
1738680407262 129.47175805227047 370
1738680407300 102.74738956293048 371
1738680407338 212.7849386805029 372
1738680407377 94.45130711361877 373
1738680407415 206.80515630525048 374
1738680407454 164.0170291812194 375
1738680407492 177.1651898913816 376
1738680407531 174.75748878965098 377
1738680407569 176.08684463799642 378
1738680407607 181.46452233510337 379
1738680407645 182.33657750913676 380
1738680407683 141.48586033805205 381
1738680407722 202.93522416636773 382
1738680407760 165.72637877913056 383
1738680407798 175.75020764565787 384
1738680407835 160.79381064031898 385
1738680407874 197.79691882801393 386
1738680407913 124.92044345219833 387
1738680407951 221.934615875344 388
1738680407989 201.62307922112728 389
1738680408028 236.20690026535894 390
1738680408067 148.50300261364762 391
1738680408105 336.4769569769129 392
1738680408143 148.96455187821198 393
1738680408181 244.33953532222156 394
1738680408219 214.65888449863704 395
1738680408257 159.2831411628738 396
1738680408295 183.39195786409917 397
1738680408334 133.26533084854842 398
1738680408372 153.40742458218412 399
1738680408411 127.88914655569259 400
1738680408449 171.93799320569184 401
1738680408487 106.91434157177316 402
1738680408525 185.1043956106904 403
1738680408563 291.7220657842352 404
1738680408601 164.2500784130718 405
1738680408640 156.77614146851406 406
1738680408678 244.60681328337608 407
1738680408716 194.54623181532946 408
1738680408754 215.25601209847486 409
1738680408792 200.3341056354179 410
1738680408830 139.89284423601214 411
1738680408868 197.35142772027274 412
1738680408906 166.4832443137181 413
1738680408945 150.7898344182766 414
1738680408984 134.3253380697783 415
1738680409023 278.4054236492471 416
1738680409061 164.0574962987023 417
1738680409099 70.86945156470425 418
1738680409137 245.81883194073814 419
1738680409176 87.88228551471792 420
1738680409214 129.7982704178402 421
1738680409252 112.3891543771288 422
1738680409290 155.018067001409 423
1738680409328 149.54453366846727 424
1738680409366 138.3027620842709 425
1738680409404 176.61742258855202 426
1738680409442 197.35514615239043 427
1738680409482 152.09795669751932 428
1738680409521 220.2897863993632 429
1738680409559 152.00029407542942 430
1738680409597 171.87626410348346 431
1738680409635 214.06780524140504 432
1738680409673 148.1187859367596 433
1738680409711 206.5085720345256 434
1738680409749 208.70256592658723 435
1738680409788 209.76602678262444 436
1738680409826 162.90754907859073 437
1738680409865 180.68065017251047 438
1738680409903 161.5104743146841 439
1738680409942 276.16556428509466 440
1738680409980 294.6972944654856 441
1738680410020 177.3309830126334 442
1738680410058 161.80063115423025 443
1738680410097 95.904894621676 444
1738680410134 154.3203041067738 445
1738680410172 193.46689680892297 446
1738680410210 197.6245768183928 447
1738680410248 131.67269983393442 448
1738680410286 117.69606528380935 449
1738680410325 108.49326663554587 450
1738680410362 201.377379892967 451
1738680410400 195.82069855645835 452
1738680410439 150.19786087285746 453
1738680410477 183.7116512685718 454
1738680410515 177.57480296178815 455
1738680410555 176.08361952732372 456
1738680410593 80.11189016221998 457
1738680410631 150.00142002977668 458
1738680410668 205.09849896833146 459
1738680410707 156.4901066145665 460
1738680410745 192.73120427449345 461
1738680410785 140.46547442193582 462
1738680410823 188.6873959516417 463
1738680410861 146.95009388190093 464
1738680410899 163.54570430908797 465
1738680410937 167.62169043223753 466
1738680410976 159.4441639532174 467
1738680411015 163.38076324337814 468
1738680411053 217.2610582947304 469
1738680411092 188.37782798061826 470
1738680411130 187.2824656723226 471
1738680411168 205.43196826618262 472
1738680411206 179.62373178542057 473
1738680411244 219.73418604870903 474
1738680411282 146.31199208527875 475
1738680411320 201.48769706558073 476
1738680411358 200.23539750639458 477
1738680411396 185.06282168581293 478
1738680411434 161.45187678842723 479
1738680411472 163.72940065044628 480
1738680411510 140.30781496135486 481
1738680411548 169.90387596234635 482
1738680411587 147.24894414472774 483
1738680411626 214.6393502668175 484
1738680411664 160.8644456999735 485
1738680411702 199.41164464768954 486
1738680411740 154.03063137590388 487
1738680411778 195.91920268688665 488
1738680411816 157.7713089901265 489
1738680411853 163.81291414054496 490
1738680411891 214.88399060967294 491
1738680411929 192.26645316491792 492
1738680411967 184.64151246615862 493
1738680412005 222.7251191734629 494
1738680412043 201.26452337502366 495
1738680412081 140.54197879888707 496
1738680412130 150.75817329989914 497
1738680412171 92.86062173152446 498
1738680412214 194.00025077476056 499
