1738825723184 169.46928671508385 0
1738825723209 169.44333499653624 1
1738825723228 169.42046187508635 2
1738825723249 169.39842093104997 3
1738825723272 169.37717901177754 4
1738825723291 169.3567043380281 5
1738825723312 169.33696644611933 6
1738825723335 169.3179361325316 7
1738825723361 169.2995854008622 8
1738825723402 169.28188741102971 9
1738825723424 169.26481643063198 10
1738825723456 169.24834778836725 11
1738825723484 169.2324578294298 12
1738825723506 169.2171238727961 13
1738825723528 169.2023241703216 14
1738825723547 169.18803786757044 15
1738825723567 169.17424496630508 16
1738825723593 169.1609262885643 17
1738825723608 169.14806344226324 18
1738825723624 169.1356387882495 19
1738825723647 169.12363540875407 20
1738825723670 169.11203707717792 21
1738825723687 169.10082822915703 22
1738825723705 169.08999393485146 23
1738825723723 169.07951987240696 24
1738825723828 169.06939230253886 25
1738825723850 169.05959804419032 26
1738825723864 169.0501244512202 27
1738825723893 169.04095939007559 28
1738825723910 169.03209121840814 29
1738825723929 169.02350876459354 30
