1738825801278 125.18519329172476 0
1738825801322 228.445410294866 1
1738825801369 183.86463455161808 2
1738825801413 168.22283399776873 3
1738825801466 142.44248572890083 4
1738825801524 166.08155492794313 5
1738825801579 150.6648018044162 6
1738825801626 140.41383206115535 7
1738825801670 108.42450342376469 8
1738825801713 119.37461823861362 9
1738825801754 154.84388361499688 10
1738825801796 176.69437379997325 11
1738825801838 166.66587262679252 12
1738825801883 200.05667273746536 13
1738825801925 220.59285715470074 14
1738825801968 167.07570742943503 15
1738825802011 204.38581543370302 16
1738825802062 202.6683860258367 17
1738825802107 220.32142390845542 18
1738825802150 156.69592010413666 19
1738825802195 193.19578830918383 20
1738825802239 123.812464742436 21
1738825802282 217.5095795692226 22
1738825802326 141.73842520172445 23
1738825802371 113.33485047708841 24
1738825802416 160.9106957110068 25
1738825802459 187.2578895996938 26
1738825802504 232.35442786960994 27
1738825802547 254.23316516881638 28
1738825802592 156.88771722534761 29
1738825802636 111.25891598824165 30
1738825802680 344.4310289053958 31
1738825802726 160.72675637806384 32
1738825802777 88.63574518479552 33
1738825802829 164.95009023291448 34
1738825802873 142.34758988172464 35
1738825802915 99.81913115976474 36
1738825802958 303.02112445545447 37
1738825803001 151.57897549404578 38
1738825803044 153.62562780853833 39
1738825803087 218.8091184470942 40
1738825803131 192.8628513681119 41
1738825803173 188.0527316921913 42
1738825803216 188.38808247709682 43
1738825803258 176.4316313635334 44
1738825803301 192.4146956474221 45
1738825803343 189.40870955975637 46
1738825803384 152.66869934262107 47
1738825803425 170.47103392161242 48
1738825803466 146.38908919037874 49
1738825803507 133.43094814873632 50
1738825803551 156.72129953142286 51
1738825803595 247.473545271538 52
1738825803639 211.17199622266972 53
1738825803683 179.8664560896202 54
1738825803726 150.60950928357408 55
1738825803769 312.4268570523582 56
1738825803809 128.97876111334733 57
1738825803849 183.9874419595438 58
1738825803888 198.22965378239664 59
1738825803927 164.021961332555 60
1738825803967 141.66903179793562 61
1738825804006 165.53986336507307 62
1738825804047 147.2832476284454 63
1738825804087 184.25793035479128 64
1738825804128 128.8750203040231 65
1738825804171 175.4624521198907 66
1738825804212 204.7440545292215 67
1738825804253 216.68627507627406 68
1738825804292 179.16980045553709 69
1738825804332 141.1670430922159 70
1738825804374 174.95912196633316 71
1738825804415 252.40428925518293 72
1738825804454 166.51202244303067 73
1738825804496 241.59607794542484 74
1738825804536 193.23581146197492 75
1738825804575 103.41742574311745 76
1738825804616 146.234211078348 77
1738825804655 104.48275974673334 78
1738825804695 325.4457932895023 79
1738825804734 171.07192649367425 80
1738825804773 525.4694996001557 81
1738825804813 167.08951411694645 82
1738825804854 180.3503283310627 83
1738825804895 195.45005949883154 84
1738825804935 178.37269115599 85
1738825804975 200.1003109186351 86
1738825805015 199.23015080102485 87
1738825805055 181.62847436466694 88
1738825805095 187.12794989309648 89
1738825805135 180.35803742854063 90
1738825805175 191.98429211020294 91
1738825805214 182.36892012272665 92
1738825805254 139.02870172945094 93
1738825805294 197.05478783055736 94
1738825805334 230.67226859556706 95
1738825805373 330.58555357277044 96
1738825805412 130.78114377492247 97
1738825805452 166.10332150378446 98
1738825805491 198.6182994691725 99
1738825805531 96.04172254726628 100
1738825805571 210.87199917911582 101
1738825805611 77.80917368844077 102
1738825805652 170.79077709588992 103
1738825805693 193.76477760045836 104
1738825805733 173.33266235248618 105
1738825805773 109.86417978349272 106
1738825805812 176.33768729116676 107
1738825805852 183.54079146562452 108
1738825805892 267.97399276818504 109
1738825805932 186.9351869637456 110
1738825805972 195.66066572010354 111
1738825806012 182.2961979776598 112
1738825806052 161.01800797300632 113
1738825806091 196.75065872794744 114
1738825806130 288.5904897211873 115
1738825806169 413.083150635535 116
1738825806208 166.66389397756097 117
1738825806248 132.20728518508022 118
1738825806288 156.24917895737386 119
1738825806328 134.90964055543645 120
1738825806369 154.68779919697582 121
1738825806411 333.1207396562058 122
1738825806453 199.06574238973258 123
1738825806494 195.51530386164924 124
1738825806537 223.18421701885478 125
1738825806577 200.34937772812737 126
1738825806618 319.0300171234568 127
1738825806662 147.63213939272117 128
1738825806705 164.12676222034108 129
1738825806750 176.12830643403638 130
1738825806792 153.0945581246313 131
1738825806833 198.859597402816 132
1738825806873 166.90511878427827 133
1738825806913 141.48474057700977 134
1738825806952 187.60466916730164 135
1738825806993 227.7071763914128 136
1738825807033 130.64080486025048 137
1738825807073 117.52334823887303 138
1738825807113 154.74782976146477 139
1738825807153 167.18159938106928 140
1738825807192 115.67989974502339 141
1738825807232 209.43137294410494 142
1738825807271 237.7604393299877 143
1738825807310 176.22183230119794 144
1738825807351 148.13388757842645 145
1738825807390 162.46864115526856 146
1738825807429 187.41849048661155 147
1738825807468 135.69833318983825 148
1738825807508 169.64279721979855 149
1738825807549 133.4370554814869 150
1738825807588 193.19473548637507 151
1738825807627 99.91847522671327 152
1738825807666 171.08821591972 153
1738825807707 208.20888728976158 154
1738825807747 201.95335592844816 155
1738825807787 120.5737422291511 156
1738825807827 172.53239382461965 157
1738825807866 175.85439774521947 158
1738825807905 205.1756483279618 159
1738825807945 177.07399936542075 160
1738825807984 168.61036399429653 161
1738825808023 162.92263563224066 162
1738825808064 206.49925467716128 163
1738825808103 173.4946100929352 164
1738825808142 106.92765025573881 165
1738825808181 177.78178853889872 166
1738825808220 176.11415239785748 167
1738825808260 203.61246640390394 168
1738825808299 172.3364447657622 169
1738825808339 188.3991028764303 170
1738825808379 281.53136372179006 171
1738825808419 300.3484782109363 172
1738825808458 209.30369556747183 173
1738825808497 158.48383254289755 174
1738825808537 124.75004319551192 175
1738825808578 136.26574429983538 176
1738825808618 171.04603423439843 177
1738825808659 143.7589639793875 178
1738825808698 125.03967078283121 179
1738825808738 170.82662720587135 180
1738825808778 151.58131902870315 181
1738825808818 153.50510176547914 182
1738825808859 209.14939360716215 183
1738825808899 202.07748626889781 184
1738825808939 137.65050350022534 185
1738825808979 253.56563617997594 186
1738825809019 180.7110760390207 187
1738825809059 158.8815232976911 188
1738825809100 134.32528798849685 189
1738825809140 161.15784337957464 190
1738825809180 260.06284118643117 191
1738825809220 139.44958509363676 192
1738825809260 171.77427718419722 193
1738825809300 157.4462357022035 194
1738825809340 111.25183906701855 195
1738825809381 170.27450824619586 196
1738825809421 62.241734511572474 197
1738825809462 172.35992539390793 198
1738825809503 160.94967045641593 199
1738825809544 153.42184605923302 200
1738825809583 88.58958228976968 201
1738825809623 198.73313709666348 202
1738825809663 192.6629684600187 203
1738825809706 146.4514094158698 204
1738825809755 194.49107818110838 205
1738825809796 142.46399709403207 206
1738825809838 154.56881037943617 207
1738825809880 126.34017954254757 208
1738825809922 174.29092271318737 209
1738825809963 158.41015082642926 210
1738825810005 79.28065831100547 211
1738825810047 173.23113982805026 212
1738825810091 147.32642984432312 213
1738825810133 191.2043038745695 214
1738825810174 185.81556309542236 215
1738825810215 198.24927023989164 216
1738825810256 176.73578904823867 217
1738825810296 166.4850491157566 218
1738825810337 77.4479491111474 219
1738825810377 165.5814581834104 220
1738825810417 192.08558281744348 221
1738825810456 162.38462368797903 222
1738825810497 174.4448635452614 223
1738825810538 170.72060282151688 224
1738825810579 204.7765582312335 225
1738825810620 164.88257703354776 226
1738825810660 147.0910619390471 227
1738825810700 155.38985852246216 228
1738825810740 136.57404621730612 229
1738825810780 182.8600618552464 230
1738825810821 166.21367558336777 231
1738825810862 140.52866396619916 232
1738825810903 139.5516343927475 233
1738825810943 177.5505259916299 234
1738825810984 151.8835810662279 235
1738825811025 249.74916131087485 236
1738825811066 204.94051655841875 237
1738825811106 163.78753606118147 238
1738825811145 183.90223308632466 239
1738825811185 260.86529962094147 240
1738825811225 137.33359730677682 241
1738825811265 173.70257695554866 242
1738825811304 65.82679990504532 243
1738825811345 192.1475876865954 244
1738825811387 176.7728024458621 245
1738825811427 196.32963094449923 246
1738825811468 181.87354780740873 247
1738825811508 153.30812079282106 248
1738825811549 202.65938790448718 249
1738825811590 192.06031566828835 250
1738825811631 159.22892997191195 251
1738825811672 162.59492791707845 252
1738825811712 176.96038866444613 253
1738825811752 155.04013841583057 254
1738825811793 165.76893489416125 255
1738825811833 112.47081639157786 256
1738825811874 211.89851572994027 257
1738825811915 182.15781791143004 258
1738825811956 145.90499307198778 259
1738825811997 211.50365427343056 260
1738825812037 185.79197884742925 261
1738825812077 148.82158892530668 262
1738825812117 156.1452290270969 263
1738825812157 134.6893261838586 264
1738825812196 173.02008365828337 265
1738825812237 223.50068004085352 266
1738825812277 181.3790221885702 267
1738825812317 115.77249483962139 268
1738825812357 147.22089101852362 269
1738825812398 171.26632379249034 270
1738825812438 202.6217042909244 271
1738825812479 197.80993453559677 272
1738825812520 142.7509062097427 273
1738825812561 143.51239395454914 274
1738825812601 170.76660834759585 275
1738825812641 178.5309375318881 276
1738825812681 181.41872278724028 277
1738825812720 185.15477838604033 278
1738825812760 231.3626968438547 279
1738825812800 181.69037628386533 280
1738825812841 239.0071495406287 281
1738825812882 154.80558891190162 282
1738825812923 177.44939537396849 283
1738825812963 130.47403214610392 284
1738825813003 157.33226489818878 285
1738825813043 137.5866270735659 286
1738825813083 131.95982029144875 287
1738825813124 240.80292055610468 288
1738825813164 167.65870265145242 289
1738825813204 331.25855025380474 290
1738825813247 179.1772524541762 291
1738825813288 215.5319955540011 292
1738825813329 185.82227038968227 293
1738825813369 171.7596821311975 294
1738825813409 185.38046502968072 295
1738825813449 82.43501984780228 296
1738825813489 118.65931886856762 297
1738825813530 104.53394202216728 298
1738825813570 134.81721135399545 299
1738825813609 185.20725295303717 300
1738825813649 215.32050794759917 301
1738825813688 161.3032106317438 302
1738825813727 136.61892899389446 303
1738825813767 152.67256310283548 304
1738825813806 184.60359444164024 305
1738825813845 187.14982160620283 306
1738825813884 182.20093495915094 307
1738825813924 166.55958987771294 308
1738825813963 166.79503954494405 309
1738825814003 167.52155795363174 310
1738825814042 171.92887744346228 311
1738825814082 148.5905408594929 312
1738825814121 219.5861788562222 313
1738825814160 142.76341681677556 314
1738825814200 209.6013177081761 315
1738825814240 172.36469289931495 316
1738825814280 136.41480131236835 317
1738825814319 158.54409607953443 318
1738825814359 195.7671499948148 319
1738825814403 183.91695155919808 320
1738825814446 169.8411797193753 321
1738825814490 203.39655911476393 322
1738825814533 182.13009642108102 323
1738825814574 153.91152752690334 324
1738825814617 224.0565364073024 325
1738825814659 172.87621543585294 326
1738825814701 156.15869835845746 327
1738825814744 128.16935438551207 328
1738825814785 93.68265658168725 329
1738825814825 179.74820765844325 330
1738825814865 154.2959783440646 331
1738825814906 118.52234116540778 332
1738825814946 135.3218894861493 333
1738825814986 155.54296129544701 334
1738825815025 140.4303104932633 335
1738825815065 153.28632825331675 336
1738825815105 159.66845478761027 337
1738825815144 153.97715265787684 338
1738825815183 140.28675418537378 339
1738825815222 95.03868384928832 340
1738825815261 182.32990044288925 341
1738825815301 160.1413042496842 342
1738825815340 134.34666555185748 343
1738825815380 161.1514935142906 344
1738825815419 137.14636872799744 345
1738825815459 171.05447799383822 346
1738825815498 197.10320452309003 347
1738825815539 171.62301491709442 348
1738825815579 192.47926002592246 349
1738825815619 125.27812122609407 350
1738825815659 145.87485908815182 351
1738825815699 136.21772003968158 352
1738825815739 135.0551684882721 353
1738825815780 161.87840575008508 354
1738825815823 157.71864797749262 355
1738825815866 192.9189376797225 356
1738825815908 111.83925255363975 357
1738825815949 86.61023749897397 358
1738825815991 192.0638020902513 359
1738825816033 197.01830930302413 360
1738825816074 181.7745563339629 361
1738825816115 236.12784156889018 362
1738825816155 176.87407430140598 363
1738825816195 60.19991013785165 364
1738825816234 217.49305611547848 365
1738825816274 171.85585535158944 366
1738825816315 116.89114542253755 367
1738825816355 165.1634824580087 368
1738825816395 181.26697969747795 369
1738825816435 87.88354369186376 370
1738825816476 125.49944277299838 371
1738825816517 116.84198799393002 372
1738825816558 192.58949027434835 373
1738825816600 110.46494250766855 374
1738825816641 156.4597559404867 375
1738825816684 151.9706876811075 376
1738825816725 160.29442187882648 377
1738825816766 157.5438702060063 378
1738825816806 162.08308245224973 379
1738825816846 138.5255914929679 380
1738825816887 163.00203515339877 381
1738825816928 199.20641079849773 382
1738825816970 184.69841231008925 383
1738825817012 178.27884177636412 384
1738825817053 163.19642894069437 385
1738825817094 199.20820396819963 386
1738825817136 149.05074133388814 387
1738825817177 132.04364871770656 388
1738825817218 148.85560451149473 389
1738825817259 131.81212138123956 390
1738825817299 150.44099369648356 391
1738825817339 271.8452976234526 392
1738825817378 176.46801125267174 393
1738825817418 511.7161731732539 394
1738825817457 167.5242893869888 395
1738825817497 142.18461881848862 396
1738825817537 189.48103629090443 397
1738825817580 199.3191907910019 398
1738825817623 190.47581256172637 399
1738825817667 168.12776408758526 400
1738825817711 159.77935124147857 401
1738825817754 197.34202881478734 402
1738825817797 349.22542066325684 403
1738825817839 136.4205913148589 404
1738825817881 158.08597482719583 405
1738825817923 172.62135017724395 406
1738825817964 143.8672388637563 407
1738825818004 153.8853287858467 408
1738825818044 173.51401106148165 409
1738825818083 119.70740745152455 410
1738825818123 166.0519036442057 411
1738825818162 209.02412642210453 412
1738825818202 142.36531545957482 413
1738825818242 165.08751015495614 414
1738825818281 201.6736367000557 415
1738825818321 139.2673705041194 416
1738825818362 170.26395668125633 417
1738825818404 200.49269602517583 418
1738825818446 136.32081843202968 419
1738825818488 162.3331639028616 420
1738825818530 147.2286517212968 421
1738825818570 202.71757857901602 422
1738825818611 185.8444724287879 423
1738825818651 184.16486027578438 424
1738825818691 155.83767065474782 425
1738825818730 171.4747131254556 426
1738825818770 155.44647976029762 427
1738825818809 255.7851748587363 428
1738825818849 162.61247029775774 429
1738825818890 156.50536425813928 430
1738825818931 141.62754411837096 431
1738825818971 167.15608336534083 432
1738825819013 116.1211533139234 433
1738825819053 156.242365750819 434
1738825819093 113.94805059900472 435
1738825819133 141.46534371214946 436
1738825819174 181.93356780544343 437
1738825819214 200.62138050472691 438
1738825819254 177.96894202805518 439
1738825819295 296.96871735876175 440
1738825819338 202.34281620695685 441
1738825819381 129.246872150635 442
1738825819423 170.61045403720513 443
1738825819464 109.44051126141537 444
1738825819504 202.6222807389523 445
1738825819544 175.92993596893626 446
1738825819584 157.36877443751231 447
1738825819623 186.18886547255576 448
1738825819663 202.3405917211449 449
1738825819702 250.2683365158372 450
1738825819742 132.40660046323757 451
1738825819781 185.37617779511342 452
1738825819823 182.29312656046713 453
1738825819865 165.2633361739302 454
1738825819906 183.51057544224432 455
1738825819946 152.54236776505445 456
1738825819986 240.65516678271257 457
1738825820026 233.6634553794225 458
1738825820066 180.9469929026549 459
1738825820106 227.89538858915614 460
1738825820147 198.31438278381978 461
1738825820189 164.7840938567449 462
1738825820229 134.8705591422094 463
1738825820270 166.33743850038897 464
1738825820311 187.03933421412202 465
1738825820351 185.04771937659982 466
1738825820392 203.49146332347675 467
1738825820431 154.33834098734894 468
1738825820471 148.23780466810626 469
1738825820512 178.63531636630267 470
1738825820575 165.8885709391525 471
1738825820620 270.72286849108536 472
1738825820664 160.6342613154847 473
1738825820707 153.43541420381894 474
1738825820751 35.0986091714129 475
1738825820795 179.10360221060998 476
1738825820839 158.65149201058895 477
1738825820883 123.11943333242402 478
1738825820926 194.64980970579185 479
1738825820969 154.1732245032891 480
1738825821013 160.2737617865979 481
1738825821061 116.89760080704 482
1738825821106 196.4166247018147 483
1738825821151 119.81672442035574 484
1738825821197 111.18732338744665 485
1738825821241 137.72300541778836 486
1738825821285 162.6331348417255 487
1738825821329 162.35358488544964 488
1738825821373 135.59180429209505 489
1738825821418 20.813103700201864 490
1738825821462 209.83043727813293 491
1738825821507 201.4108354655174 492
1738825821550 196.3740497026383 493
1738825821594 168.46287495485103 494
1738825821638 154.15508935357903 495
1738825821681 357.2997672484754 496
1738825821724 198.65031097490458 497
1738825821768 173.06812359246868 498
1738825821812 128.35648537342286 499
