1738679584543 165.36042156432612 0
1738679584550 168.2093913441308 1
1738679584556 169.9460202365199 2
1738679584563 171.79572796191874 3
1738679584569 168.5019502660985 4
1738679584575 171.61876107374528 5
1738679584581 168.4652066789161 6
1738679584586 166.8560634610743 7
1738679584592 168.0181608637652 8
1738679584598 169.11621107501307 9
1738679584604 166.31685900209138 10
1738679584610 167.5337606462501 11
1738679584615 167.97296923609966 12
1738679584621 169.34228395864668 13
1738679584627 168.14388286586956 14
