1738677538949 169.4806387665546 0
1738677538964 169.30876826650032 1
1738677538982 169.13744633337836 2
1738677538997 168.96667098635322 3
1738677539011 168.79644025190447 4
1738677539027 168.62675216379913 5
1738677539039 168.45760476306492 6
1738677539052 168.28899609796323 7
1738677539065 168.1209242239624 8
1738677539080 167.95338720371063 9
1738677539093 167.78638310700973 10
1738677539105 167.6199100107884 11
1738677539124 167.45396599907573 12
1738677539137 167.28854916297496 13
1738677539154 167.12365760063724 14
1738677539173 166.95928941723534 15
1738677539190 166.79544272493774 16
1738677539208 166.6321156428826 17
1738677539222 166.46930629715195 18
1738677539241 166.30701282074574 19
1738677539256 166.14523335355653 20
1738677539269 165.98396604234358 21
1738677539281 165.82320904070747 22
1738677539294 165.66296050906485 23
1738677539306 165.50321861462285 24
1738677539320 165.34398153135427 25
1738677539337 165.1852474399722 26
1738677539350 165.02701452790507 27
1738677539362 164.86928098927174 28
1738677539375 164.71204502485674 29
1738677539389 164.55530484208546 30
1738677539406 164.3990586549994 31
1738677539419 164.24330468423204 32
1738677539433 164.0880411569839 33
1738677539445 163.93326630699835 34
1738677539458 163.77897837453745 35
1738677539471 163.6251756063576 36
1738677539485 163.4718562556855 37
1738677539506 163.31901858219433 38
1738677539519 163.16666085197943 39
1738677539532 163.01478133753477 40
1738677539544 162.8633783177292 41
1738677539557 162.7124500777827 42
1738677539569 162.56199490924288 43
1738677539581 162.4120111099614 44
1738677539593 162.2624969840707 45
1738677539606 162.11345084196068 46
1738677539619 161.9648710002554 47
1738677539631 161.81675578179016 48
1738677539647 161.66910351558806 49
1738677539660 161.52191253683748 50
1738677539677 161.37518118686899 51
1738677539691 161.22890781313248 52
1738677539705 161.08309076917465 53
1738677539722 160.93772841461634 54
1738677539737 160.79281911512993 55
1738677539751 160.6483612424168 56
1738677539765 160.50435317418527 57
1738677539778 160.36079329412794 58
1738677539802 160.21767999189987 59
1738677539818 160.07501166309618 60
1738677539836 159.93278670923002 61
1738677539854 159.7910035377108 62
1738677539870 159.64966056182215 63
1738677539884 159.50875620070025 64
1738677539898 159.36828887931196 65
1738677539913 159.22825702843338 66
1738677539928 159.0886590846281 67
1738677539941 158.949493490226 68
1738677539958 158.81075869330152 69
1738677539972 158.67245314765256 70
1738677539992 158.53457531277928 71
1738677540017 158.39712365386288 72
1738677540034 158.26009664174438 73
1738677540049 158.12349275290399 74
1738677540065 157.98731046943973 75
1738677540079 157.851548279047 76
1738677540093 157.7162046749975 77
1738677540110 157.5812781561189 78
1738677540131 157.44676722677374 79
1738677540147 157.31267039683942 80
1738677540165 157.1789861816874 81
1738677540180 157.04571310216286 82
1738677540194 156.91284968456455 83
1738677540211 156.78039446062442 84
1738677540226 156.6483459674875 85
1738677540242 156.51670274769185 86
1738677540256 156.38546334914855 87
1738677540269 156.25462632512173 88
1738677540288 156.12419023420875 89
1738677540303 155.9941536403204 90
1738677540316 155.8645151126612 91
1738677540330 155.73527322570976 92
1738677540343 155.60642655919926 93
1738677540355 155.4779736980978 94
1738677540367 155.3499132325893 95
1738677540381 155.2222437580538 96
1738677540395 155.09496387504828 97
1738677540408 154.96807218928774 98
1738677540425 154.84156731162565 99
1738677540440 154.71544785803522 100
1738677540457 154.58971244959017 101
1738677540473 154.46435971244605 102
1738677540487 154.33938827782112 103
1738677540503 154.2147967819778 104
1738677540519 154.09058386620384 105
1738677540535 153.96674817679371 106
1738677540551 153.84328836503016 107
1738677540566 153.72020308716537 108
1738677540587 153.5974910044029 109
1738677540600 153.47515078287924 110
1738677540616 153.35318109364525 111
1738677540632 153.23158061264814 112
1738677540648 153.11034802071353 113
1738677540666 152.9894820035269 114
1738677540681 152.86898125161582 115
1738677540693 152.7488444603321 116
1738677540708 152.62907032983367 117
1738677540720 152.50965756506668 118
1738677540737 152.3906048757482 119
1738677540753 152.2719109763481 120
1738677540769 152.15357458607153 121
1738677540783 152.03559442884136 122
1738677540796 151.91796923328084 123
1738677540810 151.80069773269594 124
1738677540827 151.68377866505807 125
1738677540845 151.56721077298687 126
1738677540860 151.45099280373282 127
1738677540877 151.33512350916016 128
1738677540890 151.21960164572968 129
1738677540905 151.104425974482 130
1738677540924 150.98959526102 131
1738677540939 150.8751082754925 132
1738677540955 150.76096379257703 133
1738677540969 150.6471605914631 134
1738677540990 150.53369745583558 135
1738677541005 150.42057317385806 136
1738677541021 150.30778653815588 137
1738677541033 150.19533634580017 138
1738677541045 150.08322139829082 139
1738677541059 149.9714405015403 140
1738677541073 149.85999246585735 141
1738677541085 149.74887610593066 142
1738677541098 149.6380902408124 143
1738677541110 149.52763369390232 144
1738677541136 149.41750529293157 145
1738677541150 149.30770386994644 146
1738677541163 149.1982282612927 147
1738677541177 149.08907730759924 148
1738677541192 148.98024985376264 149
1738677541206 148.871744748931 150
1738677541227 148.7635608464883 151
1738677541242 148.65569700403873 152
1738677541258 148.548152083391 153
1738677541271 148.4409249505427 154
1738677541283 148.3340144756648 155
1738677541295 148.22741953308633 156
1738677541309 148.12113900127872 157
1738677541322 148.01517176284057 158
1738677541338 147.9095167044823 159
1738677541350 147.804172717011 160
1738677541362 147.69913869531504 161
1738677541375 147.59441353834927 162
1738677541388 147.48999614911955 163
1738677541401 147.38588543466804 164
1738677541415 147.28208030605808 165
1738677541427 147.17857967835923 166
1738677541445 147.07538247063266 167
1738677541459 146.9724876059161 168
1738677541475 146.8698940112092 169
1738677541491 146.76760061745884 170
1738677541506 146.66560635954448 171
1738677541519 146.56391017626365 172
1738677541533 146.46251101031723 173
1738677541547 146.3614078082953 174
1738677541562 146.26059952066225 175
1738677541577 146.16008510174302 176
1738677541598 146.05986350970826 177
1738677541610 145.95993370656026 178
1738677541625 145.86029465811896 179
1738677541640 145.7609453340074 180
1738677541656 145.66188470763797 181
1738677541671 145.563111756198 182
1738677541683 145.46462546063628 183
1738677541699 145.3664248056485 184
1738677541715 145.26850877966396 185
1738677541729 145.17087637483124 186
1738677541743 145.07352658700466 187
1738677541758 144.97645841573058 188
1738677541771 144.8796708642336 189
1738677541783 144.7831629394028 190
1738677541796 144.68693365177856 191
1738677541808 144.5909820155386 192
1738677541825 144.4953070484848 193
1738677541837 144.39990777202954 194
1738677541849 144.30478321118238 195
1738677541860 144.209932394537 196
1738677541872 144.1153543542573 197
1738677541884 144.0210481260648 198
1738677541900 143.92701274922527 199
1738677541918 143.8332472665352 200
1738677541934 143.7397507243094 201
1738677541947 143.64652217236727 202
1738677541962 143.5535606640203 203
1738677541976 143.46086525605892 204
1738677541990 143.36843500873962 205
1738677542005 143.27626898577213 206
1738677542022 143.18436625430664 207
1738677542048 143.09272588492095 208
1738677542064 143.00134695160796 209
1738677542079 142.91022853176273 210
1738677542092 142.8193697061701 211
1738677542107 142.72876955899213 212
1738677542132 142.63842717775535 213
1738677542148 142.54834165333855 214
1738677542162 142.4585120799603 215
1738677542175 142.36893755516635 216
1738677542193 142.27961717981765 217
1738677542207 142.19055005807778 218
1738677542221 142.10173529740084 219
1738677542234 142.01317200851926 220
1738677542252 141.92485930543157 221
1738677542266 141.83679630539038 222
1738677542279 141.74898212889022 223
1738677542294 141.66141589965574 224
1738677542306 141.57409674462943 225
1738677542322 141.48702379395993 226
1738677542340 141.40019618099004 227
1738677542355 141.31361304224495 228
1738677542368 141.22727351742043 229
1738677542383 141.14117674937094 230
1738677542400 141.05532188409816 231
1738677542414 140.96970807073924 232
1738677542427 140.88433446155503 233
1738677542441 140.7992002119187 234
1738677542457 140.71430448030412 235
1738677542483 140.6296464282744 236
1738677542504 140.54522522047043 237
1738677542521 140.4610400245994 238
1738677542534 140.37709001142363 239
1738677542550 140.293374354749 240
1738677542567 140.20989223141387 241
1738677542582 140.12664282127778 242
1738677542597 140.0436253072102 243
1738677542610 139.96083887507942 244
1738677542625 139.87828271374156 245
1738677542640 139.79595601502916 246
1738677542652 139.7138579737406 247
1738677542665 139.63198778762876 248
1738677542677 139.55034465739018 249
1738677542690 139.46892778665426 250
1738677542703 139.3877363819722 251
1738677542714 139.30676965280634 252
1738677542727 139.22602681151926 253
1738677542739 139.14550707336315 254
1738677542751 139.06520965646897 255
1738677542763 138.98513378183586 256
1738677542776 138.90527867332054 257
1738677542791 138.8256435576267 258
1738677542816 138.74622766429437 259
1738677542833 138.6670302256895 260
1738677542847 138.5880504769935 261
1738677542860 138.50928765619273 262
1738677542873 138.4307410040682 263
1738677542886 138.35240976418518 264
1738677542901 138.27429318288284 265
1738677542914 138.19639050926403 266
1738677542929 138.11870099518504 267
1738677542943 138.04122389524528 268
1738677542957 137.9639584667774 269
1738677542971 137.8869039698368 270
1738677542988 137.81005966719184 271
1738677543004 137.7334248243137 272
1738677543018 137.65699870936618 273
1738677543034 137.58078059319607 274
1738677543048 137.50476974932292 275
1738677543062 137.42896545392932 276
1738677543075 137.35336698585093 277
1738677543088 137.27797362656665 278
1738677543103 137.2027846601889 279
1738677543141 137.12779937345385 280
1738677543160 137.05301705571168 281
1738677543174 136.9784369989168 282
1738677543188 136.90405849761842 283
1738677543202 136.82988084895075 284
1738677543215 136.75590335262353 285
1738677543230 136.68212531091248 286
1738677543244 136.60854602864964 287
1738677543260 136.53516481321418 288
1738677543273 136.46198097452273 289
1738677543287 136.3889938250201 290
1738677543299 136.31620267966986 291
1738677543314 136.24360685594505 292
1738677543329 136.17120567381883 293
1738677543343 136.09899845575535 294
1738677543356 136.02698452670035 295
1738677543368 135.95516321407212 296
1738677543382 135.88353384775212 297
1738677543395 135.8120957600762 298
1738677543407 135.74084828582525 299
1738677543420 135.6697907622162 300
1738677543432 135.59892252889298 301
1738677543444 135.52824292791766 302
1738677543456 135.4577513037613 303
1738677543468 135.3874470032952 304
1738677543480 135.3173293757819 305
1738677543492 135.24739777286635 306
1738677543505 135.17765154856718 307
1738677543517 135.10809005926774 308
1738677543531 135.03871266370746 309
1738677543545 134.9695187229731 310
1738677543558 134.90050760049007 311
1738677543571 134.83167866201376 312
1738677543582 134.76303127562082 313
1738677543594 134.69456481170081 314
1738677543608 134.62627864294728 315
1738677543622 134.5581721443496 316
1738677543635 134.4902446931842 317
1738677543650 134.42249566900625 318
1738677543665 134.3549244536411 319
1738677543677 134.287530431176 320
1738677543690 134.22031298795164 321
1738677543702 134.1532715125538 322
1738677543717 134.08640539580512 323
1738677543731 134.0197140307567 324
1738677543745 133.95319681267998 325
1738677543759 133.88685313905842 326
1738677543772 133.82068240957932 327
1738677543783 133.75468402612574 328
1738677543795 133.68885739276826 329
1738677543805 133.62320191575697 330
1738677543817 133.5577170035133 331
1738677543830 133.4924020666221 332
1738677543842 133.4272565178236 333
1738677543854 133.36227977200534 334
1738677543867 133.29747124619425 335
1738677543879 133.23283035954893 336
1738677543891 133.16835653335139 337
1738677543904 133.10404919099952 338
1738677543917 133.03990775799912 339
1738677543930 132.97593166195603 340
1738677543943 132.9121203325685 341
1738677543956 132.84847320161933 342
1738677543969 132.78498970296823 343
1738677543982 132.72166927254406 344
1738677543999 132.6585113483373 345
1738677544014 132.59551537039215 346
1738677544027 132.53268078079927 347
1738677544040 132.47000702368797 348
1738677544053 132.40749354521873 349
1738677544065 132.34513979357567 350
1738677544078 132.28294521895916 351
1738677544090 132.22090927357812 352
1738677544101 132.15903141164287 353
1738677544113 132.09731108935753 354
1738677544131 132.03574776491266 355
1738677544144 131.97434089847803 356
1738677544157 131.9130899521951 357
1738677544169 131.85199439016992 358
1738677544183 131.79105367846574 359
1738677544196 131.73026728509578 360
1738677544209 131.66963468001603 361
1738677544222 131.60915533511806 362
1738677544237 131.5488287242219 363
1738677544252 131.48865432306872 364
1738677544265 131.428631609314 365
1738677544279 131.36876006252024 366
1738677544293 131.30903916414994 367
1738677544306 131.24946839755862 368
1738677544320 131.1900472479878 369
1738677544333 131.13077520255797 370
1738677544346 131.07165175026168 371
1738677544360 131.01267638195662 372
1738677544376 130.95384859035863 373
1738677544389 130.895167870035 374
1738677544403 130.83663371739752 375
1738677544414 130.7782456306955 376
1738677544426 130.7200031100092 377
1738677544438 130.66190565724307 378
1738677544450 130.6039527761187 379
1738677544461 130.5461439721685 380
1738677544472 130.48847875272864 381
1738677544484 130.43095662693267 382
1738677544495 130.37357710570458 383
1738677544507 130.31633970175247 384
1738677544519 130.2592439295617 385
1738677544532 130.2022893053885 386
1738677544566 130.14547534725324 387
1738677544598 130.0888015749341 388
1738677544617 130.0322675099604 389
1738677544629 129.97587267560624 390
1738677544638 129.91961659688394 391
1738677544650 129.86349880053766 392
1738677544662 129.80751881503704 393
1738677544673 129.7516761705707 394
1738677544684 129.69597039904005 395
1738677544696 129.64040103405276 396
1738677544708 129.58496761091655 397
1738677544720 129.52966966663297 398
1738677544731 129.47450673989093 399
1738677544743 129.41947837106065 400
1738677544755 129.36458410218742 401
1738677544768 129.3098234769853 402
1738677544786 129.25519604083095 403
1738677544798 129.20070134075763 404
1738677544811 129.1463389254489 405
1738677544826 129.09210834523267 406
1738677544841 129.03800915207495 407
1738677544854 128.9840408995739 408
1738677544867 128.9302031429538 409
1738677544882 128.87649543905897 410
1738677544896 128.82291734634785 411
1738677544908 128.76946842488695 412
1738677544920 128.71614823634496 413
1738677544932 128.6629563439868 414
1738677544948 128.60989231266777 415
1738677544963 128.55695570882753 416
1738677544977 128.5041461004844 417
1738677544996 128.45146305722946 418
1738677545011 128.39890615022068 419
1738677545029 128.34647495217718 420
1738677545041 128.29416903737345 421
1738677545054 128.24198798163363 422
1738677545068 128.18993136232572 423
1738677545081 128.13799875835588 424
1738677545095 128.0861897501627 425
1738677545110 128.03450391971174 426
1738677545127 127.98294085048958 427
1738677545141 127.93150012749842 428
1738677545154 127.88018133725042 429
1738677545166 127.828984067762 430
1738677545177 127.77790790854847 431
1738677545189 127.72695245061837 432
1738677545201 127.67611728646796 433
1738677545213 127.6254020100757 434
1738677545225 127.57480621689686 435
1738677545237 127.52432950385796 436
1738677545248 127.47397146935137 437
1738677545261 127.42373171322987 438
1738677545273 127.37360983680131 439
1738677545286 127.32360544282318 440
1738677545298 127.27371813549719 441
1738677545310 127.2239475204641 442
1738677545323 127.17429320479822 443
1738677545335 127.12475479700224 444
1738677545348 127.07533190700185 445
1738677545360 127.02602414614057 446
1738677545372 126.9768311271744 447
1738677545386 126.92775246426673 448
1738677545397 126.87878777298305 449
1738677545410 126.82993667028575 450
1738677545421 126.78119877452902 451
1738677545433 126.73257370545369 452
1738677545445 126.68406108418203 453
1738677545456 126.63566053321279 454
1738677545467 126.58737167641596 455
1738677545479 126.53919413902773 456
1738677545490 126.49112754764562 457
1738677545502 126.44317153022315 458
1738677545514 126.39532571606507 459
1738677545528 126.34758973582225 460
1738677545541 126.29996322148672 461
1738677545555 126.25244580638672 462
1738677545568 126.20503712518179 463
1738677545581 126.15773681385781 464
1738677545595 126.11054450972213 465
1738677545607 126.06345985139865 466
1738677545621 126.01648247882294 467
1738677545634 125.96961203323747 468
1738677545647 125.92284815718675 469
1738677545659 125.87619049451244 470
1738677545671 125.82963869034866 471
1738677545683 125.78319239111715 472
1738677545694 125.73685124452257 473
1738677545706 125.69061489954768 474
1738677545718 125.64448300644867 475
1738677545731 125.59845521675045 476
1738677545744 125.55253118324195 477
1738677545757 125.50671055997145 478
1738677545770 125.46099300224195 479
1738677545783 125.41537816660649 480
1738677545796 125.36986571086359 481
1738677545810 125.32445529405251 482
1738677545824 125.27914657644891 483
1738677545838 125.23393921956006 484
1738677545852 125.18883288612032 485
1738677545866 125.14382724008681 486
1738677545881 125.09892194663456 487
1738677545894 125.05411667215229 488
1738677545906 125.00941108423781 489
1738677545920 124.96480485169359 490
1738677545933 124.92029764452217 491
1738677545947 124.87588913392197 492
1738677545961 124.8315789922827 493
1738677545974 124.78736689318099 494
1738677545987 124.74325251137603 495
1738677546005 124.69923552280515 496
1738677546020 124.65531560457958 497
1738677546033 124.61149243498001 498
1738677546045 124.56776569345224 499
