1738825475247 167.97345894534573 0
1738825475256 166.01190213780666 1
1738825475262 167.89587975929825 2
1738825475269 168.61611352324732 3
1738825475276 169.42411036627595 4
1738825475284 167.308615878607 5
1738825475292 167.73453216653903 6
1738825475299 166.64070414329032 7
1738825475306 169.88683716470368 8
1738825475313 167.0344164416314 9
1738825475321 168.2440529522621 10
1738825475328 170.14937120865807 11
1738825475335 169.46763665782507 12
1738825475342 169.95069333840863 13
1738825475349 171.95365127805232 14
1738825475355 170.55082152521018 15
1738825475363 170.9893437808392 16
1738825475370 162.57250206713013 17
1738825475377 166.96948563631267 18
1738825475383 165.68453357303068 19
1738825475390 168.1867946696836 20
1738825475396 169.41802596475546 21
1738825475403 169.35595813490457 22
1738825475409 166.21505630323816 23
1738825475417 168.64876494487544 24
1738825475423 169.933426254439 25
1738825475429 168.88932675330287 26
1738825475436 167.21349606284886 27
1738825475443 168.8731463301907 28
1738825475449 164.20050919536706 29
1738825475456 171.7209889913514 30
1738825475490 167.5663160127782 31
1738825475501 167.9427641501547 32
1738825475508 167.29236329478326 33
1738825475514 165.15414890413862 34
1738825475520 169.22365433972675 35
1738825475526 169.50378484133475 36
1738825475533 165.41782304285076 37
1738825475539 168.65387452084013 38
1738825475545 169.31221969049847 39
1738825475551 169.16720185010126 40
1738825475557 170.06605807982666 41
1738825475563 168.14987017839232 42
1738825475569 167.61628866428526 43
1738825475576 170.63905198753545 44
1738825475583 169.354603428675 45
1738825475589 165.63433610216552 46
1738825475596 166.48182416203096 47
1738825475602 169.51729705311573 48
1738825475608 171.6128016578672 49
1738825475615 169.3969014160541 50
1738825475622 171.80222680072498 51
1738825475629 167.2706393533552 52
1738825475635 172.25822435607535 53
1738825475641 168.2825829682974 54
1738825475648 170.59610804654395 55
1738825475655 170.00732981776858 56
1738825475661 165.50702837339094 57
1738825475667 166.2388416480062 58
1738825475674 167.72984504360164 59
1738825475680 169.05254197794252 60
1738825475686 170.3636257418432 61
1738825475693 168.62017018623902 62
1738825475700 166.90845294212144 63
1738825475706 167.8466315615857 64
1738825475712 165.7817877744076 65
1738825475719 167.97599286478345 66
