1738679059763 171.71852473586287 0
1738679059769 167.88819108042503 1
1738679059775 167.08939200836542 2
1738679059782 170.1595717315598 3
1738679059788 168.1611593030335 4
1738679059794 176.53897375801523 5
1738679059800 168.40894849987845 6
1738679059806 171.4500936548762 7
1738679059812 170.51967659594547 8
1738679059818 170.40538655172477 9
1738679059824 167.30660836785438 10
1738679059830 174.60374831197916 11
1738679059836 173.54920044933831 12
1738679059843 170.55193171905552 13
1738679059849 167.97769045654763 14
1738679059855 172.30643736543965 15
1738679059862 164.5634258935188 16
1738679059870 171.72605594296508 17
1738679059877 168.42428610211638 18
1738679059883 166.42372366306694 19
1738679059895 162.88837763910627 20
1738679059947 168.11041661801207 21
1738679060021 169.28658125501224 22
1738679060064 169.23874933414402 23
1738679060080 170.54977462360526 24
1738679060087 173.654954684843 25
1738679060094 169.0964493787581 26
1738679060101 166.00056440189545 27
1738679060109 167.76063855375722 28
1738679060124 168.44587364043483 29
1738679060140 171.35781934173875 30
1738679060148 171.53304736837495 31
1738679060162 171.6670919332531 32
1738679060227 170.83057410703398 33
1738679060252 170.11607732531195 34
1738679060260 170.3578067633037 35
1738679060270 169.29023072929965 36
1738679060278 172.68297052588957 37
1738679060286 171.84190529420405 38
1738679060293 169.66208693450236 39
1738679060300 170.2800883399455 40
1738679060307 170.81332368351448 41
1738679060314 174.94242355972975 42
1738679060321 173.0383873685046 43
1738679060328 169.70345231766257 44
1738679060334 174.68617527016949 45
1738679060342 170.40735333616067 46
1738679060349 170.2385363259318 47
1738679060355 168.92612627971684 48
1738679060362 168.35252291037662 49
1738679060369 170.45782300445353 50
1738679060376 169.79329734089796 51
1738679060383 165.15832115525674 52
1738679060390 169.90036406104568 53
1738679060396 163.8056221099357 54
1738679060403 161.62421700479777 55
1738679060410 174.0977588445363 56
1738679060417 165.8567882496929 57
1738679060423 172.99495745064175 58
1738679060429 164.71880573814317 59
1738679060435 168.27660129725186 60
1738679060441 167.73712052255715 61
1738679060448 171.22974976378833 62
1738679060455 172.22055274405784 63
1738679060466 172.05029997736244 64
1738679060473 163.5787118007686 65
1738679060481 168.75360270236814 66
1738679060489 171.40335052330832 67
1738679060504 169.1940878391005 68
1738679060515 165.356919934739 69
1738679060543 169.1377651758227 70
1738679060551 168.76772748812098 71
1738679060559 172.66335346761767 72
1738679060566 172.48483775398168 73
1738679060573 169.01524287065368 74
1738679060579 172.28493070079756 75
1738679060587 173.8398185520602 76
1738679060594 170.77787178519094 77
1738679060600 173.32120159590798 78
1738679060607 169.74684137490777 79
1738679060614 173.4213682720657 80
