1738678574523 157.45329198017868 0
1738678574575 146.20055756692284 1
1738678574623 142.3375688354769 2
1738678574641 137.23897495267695 3
1738678574662 131.44981732390022 4
1738678574688 130.6639760458971 5
1738678574706 111.85702359542063 6
1738678574735 123.24857357654324 7
1738678574754 110.25668788429235 8
1738678574772 120.49856065215614 9
1738678574790 96.22309131050986 10
1738678574815 113.6865337796359 11
1738678574831 110.19127622722394 12
1738678574848 106.42466661476712 13
1738678574870 112.22548185593475 14
1738678574898 108.46119798752159 15
1738678574914 109.19245978980092 16
1738678574931 98.75574907665334 17
1738678574948 94.98338595665095 18
1738678574964 92.9319559992441 19
1738678574985 91.23074745689317 20
1738678575007 89.65236041392619 21
1738678575027 86.65464668819457 22
1738678575043 95.08970108705746 23
1738678575068 104.15288969913456 24
1738678575106 109.16908189865877 25
1738678575118 105.84707536050901 26
1738678575133 97.70517654017031 27
1738678575147 93.57346782335253 28
1738678575164 99.6005720755809 29
1738678575184 87.9875256831941 30
1738678575212 89.75880515499962 31
1738678575229 98.52577154948713 32
1738678575254 89.98179276975789 33
1738678575287 90.67600021224804 34
1738678575306 85.15856366498497 35
1738678575328 104.70209604911369 36
1738678575354 90.96266882160445 37
1738678575376 109.81713504487323 38
1738678575394 87.47666262133247 39
1738678575423 79.41057205989475 40
1738678575449 74.45983425112634 41
1738678575467 88.76091286463212 42
1738678575490 85.74779829128255 43
1738678575506 106.56937846403697 44
1738678575523 85.89072025004836 45
1738678575548 87.59572719841047 46
1738678575572 79.53763807448495 47
1738678575589 74.88406508560175 48
1738678575612 85.660639066496 49
1738678575663 99.19777390050355 50
1738678575682 66.80645526731034 51
1738678575708 85.64290116742666 52
1738678575724 75.96046384836853 53
1738678575755 70.13252047774687 54
1738678575772 93.19408415704608 55
1738678575793 76.81603157960728 56
1738678575818 70.06372910417691 57
1738678575855 74.44325511913023 58
1738678575871 77.3668210493925 59
1738678575891 89.62042973208831 60
1738678575907 99.7843711527508 61
1738678575922 63.59568871319902 62
1738678575948 72.75395342321873 63
1738678575963 81.09422072767529 64
1738678575983 84.70962074574757 65
1738678576010 61.64572166615115 66
1738678576028 70.40573321588901 67
1738678576047 75.22632701292584 68
1738678576078 80.02415417798451 69
1738678576123 71.7612708041216 70
1738678576151 83.93408396499491 71
1738678576175 77.57651049592802 72
1738678576196 67.94498750093776 73
1738678576221 77.87794407046472 74
1738678576239 112.36028872367805 75
1738678576254 88.68153008322064 76
1738678576270 77.38758081440768 77
1738678576292 83.55047543592941 78
1738678576306 79.64204931533574 79
1738678576323 78.9788552815437 80
1738678576346 55.17552006728284 81
1738678576360 68.88028534751494 82
1738678576397 73.43228166627031 83
1738678576416 76.29225992706606 84
1738678576440 69.72987591848097 85
1738678576462 64.27934365970192 86
1738678576490 81.13212872961245 87
1738678576505 64.8414325206838 88
1738678576522 90.97385915016244 89
1738678576540 60.29635881230618 90
1738678576554 74.25737286103747 91
1738678576571 60.681319688605555 92
1738678576586 68.49754705499733 93
1738678576609 74.02451308166945 94
1738678576634 73.55021365887399 95
1738678576658 69.98730186924811 96
1738678576692 65.08419440313564 97
1738678576715 77.7488877055833 98
1738678576735 89.41186597875684 99
1738678576755 64.82352891192531 100
1738678576777 59.441941826034764 101
1738678576794 105.71911957650505 102
1738678576817 68.06158466155978 103
1738678576833 56.913258171332465 104
1738678576853 71.65759836163025 105
1738678576869 64.04899476674572 106
1738678576890 73.62655835554253 107
1738678576910 57.88792759522023 108
1738678576929 66.88616777432503 109
1738678576971 61.696841945152585 110
1738678576986 67.4697298834713 111
1738678577015 89.33247255608966 112
1738678577029 86.79063480561705 113
1738678577044 60.330387440516596 114
1738678577060 75.26958645253679 115
1738678577078 74.32365674286059 116
1738678577100 61.83858039484039 117
1738678577118 57.09053216617346 118
1738678577137 71.55744304232611 119
1738678577155 72.86417452369426 120
1738678577180 63.22035586284735 121
1738678577201 65.63554231702756 122
1738678577222 77.55632643244716 123
1738678577241 78.54081118707097 124
1738678577264 54.22488539545404 125
1738678577281 91.14256040631652 126
1738678577305 65.94113373060456 127
1738678577326 60.1655922898944 128
1738678577352 96.33689571391248 129
1738678577372 69.70723538586422 130
1738678577392 46.34875641500928 131
1738678577418 65.65506698673495 132
1738678577440 55.994036233933556 133
1738678577465 62.96907547844591 134
1738678577489 58.71815510191278 135
1738678577505 82.35911094754088 136
1738678577525 52.24934105588621 137
1738678577551 65.95555317711755 138
1738678577573 60.16444160736602 139
1738678577591 48.81079509895071 140
1738678577617 46.575291176347264 141
1738678577634 68.5463190866153 142
1738678577718 53.776540202391644 143
1738678577736 65.5372429113158 144
1738678577755 63.93154918352961 145
1738678577773 99.26400006988959 146
1738678577788 73.07984062627025 147
1738678577810 72.07763420652088 148
1738678577826 66.9924542794212 149
1738678577845 70.01652258935287 150
1738678577861 59.47380938135912 151
1738678577879 58.45793129993058 152
1738678577897 55.49491767786434 153
1738678577918 58.667547547143464 154
1738678577939 62.160097459787174 155
1738678577959 78.39097518215833 156
1738678577983 79.08540042478107 157
1738678578005 55.107081449904065 158
1738678578024 61.35092460494921 159
1738678578044 56.95371513210739 160
1738678578069 58.49069223366724 161
1738678578095 67.45200783800944 162
1738678578120 87.22594456208779 163
1738678578133 63.27479631065823 164
1738678578163 58.9061957592216 165
1738678578178 54.337130933393375 166
1738678578194 53.11447525598114 167
1738678578217 56.58458894491327 168
1738678578234 91.70582975998148 169
1738678578257 44.14384956056377 170
1738678578275 54.40397365531235 171
1738678578305 78.15728822177854 172
1738678578325 65.77543181295529 173
1738678578346 68.63577780663975 174
1738678578379 54.1628950955282 175
1738678578407 50.52350579574731 176
1738678578429 83.05219565543648 177
1738678578448 51.38350810654415 178
1738678578469 53.947926752922136 179
1738678578495 70.99133626750104 180
1738678578511 61.355479533548575 181
1738678578526 62.34902244439763 182
1738678578540 60.64676276739531 183
1738678578556 71.90071290787667 184
1738678578577 57.83111428223338 185
1738678578593 50.817067255456365 186
1738678578614 51.87561403549411 187
1738678578631 57.08461331187734 188
1738678578651 51.0417203264783 189
1738678578668 85.51855543186612 190
1738678578690 47.30892527449134 191
1738678578710 54.69527677614693 192
1738678578742 59.31556308770645 193
1738678578776 54.204250124955706 194
1738678578798 47.08518588076072 195
1738678578816 61.426395966560506 196
1738678578837 49.15058428291377 197
1738678578866 51.663796460579995 198
1738678578891 54.5516329138883 199
1738678578912 92.23710176525113 200
1738678578932 54.12609784843094 201
1738678578954 62.654400511299144 202
1738678578979 45.00855604860484 203
1738678578998 55.756358691661916 204
1738678579028 61.388420296974296 205
1738678579047 46.006385472727295 206
1738678579068 60.719784413139394 207
1738678579083 52.569344960441505 208
1738678579106 59.841652724677836 209
1738678579124 75.09760121188565 210
1738678579142 50.90241120564387 211
1738678579161 42.6988134256731 212
1738678579185 57.91213547865764 213
1738678579209 45.71653663359709 214
1738678579228 70.14948533770107 215
1738678579255 50.95855923987232 216
1738678579270 95.19932208164134 217
1738678579289 72.27838558796843 218
1738678579313 57.31863691320559 219
1738678579337 72.48583550282129 220
1738678579354 61.58746174687503 221
1738678579378 50.92024885169781 222
1738678579413 42.357158356629746 223
1738678579433 44.48282886463279 224
1738678579450 73.6024191350563 225
1738678579470 51.90462479495057 226
1738678579494 59.38298376282066 227
1738678579514 41.04270855070471 228
1738678579531 55.30012623674202 229
1738678579552 61.591725409989145 230
1738678579574 58.82878566145114 231
1738678579600 47.47296232406314 232
1738678579619 104.17493191483074 233
1738678579642 49.83189174637314 234
1738678579665 82.32102036652226 235
1738678579689 59.6018057039188 236
1738678579708 57.62127591808513 237
1738678579725 69.62658552898108 238
1738678579747 55.0313913060166 239
1738678579766 71.4255149481929 240
1738678579782 42.082463389337036 241
1738678579804 45.97164105466391 242
1738678579820 50.0132798510554 243
1738678579836 84.22773929859464 244
1738678579858 59.229406323683634 245
1738678579880 63.773625679565974 246
1738678579901 50.46480027188121 247
1738678579926 48.38217378049141 248
1738678579942 48.248802144766294 249
1738678579964 40.95982097553489 250
1738678579986 57.02584131826808 251
1738678580004 44.59190030942389 252
1738678580021 73.27432964431519 253
1738678580038 46.99878267749964 254
1738678580061 49.93265738759787 255
1738678580076 53.93508118697016 256
1738678580091 38.038439342710184 257
1738678580107 55.66908457778646 258
1738678580124 40.544859840714594 259
1738678580147 52.02410771401995 260
1738678580168 60.338586331411236 261
1738678580188 38.29024792104229 262
1738678580207 61.141974111355054 263
1738678580225 48.55458284453257 264
1738678580255 55.55068594102411 265
1738678580273 54.09405200487041 266
1738678580295 50.15825649300592 267
1738678580315 43.54804460924924 268
1738678580339 46.764216287965844 269
1738678580357 49.87441430538623 270
1738678580380 53.23585597722181 271
1738678580408 46.36693385554976 272
1738678580429 94.51521116372314 273
1738678580450 56.03607182393794 274
1738678580468 42.14682511999532 275
1738678580490 39.52998581057459 276
1738678580511 49.12510357910348 277
1738678580529 63.23089759926358 278
1738678580553 90.56666853989893 279
1738678580579 44.638181442586735 280
1738678580611 64.97586637279501 281
1738678580630 53.518826501239396 282
1738678580654 43.42519744860944 283
1738678580673 69.56852003965376 284
1738678580698 50.07048543056862 285
1738678580717 59.01357390252755 286
1738678580737 62.99899778863587 287
1738678580754 43.55180440044181 288
1738678580772 51.881743755524006 289
1738678580796 47.16586351535782 290
1738678580815 42.1854243714936 291
1738678580835 45.93704601535749 292
1738678580863 53.992594150578114 293
1738678580898 49.48905963380707 294
1738678580917 57.53191687102831 295
1738678580937 41.36682417022364 296
1738678580953 47.36909423628043 297
1738678580978 31.373776219181487 298
1738678581002 55.603649073845574 299
1738678581021 47.69188875044926 300
1738678581042 39.591869384066875 301
1738678581067 45.641925224272676 302
1738678581088 50.24289294711412 303
1738678581104 48.300279584324564 304
1738678581120 45.493460407496556 305
1738678581197 44.03884274422632 306
1738678581222 52.31018205736097 307
1738678581237 51.913001312573016 308
1738678581254 56.06619805437314 309
1738678581271 76.13132325209682 310
1738678581290 55.64873500286505 311
1738678581312 35.73481408678249 312
1738678581330 46.26356978803011 313
1738678581349 45.69590363895915 314
1738678581373 49.19569822579583 315
1738678581393 48.94269951895396 316
1738678581410 46.54328882552586 317
1738678581427 45.80596132357406 318
1738678581445 35.302918441292746 319
1738678581465 65.6362993881625 320
1738678581488 47.92608204275758 321
1738678581506 46.70103996455752 322
1738678581531 49.31621539890971 323
1738678581555 49.81959499628106 324
1738678581576 49.74992972038791 325
1738678581604 68.05714175190805 326
1738678581620 40.27336062719158 327
1738678581639 56.42117397420702 328
1738678581659 50.54621787223914 329
1738678581674 40.1866190896011 330
1738678581693 47.11533490564049 331
1738678581709 69.60853017832521 332
1738678581724 48.81380755744785 333
1738678581739 71.68350658094337 334
1738678581757 51.38890911791037 335
1738678581779 39.606590336903764 336
1738678581806 38.41961398462933 337
1738678581827 41.77144209313804 338
1738678581843 37.66147023167057 339
1738678581872 45.25058069764345 340
1738678581894 48.80731003156468 341
1738678581915 49.45840227306385 342
1738678581932 39.63225820983113 343
1738678581956 50.0643442505845 344
1738678581984 40.05107221397588 345
1738678582011 41.25603113756733 346
1738678582031 47.76427314516136 347
1738678582057 51.65732302532947 348
1738678582072 40.746357412764596 349
1738678582099 51.03557125826716 350
1738678582119 53.25143889423672 351
1738678582141 65.45789259600275 352
1738678582160 44.743672135548024 353
1738678582187 66.84043656698432 354
1738678582203 33.679496117344215 355
1738678582219 44.830014192016726 356
1738678582236 41.7029377322239 357
1738678582258 52.71319297743652 358
1738678582273 44.10133927248181 359
1738678582295 70.01320078190857 360
1738678582311 43.35295074244566 361
1738678582328 40.055516304668124 362
1738678582349 35.97826427879528 363
1738678582369 47.02641651508364 364
1738678582385 44.95224432484959 365
1738678582407 46.6933929339326 366
1738678582423 51.145737625952684 367
1738678582440 42.46137562331453 368
1738678582455 64.52800918518037 369
1738678582470 51.650247358987905 370
1738678582504 37.662252131378544 371
1738678582521 40.026209143040425 372
1738678582540 39.15521815893499 373
1738678582557 56.73749026462237 374
1738678582580 45.128961950644374 375
1738678582604 52.04191121271951 376
1738678582622 40.53562478891876 377
1738678582639 42.17171694127129 378
1738678582661 41.85057365368179 379
1738678582688 41.498109936790065 380
1738678582716 32.02379471668295 381
1738678582738 45.275438867004084 382
1738678582761 42.46131455510298 383
1738678582789 68.59447941559777 384
1738678582819 37.233671766151026 385
1738678582840 45.86467338962664 386
1738678582859 41.829230679486216 387
1738678582876 42.719693908094435 388
1738678582905 69.30229255030238 389
1738678582924 41.83105863869833 390
1738678582945 48.55928453931001 391
1738678582961 44.79450116767939 392
1738678582986 44.26584852847263 393
1738678583006 44.001069887487226 394
1738678583020 39.51157728856329 395
1738678583036 35.06104514493683 396
1738678583061 40.36234579580452 397
1738678583091 42.572887915170256 398
1738678583103 35.65534872529454 399
1738678583124 47.83576128268071 400
1738678583151 36.46898279295857 401
1738678583167 69.72362596797768 402
1738678583183 38.991241262506044 403
1738678583201 66.19689484131912 404
1738678583220 39.827220533504224 405
1738678583237 42.10037435297915 406
1738678583252 33.99109734703977 407
1738678583267 33.64865784443767 408
1738678583292 43.486259338042146 409
1738678583312 43.865891139714975 410
1738678583329 43.857114870891344 411
1738678583350 62.56184143836186 412
1738678583370 41.576238272320396 413
1738678583391 48.96223152790349 414
1738678583416 66.8489637942495 415
1738678583448 65.2373739264999 416
1738678583466 47.70980802073086 417
1738678583496 41.17989215713685 418
1738678583518 33.60712042086957 419
1738678583544 64.31106035882814 420
1738678583582 39.95353838574991 421
1738678583606 40.09990892436756 422
1738678583623 50.04653261218313 423
1738678583664 44.03442316189087 424
1738678583691 48.390245766718174 425
1738678583715 41.56528745513533 426
1738678583732 48.05664100643313 427
1738678583778 38.426584437720905 428
1738678583804 66.83438168322918 429
1738678583824 38.869809701808855 430
1738678583856 51.34370826762981 431
1738678583878 30.304967667718593 432
1738678583909 53.79839065709792 433
1738678583932 37.451152776104024 434
1738678583951 67.26711301408379 435
1738678583973 48.552841677851895 436
1738678583997 43.68670594025164 437
1738678584025 37.32848094892221 438
1738678584042 36.72380879383622 439
1738678584063 46.31728325433836 440
1738678584086 36.68916869576679 441
1738678584111 43.05029070854799 442
1738678584145 43.36861730744847 443
1738678584167 57.01115612224468 444
1738678584188 34.39778290897945 445
1738678584221 46.6948795452483 446
1738678584245 37.07053758022171 447
1738678584262 42.695016820032315 448
1738678584289 54.951192141786706 449
1738678584318 34.05086611808082 450
1738678584345 35.29523202810535 451
1738678584364 45.92974851429822 452
1738678584386 39.037997952685366 453
1738678584407 41.60494377817106 454
1738678584429 37.43646856700175 455
1738678584462 45.32683958613184 456
1738678584479 32.067104373884355 457
1738678584499 37.92007741724417 458
1738678584518 36.40233567984765 459
1738678584544 60.831600549778614 460
1738678584564 36.44330557775157 461
1738678584581 30.90669777782481 462
1738678584598 42.7072631082489 463
1738678584621 36.640513225502275 464
1738678584641 34.919232990959266 465
1738678584662 34.124903388541114 466
1738678584687 48.68243742718849 467
1738678584701 37.997186148359894 468
1738678584724 74.82927266591915 469
1738678584745 50.21954365320014 470
1738678584776 28.896348575368723 471
1738678584793 50.141763058579315 472
1738678584818 39.066751762771894 473
1738678584843 28.330928181092506 474
1738678584875 35.428797397095806 475
1738678584896 37.25488428691651 476
1738678584919 32.33613478032429 477
1738678584975 36.85314860614976 478
1738678585013 41.198636352961046 479
1738678585031 38.863773426481664 480
1738678585049 36.959487040245314 481
1738678585065 35.439642191347005 482
1738678585081 36.68642895048794 483
1738678585095 38.368155014352034 484
1738678585110 40.997593003533865 485
1738678585124 45.134623232297976 486
1738678585149 39.76997267162037 487
1738678585182 41.18399921961786 488
1738678585209 30.132093697166184 489
1738678585237 49.68857222729217 490
1738678585285 25.066427145214536 491
1738678585312 36.02186619972173 492
1738678585336 53.631551953813414 493
1738678585360 40.90057556616996 494
1738678585386 35.201309863681566 495
1738678585403 34.17921646011287 496
1738678585418 37.86820976776079 497
1738678585433 47.761529718224864 498
1738678585448 43.72273943521327 499
