1738823557126 66.593695534448 0
1738823557152 61.33810804720451 1
1738823557172 40.70451330478536 2
1738823557189 45.84660365081872 3
1738823557209 44.906493089468064 4
1738823557226 33.19750130587625 5
1738823557249 30.02217904480017 6
1738823557275 28.78110285994776 7
1738823557294 21.516238725760886 8
1738823557323 24.660600428186694 9
1738823557346 16.34367173536079 10
1738823557368 20.19151560034265 11
1738823557387 12.250386822891924 12
1738823557418 12.655493919977316 13
1738823557444 14.716455028809996 14
1738823557462 8.553690471122277 15
1738823557480 10.174686005457573 16
1738823557497 9.402312450281723 17
1738823557514 7.805964277775631 18
1738823557530 7.753334670665423 19
1738823557545 6.976452372398982 20
1738823557562 6.276872609570414 21
1738823557576 6.304567791047151 22
1738823557598 6.37012198843879 23
1738823557614 2.8516972633737243 24
1738823557629 5.275061439512394 25
1738823557644 3.7772308553644414 26
1738823557662 3.507591849305695 27
1738823557696 2.988178352640555 28
1738823557715 2.675201077651257 29
1738823557735 2.4825208998393573 30
1738823557758 2.4330705264157237 31
1738823557777 1.877832152496039 32
1738823557795 1.3466912429100781 33
1738823557814 1.9289911758094005 34
1738823557839 1.5398797207177788 35
1738823557857 1.7506405859420344 36
1738823557874 1.3789357834443865 37
1738823557895 1.5484438105556253 38
1738823557915 0.7576751915376173 39
1738823557934 1.0530971551722708 40
1738823557955 1.2637523197306282 41
1738823557976 1.112664626841194 42
1738823557994 1.3153015319555093 43
1738823558012 0.7784026756115601 44
1738823558034 0.6251877184060747 45
1738823558055 0.6210633317943471 46
1738823558075 0.7815206586618089 47
1738823558091 0.573124574558317 48
1738823558112 0.5871989281877823 49
1738823558133 0.6114868092799921 50
1738823558148 0.6721858328119559 51
1738823558170 0.5852947508584002 52
1738823558189 0.41734239221377006 53
1738823558206 0.5373682439654867 54
1738823558222 0.3550360359216086 55
1738823558238 0.26127964065965076 56
1738823558254 0.4179088017501235 57
1738823558271 0.35502525060861084 58
1738823558287 0.2624347110322806 59
1738823558304 0.43421249256965705 60
1738823558319 0.4856194539367515 61
1738823558344 0.43583339401816196 62
1738823558375 0.29978569071475475 63
1738823558397 0.242711724165664 64
1738823558422 0.4883192209696255 65
1738823558447 0.20009778784662463 66
1738823558470 0.2360812377526043 67
1738823558489 0.18018545217564466 68
1738823558512 0.24143370851417462 69
1738823558537 0.24987743241752558 70
1738823558556 0.34293701165185075 71
1738823558578 0.17974664917399738 72
1738823558604 0.21390671869600472 73
1738823558624 0.1322045494391222 74
1738823558643 0.13315354194517665 75
1738823558661 0.20876237252769592 76
1738823558686 0.2977677589661876 77
1738823558710 0.19058946165755702 78
1738823558732 0.2114705107668191 79
1738823558758 0.17534339617820183 80
1738823558796 0.2104478007142593 81
1738823558826 0.1561802353104134 82
1738823558847 0.1273686048706618 83
1738823558874 0.14098026230271973 84
1738823558893 0.09091734498429362 85
1738823558912 0.18592420245097863 86
1738823558931 0.11814069643318949 87
1738823558947 0.1157385452797617 88
1738823558966 0.12344929624444025 89
1738823558985 0.1348388011387848 90
1738823559002 0.09622061592525974 91
1738823559020 0.12350174783748953 92
1738823559036 0.11098576433534996 93
1738823559053 0.14031377902669978 94
1738823559074 0.0952420814120775 95
1738823559091 0.09455484067049028 96
1738823559112 0.10898320392638454 97
1738823559127 0.2688300717177149 98
1738823559162 0.04848881632905426 99
1738823559183 0.11139340273432037 100
1738823559197 0.09759580434294646 101
1738823559213 0.13842488972832423 102
1738823559229 0.12510913941983162 103
1738823559245 0.08208427378289226 104
1738823559263 0.11167407709045296 105
1738823559279 0.12052247144843255 106
1738823559296 0.07611054446437605 107
1738823559311 0.138389187123495 108
1738823559328 0.08066135210830992 109
1738823559344 0.06491201801464372 110
1738823559365 0.09022629419692062 111
1738823559382 0.10210042075346493 112
1738823559397 0.12983962832384532 113
1738823559417 0.12047553511875578 114
1738823559434 0.09805597265084111 115
1738823559451 0.09466749612556787 116
1738823559484 0.09948064447750023 117
1738823559504 0.11760893212439472 118
1738823559518 0.05993804690057698 119
1738823559536 0.07599267892968989 120
1738823559554 0.0831310951997666 121
1738823559577 0.07283981409341647 122
1738823559594 0.12794364542177056 123
1738823559614 0.10058226502610222 124
1738823559632 0.07112540265857983 125
1738823559649 0.060765977973244935 126
1738823559667 0.08173321016236862 127
1738823559683 0.09252665535243602 128
1738823559700 0.0920022778235326 129
1738823559718 0.11428044148069816 130
1738823559735 0.11826870358642788 131
1738823559752 0.07996326763756581 132
1738823559791 0.08461544606984313 133
1738823559837 0.10800383946728558 134
1738823559853 0.07917432977849104 135
1738823559867 0.06774807446075246 136
1738823559899 0.10463424485934598 137
1738823559915 0.10182389506136817 138
1738823559929 0.07158268869293465 139
1738823559944 0.05976287558683907 140
1738823559958 0.11742193151626405 141
1738823559978 0.07898767474508225 142
1738823559998 0.11420038352650765 143
1738823560024 0.11397957066484345 144
1738823560048 0.09012434225361178 145
1738823560064 0.05938587163043695 146
1738823560083 0.07694774318062418 147
1738823560099 0.11811107549086439 148
1738823560119 0.08896133960441306 149
1738823560134 0.07952394877027368 150
1738823560149 0.08664954221362922 151
1738823560164 0.08647724428234815 152
1738823560180 0.07545372664450735 153
1738823560201 0.07284120748614957 154
1738823560220 0.07563280275397155 155
1738823560237 0.12527796610442807 156
1738823560258 0.0715690937884831 157
1738823560273 0.08065059932759885 158
1738823560291 0.07729549787566305 159
1738823560309 0.10404109936960475 160
1738823560331 0.08916936986882457 161
1738823560347 0.08022626210522925 162
1738823560362 0.07014707095446875 163
1738823560382 0.0651024701116709 164
1738823560397 0.0853919590190718 165
1738823560414 0.09572194544775152 166
1738823560429 0.08088917761937821 167
1738823560444 0.05974975268475586 168
1738823560457 0.05050747082357685 169
1738823560477 0.07993099254020705 170
1738823560503 0.10159989256531758 171
1738823560519 0.08470086466512582 172
1738823560537 0.09713812970837413 173
1738823560559 0.10326326149286805 174
1738823560577 0.06836073244638503 175
1738823560594 0.07802363921817776 176
1738823560613 0.13955090711467316 177
1738823560636 0.12526697654745356 178
1738823560654 0.11312956750776522 179
1738823560671 0.11406979694075722 180
1738823560688 0.08006189342362868 181
1738823560714 0.05998377788397574 182
1738823560733 0.09239549210380055 183
1738823560749 0.07540165113786546 184
1738823560768 0.05665716635493774 185
1738823560788 0.09716243137015032 186
1738823560805 0.0756850653955661 187
1738823560822 0.06233178790843951 188
1738823560843 0.06933905866793917 189
1738823560862 0.10068723414908515 190
1738823560881 0.14071002606723773 191
1738823560904 0.06138093351446184 192
1738823560927 0.09750459643300037 193
1738823560946 0.0743727878945563 194
1738823560961 0.0887124599391097 195
1738823560976 0.07248995528043654 196
1738823561001 0.15499862259319644 197
1738823561019 0.08761973596367305 198
1738823561034 0.08744881963399519 199
1738823561056 0.18263667522557656 200
1738823561072 0.09752052121391289 201
1738823561091 0.0676737960491044 202
1738823561107 0.05436280186370373 203
1738823561125 0.06183181556454242 204
1738823561139 0.046516814435449035 205
1738823561156 0.05483489162496252 206
1738823561172 0.14567892517150116 207
1738823561188 0.07660747612980753 208
1738823561205 0.11905440367977185 209
1738823561220 0.09181903641432503 210
1738823561238 0.05026985825112754 211
1738823561255 0.08476691837178814 212
1738823561276 0.05416595009954917 213
