1738680174306 217.5022397661805 0
1738680174341 171.06245096551942 1
1738680174374 173.17756762004217 2
1738680174407 160.2573107099961 3
1738680174440 168.53374117928587 4
1738680174474 169.439770070955 5
1738680174509 144.87177642584174 6
1738680174545 147.07432804343256 7
1738680174579 151.4948457440987 8
1738680174614 163.1082890573928 9
1738680174649 156.26381561806505 10
1738680174682 159.25562131856105 11
1738680174715 158.9317483976409 12
1738680174748 147.46368766430206 13
1738680174781 160.86958404288868 14
1738680174815 168.05272579943792 15
1738680174848 153.1537047145259 16
1738680174880 152.74014969266887 17
1738680174913 162.82761264775738 18
1738680174946 158.75721237364323 19
1738680174979 177.4944113052467 20
1738680175012 176.7601420639133 21
1738680175045 174.21177189607684 22
1738680175078 167.25378787199963 23
1738680175111 146.81077973434466 24
1738680175145 165.83910894184078 25
1738680175179 134.67042454983414 26
