1738825846545 197.1332951581283 0
1738825846587 154.64733175755813 1
1738825846628 177.95307417636386 2
1738825846671 244.44160148406007 3
1738825846714 154.8075632374432 4
1738825846757 173.98906793554283 5
1738825846799 266.87000181790813 6
1738825846840 201.76769080756202 7
1738825846881 184.62787036188817 8
1738825846920 151.81342726208896 9
1738825846961 195.46526909906348 10
1738825847001 182.88279869235535 11
1738825847041 125.07284020318336 12
1738825847081 130.11946308998745 13
1738825847121 173.4198816095214 14
1738825847165 158.87105833156366 15
1738825847209 160.7974296289531 16
1738825847251 150.92716659349938 17
1738825847292 159.79135986751996 18
1738825847332 70.5324426384672 19
1738825847373 154.26488845094158 20
1738825847415 160.8756492373945 21
1738825847456 210.10526717174812 22
1738825847500 237.50005246973515 23
1738825847541 156.2437159157514 24
1738825847583 147.015531741044 25
1738825847625 188.8468166177249 26
1738825847667 185.74694636029486 27
1738825847707 237.4362339333864 28
1738825847748 170.58530229833266 29
1738825847788 167.3045375575178 30
1738825847828 165.6346830194947 31
1738825847869 106.30241456461792 32
1738825847911 169.87122821761707 33
1738825847954 117.02927767149583 34
1738825847997 187.56872404017565 35
1738825848041 159.25391023963056 36
1738825848082 200.0293385281853 37
1738825848123 173.1338967121738 38
1738825848165 164.96356720498954 39
1738825848208 168.14620529866332 40
1738825848252 160.94189662623913 41
1738825848294 221.29003876882436 42
1738825848338 174.28941352388074 43
1738825848381 229.55754061330984 44
1738825848426 151.98776914549933 45
1738825848466 199.8788272642331 46
1738825848508 187.054910110711 47
1738825848551 166.3540655616149 48
1738825848592 106.67264501655922 49
1738825848635 148.13861897157577 50
1738825848676 103.43429705693099 51
1738825848715 156.3562680154228 52
1738825848756 215.405744139218 53
1738825848797 220.40240509014234 54
1738825848838 161.79394068659275 55
1738825848881 218.29501346656198 56
1738825848923 132.23875773180663 57
1738825848965 177.8426784395246 58
1738825849008 184.16944492339022 59
1738825849050 161.0374047283382 60
1738825849091 174.57316538064808 61
1738825849134 146.0096668606116 62
1738825849176 133.59896873316038 63
1738825849218 183.41170024509037 64
1738825849260 171.7651179256382 65
1738825849303 209.07081221422305 66
1738825849345 128.6996113537378 67
1738825849390 156.1875411096177 68
1738825849435 145.4452457935454 69
1738825849477 166.407372205495 70
1738825849520 163.19712653311382 71
1738825849564 125.13066358863463 72
1738825849606 140.2540965335854 73
1738825849648 124.94588882686404 74
1738825849689 146.56487511953623 75
1738825849730 205.410924154968 76
1738825849772 195.65582883444867 77
1738825849814 178.06951327398176 78
1738825849855 155.4147612340436 79
1738825849897 260.21122538380683 80
1738825849939 180.53524759706508 81
1738825849980 172.66620759448347 82
1738825850022 261.78394875328917 83
1738825850064 191.67799627696965 84
1738825850103 138.06473065043193 85
1738825850144 136.91086261014433 86
1738825850186 161.2715906237764 87
1738825850227 200.73397891478834 88
1738825850269 182.9151214173986 89
1738825850312 167.85120634849287 90
1738825850354 200.56947504664447 91
1738825850395 231.949889208522 92
1738825850436 175.60954812566783 93
1738825850476 167.84112248904694 94
1738825850517 168.89081614507268 95
1738825850558 147.45830917712772 96
1738825850600 256.11509109394063 97
1738825850642 166.60531450882664 98
1738825850684 151.9047145620285 99
1738825850726 197.01025581308454 100
1738825850768 178.59048470105876 101
1738825850808 160.8205004790125 102
1738825850849 122.57557359753596 103
1738825850889 263.12586609723985 104
1738825850929 124.54995059386574 105
1738825850968 146.36812716467097 106
1738825851008 217.4648921612272 107
1738825851048 122.3502127399614 108
1738825851091 165.0396674249371 109
1738825851133 152.79011899616052 110
1738825851173 388.87204714722327 111
1738825851214 88.97621375927827 112
1738825851255 149.83443732721966 113
1738825851296 129.80685667826648 114
1738825851340 126.32308381857584 115
1738825851383 132.42650743047164 116
1738825851425 172.2818275987881 117
1738825851467 167.66660361624216 118
1738825851509 101.07621281425364 119
1738825851554 225.61901713935765 120
1738825851597 146.93659517399988 121
1738825851642 199.90898896237434 122
1738825851685 127.70251232282203 123
1738825851729 157.25537129527876 124
1738825851771 164.28572429795707 125
1738825851812 186.07412313758215 126
1738825851855 190.79458371249785 127
1738825851897 178.9871988251134 128
1738825851941 164.7381238557518 129
1738825851984 167.4667245065763 130
1738825852027 182.99389787441314 131
1738825852069 164.15905354056827 132
1738825852111 220.0815029902448 133
1738825852153 122.3377198125902 134
1738825852197 215.07960065924686 135
1738825852238 128.6391300518785 136
1738825852278 220.87780041382013 137
1738825852320 136.40546204619318 138
1738825852362 170.0602279458739 139
1738825852403 108.27173247942287 140
1738825852447 146.27256046523118 141
1738825852491 99.04235703784859 142
1738825852533 116.3865511767694 143
1738825852573 167.75862025000595 144
1738825852613 229.4028182253217 145
1738825852653 211.25465623601605 146
1738825852693 152.4285462660681 147
1738825852733 212.60969614170645 148
1738825852773 215.84615384528797 149
1738825852813 157.55392891511613 150
1738825852852 142.7405376404609 151
1738825852892 149.00048940933883 152
1738825852932 177.05057901578127 153
1738825852972 148.12910445465997 154
1738825853012 155.1846136122617 155
1738825853051 134.43954965582148 156
1738825853091 214.69556261224722 157
1738825853131 221.88562986553382 158
1738825853170 188.06497147914808 159
1738825853210 137.07543207705382 160
1738825853250 210.74616191460277 161
1738825853290 89.50475165572364 162
1738825853330 148.48382899307103 163
1738825853371 181.52572131773604 164
1738825853411 148.31464901260762 165
1738825853451 128.45427166278688 166
1738825853491 157.4930232051393 167
1738825853530 225.60423687026935 168
1738825853573 205.26465883278496 169
1738825853617 122.0048852509332 170
1738825853660 158.39619900652164 171
1738825853702 184.52259975132736 172
1738825853744 151.45060034967338 173
1738825853786 153.62444004765763 174
1738825853827 208.5252696353177 175
1738825853869 168.16879137926915 176
1738825853911 174.09297965185607 177
1738825853954 184.2359843718757 178
1738825853997 161.45813749545707 179
1738825854039 151.14006918947786 180
1738825854080 108.03739288817066 181
1738825854120 191.45041960045546 182
1738825854160 196.26920835668574 183
1738825854200 168.43491163364402 184
1738825854240 181.17465561023084 185
1738825854279 106.91028486005918 186
1738825854320 182.40138071512948 187
1738825854362 107.76770035666337 188
1738825854403 171.04521276989087 189
1738825854443 163.18515887450178 190
1738825854483 180.0577534425203 191
1738825854523 156.03378287948217 192
1738825854564 137.41728091098946 193
1738825854604 137.34569753399126 194
1738825854646 206.02233571055123 195
1738825854687 202.10339447423655 196
1738825854729 142.0494996337993 197
1738825854769 203.36861118673903 198
1738825854809 104.1403775033069 199
1738825854849 146.35504851691238 200
1738825854889 170.21051556350048 201
1738825854929 148.57896661984427 202
1738825854969 169.9751721986365 203
1738825855009 176.21466646401754 204
1738825855049 74.52179743592592 205
1738825855089 158.6909521238395 206
1738825855128 128.55959850130031 207
1738825855168 166.05242421431055 208
1738825855207 156.00554090334407 209
1738825855247 162.01037147547572 210
1738825855287 172.91086016475262 211
1738825855327 147.07987012277687 212
1738825855367 151.33166185854833 213
1738825855407 135.10683920075115 214
1738825855447 170.40141841878236 215
1738825855488 172.12895230613034 216
1738825855528 217.65174084039202 217
1738825855568 176.98308586840264 218
1738825855608 185.86519955459386 219
1738825855649 129.82488129190628 220
1738825855689 165.22444724621633 221
1738825855729 561.878360409307 222
1738825855769 169.16920534840042 223
1738825855809 156.64493245364858 224
1738825855849 186.07538272080308 225
1738825855890 156.61929660263138 226
1738825855930 127.39249942524042 227
1738825855969 158.16002206913174 228
1738825856010 174.3273683180798 229
1738825856050 129.28226727597317 230
1738825856089 172.57616251431114 231
1738825856129 179.01770766903476 232
1738825856168 182.48733856307365 233
1738825856208 107.06410046133776 234
1738825856248 163.84485911284656 235
1738825856288 170.67096003520257 236
1738825856328 209.98749024812048 237
1738825856369 179.5425855513982 238
1738825856409 237.00989455451455 239
1738825856449 222.04050830547698 240
1738825856489 152.35783359263374 241
1738825856529 267.6629136293347 242
1738825856568 195.56764159300968 243
1738825856608 132.86137161426493 244
1738825856649 250.60233990823488 245
1738825856688 169.5093147248386 246
1738825856728 204.1783814408296 247
1738825856770 236.56930669080498 248
1738825856809 208.3660571079425 249
1738825856850 183.35313386098946 250
1738825856890 129.03844690417927 251
1738825856930 173.4715723393103 252
1738825856970 199.20519203249702 253
1738825857009 168.6841990398555 254
1738825857050 168.91408576571675 255
1738825857090 140.5767512144989 256
1738825857130 136.3163393920599 257
1738825857170 175.4506978462164 258
1738825857209 145.7718568656148 259
1738825857249 169.44255507990553 260
1738825857289 96.2459151676353 261
1738825857329 230.53072323610346 262
1738825857370 79.77077481116599 263
1738825857410 301.0993011635496 264
1738825857450 148.6570202346238 265
1738825857490 206.00248111537027 266
1738825857530 168.74670297894076 267
1738825857570 158.13597012670027 268
1738825857610 164.25334551329388 269
1738825857650 191.87363561589495 270
1738825857689 168.62054210501827 271
1738825857729 226.45488180606745 272
1738825857769 167.28487140600217 273
1738825857809 69.77753427300564 274
1738825857849 182.68650309714897 275
1738825857888 168.4796441290223 276
1738825857928 161.38649617464245 277
1738825857968 159.34192009618553 278
1738825858007 120.25262248793824 279
1738825858047 151.1731343481939 280
1738825858087 185.84777758345155 281
1738825858126 145.19143409843537 282
1738825858166 174.24526168359827 283
1738825858206 192.16143837527108 284
1738825858246 173.40097983557953 285
1738825858287 151.64926106870237 286
1738825858327 130.4908510332283 287
1738825858366 183.83986497914168 288
1738825858407 161.22969472676388 289
1738825858447 153.98476311293933 290
1738825858494 143.28717429504275 291
1738825858539 175.86339571393785 292
1738825858580 140.31960432756958 293
1738825858620 129.66444880994086 294
1738825858661 171.04881723829595 295
1738825858701 89.4977308051599 296
1738825858740 148.03159875042246 297
1738825858780 158.43757448779178 298
1738825858820 177.29249670789795 299
1738825858861 160.79178512063643 300
1738825858902 268.9438386975018 301
1738825858942 203.99896360926832 302
1738825858982 193.48375306577077 303
1738825859022 161.01416673226956 304
1738825859062 167.6650578148222 305
1738825859102 160.9484940179584 306
1738825859142 149.48039213448618 307
1738825859182 141.7880681671762 308
1738825859222 172.0554314413425 309
1738825859261 137.5374181766846 310
1738825859301 181.38698386029256 311
1738825859341 149.62818767277597 312
1738825859381 188.49526184063265 313
1738825859421 119.16546788662758 314
1738825859462 175.76729204184218 315
1738825859501 63.29240268886938 316
1738825859541 179.7685983193893 317
1738825859581 144.98388371547185 318
1738825859621 116.43986882849747 319
1738825859661 115.03467813581281 320
1738825859701 135.34883128251 321
1738825859740 128.79527122136312 322
1738825859780 224.17952085220634 323
1738825859820 80.79031508614432 324
1738825859860 173.16763177710448 325
1738825859900 199.72467285155454 326
1738825859941 178.53229802791827 327
1738825859985 115.63212253900494 328
1738825860024 169.9279124463677 329
1738825860064 192.07237715157444 330
1738825860104 204.0187131331093 331
1738825860144 151.30051482978482 332
1738825860189 164.63591013702685 333
1738825860232 178.79540495524762 334
1738825860273 122.14601851568861 335
1738825860316 174.86965273738423 336
1738825860358 361.1202995462944 337
1738825860399 286.3562558187343 338
1738825860439 124.42904181324295 339
1738825860479 188.76490383337247 340
1738825860519 189.3476849254062 341
1738825860559 154.74623582538428 342
1738825860599 184.66358724354936 343
1738825860639 150.3631613613791 344
1738825860679 174.9193437502768 345
1738825860719 123.46255058570794 346
1738825860759 125.98754631014901 347
1738825860799 209.99950077678656 348
1738825860838 196.04044155621517 349
1738825860877 217.05964877312627 350
1738825860917 108.4408444948277 351
1738825860956 315.7534403794152 352
1738825860996 144.30072639719322 353
1738825861036 171.97682265655655 354
1738825861075 157.0911478980259 355
1738825861116 160.35972370114663 356
1738825861156 147.9037667983188 357
1738825861196 160.15684519540045 358
1738825861236 146.56534953981307 359
1738825861275 203.86551809425285 360
1738825861315 184.78234446237724 361
1738825861355 184.00665635613313 362
1738825861394 188.21801404144568 363
1738825861434 178.9530884024097 364
1738825861473 198.15352809950926 365
1738825861513 200.93069874096287 366
1738825861553 89.19232597608709 367
1738825861593 213.8809983452992 368
1738825861632 249.87846938786734 369
1738825861673 104.44729148110187 370
1738825861714 140.23582775522956 371
1738825861753 108.82656783652938 372
1738825861793 187.76517738501744 373
1738825861833 156.50186848003707 374
1738825861872 187.7375965906428 375
1738825861912 174.2308271614279 376
1738825861952 180.68469978688458 377
1738825861992 166.3827209583949 378
1738825862031 264.281199776794 379
1738825862071 142.33614022349786 380
1738825862111 195.7667558847513 381
1738825862151 107.23524947057791 382
1738825862190 153.724796810172 383
1738825862230 221.60983027839794 384
1738825862270 184.91522779880043 385
1738825862310 153.46741169774748 386
1738825862349 152.80497958852914 387
1738825862390 215.81536614383626 388
1738825862429 137.00508024480425 389
1738825862470 154.2456523633517 390
1738825862510 235.58119461241435 391
1738825862550 107.6572628006759 392
1738825862589 197.5413701547387 393
1738825862629 143.99246812959876 394
1738825862669 175.38764272594565 395
1738825862709 176.3466130662164 396
1738825862748 83.18581991684022 397
1738825862788 107.92989354969221 398
1738825862828 171.88832325847025 399
1738825862868 151.142889434561 400
1738825862907 173.9112668264598 401
1738825862947 48.052440572432296 402
1738825862987 167.5638851437476 403
1738825863027 130.6621879166006 404
1738825863067 123.01035330583814 405
1738825863107 210.48679364950408 406
1738825863147 504.23436232001126 407
1738825863187 166.02081543568832 408
1738825863227 177.8384575313934 409
1738825863267 158.0061839681039 410
1738825863308 141.10045532079275 411
1738825863349 173.57116951011184 412
1738825863389 188.21332601462944 413
1738825863429 180.00349178116448 414
1738825863468 157.48083617967376 415
1738825863508 161.75177947890626 416
1738825863548 123.89159452822659 417
1738825863588 139.93922489190112 418
1738825863627 130.64949275804332 419
1738825863667 192.0939308408001 420
1738825863706 182.0452267653954 421
1738825863746 136.58208733932824 422
1738825863785 206.83352271625634 423
1738825863826 159.21110054220122 424
1738825863866 180.76665669757864 425
1738825863906 173.80608311542835 426
1738825863946 150.62681046277004 427
1738825863986 170.20296046452032 428
1738825864027 112.16737423031105 429
1738825864067 132.51688331756802 430
1738825864106 45.34666117461599 431
1738825864146 250.01556366458317 432
1738825864186 154.11964510569948 433
1738825864226 278.6083775785887 434
1738825864266 140.0936409609118 435
1738825864306 186.52285580388514 436
1738825864346 171.71259119903283 437
1738825864386 81.99913188696848 438
1738825864426 179.60134612500872 439
1738825864465 212.60099947821385 440
1738825864505 121.37619043731453 441
1738825864545 133.1554646137871 442
1738825864585 186.35899981892274 443
1738825864624 169.59890912045094 444
1738825864664 130.02159115272804 445
1738825864704 86.04503118931349 446
1738825864744 123.54728260847251 447
1738825864784 194.10881664674702 448
1738825864824 182.76060769551265 449
1738825864864 347.3154478863721 450
1738825864903 168.63441493214523 451
1738825864943 265.8365871697767 452
1738825864983 118.30561383701296 453
1738825865026 164.21277308271303 454
1738825865067 172.37957147760358 455
1738825865107 279.57862355175973 456
1738825865148 283.1633473850699 457
1738825865187 161.14590599501935 458
1738825865228 185.28594000956713 459
1738825865268 183.46576926473594 460
1738825865308 149.7553865336323 461
1738825865348 161.40537359215952 462
1738825865388 161.3832652212221 463
1738825865429 163.97672539224683 464
1738825865470 167.2876287328771 465
1738825865510 186.04380191306734 466
1738825865549 200.79349011515623 467
1738825865589 185.51577164642853 468
1738825865628 165.80672559146234 469
1738825865671 181.84443142068216 470
1738825865713 181.80564967763732 471
1738825865754 176.0502131428709 472
1738825865795 166.06819713691843 473
1738825865834 150.2046275251249 474
1738825865875 163.7152761430848 475
1738825865915 191.4122031281395 476
1738825865955 200.60106673518334 477
1738825865997 165.96568321930687 478
1738825866037 216.1171166780589 479
1738825866077 254.18116223515392 480
1738825866117 159.3017933137223 481
1738825866157 239.24116756663267 482
1738825866197 153.86503923157912 483
1738825866237 108.58273695904319 484
1738825866277 153.26534386446482 485
1738825866316 191.01515730447792 486
1738825866356 237.20517638790216 487
1738825866396 182.79624872279325 488
1738825866436 156.55077133275267 489
1738825866476 137.6571753732471 490
1738825866516 241.0277553941289 491
1738825866556 183.78921710321256 492
1738825866595 200.45582345427985 493
1738825866635 173.91166979177078 494
1738825866675 180.6840946701532 495
1738825866715 137.9728811432382 496
1738825866755 185.83471428203396 497
1738825866794 115.06303239599946 498
1738825866834 154.32528096007619 499
