1738679242178 175.1629890552965 0
1738679242217 173.6853620295034 1
1738679242255 172.9220895787879 2
1738679242295 161.5564795224225 3
1738679242333 162.4951706070101 4
1738679242374 159.94927786020165 5
1738679242415 163.2916425252361 6
1738679242454 161.6792296360982 7
1738679242493 169.74822551040097 8
1738679242532 162.96972452161438 9
1738679242571 170.4668754848313 10
1738679242609 172.8718444378049 11
1738679242647 166.82609981657473 12
1738679242685 165.0942889733047 13
1738679242724 170.625145507298 14
1738679242761 177.97901187934445 15
1738679242799 164.9798232433841 16
1738679242836 169.3856502194146 17
1738679242874 154.15964676832633 18
1738679242912 165.84029090859462 19
1738679242955 172.30008944966679 20
1738679242993 158.25472208473045 21
1738679243031 164.178407020959 22
1738679243070 174.00260079840635 23
1738679243108 173.19492601758338 24
1738679243147 176.01182035199824 25
1738679243186 172.01662524366955 26
1738679243224 172.04727101636448 27
1738679243263 178.01483232039172 28
1738679243301 166.7766570837365 29
1738679243339 173.92795150880954 30
1738679243378 182.7498479539521 31
1738679243417 173.58755080448003 32
1738679243455 172.04800599175346 33
