1738679609080 178.0713555196642 0
1738679609116 111.81397324463576 1
1738679609152 187.5960641894684 2
1738679609187 176.09740219083133 3
1738679609223 169.81005224255782 4
1738679609259 168.86704233045154 5
1738679609311 142.72136726031937 6
1738679609356 181.19309253208695 7
1738679609393 233.44291008500684 8
1738679609430 129.81693273692164 9
1738679609465 142.5394425031227 10
1738679609501 123.37844796801352 11
1738679609537 86.59923181026383 12
1738679609572 186.96715404693373 13
1738679609608 169.02866459490622 14
1738679609643 156.6374229210238 15
1738679609678 143.4081242852503 16
1738679609713 220.6088088226103 17
1738679609749 156.13923762790458 18
1738679609784 166.77056495064662 19
1738679609819 179.30585587721728 20
1738679609854 154.53585472605585 21
1738679609889 128.72057955694524 22
1738679609925 143.04083819399813 23
1738679609960 135.38909500948014 24
1738679609995 174.6901697409726 25
1738679610032 194.4864203878973 26
1738679610069 187.54267632235795 27
1738679610105 172.00110375480727 28
1738679610141 112.7659291365227 29
1738679610178 147.4112808613569 30
1738679610213 180.28922303571923 31
1738679610248 230.35094171260013 32
1738679610283 151.38975847773037 33
1738679610319 143.5040027231017 34
1738679610354 189.73211913244157 35
1738679610389 134.5537674942706 36
1738679610424 169.8064941968664 37
1738679610459 140.3215696543346 38
1738679610494 153.3111206376676 39
1738679610529 193.39753226267072 40
1738679610564 192.55296859063915 41
1738679610599 118.13120899976437 42
1738679610634 181.99339042702405 43
1738679610669 167.6044832334249 44
1738679610704 183.2623028455519 45
1738679610739 232.21243181475964 46
1738679610774 169.6534497572354 47
1738679610811 171.66469931147498 48
1738679610848 128.63074163783426 49
1738679610883 186.91431710377714 50
1738679610920 161.5523891899328 51
1738679610956 143.2994769628784 52
1738679610991 194.5443536385272 53
1738679611026 175.03416401015846 54
1738679611061 159.7847759848112 55
1738679611097 170.3989833571955 56
1738679611133 102.82042156903196 57
1738679611169 135.89599117488874 58
1738679611204 162.01090960353213 59
1738679611239 72.7226282111957 60
1738679611274 334.3806269574816 61
1738679611309 163.22141323663666 62
1738679611344 218.8605985502662 63
1738679611380 197.79695866255312 64
1738679611416 151.58000022069612 65
1738679611450 167.70638410034354 66
1738679611485 152.79567375787926 67
1738679611521 161.01593592215565 68
1738679611557 460.7300191049279 69
1738679611592 208.4719545855807 70
1738679611628 136.74975954326445 71
1738679611663 171.81805360139705 72
1738679611698 145.0907057282495 73
1738679611734 148.1551644846883 74
1738679611769 136.69031384861958 75
1738679611804 150.23690682625593 76
1738679611841 189.44451043777383 77
1738679611876 177.10353507831107 78
1738679611911 165.065902159716 79
1738679611947 144.89130214410565 80
1738679611982 163.39627350839584 81
1738679612020 195.1940918251631 82
1738679612056 147.84924354748185 83
1738679612091 153.6587048458941 84
1738679612127 154.6015589299865 85
1738679612163 167.61480799530784 86
1738679612198 350.04360521848497 87
1738679612233 201.35123145414548 88
1738679612268 146.11880558157253 89
1738679612304 215.44055971278942 90
1738679612340 138.25517781619064 91
1738679612376 189.72240976468117 92
1738679612412 152.6893548527761 93
1738679612448 218.90978888878456 94
1738679612483 311.6069610792787 95
1738679612520 161.08080829115607 96
1738679612555 180.612104239206 97
1738679612591 143.4884981790785 98
1738679612627 158.12765295342538 99
1738679612663 188.34352202617995 100
1738679612698 163.74836978494102 101
1738679612734 170.8590472519644 102
1738679612769 181.11315086089093 103
1738679612805 195.77509865327607 104
1738679612840 162.7613913602743 105
1738679612875 144.33310897952757 106
1738679612910 118.93588606790253 107
1738679612945 192.46312103384335 108
1738679612980 155.18521517255695 109
1738679613015 136.99131916464285 110
1738679613051 151.95038100975285 111
1738679613086 220.0046144960156 112
1738679613121 110.13469208289014 113
1738679613162 177.37432311010502 114
1738679613198 201.5155630057125 115
1738679613234 114.08054220869087 116
1738679613269 173.14488132778288 117
1738679613305 144.320818760338 118
1738679613342 198.18229379426958 119
1738679613378 171.19682577658307 120
1738679613412 172.44539648868235 121
1738679613447 70.28159438632741 122
1738679613483 205.4255954869701 123
1738679613518 64.60151410870519 124
1738679613554 127.18775259282674 125
1738679613589 235.62401451391628 126
1738679613624 156.87644568774263 127
1738679613659 101.05751990546969 128
1738679613694 304.41397584078493 129
1738679613729 142.48522047803053 130
1738679613764 359.55535598736327 131
1738679613800 134.20497223226468 132
1738679613835 233.02144320776375 133
1738679613870 155.39792488223162 134
1738679613905 186.93696309716208 135
1738679613941 175.243368281577 136
1738679613976 174.5568270037364 137
1738679614011 188.57247832626183 138
1738679614047 185.15867477282328 139
1738679614082 164.16600020362253 140
1738679614118 165.46673783714547 141
1738679614153 118.13156879303449 142
1738679614189 241.63181650220915 143
1738679614224 188.64728496375963 144
1738679614259 156.3583010461468 145
1738679614294 216.8033663472901 146
1738679614330 319.24658376503453 147
1738679614365 153.00112797296026 148
1738679614400 170.03562002507653 149
1738679614435 227.48087573905553 150
1738679614470 235.38542050547548 151
1738679614506 173.3359151225867 152
1738679614543 216.60521778064586 153
1738679614578 155.67881981465482 154
1738679614613 189.19131297158012 155
1738679614648 141.4687136558331 156
1738679614684 158.7539776750853 157
1738679614719 139.75657120357397 158
1738679614754 81.76174485517373 159
1738679614789 189.2328581140668 160
1738679614824 146.9407029051487 161
1738679614859 212.95254246602784 162
1738679614896 188.9816555956418 163
1738679614931 170.01162216655925 164
1738679614966 106.93830098057798 165
1738679615002 113.95449680962967 166
1738679615037 127.18565377801568 167
1738679615073 130.11277050557578 168
1738679615108 165.38945834712388 169
1738679615148 185.58641646891257 170
1738679615184 225.03508227304033 171
1738679615219 136.4297173099505 172
1738679615254 259.34704549079873 173
1738679615289 130.85125438071975 174
1738679615325 163.14406775942444 175
1738679615360 345.83807631858696 176
1738679615396 177.77904574493132 177
1738679615432 183.48493795639618 178
1738679615466 190.00326078458505 179
1738679615501 203.01337214849386 180
1738679615537 171.3324202940015 181
1738679615573 162.48359989750816 182
1738679615608 174.79528442286983 183
1738679615643 201.65201699706685 184
1738679615679 180.02828983632045 185
1738679615715 374.2954029510879 186
1738679615752 177.7311699748472 187
1738679615788 176.33226193766365 188
1738679615824 147.4267421649922 189
1738679615860 223.66746227062188 190
1738679615895 101.08394501125784 191
1738679615931 49.59745592491923 192
1738679615966 183.83771323706827 193
1738679616001 174.51455949680442 194
1738679616038 197.01342266614643 195
1738679616077 179.12566573112414 196
1738679616114 191.00025379715737 197
1738679616150 282.4077067283294 198
1738679616188 137.63225729337518 199
1738679616224 135.22847722649425 200
1738679616262 277.5436639444883 201
1738679616298 181.28216702990622 202
1738679616334 164.87955119107764 203
1738679616369 299.3706349943627 204
1738679616404 138.66071683015275 205
1738679616439 187.64072347383177 206
1738679616474 153.20247271580317 207
1738679616510 216.70405521193825 208
1738679616545 185.23600311077985 209
1738679616580 177.2200503711123 210
1738679616616 154.70360992207776 211
1738679616651 208.01765243491295 212
1738679616686 174.36721550700474 213
1738679616722 166.14155336064448 214
1738679616757 124.81877627824765 215
1738679616792 192.42965978514948 216
1738679616827 121.0111813846706 217
1738679616862 193.41676639693404 218
1738679616897 171.84221150018723 219
1738679616932 157.402404496729 220
1738679616967 149.12198414000457 221
1738679617002 168.1940398530286 222
1738679617038 197.9681854381629 223
1738679617074 122.20801619711676 224
1738679617109 211.3043025483557 225
1738679617144 145.9010329461053 226
1738679617180 198.19995948485496 227
1738679617215 157.7714661111077 228
1738679617250 145.5047644998964 229
1738679617285 186.44243022903572 230
1738679617320 238.2375755483721 231
1738679617355 139.83341497412187 232
1738679617390 193.31157479326498 233
1738679617426 211.4516134787232 234
1738679617461 203.86699884216517 235
1738679617496 158.4303367942274 236
1738679617531 189.05970051413487 237
1738679617566 142.19526523284048 238
1738679617602 129.31346671768068 239
1738679617639 227.45448230475313 240
1738679617676 132.6433688480302 241
1738679617711 140.5671631265608 242
1738679617747 270.9733921443639 243
1738679617782 144.87295478259767 244
1738679617818 191.83732077363885 245
1738679617853 161.39783491284834 246
1738679617888 93.11431678107071 247
1738679617923 96.82306397206196 248
1738679617958 152.64165619173244 249
1738679617993 175.83338495913569 250
1738679618029 154.01122957233267 251
1738679618064 349.4167413547429 252
1738679618100 183.34215377236654 253
1738679618135 139.10262175629407 254
1738679618170 174.0337145295632 255
1738679618205 242.86916152914105 256
1738679618240 174.57980828088944 257
1738679618276 143.09561271092244 258
1738679618311 127.83738668868038 259
1738679618346 209.17739875657034 260
1738679618381 127.09381056638394 261
1738679618416 110.66561345572038 262
1738679618451 266.3657396532732 263
1738679618486 139.87668298467548 264
1738679618522 82.3294858480847 265
1738679618559 173.90423127166116 266
1738679618594 217.80231414214438 267
1738679618629 160.1767026118249 268
1738679618664 180.5225042157725 269
1738679618700 190.31070133850068 270
1738679618735 171.1764696808693 271
1738679618770 184.99803972094344 272
1738679618805 99.38598592011749 273
1738679618840 208.9250197865943 274
1738679618875 177.27217857943177 275
1738679618910 144.07620883646098 276
1738679618945 191.38838734982428 277
1738679618980 303.1761285539456 278
1738679619015 178.4589260983472 279
1738679619051 241.7019099295101 280
1738679619086 157.62305451430555 281
1738679619121 160.06929845196512 282
1738679619156 205.66344942570944 283
1738679619192 86.50308473824073 284
1738679619228 311.3669949469595 285
1738679619263 214.32762153135138 286
1738679619298 189.1735327181511 287
1738679619333 158.15123699816832 288
1738679619368 162.008787991158 289
1738679619403 167.41930182863013 290
1738679619439 185.58948790206983 291
1738679619475 190.42878437926842 292
1738679619511 105.54109351116858 293
1738679619547 162.88601121597392 294
1738679619582 170.91820451267336 295
1738679619618 93.76724965071773 296
1738679619653 167.9429073226072 297
1738679619688 191.94510628895955 298
1738679619723 139.85787170528022 299
1738679619758 202.89201237949442 300
1738679619793 182.43280389178528 301
1738679619828 103.39580254073321 302
1738679619863 110.86369683076963 303
1738679619898 189.31371437687335 304
1738679619933 176.9499746179272 305
1738679619968 184.87902275089445 306
1738679620003 259.51523394953614 307
1738679620038 192.51842087898788 308
1738679620074 167.14284058073616 309
1738679620109 197.4259510430904 310
1738679620144 5.0349953801791125 311
1738679620179 193.32099193290048 312
1738679620214 198.01449061515365 313
1738679620249 136.36598526941043 314
1738679620284 171.5719160073675 315
1738679620320 176.4823883590457 316
1738679620355 195.5826960269323 317
1738679620390 164.92605897513653 318
1738679620425 259.1188009702766 319
1738679620460 175.05685342767205 320
1738679620495 181.51697333687315 321
1738679620530 172.77543123042648 322
1738679620565 272.9326579665583 323
1738679620601 202.1520525712343 324
1738679620636 135.58327872454373 325
1738679620671 193.67627837362815 326
1738679620706 125.82049312451187 327
1738679620741 123.693592927499 328
1738679620776 198.47277665257135 329
1738679620811 194.03622806899222 330
1738679620846 169.37977165034832 331
1738679620881 174.43098197656676 332
1738679620917 173.16773826000698 333
1738679620952 142.8632653449894 334
1738679620987 163.30493682300397 335
1738679621022 189.0353821493153 336
1738679621057 205.1066675002014 337
1738679621093 156.0124357674432 338
1738679621128 328.07670028063757 339
1738679621163 164.5836454618642 340
1738679621198 154.2647816977861 341
1738679621234 90.02418206201108 342
1738679621269 165.59142520797943 343
1738679621304 216.76166519568142 344
1738679621339 125.2035533698765 345
1738679621374 112.36609199900454 346
1738679621409 122.39412038640235 347
1738679621444 155.9979019139695 348
1738679621478 228.18717271414303 349
1738679621514 198.82992626169835 350
1738679621549 126.65577541980227 351
1738679621584 176.2526062141646 352
1738679621619 102.48770681920176 353
1738679621654 165.48002166196147 354
1738679621689 113.8156394918281 355
1738679621725 128.31204994736564 356
1738679621760 165.9238307482591 357
1738679621795 220.32650540567832 358
1738679621830 173.03780414598586 359
1738679621865 261.46287876218963 360
1738679621900 53.24865608385772 361
1738679621935 163.42961758222648 362
1738679621970 221.36610702082328 363
1738679622005 150.94775871987733 364
1738679622041 188.62542899105915 365
1738679622076 126.94109041331465 366
1738679622111 179.23497962020278 367
1738679622147 192.24959783552222 368
1738679622182 182.685899365991 369
1738679622217 180.9847290458207 370
1738679622252 186.53377594256122 371
1738679622287 159.46032036500156 372
1738679622322 210.31329998279904 373
1738679622357 198.2323385673145 374
1738679622392 203.31864865682394 375
1738679622427 295.0583120728678 376
1738679622463 123.22206828095003 377
1738679622498 135.83926720642808 378
1738679622533 150.29816129499352 379
1738679622569 219.7560351088065 380
1738679622604 142.81656219588396 381
1738679622639 157.34361490594063 382
1738679622675 160.14749551750242 383
1738679622710 109.89719283379941 384
1738679622745 190.04350812148311 385
1738679622780 166.6103820325698 386
1738679622815 228.93759551644163 387
1738679622850 173.4388423375884 388
1738679622885 37.650635038039674 389
1738679622920 157.3141129229422 390
1738679622955 321.42738149582254 391
1738679622991 121.4302676387596 392
1738679623028 160.3553723787608 393
1738679623063 218.0513544578246 394
1738679623098 55.4939077587523 395
1738679623133 160.83498526706956 396
1738679623169 189.3025578678564 397
1738679623203 128.81140425243296 398
1738679623239 391.6145483359372 399
1738679623274 210.54294512602036 400
1738679623309 164.67882883780464 401
1738679623344 147.53056102012653 402
1738679623379 215.38112875420413 403
1738679623414 120.45174076406785 404
1738679623449 142.07959626539494 405
1738679623485 130.78415196646887 406
1738679623520 168.07030808785518 407
1738679623555 116.62482459923622 408
1738679623590 194.006686389194 409
1738679623625 180.5539187589376 410
1738679623661 99.44316585110346 411
1738679623696 157.91506480795167 412
1738679623732 140.02458091118595 413
1738679623767 170.13404103509257 414
1738679623802 133.44553905810113 415
1738679623837 154.6154772847314 416
1738679623872 94.22832430721313 417
1738679623907 187.01911724670634 418
1738679623942 185.55227597582996 419
1738679623978 146.22680820176862 420
1738679624013 169.1560637901989 421
1738679624048 177.56442307689525 422
1738679624083 212.4724478772623 423
1738679624119 95.9021582677077 424
1738679624154 154.19700591747673 425
1738679624189 151.20908225617302 426
1738679624224 132.62377954710738 427
1738679624259 167.39758820285417 428
1738679624294 194.17983684617954 429
1738679624329 254.3732317877708 430
1738679624364 184.8379401189898 431
1738679624400 127.12090354183044 432
1738679624435 111.75201685529481 433
1738679624470 97.7920763742508 434
1738679624505 116.62537716641252 435
1738679624541 235.27544370591298 436
1738679624577 56.98922758627636 437
1738679624613 178.4230095245753 438
1738679624648 146.489068739236 439
1738679624683 147.74621029873796 440
1738679624718 169.14260934123962 441
1738679624754 97.02455385524173 442
1738679624789 179.82862525413572 443
1738679624824 183.79774261584546 444
1738679624859 128.9341694525867 445
1738679624894 162.24945413711157 446
1738679624929 150.32012885429148 447
1738679624964 153.49157481449873 448
1738679624999 211.1079580637712 449
1738679625034 193.2002845226458 450
1738679625070 171.1346108269171 451
1738679625106 158.64016999068176 452
1738679625142 152.43701081132969 453
1738679625177 73.91453519584995 454
1738679625212 144.547859391668 455
1738679625247 163.65598463494123 456
1738679625282 166.65524128654343 457
1738679625317 151.65638989052684 458
1738679625352 181.23868795412653 459
1738679625388 150.83448551522974 460
1738679625423 236.33977647855392 461
1738679625458 172.95038370612198 462
1738679625493 145.77363000436154 463
1738679625528 128.30342319952098 464
1738679625563 194.92816802891545 465
1738679625598 153.48493598702282 466
1738679625633 142.9964034958541 467
1738679625669 158.12135618452135 468
1738679625704 179.71719423108388 469
1738679625739 83.184190960699 470
1738679625774 182.59234667021508 471
1738679625809 78.12356799369739 472
1738679625844 174.64369434130856 473
1738679625879 209.0172364800381 474
1738679625914 150.7733698672623 475
1738679625949 146.2852598486629 476
1738679625984 165.24398104713785 477
1738679626019 194.12779317498558 478
1738679626055 118.5844660470614 479
1738679626090 137.55669919536498 480
1738679626125 160.00223231716552 481
1738679626161 191.50353972080876 482
1738679626196 80.91592664695938 483
1738679626231 133.9627122650066 484
1738679626266 181.21469568782473 485
1738679626301 175.53212940678296 486
1738679626336 199.03985146234538 487
1738679626371 150.88308223128234 488
1738679626406 132.23960133371165 489
1738679626441 168.47097554051743 490
1738679626476 157.10791774789405 491
1738679626511 217.11356571557664 492
1738679626546 156.8517979324346 493
1738679626581 211.99734886960576 494
1738679626617 159.5356976017908 495
1738679626652 152.88558186847254 496
1738679626688 140.39156534046163 497
1738679626722 111.66459979519968 498
1738679626758 196.1714138206514 499
