1738824615764 165.51410560819733 0
1738824615772 167.8534594998797 1
1738824615779 172.1762432714141 2
1738824615786 168.82964151000968 3
1738824615793 169.68871529468447 4
1738824615799 169.69528284963067 5
1738824615805 168.52003388507174 6
1738824615812 169.2274649101719 7
1738824615818 166.85448413857776 8
1738824615824 168.65081859930223 9
1738824615831 169.81337174224788 10
1738824615837 170.23497405541784 11
1738824615844 169.41770362704526 12
1738824615850 166.915791779773 13
1738824615856 168.61878774940004 14
1738824615861 168.69229108107334 15
1738824615867 169.45813228134986 16
1738824615873 168.4402914177163 17
1738824615879 169.741127846638 18
1738824615885 168.84016570377793 19
1738824615891 168.47879516011628 20
1738824615897 168.97883707211352 21
1738824615903 169.25500171180968 22
1738824615909 170.26118777954844 23
1738824615915 168.64656397814593 24
1738824615921 169.1328468457913 25
1738824615927 169.34852192767315 26
1738824615933 168.88601221483492 27
1738824615939 168.67415433236553 28
1738824615945 168.56424948763978 29
1738824615951 169.05125705488416 30
1738824615957 169.82119070119134 31
1738824615963 167.84674101919438 32
1738824615969 169.50713432992407 33
1738824615976 170.53726916248627 34
1738824615983 165.68825759163516 35
1738824615989 169.45640095985402 36
1738824615995 167.48347157199825 37
1738824616000 167.48175977153034 38
1738824616007 169.80949067137848 39
