1738679540501 169.31213782154168 0
1738679540519 169.29170084356676 1
1738679540537 169.27214145381802 2
1738679540554 169.25342067750086 3
1738679540573 169.23550130079866 4
1738679540588 169.21834779060362 5
1738679540603 169.20192621792268 6
1738679540618 169.18620418479028 7
1738679540636 169.17115075452736 8
1738679540650 169.1567363851916 9
1738679540663 169.1429328660747 10
1738679540679 169.12971325710464 11
1738679540694 169.11705183102123 12
1738679540732 169.10492401819698 13
1738679540759 169.09330635398192 14
1738679540785 169.0821764284572 15
1738679540801 169.071512838486 16
1738679540815 169.06129514195754 17
1738679540832 169.05150381412244 18
1738679540847 169.04212020592436 19
1738679540864 169.03312650423626 20
1738679540882 169.02450569391345 21
1738679540897 169.01624152158067 22
1738679540911 169.00831846107351 23
1738679540934 169.0007216804585 24
1738679540949 168.99343701055878 25
1738679540965 168.98645091491778 26
1738679540981 168.9797504611332 27
1738679540999 168.97332329350033 28
1738679541016 168.9671576069031 29
1738679541037 168.96124212189676 30
1738679541052 168.95556606092742 31
1738679541065 168.95011912563572 32
1738679541080 168.9448914751959 33
1738679541094 168.93987370564238 34
1738679541107 168.93505683013822 35
1738679541121 168.93043226014342 36
1738679541136 168.92599178744084 37
1738679541151 168.9217275669807 38
1738679541166 168.91763210050718 39
1738679541183 168.91369822092918 40
1738679541233 168.90991907740369 41
1738679541248 168.90628812109748 42
1738679541261 168.90279909159662 43
1738679541278 168.8994460039342 44
1738679541318 168.8962231362077 45
1738679541332 168.8931250177598 46
1738679541348 168.89014641789572 47
1738679541366 168.8872823351138 48
1738679541385 168.88452798682468 49
1738679541400 168.88187879953765 50
1738679541417 168.87933039949235 51
1738679541431 168.8768786037159 52
1738679541445 168.87451941148512 53
1738679541460 168.87224899617667 54
