1738826053236 170.44151191174174 0
1738826053243 165.97711403004527 1
1738826053251 169.86306134254588 2
1738826053257 168.70532446303997 3
1738826053264 166.71832939455953 4
1738826053272 163.95333602091642 5
1738826053280 168.83209074508125 6
1738826053287 165.37766271423683 7
1738826053294 169.62825142981492 8
1738826053300 169.5499033883473 9
1738826053308 166.10990035184972 10
1738826053314 166.69421523736747 11
1738826053321 170.28620890910867 12
1738826053328 169.42645308460033 13
1738826053334 167.58462553617645 14
1738826053341 168.77171121455632 15
1738826053347 166.89796591959802 16
1738826053355 166.77196938557447 17
1738826053363 167.99123971127906 18
1738826053370 167.4595260108465 19
1738826053377 169.17895440084635 20
1738826053384 168.65214002813352 21
1738826053391 164.37401272037843 22
1738826053398 169.67720329062703 23
