1738825040779 185.83423881886338 0
1738825040823 169.47355081184855 1
1738825040867 159.62643281699906 2
1738825040910 158.84564037479868 3
1738825040953 172.15628442902783 4
1738825040998 174.46267697052096 5
1738825041042 172.12384974971445 6
1738825041086 155.47544006390515 7
1738825041130 159.50279055185965 8
1738825041174 172.2287760463175 9
1738825041218 171.6341864300536 10
1738825041262 165.26079062344294 11
1738825041306 176.66561446508138 12
1738825041350 182.59900704007737 13
1738825041394 177.11429398719415 14
1738825041438 170.58674434022294 15
1738825041482 160.9656990418051 16
1738825041524 165.74136531468326 17
1738825041567 177.4359232667407 18
1738825041607 174.93369725417804 19
1738825041648 171.0487932412192 20
