1738680358552 170.19393559364045 0
1738680358560 167.94256735575237 1
1738680358566 167.81819502691948 2
1738680358573 168.58213523389458 3
1738680358580 170.36528365268035 4
1738680358587 170.38778996865153 5
1738680358594 168.89202513200132 6
1738680358601 166.6020453844397 7
1738680358607 169.11452260609641 8
1738680358614 167.6291519110359 9
1738680358620 168.01465443439415 10
1738680358626 168.07030298044864 11
1738680358632 171.8409299561399 12
1738680358638 168.35410456744322 13
1738680358645 168.5193798943902 14
1738680358651 171.32397975049744 15
1738680358657 170.27276555111357 16
1738680358664 167.36495342738445 17
1738680358670 168.21611587899832 18
1738680358676 169.38341837347306 19
1738680358682 168.2815461176734 20
1738680358689 168.35190876766063 21
1738680358695 168.0242532362257 22
1738680358702 167.6677567162835 23
1738680358708 167.68914064299514 24
1738680358715 170.19297474576223 25
1738680358721 169.80398759420493 26
1738680358727 169.93339961369983 27
1738680358734 167.99218548193554 28
1738680358740 167.56522532306874 29
1738680358747 167.8855970117297 30
1738680358768 168.00878076168547 31
1738680358777 171.908287564161 32
1738680358789 167.84937774996152 33
1738680358795 171.96663270466962 34
1738680358802 166.8454294781878 35
1738680358808 167.73633310438322 36
1738680358814 167.40913501906908 37
1738680358821 168.70607195266868 38
1738680358827 169.40040030551233 39
1738680358835 167.0961157513487 40
1738680358842 166.38748334062632 41
1738680358848 169.8915502347433 42
1738680358855 167.0538051101884 43
1738680358861 170.91856936351004 44
1738680358869 169.61382617384984 45
1738680358876 168.9633750045363 46
1738680358884 170.01833117800433 47
1738680358891 172.24236656519545 48
1738680358899 170.7165706747026 49
1738680358906 167.79510413392677 50
1738680358912 169.09750207203794 51
1738680358919 166.23627323872182 52
1738680358926 170.9633812188277 53
1738680358933 169.8436361653479 54
1738680358939 168.6616771239828 55
1738680358946 169.6309140512448 56
1738680358952 169.54457902325936 57
1738680358958 167.4647824042101 58
1738680358965 166.79530342495318 59
1738680358971 168.29840949965467 60
1738680358978 169.63652357527545 61
1738680358984 170.00078788256207 62
1738680358991 171.53757601810372 63
1738680358998 171.6949044908545 64
1738680359004 169.214508287162 65
1738680359010 169.87959735036983 66
1738680359017 168.95291191417542 67
1738680359023 168.40027485519389 68
1738680359030 167.5603811793123 69
1738680359036 166.35743451717812 70
1738680359043 167.4504161836143 71
1738680359049 169.4097954106099 72
1738680359055 168.09354164802014 73
1738680359061 169.23302217562232 74
1738680359068 167.5396761833191 75
1738680359074 166.57623533687863 76
1738680359081 169.86440080882002 77
1738680359088 171.069655177119 78
1738680359095 165.79812221923487 79
1738680359101 168.4623548145029 80
1738680359108 168.54944005290713 81
1738680359114 167.72528869793751 82
1738680359121 169.29733421066132 83
1738680359127 166.95358118616167 84
1738680359134 166.28998123639366 85
1738680359140 171.96218529473938 86
1738680359147 167.4674009715355 87
1738680359154 171.41325550391724 88
1738680359160 167.82756557746703 89
1738680359166 172.07891888038588 90
1738680359173 169.88961427716862 91
1738680359179 166.67275747810288 92
1738680359186 168.58799808551353 93
1738680359192 170.19361915767107 94
1738680359198 173.54274548289865 95
1738680359204 167.36238315044972 96
1738680359211 169.32437569077055 97
1738680359217 166.3789618418555 98
1738680359224 170.2816691803816 99
1738680359230 169.46719772799494 100
1738680359236 168.21794084661454 101
1738680359243 168.64180367331298 102
1738680359249 170.40377211746616 103
1738680359256 169.07542935933864 104
1738680359262 167.45436787260252 105
1738680359268 167.61535855834168 106
1738680359275 169.40532885592995 107
1738680359281 170.71064908736795 108
1738680359287 171.34456570817946 109
1738680359293 169.7195903812749 110
1738680359300 168.35476364397593 111
1738680359306 171.41260584345403 112
1738680359312 166.51728688588528 113
1738680359318 168.91855711223874 114
1738680359325 169.21269034425157 115
1738680359332 169.26171333661895 116
1738680359339 169.68666940495768 117
1738680359345 168.3142281012358 118
1738680359351 167.04693603019507 119
1738680359357 167.94509840834195 120
1738680359363 170.5910523730166 121
1738680359370 169.9283700063644 122
1738680359376 171.33237550476036 123
1738680359382 168.25457308374126 124
1738680359389 169.33093839607508 125
1738680359395 170.6591178221183 126
1738680359401 169.39161241004794 127
1738680359407 169.26329043816582 128
1738680359413 168.3869755475831 129
1738680359420 167.9909057517286 130
1738680359426 169.0367790531644 131
1738680359432 168.37152444668328 132
1738680359439 167.53822417747864 133
1738680359446 168.26753511138182 134
1738680359453 167.30102261839124 135
1738680359460 170.45888674865108 136
1738680359466 167.42259190324702 137
1738680359472 167.6881042238006 138
1738680359479 173.27288471775776 139
1738680359485 167.38328989343347 140
1738680359491 167.49306277425993 141
1738680359497 169.65096677740053 142
1738680359503 168.22972496619963 143
1738680359510 171.57093738655507 144
1738680359516 168.56245394343637 145
1738680359522 167.64836594315392 146
1738680359528 170.43316308611574 147
1738680359534 171.81424381028287 148
1738680359540 170.17175191161158 149
1738680359546 168.92800241325057 150
1738680359552 168.95499387630906 151
1738680359559 166.66846934453645 152
1738680359566 169.3863786364312 153
1738680359573 168.06703681756562 154
1738680359581 170.58968549107288 155
1738680359588 166.58017705721636 156
1738680359594 167.18945680825743 157
1738680359601 168.7249441787868 158
