1738825989716 195.95819849462856 0
1738825989760 177.60290408124987 1
1738825989803 194.31366507489926 2
1738825989846 177.32658649224396 3
1738825989890 187.11701114596005 4
1738825989934 162.01686510584753 5
1738825989979 162.52067363174302 6
1738825990021 146.57328088252245 7
1738825990064 178.26696708601153 8
1738825990107 162.43373506030588 9
1738825990150 171.58414179191624 10
1738825990193 148.87886789506535 11
1738825990236 184.97608161608446 12
1738825990279 151.8829788814569 13
1738825990322 167.14271658577263 14
1738825990365 172.03466818491938 15
1738825990409 194.62397759745411 16
1738825990451 138.05954525788474 17
1738825990494 143.5304586490764 18
1738825990537 170.9808985712422 19
1738825990580 151.80540290422593 20
1738825990624 143.13285544150966 21
1738825990666 138.74533097028592 22
1738825990709 177.73083325439683 23
1738825990752 178.2901863083974 24
1738825990794 181.25341303328457 25
1738825990837 177.19480592691377 26
1738825990879 186.90224701158394 27
1738825990922 159.20202213309074 28
1738825990966 135.53245277701706 29
1738825991008 178.57274476622942 30
1738825991052 164.12993188955986 31
1738825991095 164.1344440557788 32
1738825991138 172.6132374517092 33
1738825991180 183.2400213230497 34
1738825991223 175.45344958770946 35
1738825991266 137.71177056784862 36
1738825991309 182.2542385718105 37
1738825991351 181.53957476529894 38
1738825991394 151.38432365201572 39
1738825991437 175.3933278360795 40
1738825991481 181.4468660485754 41
1738825991524 167.82910379862366 42
1738825991566 178.69684890279265 43
1738825991608 167.11022372140818 44
1738825991651 154.67046331179495 45
1738825991693 166.33624373630505 46
1738825991735 193.42432371820686 47
1738825991776 177.82253562959397 48
1738825991819 160.34821526562465 49
1738825991864 175.5403411376953 50
1738825991908 157.75638063341688 51
1738825991951 175.86424713368513 52
1738825991994 177.7251279597877 53
1738825992037 166.4339129130046 54
1738825992080 181.16265098174196 55
1738825992124 167.47398892592588 56
1738825992167 174.5220745882432 57
1738825992210 157.6588995127939 58
1738825992253 169.60189389374972 59
1738825992296 146.3101693907621 60
1738825992338 156.06035932716367 61
1738825992380 146.01227777641503 62
1738825992423 139.83887437291753 63
1738825992464 185.79430109026632 64
1738825992507 89.16042172068798 65
1738825992549 153.35022362878203 66
1738825992592 143.74977075941734 67
1738825992634 148.52600390611653 68
1738825992676 168.6269238088067 69
1738825992720 173.85231264565402 70
1738825992762 168.14903413592907 71
1738825992805 179.81045956031326 72
1738825992848 175.43430821515955 73
1738825992890 174.46017121281508 74
1738825992934 163.65540954047984 75
1738825992976 157.95404469728342 76
1738825993019 157.37845549704855 77
1738825993061 165.94115861137607 78
1738825993105 181.11020984730962 79
1738825993148 150.63058191437912 80
1738825993190 164.68364188009204 81
1738825993232 161.29825321493794 82
1738825993276 161.07184925706107 83
1738825993319 179.19690593256865 84
1738825993362 170.77224615895003 85
1738825993406 159.029736401777 86
1738825993449 146.8599045594664 87
1738825993492 153.96846763475628 88
1738825993536 189.46575840700154 89
1738825993579 180.20281087919145 90
1738825993622 180.39283594398762 91
1738825993665 149.91557835984457 92
1738825993708 163.45173175272737 93
1738825993751 170.10917135377358 94
1738825993794 164.47275717055163 95
1738825993837 177.98510872405208 96
1738825993880 160.26491533248938 97
1738825993923 163.39170335878637 98
1738825993966 150.39632671103473 99
1738825994009 173.52622844026595 100
1738825994054 157.36827649632912 101
1738825994098 170.20093892322538 102
1738825994141 170.02336640803895 103
1738825994183 183.8481192461098 104
1738825994225 188.95771238439997 105
1738825994268 171.35540544974668 106
1738825994311 183.82677826499634 107
1738825994355 178.78974339053156 108
1738825994397 172.42135510803345 109
1738825994440 167.24441765628416 110
1738825994483 181.8066475302193 111
1738825994526 184.1217698721765 112
1738825994570 159.71772380127268 113
1738825994613 166.06757546869605 114
1738825994656 165.97003108069578 115
1738825994700 175.91345596837962 116
1738825994743 176.01481514964232 117
1738825994785 170.72785851477062 118
1738825994828 174.86889335815292 119
1738825994870 185.44535318679948 120
1738825994913 186.9929314543598 121
1738825994956 174.11962815014542 122
1738825994999 169.69366028331683 123
1738825995043 158.6885833616468 124
1738825995086 177.93710678153778 125
1738825995129 180.24255213940626 126
1738825995172 178.6810583504911 127
1738825995215 176.68877366529267 128
1738825995259 178.90435405095752 129
1738825995304 162.39806833669954 130
1738825995348 194.51782906795154 131
1738825995392 128.9381136357191 132
1738825995435 159.92188984481183 133
1738825995479 159.9316437602866 134
1738825995522 183.7193754405466 135
1738825995565 161.91446855495292 136
1738825995607 171.45282167959311 137
1738825995649 155.98102704826377 138
