1738826084062 164.32264068078004 0
1738826084070 169.02252264896123 1
1738826084077 165.47357015962373 2
1738826084085 174.10506796519903 3
1738826084092 169.9786685823843 4
1738826084100 170.89473724486618 5
1738826084107 176.42374818196458 6
1738826084114 173.86653802993894 7
1738826084121 171.96322332109898 8
1738826084128 169.4849686016417 9
1738826084135 171.164580201777 10
1738826084142 167.6881412947573 11
1738826084149 167.48816656621054 12
1738826084155 169.1663249274381 13
1738826084162 172.49819014025093 14
1738826084169 171.57963499108814 15
1738826084176 170.84450347677756 16
1738826084183 170.8079829957509 17
1738826084189 165.8920836917113 18
1738826084196 165.99578797126017 19
1738826084203 172.56576429696838 20
1738826084211 168.61719793294733 21
1738826084218 171.24079086973427 22
1738826084225 169.56780362357205 23
1738826084232 173.09989175956966 24
1738826084239 165.82382850141911 25
1738826084247 169.9925787944336 26
1738826084254 164.93351391191803 27
1738826084261 172.7362975050529 28
1738826084269 172.7878912865735 29
1738826084276 165.27876740057664 30
1738826084284 168.70255977369987 31
1738826084292 168.89402782077815 32
1738826084300 164.8477925876515 33
1738826084307 167.27952211839883 34
1738826084314 173.54062016994226 35
1738826084324 165.8148502281633 36
1738826084332 169.65369890759357 37
1738826084339 167.70002655405665 38
1738826084349 173.44716814277228 39
1738826084356 171.73983113473832 40
1738826084364 169.61032143694575 41
1738826084372 171.74234221861522 42
1738826084379 164.0136593417 43
1738826084385 172.63972853935076 44
1738826084393 171.3286174492169 45
1738826084399 168.85608632995508 46
1738826084407 168.82504588647234 47
1738826084413 177.45344435001928 48
1738826084420 167.48844334041863 49
1738826084427 164.7570420269494 50
1738826084433 171.5421604694005 51
1738826084440 168.96064514521623 52
1738826084446 167.74933224279943 53
1738826084453 168.67469399004608 54
1738826084460 168.69406423014578 55
1738826084466 168.0248363942246 56
1738826084473 167.63971997515048 57
1738826084481 170.88350809882868 58
1738826084488 167.52872042226062 59
1738826084494 170.02474589306308 60
1738826084502 165.58064785496376 61
1738826084510 171.38183422794938 62
1738826084518 170.45732140875697 63
1738826084525 163.91226849661996 64
1738826084532 171.61278089766063 65
1738826084539 166.61110641258813 66
1738826084546 168.80456459462806 67
1738826084553 170.3985877861944 68
1738826084560 166.20822007704902 69
1738826084567 171.90369418165955 70
1738826084575 170.80926432625188 71
1738826084583 172.93430370162628 72
1738826084590 166.47449266195204 73
1738826084597 171.1270528209937 74
1738826084603 170.47830553597137 75
1738826084610 168.24305884281705 76
1738826084617 169.8494185784805 77
1738826084624 169.68272679789078 78
1738826084631 168.97700282672778 79
1738826084638 169.98603736349386 80
1738826084645 170.7492228330415 81
1738826084652 166.47952178084853 82
1738826084659 167.5804932064708 83
1738826084666 171.5548051703697 84
1738826084673 171.4499525873533 85
1738826084680 165.58544922372042 86
1738826084687 173.84125184626328 87
1738826084694 164.98721465390767 88
1738826084701 165.46962198372256 89
1738826084707 169.09166285348323 90
1738826084714 167.579697618986 91
1738826084722 168.63851588351102 92
1738826084729 170.32286418637517 93
1738826084736 172.56660329688452 94
1738826084744 168.83070280453157 95
1738826084751 172.02311533565572 96
1738826084758 171.39849612638133 97
1738826084764 167.493594953096 98
1738826084771 172.67316529462892 99
1738826084778 169.20644329026763 100
1738826084785 167.18921146020782 101
1738826084791 168.26545098554908 102
1738826084798 165.40288365093727 103
1738826084805 169.33803843837907 104
