1738678842885 27.125207012544127 0
1738678842984 26.539802828616256 1
1738678843083 3.719904200448987 2
1738678843164 8.542808657961876 3
1738678843264 7.453303990109348 4
1738678843353 1.0761076565456877 5
1738678843431 3.5946831589990142 6
1738678843529 0.00011446198687883282 7
1738678843597 0.4175190306080896 8
1738678843685 1.5623861404780692 9
1738678843759 0.02442515650592593 10
1738678843839 0.02498209888243204 11
1738678843914 0.008857246739122417 12
1738678843983 0.15527716205902634 13
1738678844061 0.20077741762707638 14
1738678844138 0.11684562562668983 15
1738678844209 0.16061582620311515 16
1738678844309 0.020241567609819808 17
1738678844383 0.1361005321086864 18
1738678844461 0.0008041865173243727 19
1738678844549 0.1032664491203098 20
1738678844643 0.012005264905833863 21
1738678844722 0.11345316088185159 22
1738678844797 0.0063284139162235655 23
1738678844874 0.017940556421890436 24
1738678844950 0.0014255648692132342 25
1738678845036 0.08659223083861248 26
1738678845121 0.00312833971193723 27
1738678845205 0.017289607843783424 28
1738678845315 0.1525473665679332 29
1738678845403 9.225801727690842e-05 30
1738678845479 0.0077650620875426195 31
1738678845641 0.09121726445793893 32
1738678845717 0.04730564858684428 33
1738678845775 0.07270816590770067 34
1738678845855 0.056272219630711356 35
1738678845925 0.08897459721693177 36
1738678846000 0.07184541131211636 37
1738678846079 0.1395775540587739 38
1738678846173 0.006845950515535147 39
1738678846254 0.07332796146995746 40
1738678846338 0.015301182911248 41
1738678846428 0.0011449785388470421 42
1738678846493 0.13442234627042307 43
1738678846576 0.003842591484540549 44
1738678846669 0.046676287078244276 45
1738678846758 0.023552135742300136 46
1738678846855 0.3374039586610201 47
1738678846968 0.005433087604232352 48
1738678847050 0.07519282512651926 49
1738678847138 0.0007293501698282537 50
1738678847226 0.02776989553792281 51
1738678847306 0.12164978433412786 52
1738678847398 0.004003955536978666 53
1738678847469 0.006701339511579348 54
1738678847553 0.05860288729645084 55
1738678847627 0.02695600831938778 56
1738678847704 0.05652649768337485 57
1738678847777 0.170783564159383 58
1738678847860 0.0017732728204069488 59
1738678847944 0.0001223553396901566 60
1738678848030 0.0024717846499153835 61
1738678848097 0.0622438257874873 62
1738678848175 0.034778973212385815 63
1738678848258 0.07260754947124885 64
1738678848330 0.04780697077635261 65
1738678848401 0.042792935661309164 66
1738678848483 0.09023179985301774 67
1738678848551 0.04366951562244307 68
1738678848642 0.004575323752674511 69
1738678848724 0.034240813299394095 70
1738678848810 0.3120031834121736 71
1738678848888 0.08337309723339677 72
1738678848971 0.020661745667990963 73
1738678849031 2.604817703672059e-06 74
1738678849099 0.007968593111268683 75
1738678849194 0.004379929577545959 76
1738678849284 0.07021361394837476 77
1738678849377 0.06209131289191094 78
1738678849476 0.017737411545071833 79
1738678849557 0.0017009718459143055 80
1738678849638 0.06794190394643564 81
1738678849732 0.04026519551850419 82
1738678849825 0.16389125730402265 83
1738678849895 0.04576305617443639 84
1738678849980 1.331601718957625 85
1738678850062 0.14452681592007613 86
1738678850154 0.05082499305286849 87
1738678850236 0.06287356116138755 88
1738678850313 0.01186811996993392 89
1738678850391 0.0002351684770254492 90
1738678850475 0.03701673929974711 91
1738678850551 0.0014675644150481033 92
1738678850642 0.26308235670036256 93
1738678850726 0.3855811664737235 94
1738678850810 7.99265706674723e-05 95
1738678850893 0.002160659809151929 96
1738678850975 0.22779298804721157 97
1738678851069 0.07201370022344383 98
1738678851146 0.050214857386819134 99
1738678851236 0.0008122287569145784 100
1738678851296 0.008065580968529593 101
1738678851380 0.08712939115460665 102
1738678851474 0.007885145057864527 103
1738678851562 0.0024848075116733347 104
1738678851642 0.1637426202535517 105
1738678851719 0.10355196205138895 106
1738678851802 0.4594775417447648 107
1738678851891 0.0005347676111585053 108
1738678851968 0.00881479774388538 109
1738678852108 0.023793768424268655 110
1738678852204 0.02827582924605635 111
1738678852300 0.08365728787083171 112
1738678852396 0.08934607166975334 113
1738678852479 0.026596643697961053 114
1738678852592 0.49182575924645633 115
1738678852694 0.07355583873425363 116
1738678852782 0.0325100111191399 117
1738678852901 0.007198803669456997 118
1738678852981 0.05254459030130148 119
1738678853061 0.47607831504086157 120
1738678853121 0.15720169982326315 121
1738678853200 0.12367593569294053 122
1738678853295 0.013257848342646119 123
1738678853374 0.0029216349504676544 124
1738678853449 0.16992172210656148 125
1738678853561 0.0010645779723339561 126
1738678853632 0.03758680533889273 127
1738678853704 0.03008914529822069 128
1738678853778 0.14093463263307662 129
1738678853858 0.01159896891140545 130
1738678853964 0.0022282800950792006 131
1738678854048 0.3866499166101355 132
1738678854150 0.007223730597530965 133
1738678854229 0.028991633665841694 134
1738678854310 0.16449412618094364 135
1738678854377 0.0030000244716531623 136
1738678854450 0.0061048060297383315 137
1738678854525 0.019591842884142945 138
1738678854604 4.117275046102388e-05 139
1738678854684 0.3257587299051662 140
1738678854797 0.13570216023997703 141
1738678854884 0.027752896772567214 142
1738678854966 0.012587084919606108 143
1738678855043 0.0395480680217588 144
1738678855120 1.3396045716902705 145
1738678855193 0.00905890268737973 146
1738678855274 0.09420089594275369 147
1738678855343 0.1295923331187679 148
1738678855433 0.018802982879800145 149
1738678855513 0.025439762839540893 150
1738678855607 9.89109807240983e-08 151
1738678855695 0.019292811770962863 152
1738678855774 0.004324970388489526 153
1738678855855 0.060387746264599286 154
1738678855940 0.016856147800409116 155
1738678856019 0.06399077834242275 156
1738678856103 0.0076556473372460295 157
1738678856173 0.005633334651124824 158
1738678856234 0.410167713514118 159
1738678856320 0.0125776532132507 160
1738678856400 0.026189283239086918 161
1738678856469 0.0877791340662165 162
1738678856606 0.00631531547261265 163
1738678856690 0.00021841627967160164 164
1738678856775 0.015701884011852445 165
1738678856859 0.001180314645175253 166
1738678856974 0.03954029055547184 167
1738678857059 0.0799511638630131 168
1738678857133 0.04776976681427557 169
1738678857213 0.015854129123833088 170
1738678857321 0.017741890994512965 171
1738678857399 0.023905994848219852 172
1738678857463 0.2449711270140607 173
1738678857541 0.24976744025732586 174
1738678857619 0.01293701110234103 175
1738678857707 0.04188907311919561 176
1738678857784 0.09482873184097554 177
1738678857860 0.08037692253347675 178
1738678857927 0.0055493838086700074 179
1738678858007 0.004748666061061776 180
1738678858094 0.06075269895724619 181
1738678858182 0.00729935793558917 182
1738678858286 1.1000516629757327e-06 183
1738678858375 0.01440784469331316 184
1738678858454 0.12334367502394758 185
1738678858601 0.01135763432664934 186
1738678858677 0.05335296056464311 187
1738678858748 7.155087893241474e-05 188
1738678858813 0.0005164248400957027 189
1738678858897 0.00766456745228725 190
1738678858976 0.03133020166226187 191
1738678859057 0.5878110070932582 192
1738678859142 0.03021217916692909 193
1738678859238 0.04868305632822141 194
1738678859332 0.018908388139693717 195
1738678859428 0.009514799736312852 196
1738678859515 0.36869952008243173 197
1738678859604 0.18774611797978885 198
1738678859682 0.00013447349704898452 199
1738678859761 0.029615705626724463 200
1738678859849 0.013636772833382996 201
1738678859934 0.014270813074632195 202
1738678860018 0.011688446395845022 203
1738678860095 0.06244171800109416 204
1738678860189 0.0524685642857371 205
1738678860259 0.057459093066455164 206
1738678860340 0.011970186888897519 207
1738678860410 0.18785171266422426 208
1738678860492 0.008387994046442438 209
1738678860584 0.07144858076568456 210
1738678860666 0.7187167954385507 211
1738678860733 0.16651929529631704 212
1738678860809 0.01061922567302906 213
1738678860922 0.04689594488045482 214
1738678861002 0.03586969324229471 215
1738678861097 0.0034183929610648394 216
1738678861172 0.09747629440413798 217
1738678861247 0.03929009309053253 218
1738678861325 0.0104219136125182 219
1738678861417 0.06320798976974754 220
1738678861500 4.686141716323964e-05 221
1738678861576 0.03330063855593226 222
1738678861649 0.0006083970160616272 223
1738678861727 0.0027292022313555654 224
1738678861813 0.2209353039787918 225
1738678861892 0.0150211981862624 226
1738678861980 0.001052809867321125 227
1738678862074 0.5570122074498378 228
1738678862161 0.12387737690514715 229
1738678862248 0.17249879915476726 230
1738678862314 0.007762461869958882 231
1738678862394 0.03408303034546586 232
1738678862482 0.006347938510270543 233
1738678862573 0.020878759400664207 234
1738678862659 0.0609224874588187 235
1738678862740 0.0013114572647360912 236
1738678862817 0.3924576376803821 237
1738678862905 0.02152105223889135 238
1738678863002 0.014017821136538506 239
1738678863081 0.018295448337648127 240
1738678863160 0.004347617205329878 241
1738678863238 1.3205406617000845e-06 242
1738678863320 0.0026646146073302244 243
1738678863404 0.010183715090560914 244
1738678863494 0.1177205133887377 245
1738678863569 0.09323922475616185 246
1738678863634 0.005324768803691833 247
1738678863713 0.03247595282371911 248
1738678863787 0.19697196188255944 249
1738678863887 0.009791979387035894 250
1738678863982 0.029434152356001494 251
1738678864073 0.06369924010981531 252
1738678864150 0.09159814205086825 253
1738678864229 0.04144322819511001 254
1738678864307 0.08311094270355447 255
1738678864373 0.028340869026170057 256
1738678864458 0.08108657631879516 257
1738678864536 0.007841489648513479 258
1738678864631 0.32192837993350587 259
1738678864717 0.4336149703735479 260
1738678864796 0.005797513055771343 261
1738678864867 0.058712739630889015 262
1738678865007 0.030930932988737125 263
1738678865083 0.06325240313501851 264
1738678865170 0.00015930010733759465 265
1738678865263 0.08565774525312682 266
1738678865352 0.3592691583109317 267
1738678865432 0.02938957849897948 268
1738678865542 0.10299270004605975 269
1738678865627 0.003609031167277399 270
1738678865707 0.011003226988298951 271
1738678865780 0.9909905058891173 272
1738678865873 0.12383585224324653 273
1738678865934 0.006832349763357209 274
1738678866024 4.7088057511905144e-05 275
1738678866086 0.1316349398526772 276
1738678866162 0.0498643419252867 277
1738678866233 0.18636786895558374 278
1738678866310 0.05752598148325625 279
1738678866384 0.08125919146731903 280
1738678866472 0.04623389843159671 281
1738678866567 0.1640576618428695 282
1738678866646 0.01297733709842304 283
1738678866741 0.008736968938920677 284
1738678866824 0.4881027044384665 285
1738678866902 0.2590103586575849 286
1738678866981 0.00020269452329778312 287
1738678867063 0.0025732901592128107 288
1738678867145 0.031042032281504907 289
1738678867228 0.3277852865375543 290
1738678867308 0.024689778667246375 291
1738678867386 0.48532284843282414 292
1738678867456 0.013199496141844676 293
1738678867537 0.49625616051464516 294
1738678867610 0.05686608579893063 295
1738678867679 0.14267169082277711 296
1738678867764 0.0021887816830905445 297
1738678867846 0.037903729705950996 298
1738678867916 0.02122940713233011 299
1738678868007 6.717460866776224e-06 300
1738678868090 0.0019843628371740665 301
1738678868178 0.1345544037948089 302
1738678868243 0.06484841551914224 303
1738678868312 0.6660951025764005 304
1738678868393 0.19946132458973614 305
1738678868476 0.027636285800968777 306
1738678868566 0.00010350974577106577 307
1738678868650 0.220290528749581 308
1738678868733 0.04316862198339698 309
1738678868817 0.1368763466205564 310
1738678868900 0.1213409923662696 311
1738678868977 0.0589657891139455 312
1738678869047 0.013673133442807262 313
1738678869121 0.13100786264206896 314
1738678869200 0.007656796201741249 315
1738678869302 0.010938320351050822 316
1738678869398 0.498349342222652 317
1738678869485 0.0011172675802781195 318
1738678869550 0.11511244375937263 319
1738678869638 0.0348444414459787 320
1738678869723 0.0001804239595877566 321
1738678869800 0.020630474707908946 322
1738678869869 0.09020311049561672 323
1738678869950 0.3614359166400151 324
1738678870047 0.076843047480895 325
1738678870134 0.09868163099405827 326
1738678870211 0.0004072876861828096 327
1738678870285 0.12691880700881744 328
1738678870384 0.0016723033710455862 329
1738678870475 0.08729716037704155 330
1738678870559 0.05956808918726545 331
1738678870643 0.007889932373177802 332
1738678870725 0.0011600591852872866 333
1738678870802 0.14267967288263625 334
1738678870893 0.3214388132554238 335
1738678870961 0.08453055425285176 336
1738678871077 0.005448928364688187 337
1738678871157 0.06576750768493844 338
1738678871229 0.00015989232242170866 339
1738678871316 0.0651754183553863 340
1738678871470 0.0035092570978458248 341
1738678871564 0.014585035921580138 342
1738678871650 0.014417924926339903 343
1738678871745 0.3663393001845617 344
1738678871828 0.0055137554170772915 345
1738678871925 0.002431918108551906 346
1738678872011 0.05494337750207892 347
1738678872094 0.0012482479699969017 348
1738678872181 0.04802247757704767 349
1738678872261 0.0041341944438614275 350
1738678872332 0.038692252369276744 351
1738678872414 0.046786347557879894 352
1738678872500 0.007176996191696473 353
1738678872576 5.50895463574525e-05 354
1738678872656 0.009656484459179614 355
1738678872717 0.17611072949476478 356
1738678872808 0.030742383497542932 357
1738678872906 0.37170536638001883 358
1738678873007 0.22111077225373682 359
1738678873079 0.021455327977332427 360
1738678873147 0.00594008336778054 361
1738678873200 0.20588297871011632 362
1738678873268 0.07221970074413218 363
1738678873336 0.015493686312115854 364
1738678873412 0.0026563261268189213 365
1738678873487 0.059941296699983375 366
1738678873566 0.0030417561045446885 367
1738678873634 0.004677029741186171 368
1738678873703 0.0006649238487373479 369
1738678873799 0.01739490776301392 370
1738678873876 0.013049386440826812 371
1738678873938 0.20871192138550276 372
1738678874024 0.2752635622234182 373
1738678874096 0.02566154141593576 374
1738678874175 0.0032327984344882234 375
1738678874245 0.0002645287856356396 376
1738678874313 0.6372076729648909 377
1738678874385 0.23045959560496374 378
1738678874469 0.06227967175343779 379
1738678874564 0.0044774240502183475 380
1738678874645 0.012187767191161337 381
1738678874734 0.007275760583440272 382
1738678874817 0.036931238372705316 383
1738678874914 0.0004898926303689514 384
1738678874986 0.6586962834182035 385
1738678875071 0.001183574009025803 386
1738678875146 0.014539501453088853 387
1738678875221 0.08957246272104505 388
1738678875292 0.15621940702547737 389
1738678875376 0.00843856376463273 390
1738678875455 0.024168155563693495 391
1738678875540 6.323027938587582e-06 392
1738678875601 0.020770116306666822 393
1738678875702 0.6794485165253633 394
1738678875798 0.00742191033140398 395
1738678875876 0.027354978416033737 396
1738678875946 0.0017599192425247164 397
1738678876026 0.06738332049488432 398
1738678876109 0.05836024071424772 399
1738678876184 0.0516204949356778 400
1738678876260 0.006131418467870187 401
1738678876357 0.04915362209625661 402
1738678876443 0.0266879644687459 403
1738678876544 0.035604015967651406 404
1738678876613 0.09600306394346038 405
1738678876688 0.10139421818302767 406
1738678876776 0.03367593776117832 407
1738678876858 0.08105065218098848 408
1738678876941 0.012222890264416265 409
1738678877014 0.07073378765003265 410
1738678877100 0.1688775786373683 411
1738678877188 0.024595097564589996 412
1738678877278 0.0003913025105673467 413
1738678877359 0.005621352719217349 414
1738678877454 0.055555962716174356 415
1738678877557 0.023143501423430756 416
1738678877635 0.001391933682407336 417
1738678877733 0.03618798050422044 418
1738678877891 0.006703469944122417 419
1738678877966 0.0001483669822677933 420
1738678878051 1.6851487773356353 421
1738678878155 0.02549615635276689 422
1738678878246 0.00494984291488954 423
1738678878333 0.004598644213949199 424
1738678878412 0.0011596475300499282 425
1738678878515 0.00820832903703579 426
1738678878589 0.024936910672342213 427
1738678878683 0.22421851513716215 428
1738678878773 0.11439247071497942 429
1738678878862 0.027274438825889803 430
1738678878957 0.0002103738115664991 431
1738678879035 0.014299512226600888 432
1738678879132 0.018736875040929492 433
1738678879207 0.06440865758626216 434
1738678879373 0.19725541348057393 435
1738678879451 0.0458840889381193 436
1738678879531 0.0423521524753398 437
1738678879612 0.06462900813154905 438
1738678879698 0.37149815798950764 439
1738678879777 0.0004638368441163738 440
1738678879848 0.05673430324642574 441
1738678879940 0.05326651274512977 442
1738678880004 0.00010595063110439284 443
1738678880083 0.28387356314298995 444
1738678880155 0.0641970251322288 445
1738678880209 0.13251966762900888 446
1738678880300 0.03906660683128434 447
1738678880360 0.05208797738495024 448
1738678880446 0.02480208813377702 449
1738678880554 0.5548257598599003 450
1738678880649 0.4246613993169139 451
1738678880748 0.07250986242865684 452
1738678880807 0.17305226114863234 453
1738678880882 0.09214177673731985 454
1738678880966 0.05610293155212945 455
1738678881054 0.018852409097525946 456
1738678881132 0.004291536080430216 457
1738678881200 0.05534616650156247 458
1738678881301 0.0007057968143010454 459
1738678881363 0.008779897081868713 460
1738678881434 0.1948783725258642 461
1738678881499 0.031676705719267624 462
1738678881574 0.06104543141293577 463
1738678881651 0.04649388027876617 464
1738678881725 0.0161404589518402 465
1738678881826 0.060549042906897665 466
1738678881904 0.0013203396956760702 467
1738678882000 0.0733675701823293 468
1738678882065 0.015213285309639663 469
1738678882139 0.11177598216503584 470
1738678882200 0.008663459855924606 471
1738678882294 3.797792388651434e-05 472
1738678882359 0.0023748907865727424 473
1738678882436 0.10286998514184574 474
1738678882509 0.005356492621280567 475
1738678882563 0.0008146532502817766 476
1738678882655 0.42193356141775573 477
1738678882719 0.08574995738056154 478
1738678882795 0.02706334765053984 479
1738678882863 0.009274182216798925 480
1738678882931 0.04265178620612908 481
1738678883018 0.0060750255339355064 482
1738678883078 0.20114693977134473 483
1738678883153 0.03869539683075433 484
1738678883216 0.011862344169299939 485
1738678883312 0.15435154930041925 486
1738678883368 0.07078127533941402 487
1738678883442 0.005523119929908913 488
1738678883498 0.04594580165795565 489
1738678883554 0.04931972205260899 490
1738678883627 0.04829165065734601 491
1738678883701 0.0005110096402065414 492
1738678883764 2.3006566076929034e-05 493
1738678883827 0.05615390889261057 494
1738678883901 0.022262817560391647 495
1738678884009 0.001676269999162317 496
1738678884074 0.26791190606882365 497
1738678884136 0.02457165698049373 498
1738678884205 0.042102746036849305 499
