1738824578659 169.4806387665546 0
1738824578691 169.47869916521213 1
1738824578714 169.47676630598633 2
1738824578737 169.47484016266642 3
1738824578754 169.47292070915015 4
1738824578775 169.47100791944325 5
1738824578799 169.46910176765934 6
1738824578815 169.46720222801912 7
1738824578831 169.46530927484986 8
1738824578861 169.46342288258535 9
1738824578881 169.46154302576502 10
1738824578896 169.45966967903377 11
1738824578912 169.45780281714121 12
1738824578928 169.45594241494166 13
1738824578947 169.45408844739327 14
1738824578965 169.45224088955788 15
1738824579022 169.45039971660023 16
1738824579042 169.44856490378808 17
1738824579059 169.44673642649104 18
1738824579079 169.44491426018078 19
