1738823529192 163.84450442439768 0
1738823529216 152.82463017292648 1
1738823529243 144.77138905741643 2
1738823529268 141.17639627522672 3
1738823529297 135.6728048674062 4
1738823529317 122.74430834914448 5
1738823529339 129.2309203436819 6
1738823529362 123.03331791072405 7
1738823529391 124.49000026545457 8
1738823529417 127.93208664412202 9
1738823529438 118.09583493957506 10
1738823529457 125.05522687488038 11
1738823529473 113.23259632816551 12
1738823529493 99.41397075498595 13
1738823529511 106.55175375271793 14
1738823529533 111.52032258499246 15
1738823529589 101.95380055005869 16
1738823529693 118.51788812854637 17
1738823529773 98.59672883579397 18
1738823529806 90.88071476227344 19
1738823529822 101.50083919430038 20
1738823529836 111.69335840402395 21
1738823529851 98.11808222126247 22
1738823529869 125.10897943638015 23
1738823529886 98.99583675016963 24
1738823529902 97.58392983469058 25
1738823529922 87.413375730045 26
1738823529949 111.61506193205803 27
1738823529970 93.07965619458422 28
1738823529986 88.86541550510225 29
1738823530018 93.30279520134376 30
1738823530043 103.22750755226546 31
1738823530071 93.53641311452141 32
1738823530089 85.08159335875953 33
1738823530114 94.14298248424288 34
1738823530142 89.73153567438962 35
1738823530162 82.06716182390014 36
1738823530186 91.33417781858307 37
1738823530205 81.15821184224772 38
1738823530223 79.44718602490822 39
1738823530237 88.91055862113437 40
1738823530269 90.69604438090516 41
1738823530283 94.16257082108233 42
1738823530324 96.4108932575914 43
1738823530346 83.50126633264507 44
1738823530370 119.14500121452829 45
1738823530388 74.39915554397722 46
1738823530407 90.79491321801657 47
1738823530437 76.95434391897177 48
1738823530455 113.6326610151195 49
1738823530473 75.08908862577341 50
1738823530491 77.80272534867854 51
1738823530508 75.76582178895767 52
1738823530526 68.87133379408041 53
1738823530544 76.48699806337798 54
1738823530568 87.3545361304999 55
1738823530614 90.59234180078163 56
1738823530639 72.256755310155 57
1738823530658 75.25145826220567 58
1738823530676 83.83120928273318 59
1738823530693 76.03463869455037 60
1738823530713 77.0191309741657 61
1738823530731 98.404417861808 62
1738823530762 105.40248691440361 63
1738823530791 81.40657221145922 64
1738823530838 78.12274632908864 65
1738823530879 80.6688993226375 66
1738823530941 75.9285714660282 67
1738823531031 93.15113360826213 68
1738823531098 85.47545965412404 69
1738823531168 82.75239919846332 70
1738823531234 64.88302092712209 71
1738823531252 108.49283060077293 72
1738823531279 73.24992729108337 73
1738823531298 68.93784933896966 74
1738823531321 81.98619506028847 75
1738823531336 71.87856964844472 76
1738823531357 76.60548057872143 77
1738823531376 83.5839454516328 78
1738823531393 73.69220466752519 79
1738823531409 75.16961397155275 80
1738823531440 65.0821517126204 81
1738823531465 59.87697853517875 82
1738823531501 71.69992959846702 83
1738823531537 96.07832904304809 84
1738823531562 72.94022935876771 85
1738823531587 71.12881356328538 86
1738823531639 75.06099598541637 87
1738823531689 73.70338042200792 88
1738823531726 57.230306377293424 89
1738823531747 74.94344642719891 90
1738823531764 138.81611882289673 91
1738823531785 103.71772321035156 92
1738823531804 69.80163390285074 93
1738823531820 66.07382230753247 94
1738823531837 55.35687486246774 95
1738823531852 87.04321564155039 96
1738823531869 86.28099842194565 97
1738823531887 134.7767380751833 98
1738823531904 57.35892442719739 99
1738823531937 70.15317448044173 100
1738823531989 63.34964415475118 101
1738823532025 79.76834272428493 102
1738823532047 81.99430763627144 103
1738823532128 60.43848556400808 104
1738823532162 69.82186738233115 105
1738823532208 101.12401264678743 106
1738823532255 76.00925617373345 107
1738823532283 54.79392200843729 108
1738823532302 63.00018151972055 109
1738823532320 68.95565444020855 110
1738823532335 62.1393447296175 111
1738823532351 55.2936818588712 112
1738823532367 59.70572711320369 113
1738823532383 63.12115341030731 114
1738823532399 62.19666466636906 115
1738823532417 57.95513161791461 116
1738823532441 70.03863516936235 117
1738823532457 75.77197346907063 118
1738823532474 94.4305000152897 119
1738823532509 59.11514743802332 120
1738823532548 54.18855942669974 121
1738823532572 66.24406925113826 122
1738823532588 54.99599121646 123
1738823532617 58.92556214272457 124
1738823532634 64.39585327495688 125
1738823532657 66.19210784850121 126
1738823532677 55.97571877012888 127
1738823532698 77.10915731785647 128
1738823532723 57.66434537760531 129
1738823532740 64.6273202022919 130
1738823532758 49.82543323374386 131
1738823532777 61.30968943139948 132
1738823532799 73.51623195588179 133
1738823532821 52.48223874038644 134
1738823532842 60.68341901584115 135
1738823532872 61.54493355207878 136
1738823532913 65.94858887327926 137
1738823532948 64.54241142733846 138
1738823532990 63.3179771063043 139
1738823533077 52.207648798005394 140
1738823533112 88.3757102870897 141
1738823533146 57.51009030778664 142
1738823533165 66.58693011740263 143
1738823533184 67.82655863961448 144
1738823533203 65.01980485859443 145
1738823533219 66.80329816516917 146
1738823533240 60.71300370751477 147
1738823533258 63.65797111414023 148
1738823533276 63.19723782415685 149
1738823533292 114.7624280637767 150
1738823533310 52.84629668781008 151
1738823533326 71.91580335191753 152
1738823533342 51.86154555380734 153
1738823533359 63.135487477863514 154
1738823533377 73.66935352607337 155
1738823533395 66.90389732475174 156
1738823533414 73.25594686952017 157
1738823533432 64.30087347937591 158
1738823533454 54.126940277800884 159
1738823533477 56.24583033549051 160
1738823533498 61.03404272385079 161
1738823533514 64.70688528897433 162
1738823533531 58.54747747841672 163
1738823533547 85.73950492000887 164
1738823533563 53.402663626726124 165
1738823533578 61.651389024336815 166
1738823533593 50.021213750520495 167
1738823533607 69.03528667347649 168
1738823533622 80.41127439266438 169
1738823533637 61.366963171059204 170
1738823533652 82.01155063706767 171
1738823533668 64.87847452138169 172
1738823533681 64.52957487906068 173
1738823533697 82.76297702056173 174
1738823533711 44.55001219726737 175
1738823533728 56.09884891715739 176
1738823533764 53.04579126159929 177
1738823533806 71.38097134043018 178
1738823533834 81.00369678225259 179
1738823533851 68.81682821513357 180
1738823533872 63.328080556515104 181
1738823533889 99.37696606475987 182
1738823533907 55.48675115025294 183
1738823533982 66.02813823517933 184
1738823534025 63.090873918247475 185
1738823534046 71.07588906211285 186
1738823534064 47.93292331928905 187
1738823534080 58.602190587238134 188
1738823534097 50.93637748960112 189
1738823534114 40.99598645069739 190
1738823534130 51.55945057517929 191
1738823534146 51.47650201186954 192
1738823534162 52.64747327020326 193
1738823534177 48.067180084736364 194
1738823534199 54.576664180778046 195
1738823534235 51.446182918917486 196
1738823534259 68.19508178206375 197
1738823534279 54.4296621437824 198
1738823534301 76.38478342909777 199
1738823534322 66.49714051817239 200
1738823534342 54.236855947651144 201
1738823534364 60.142271849414534 202
1738823534387 48.70705152055942 203
1738823534411 57.20674940713775 204
1738823534431 49.35123160376323 205
1738823534454 61.635374305429934 206
1738823534477 49.58427441269603 207
1738823534500 46.60769533584787 208
1738823534518 66.28109487104788 209
1738823534538 57.63984241941552 210
1738823534557 55.85024797302837 211
1738823534573 54.879749565788536 212
1738823534592 46.90840239072044 213
1738823534616 53.10292094995531 214
1738823534639 55.70076248383212 215
1738823534660 59.00645902742791 216
1738823534675 61.471327612865764 217
1738823534697 47.96874298258409 218
1738823534715 49.65115070236766 219
1738823534737 93.97247120545589 220
1738823534760 53.83627630109044 221
1738823534786 53.07212023003104 222
1738823534803 54.174026475137346 223
1738823534824 71.76942324110692 224
1738823534844 57.48811043934504 225
1738823534867 64.14638364557425 226
1738823534889 45.51242030614539 227
1738823534907 58.77844321929137 228
1738823534924 45.43305755708268 229
1738823534947 53.109514224298984 230
1738823534963 52.051920534416084 231
1738823534979 46.233005723955635 232
1738823534995 46.44714700716383 233
1738823535015 49.653219320275156 234
1738823535030 78.75431859975384 235
1738823535046 73.97282880400572 236
1738823535059 50.185337360993934 237
1738823535078 55.24678265532366 238
1738823535096 69.2246387099336 239
1738823535116 50.016494227793 240
1738823535134 42.912655749351586 241
1738823535153 60.87025257403922 242
1738823535174 47.29325327598067 243
1738823535189 57.869302532919896 244
1738823535204 51.85060673288596 245
1738823535219 54.524927695857414 246
1738823535236 49.75705163275128 247
1738823535251 49.21334956653987 248
1738823535266 45.571939541168724 249
1738823535282 38.92398849146524 250
1738823535296 47.40607635663226 251
1738823535311 53.23729695411927 252
1738823535327 60.59998573501976 253
1738823535342 48.803630393812156 254
1738823535358 81.77166801663417 255
1738823535374 48.44345628252239 256
1738823535387 49.34344771018494 257
1738823535407 57.02396430640971 258
1738823535429 46.20596581215152 259
1738823535445 52.707842042088416 260
1738823535462 53.60980885809186 261
1738823535478 52.408698326542314 262
1738823535494 53.484747281145026 263
1738823535509 51.571476047742 264
1738823535524 48.035310026494265 265
1738823535540 44.542999117060916 266
1738823535556 50.74165247095586 267
1738823535574 51.79922613275196 268
1738823535592 73.87398872336911 269
1738823535612 46.56512111172866 270
1738823535631 46.54926600855808 271
1738823535653 51.36173629769339 272
1738823535673 36.06352280632873 273
1738823535692 50.338864980643294 274
1738823535711 47.03800400917307 275
1738823535729 61.750205651525796 276
1738823535747 56.200381501018285 277
1738823535769 75.66583676505341 278
1738823535790 49.21832292768539 279
1738823535809 36.75179270292232 280
1738823535827 62.130374691383345 281
1738823535846 58.44631862793125 282
1738823535864 68.25432458452784 283
1738823535893 54.99356865333251 284
1738823535911 51.142222101972905 285
1738823535928 40.663723622104754 286
1738823535944 53.55761036386099 287
1738823535963 50.02101473329365 288
1738823535977 71.9265538684066 289
1738823535992 54.76325016488158 290
1738823536007 52.05567330213297 291
1738823536023 60.11486095411296 292
1738823536038 42.76888525769001 293
1738823536053 77.0419594231516 294
1738823536071 65.65244765808646 295
1738823536090 45.56161706233031 296
1738823536106 43.582933484176 297
1738823536120 54.17031967757212 298
1738823536135 43.54877766691305 299
1738823536151 46.83485622337197 300
1738823536169 46.692840510431154 301
1738823536186 50.24500878021399 302
1738823536207 90.93950377610646 303
1738823536223 43.55976165312512 304
1738823536239 49.6280129474462 305
1738823536264 43.28030543210314 306
1738823536287 39.38941157513151 307
1738823536302 55.37156933893701 308
1738823536320 38.52375755594132 309
1738823536338 51.583807132738634 310
1738823536357 79.36652175360439 311
1738823536376 40.531629926033844 312
1738823536394 42.63723528687182 313
1738823536409 48.27945312416152 314
1738823536432 51.57141403316596 315
1738823536451 41.02648262102885 316
1738823536465 45.50855215903686 317
1738823536481 45.967969973119 318
1738823536497 39.69653796662083 319
1738823536513 38.42983948218111 320
1738823536529 54.50054285436865 321
1738823536544 56.30258175602222 322
1738823536556 47.34540075935338 323
1738823536575 53.22448376867938 324
1738823536595 43.872443647113485 325
1738823536613 47.729732316483755 326
1738823536634 67.16190936805256 327
1738823536652 43.37016573944434 328
1738823536670 58.79881123061689 329
1738823536690 38.59470025865557 330
1738823536711 48.33998474962301 331
1738823536726 54.10830031192826 332
1738823536745 56.988756062205105 333
1738823536764 50.802247028684256 334
1738823536786 45.53997216605344 335
1738823536803 49.44057794125089 336
1738823536819 49.79300270911143 337
1738823536839 42.707042632753854 338
1738823536860 44.68265057007668 339
1738823536877 38.41449705751111 340
1738823536900 51.454010997271645 341
1738823536916 41.84926121497632 342
1738823536934 50.77255927277427 343
1738823536951 46.11185779170461 344
1738823536967 45.925827834985085 345
1738823536987 37.5800464007126 346
1738823537003 63.58986318924238 347
1738823537018 44.16766684555131 348
1738823537033 49.59267680157209 349
1738823537049 36.44438966626065 350
1738823537068 48.77685277151883 351
1738823537102 30.019369697202443 352
1738823537122 39.32074648438094 353
1738823537139 62.84069740595566 354
1738823537157 52.67462507285175 355
1738823537175 48.31513991278891 356
1738823537194 40.53432865132194 357
1738823537213 48.564009749915115 358
1738823537232 32.84063923544211 359
1738823537251 70.78462468473234 360
1738823537268 42.75441556037564 361
1738823537287 39.395712805146296 362
1738823537306 94.36240396181823 363
1738823537319 52.54519498323258 364
1738823537334 43.159285162483755 365
1738823537348 32.017970434355234 366
1738823537363 57.70550172028632 367
1738823537378 46.51328462290564 368
1738823537392 46.84980018225686 369
1738823537408 52.34666629204604 370
1738823537436 48.803475297956716 371
1738823537457 68.62488833894233 372
1738823537477 52.83425084272486 373
1738823537493 48.36313675982509 374
1738823537513 42.15957517301232 375
1738823537532 47.594639005774205 376
1738823537548 46.30321475904202 377
1738823537567 47.41090654209454 378
1738823537585 62.6309995595196 379
1738823537603 46.43109914995142 380
1738823537619 58.30533370687954 381
1738823537640 61.40278735986368 382
1738823537663 46.74097105804432 383
1738823537688 46.00843633338691 384
1738823537702 39.649546420477186 385
1738823537718 42.19438731767594 386
1738823537734 79.25845670786597 387
1738823537748 39.681073676986095 388
1738823537763 46.51584615700009 389
1738823537780 43.48269094167187 390
1738823537795 45.80512662686204 391
1738823537811 45.02442420075024 392
1738823537829 45.50105632927056 393
1738823537846 35.14428532311838 394
1738823537865 52.75346558209506 395
1738823537885 37.826862606495474 396
1738823537902 66.4783235392534 397
1738823537923 51.318044352548036 398
1738823537939 46.166939900850515 399
1738823537953 37.765810382982224 400
1738823537967 45.94278105042129 401
1738823537982 52.43493139813478 402
1738823537996 46.8738346789754 403
1738823538013 47.65709690837982 404
1738823538030 39.30092169717093 405
1738823538047 42.06541651582565 406
1738823538062 40.883869298520956 407
1738823538078 42.84366366198758 408
1738823538093 42.242592705658026 409
1738823538108 49.93548516855774 410
1738823538123 45.894414343640065 411
1738823538138 34.93016375906376 412
1738823538153 39.81578870010788 413
1738823538168 40.03859569015041 414
1738823538185 40.14540372474425 415
1738823538202 43.25711740500793 416
1738823538221 37.67660278437694 417
1738823538236 46.72675287142303 418
1738823538254 36.96767315635515 419
1738823538269 41.76993902177767 420
1738823538294 47.35025707209131 421
1738823538314 37.93991761848903 422
1738823538331 37.03325309309552 423
1738823538349 34.29884914790272 424
1738823538364 40.24461065187769 425
1738823538380 46.634699661184 426
1738823538399 41.36226365776415 427
1738823538419 37.49457942040051 428
1738823538437 43.16240975354509 429
1738823538457 65.39158225038676 430
1738823538475 39.36495980746283 431
1738823538495 39.07282953032879 432
1738823538510 40.29070841167859 433
1738823538530 40.323336175322325 434
1738823538547 43.78372384028743 435
1738823538564 48.753379381310296 436
1738823538582 49.023808033980124 437
1738823538599 38.580778876657874 438
1738823538624 60.91778088561672 439
1738823538643 42.80346847438669 440
1738823538664 35.07495539332265 441
1738823538686 39.04959218404909 442
1738823538708 33.90616210469505 443
1738823538729 38.801399040441694 444
1738823538758 53.80869195103322 445
1738823538784 41.96126960935683 446
1738823538804 55.64098759853388 447
1738823538823 40.55301308101095 448
1738823538845 41.93268155051873 449
1738823538864 40.64922392644535 450
1738823538890 42.83690815374763 451
1738823538912 70.54702409868045 452
1738823538940 52.2486521816733 453
1738823538956 41.61340619617851 454
1738823538975 42.26321362054043 455
1738823538993 37.580170770007165 456
1738823539016 56.5885047268364 457
1738823539035 37.879874770299445 458
1738823539054 42.48757314903323 459
1738823539073 65.83009930551084 460
1738823539094 43.382471398888555 461
1738823539114 64.42992174275169 462
1738823539139 48.676419675436726 463
1738823539157 26.85529923895957 464
1738823539180 29.726415102116942 465
1738823539203 40.06441230944622 466
1738823539224 43.22311248387653 467
1738823539241 43.95491192106169 468
1738823539264 33.69538616968747 469
1738823539290 38.1004873840282 470
1738823539312 32.469653254839535 471
1738823539331 38.20510878915714 472
1738823539357 62.60783886702017 473
1738823539377 60.858962534536936 474
1738823539398 32.07830428076763 475
1738823539423 36.80953452365209 476
1738823539444 54.870631199686414 477
1738823539463 48.67911685917395 478
1738823539479 32.14329077174137 479
1738823539496 34.95050203618839 480
1738823539515 60.29772180931035 481
1738823539532 32.89668760106779 482
1738823539552 35.1480354716193 483
1738823539575 41.99515331529659 484
1738823539597 38.889492613643036 485
1738823539622 49.84376154265444 486
1738823539644 31.413451490309384 487
1738823539664 39.36662947846842 488
1738823539687 36.234533910991175 489
1738823539710 37.45466412110049 490
1738823539730 48.589913082499095 491
1738823539756 41.496158401860704 492
1738823539776 37.27852448371116 493
1738823539797 40.42736203510437 494
1738823539816 37.84284436351267 495
1738823539834 28.698916686493977 496
1738823539852 47.18730069688164 497
1738823539867 39.36906986296964 498
1738823539882 54.488957775059006 499
