1738825388803 190.4920131855737 0
1738825388838 198.0244685025147 1
1738825388871 155.56071521320087 2
1738825388905 175.57325813927162 3
1738825388938 163.02738330448972 4
1738825388973 162.56892588416125 5
1738825389011 185.65120865077034 6
1738825389045 142.5260567585452 7
1738825389079 182.7732129270641 8
1738825389112 152.53135510320706 9
1738825389145 163.20025089657747 10
1738825389179 157.43784858578206 11
1738825389212 137.08126854647446 12
1738825389245 177.7779936355352 13
1738825389278 160.69419089477068 14
1738825389311 190.9488104240861 15
1738825389345 175.89824526920307 16
1738825389379 183.6831880846372 17
1738825389412 201.7816695633508 18
1738825389444 179.76900821514968 19
1738825389478 148.22238725650746 20
1738825389511 136.13823067837316 21
1738825389544 196.65032795716542 22
1738825389578 172.1293969897701 23
1738825389612 183.59554142191985 24
1738825389646 216.38659185518284 25
1738825389680 182.23017268161317 26
1738825389713 149.9276044770264 27
1738825389747 183.16605463788488 28
1738825389780 179.59416766035852 29
1738825389813 162.61380263842076 30
1738825389846 181.5712677591439 31
1738825389880 163.74220988114055 32
1738825389913 194.9419905494387 33
1738825389946 155.31074244212346 34
1738825389979 178.62453568031998 35
1738825390012 179.78363840022175 36
1738825390045 167.1752286694112 37
1738825390080 166.94677263522803 38
1738825390113 138.4416688405366 39
1738825390147 143.17991105700344 40
1738825390180 166.2002581347694 41
1738825390214 180.44058401335246 42
1738825390248 172.01017130219722 43
1738825390281 165.2678143609576 44
1738825390314 170.61205290609396 45
1738825390347 164.32711996332995 46
1738825390379 144.81628354505503 47
1738825390413 157.87316612774617 48
1738825390446 144.19344513734066 49
1738825390479 190.46932009014714 50
1738825390512 184.90115824353913 51
1738825390545 179.90072233195278 52
1738825390579 175.55424236502577 53
1738825390614 176.179828016319 54
1738825390648 156.64101316830093 55
1738825390681 222.20388860677073 56
1738825390714 154.22831844353865 57
1738825390748 167.05131675933137 58
1738825390781 177.90198090911622 59
1738825390815 170.2091988536388 60
1738825390849 190.17180554499788 61
1738825390882 195.88140300208377 62
1738825390915 150.14004628159827 63
1738825390949 141.51947679439894 64
1738825390982 164.0477869358409 65
1738825391015 170.786175228767 66
1738825391048 163.97314385835836 67
1738825391081 165.9451568171363 68
1738825391114 169.8915806233038 69
1738825391147 181.1391307584955 70
1738825391181 174.82786914587422 71
1738825391216 143.2113625010563 72
1738825391252 190.00021397343673 73
1738825391286 152.32846993932912 74
1738825391325 178.25661998908586 75
1738825391360 194.09040521811497 76
1738825391396 184.82757178383505 77
1738825391429 124.64330761677708 78
1738825391462 177.56797120173124 79
1738825391497 180.65754714775923 80
1738825391532 176.33584058996536 81
1738825391565 178.84289014018742 82
1738825391598 169.68164766223853 83
1738825391632 174.62839234656553 84
1738825391665 167.96751061622214 85
1738825391698 144.8347040831828 86
1738825391731 176.38449532639342 87
1738825391764 211.68765937203662 88
1738825391798 157.3661521114532 89
1738825391831 180.2569004931373 90
1738825391865 178.39692201104197 91
1738825391898 144.97265899457395 92
1738825391931 142.76234710300088 93
1738825391964 175.82267885247714 94
1738825391997 181.96684421600364 95
1738825392030 168.28410382636875 96
1738825392063 170.16331899233504 97
1738825392097 170.5367994978439 98
1738825392130 164.44506981459406 99
1738825392163 165.3773678476839 100
1738825392198 190.20986353831077 101
1738825392233 166.04270048591573 102
1738825392266 167.4174928446427 103
1738825392299 137.18922112790588 104
1738825392333 170.7514200266738 105
1738825392366 166.91044453330855 106
1738825392399 166.96059870347037 107
1738825392432 140.09516696362203 108
1738825392465 145.2084271416067 109
1738825392499 167.2597120458001 110
1738825392532 157.28342588376955 111
1738825392565 196.1519909670455 112
1738825392598 177.11390212090961 113
1738825392631 198.63706278930454 114
1738825392664 148.57264583390108 115
1738825392697 160.99482132826077 116
1738825392731 170.26544116028364 117
1738825392764 167.69636253965766 118
1738825392798 158.0904547680772 119
1738825392833 172.87087914215383 120
1738825392866 178.62879214281847 121
1738825392900 169.07537265994546 122
1738825392934 143.35699072710779 123
1738825392967 193.29119624442907 124
1738825393000 175.4254216220562 125
1738825393034 208.35833511018166 126
1738825393067 182.15565266465194 127
1738825393100 187.68439789740833 128
1738825393133 183.81709058446867 129
1738825393166 173.0919924958921 130
1738825393200 161.4577040057829 131
1738825393233 187.41952598326804 132
1738825393266 177.99479546630437 133
1738825393299 177.53258501690098 134
1738825393333 165.87048792604543 135
1738825393366 213.26238669913596 136
1738825393399 177.42340114338876 137
1738825393433 182.01580192739934 138
1738825393466 176.30178775190365 139
1738825393499 172.33731817571197 140
1738825393532 172.571632380487 141
1738825393565 135.07325119579065 142
1738825393598 139.47051914828384 143
1738825393630 122.40356455578137 144
1738825393664 183.2032693608289 145
1738825393697 179.90481596716654 146
1738825393730 165.52814848583844 147
1738825393763 177.47390788567026 148
1738825393796 166.26515965428257 149
1738825393829 172.94499214687238 150
1738825393862 179.37554053836377 151
1738825393895 145.880906042305 152
1738825393928 174.75193079249732 153
1738825393962 147.91010680558946 154
1738825393995 199.56956566362192 155
1738825394028 152.60460201314712 156
1738825394061 186.48179071177944 157
1738825394094 173.17277437580557 158
1738825394127 187.72035772777053 159
1738825394160 152.06856488203402 160
1738825394193 166.03360297579349 161
1738825394226 182.55462873011507 162
1738825394259 180.12551354635684 163
1738825394292 168.89628669129877 164
1738825394326 158.66954092017718 165
1738825394360 190.02731432828568 166
1738825394393 171.70522656347893 167
1738825394428 167.9944206626719 168
1738825394462 121.37020289076065 169
1738825394495 180.12796005489318 170
1738825394528 157.7744649946618 171
1738825394561 136.2673875712517 172
1738825394594 171.1886427830285 173
1738825394628 173.10906626248394 174
1738825394661 177.54046092117756 175
1738825394694 175.3389382648086 176
1738825394727 185.74554108796755 177
1738825394761 175.79567801461107 178
1738825394794 185.5423924557834 179
1738825394827 167.14758227217658 180
1738825394861 172.83659594076425 181
1738825394894 179.628311387971 182
1738825394928 157.91763012419884 183
1738825394961 172.70655748005362 184
1738825394994 177.18660619816905 185
1738825395028 173.44573127278258 186
1738825395061 146.31325072433754 187
1738825395094 187.86822697359693 188
1738825395127 175.34580193180452 189
1738825395160 176.03002322976218 190
1738825395193 163.0841359947793 191
1738825395227 178.8554377136094 192
1738825395260 168.21632999184305 193
1738825395293 162.18195436763475 194
1738825395326 160.62757889764822 195
1738825395359 181.63367726850817 196
1738825395393 176.16306945918166 197
1738825395426 182.81608437870275 198
1738825395459 179.8370667807729 199
1738825395492 162.33279582315802 200
1738825395525 172.83988450943866 201
1738825395558 156.08920737285374 202
1738825395591 173.52685024050052 203
1738825395624 181.08044974906255 204
1738825395657 177.04795409917443 205
1738825395690 176.86819240111225 206
1738825395723 186.4759951288857 207
1738825395756 179.28267766831064 208
1738825395789 158.66052399153543 209
1738825395823 189.77986484921067 210
1738825395856 147.51440492619548 211
1738825395889 161.44031558669934 212
1738825395922 158.18465513773836 213
1738825395955 162.8617062210445 214
1738825395988 182.87018017023695 215
1738825396022 172.62286232444526 216
1738825396055 170.30359367829666 217
1738825396087 182.74454452561196 218
1738825396121 171.20859593702235 219
1738825396154 186.27739779306359 220
1738825396187 167.66937388898302 221
1738825396221 178.42174247258168 222
1738825396255 158.53207758307167 223
1738825396288 176.46125541388804 224
1738825396321 171.5469693213943 225
1738825396355 167.62218995664318 226
1738825396388 190.0600510611889 227
1738825396421 159.2574277311885 228
1738825396454 178.82693641957758 229
1738825396488 129.70796388109065 230
1738825396522 186.23900225078228 231
1738825396555 178.65543696532532 232
1738825396588 133.1910532021291 233
1738825396621 188.58870142537688 234
1738825396655 177.65573228973005 235
1738825396688 181.4345191582297 236
1738825396721 158.03034961095014 237
1738825396754 176.88727194958867 238
1738825396788 160.89220989607097 239
1738825396822 171.06072000676056 240
1738825396855 176.39356533075528 241
1738825396888 142.2213527061061 242
1738825396921 174.9762695798839 243
1738825396954 190.572434989622 244
1738825396987 177.67762862657588 245
1738825397021 178.23731696081762 246
1738825397054 179.12284411452234 247
1738825397087 179.09471364074668 248
1738825397120 144.97293904847018 249
1738825397154 173.46788681049023 250
1738825397187 176.79756613857296 251
1738825397220 191.91766598684282 252
1738825397253 163.98695380298537 253
1738825397286 140.22742108994473 254
1738825397319 167.90497528460816 255
1738825397351 173.9595917631212 256
1738825397384 188.7403524384916 257
1738825397418 201.97469080195614 258
1738825397451 178.07793220081405 259
1738825397485 152.99970382195718 260
1738825397517 183.14902257998125 261
1738825397550 195.69034972434824 262
1738825397583 163.13880922673118 263
1738825397616 141.08838011729958 264
1738825397649 179.0988668744423 265
1738825397682 188.5375192113958 266
1738825397715 163.44712944327966 267
1738825397749 176.9230391434343 268
1738825397782 145.88018997101577 269
1738825397815 152.30040280128813 270
1738825397849 152.8650718174241 271
1738825397882 175.1078944029958 272
1738825397915 171.4497355633985 273
1738825397948 130.2488407978134 274
1738825397981 147.58153340435936 275
1738825398014 154.9272039701619 276
1738825398047 163.5169752959768 277
1738825398081 166.73211543068234 278
1738825398113 173.7091248669493 279
1738825398146 141.94003727942686 280
1738825398180 182.6714090758055 281
1738825398213 181.15060091377066 282
1738825398246 168.69249344288713 283
1738825398279 161.87489649609677 284
1738825398312 172.65811791025953 285
1738825398345 178.87011214718143 286
1738825398379 151.7396896753099 287
1738825398412 162.4593225864019 288
1738825398445 154.7324961956814 289
1738825398478 172.1069388203701 290
1738825398511 177.76127941504174 291
1738825398544 140.9250661796171 292
1738825398577 158.85971157587807 293
1738825398612 174.94749149915663 294
1738825398646 175.3583561573927 295
1738825398679 178.69018521681735 296
1738825398712 185.44994958339564 297
1738825398746 174.3686237443756 298
1738825398782 151.6288898103602 299
1738825398821 158.28738103005168 300
1738825398855 149.33622244636854 301
1738825398888 139.2205433470379 302
1738825398922 177.89102831557113 303
1738825398955 149.5574241284904 304
1738825398988 159.07010773631217 305
1738825399022 186.78750963035597 306
1738825399055 168.1196455163346 307
1738825399089 191.36672314061323 308
1738825399122 182.3678832420753 309
1738825399155 169.70803295014233 310
1738825399188 134.42725401825433 311
1738825399221 171.16779461167692 312
1738825399254 168.0742848305587 313
1738825399288 166.509029362517 314
1738825399321 169.082383637502 315
1738825399354 177.4950595038931 316
1738825399387 173.01594839575702 317
1738825399420 164.15816545178254 318
1738825399453 142.0980560154449 319
1738825399487 171.7925338669163 320
1738825399520 148.05100619096586 321
1738825399553 165.16826025592965 322
1738825399585 168.4349449716906 323
1738825399619 167.6003542816459 324
1738825399652 173.80916585595475 325
1738825399685 165.4048312402574 326
1738825399718 185.07070181446528 327
1738825399751 152.35600840484264 328
1738825399784 187.61279740385189 329
1738825399817 151.5851270979728 330
1738825399850 179.8645238022555 331
1738825399884 186.76788771584165 332
1738825399917 159.31961313577 333
1738825399950 164.99843362125557 334
1738825399983 138.76406148926813 335
1738825400016 161.0739104215388 336
1738825400050 181.74029019959647 337
1738825400083 179.23823991795973 338
1738825400117 168.09673624536345 339
1738825400150 177.112631227029 340
1738825400183 179.3693039762744 341
1738825400216 173.85379154083674 342
1738825400249 175.37923658592885 343
1738825400282 160.00071418654883 344
1738825400316 152.31030525193412 345
1738825400349 171.0884049010357 346
1738825400382 130.24057560769526 347
1738825400415 165.00617016422754 348
1738825400448 165.3265641143736 349
1738825400494 174.60908468993784 350
1738825400532 173.56547806394957 351
1738825400568 123.55525146961146 352
1738825400604 180.1047574611667 353
1738825400640 175.32126776612512 354
1738825400677 177.04936530123882 355
1738825400713 183.1168409290652 356
1738825400749 184.03617678638358 357
1738825400786 182.82781727774437 358
1738825400822 179.9114281880812 359
1738825400858 125.21609797503608 360
1738825400894 182.85756875031026 361
1738825400930 164.51380325978562 362
1738825400967 201.15087221549248 363
1738825401003 175.22423918550683 364
1738825401039 187.12900243652308 365
1738825401076 154.1652550220412 366
1738825401112 170.72769528396276 367
1738825401147 177.64500189986316 368
1738825401184 135.8844959243822 369
1738825401220 178.41152802963086 370
1738825401257 154.4223697118834 371
1738825401293 182.3392084619892 372
1738825401329 174.41400071484847 373
1738825401367 167.41215580149614 374
1738825401403 191.78047281561746 375
1738825401439 195.53808771438835 376
1738825401475 174.13889794589082 377
1738825401511 167.37396752835102 378
1738825401546 165.46520082701835 379
1738825401582 173.99773639587914 380
1738825401619 165.20895827297826 381
1738825401657 162.72161459038807 382
1738825401693 189.80245559708916 383
1738825401730 162.8698841627001 384
1738825401766 158.4435803079663 385
1738825401802 170.67286347096638 386
1738825401838 168.0789404645901 387
1738825401873 181.86412490295953 388
1738825401906 188.43035530221812 389
1738825401939 179.33775951704263 390
1738825401973 171.31573010468495 391
1738825402006 168.24713034615573 392
1738825402040 176.0957419619009 393
1738825402073 141.12202527369942 394
1738825402106 154.19120698401466 395
1738825402139 172.19876503643908 396
1738825402172 167.19557608715036 397
1738825402206 165.74833740723295 398
1738825402239 188.232404933498 399
1738825402272 178.01895393209364 400
1738825402305 145.40628785585662 401
1738825402339 161.40888592900617 402
1738825402372 162.9412112346246 403
1738825402405 175.6646264546552 404
1738825402438 201.16289420333655 405
1738825402471 168.49606913915824 406
1738825402504 184.49888190496657 407
1738825402538 174.3895828374153 408
1738825402571 189.70644638033104 409
1738825402604 166.68693779121512 410
1738825402637 187.96450466671888 411
1738825402670 203.00642035256092 412
1738825402703 170.5942667451258 413
1738825402736 176.2910607917543 414
1738825402769 164.88662264153422 415
1738825402802 171.79111307411827 416
1738825402837 157.6194278684792 417
1738825402871 145.4955234918387 418
1738825402905 177.68036141868464 419
1738825402938 165.61580120544593 420
1738825402971 173.23691425486427 421
1738825403005 150.57809864822184 422
1738825403039 166.6827017528771 423
1738825403073 183.91764360700543 424
1738825403107 169.6084508857489 425
1738825403140 177.19848270104887 426
1738825403174 173.02517930867398 427
1738825403207 156.0767633496304 428
1738825403240 176.27964431956906 429
1738825403273 176.0459217461595 430
1738825403306 174.30031818417714 431
1738825403340 173.1711229174067 432
1738825403373 172.07607796808603 433
1738825403406 181.55512203322763 434
1738825403439 150.78945229647633 435
1738825403472 173.74087140014964 436
1738825403506 173.1793070965365 437
1738825403539 165.85187511571124 438
1738825403572 171.3018477366475 439
1738825403605 140.45332277807944 440
1738825403639 175.67990589450116 441
1738825403672 189.82589495492783 442
1738825403705 171.29694286332773 443
1738825403738 170.16908137605222 444
1738825403771 195.27121916659047 445
1738825403804 156.0355859141362 446
1738825403837 180.93052388838518 447
1738825403870 175.9895346433822 448
1738825403903 162.93628667054773 449
1738825403936 175.77630740981732 450
1738825403969 175.48782408527035 451
1738825404002 185.50071743388852 452
1738825404035 165.1628905851946 453
1738825404068 136.16723450309857 454
1738825404101 177.95085411366574 455
1738825404134 175.74913736832693 456
1738825404167 141.70229935132426 457
1738825404200 186.66594179178688 458
1738825404233 179.94509696283316 459
1738825404266 179.3515488029114 460
1738825404299 138.6944600045831 461
1738825404333 164.4625583262712 462
1738825404366 141.72277532386437 463
1738825404399 193.96321596483605 464
1738825404433 163.0542722454081 465
1738825404466 180.5564407934755 466
1738825404499 185.43339838014958 467
1738825404532 171.97295754849293 468
1738825404565 177.4738063783068 469
1738825404598 152.99493134192272 470
1738825404632 162.92260133196606 471
1738825404665 169.65487348112035 472
1738825404698 189.67197589851048 473
1738825404730 159.0811112600616 474
1738825404764 169.49795262619168 475
1738825404796 180.3375848747976 476
1738825404830 146.08184192138367 477
1738825404862 151.5453097309899 478
1738825404896 179.1014587026196 479
1738825404929 168.80503670920976 480
1738825404963 193.19845949594233 481
1738825404997 173.52122468681844 482
1738825405030 181.49817769615348 483
1738825405063 168.16331260491805 484
1738825405096 175.6735291874824 485
1738825405130 181.3961658340476 486
1738825405163 155.48311764539434 487
1738825405198 114.83295053025363 488
1738825405232 164.45516047120518 489
1738825405265 168.984058757475 490
1738825405299 166.69949664805253 491
1738825405333 162.94217225853725 492
1738825405366 169.19430066255106 493
1738825405399 167.93336619342534 494
1738825405433 167.07658500826852 495
1738825405466 151.8337847475937 496
1738825405499 154.4963169884256 497
1738825405533 162.27924087021458 498
1738825405566 175.72458350170768 499
