1738677556521 173.345486199514 0
1738677556545 156.50626064416798 1
1738677556571 144.9629915339238 2
1738677556591 136.7943430971282 3
1738677556612 130.79651005981543 4
1738677556634 126.21340010812516 5
1738677556665 122.56845498733666 6
1738677556681 119.55980604620483 7
1738677556707 116.99489736221729 8
1738677556727 114.74970512293746 9
1738677556753 112.74328685396974 10
1738677556775 110.92188639532478 11
1738677556799 109.24899653233653 12
1738677556821 107.6991370347013 13
1738677556837 106.25395068457476 14
1738677556853 104.89974629652 15
1738677556871 103.62594576130127 16
1738677556893 102.42409655890542 17
1738677556907 101.28723857531631 18
1738677556925 100.20949345259858 19
1738677556942 99.18579419084914 20
1738677556956 98.21170357393429 21
1738677556980 97.28328923111091 22
1738677556994 96.39703514930534 23
1738677557014 95.54977694252646 24
1738677557040 94.73865286458852 25
1738677557060 93.96106547773479 26
1738677557080 93.21465072266425 27
1738677557098 92.49725228606931 28
1738677557110 91.8068998864029 29
1738677557127 91.1417905569891 30
1738677557140 90.5002722974185 31
1738677557154 89.88082965157386 32
1738677557167 89.28207089241104 33
1738677557183 88.70271657399795 34
1738677557199 88.14158926543841 35
1738677557216 87.59760431866617 36
1738677557235 87.06976154863295 37
1738677557255 86.55713772388499 38
1738677557272 86.0588797802894 39
1738677557292 85.57419868224045 40
1738677557315 85.10236386501361 41
1738677557332 84.64269819966758 42
1738677557348 84.19457342843054 43
1738677557368 83.75740602412804 44
1738677557385 83.33065343210112 45
1738677557398 82.91381065736137 46
1738677557418 82.50640716353293 47
1738677557433 82.10800405351088 48
1738677557451 81.71819150478211 49
1738677557465 81.3365864350516 50
1738677557480 80.96283037623442 51
1738677557498 80.59658753704127 52
1738677557513 80.23754303633403 53
1738677557530 79.88540129117631 54
1738677557547 79.53988454507856 55
1738677557564 79.20073152335239 56
1738677557580 78.86769620376182 57
1738677557595 78.5405466918071 58
1738677557621 78.21906419100695 59
1738677557642 77.9030420594766 60
1738677557665 77.59228494493468 61
1738677557699 77.2866079910275 62
1738677557725 76.98583610853873 63
1738677557744 76.68980330566491 64
1738677557775 76.3983520720903 65
1738677557787 76.11133281209216 66
1738677557803 75.82860332235751 67
1738677557816 75.55002831059763 68
1738677557834 75.27547895141161 69
1738677557859 75.0048324761825 70
1738677557877 74.7379717940855 71
1738677557891 74.4747851415588 72
1738677557906 74.21516575783009 73
1738677557934 73.95901158431197 74
1738677558029 73.7062249858783 75
1738677558048 73.4567124922133 76
1738677558065 73.21038455758826 77
1738677558082 72.96715533756674 78
1738677558103 72.72694248127445 79
1738677558130 72.48966693798853 80
1738677558144 72.25525277691166 81
1738677558172 72.02362701909553 82
1738677558211 71.7947194805671 83
1738677558227 71.56846262579381 84
1738677558243 71.34479143069727 85
1738677558258 71.12364325449204 86
1738677558278 70.90495771968772 87
1738677558301 70.68867659964751 88
1738677558320 70.47474371314738 89
1738677558335 70.26310482542507 90
1738677558437 70.05370755525122 91
1738677558476 69.84650128759162 92
1738677558491 69.64143709146526 93
1738677558511 69.43846764263402 94
1738677558526 69.23754715078891 95
1738677558541 69.03863129092389 96
1738677558555 68.84167713861267 97
1738677558570 68.64664310892577 98
1738677558585 68.45348889874504 99
1738677558598 68.26217543225152 100
1738677558612 68.0726648093797 101
1738677558629 67.88492025704547 102
1738677558643 67.69890608297104 103
1738677558660 67.51458763194152 104
1738677558686 67.33193124434064 105
1738677558736 67.1509042168239 106
1738677558807 66.97147476499757 107
1738677558825 66.79361198798088 108
1738677558839 66.61728583473815 109
1738677558856 66.44246707207434 110
1738677558870 66.26912725419587 111
1738677558883 66.09723869374457 112
1738677558899 65.92677443421903 113
1738677558919 65.7577082237034 114
1738677558934 65.59001448982902 115
1738677558953 65.42366831589882 116
1738677558970 65.25864541810962 117
1738677558989 65.0949221238108 118
1738677559006 64.9324753507427 119
1738677559022 64.77128258720077 120
1738677559038 64.6113218730756 121
1738677559055 64.45257178172159 122
1738677559070 64.29501140261034 123
1738677559085 64.138620324727 124
1738677559103 63.983378620671054 125
1738677559146 63.82926683142451 126
1738677559163 63.67626595175361 127
1738677559179 63.5243574162112 128
1738677559192 63.37352308570981 129
1738677559206 63.223745234636304 130
1738677559226 63.07500653848139 131
1738677559242 62.927290061958544 132
1738677559256 62.780579247588115 133
1738677559271 62.63485790472422 134
1738677559285 62.49011019900287 135
1738677559299 62.34632064219132 136
1738677559313 62.203474082419426 137
1738677559328 62.06155569477514 138
1738677559346 61.92055097224697 139
1738677559361 61.78044571699762 140
1738677559376 61.64122603195301 141
1738677559393 61.50287831269302 142
1738677559406 61.36538923962962 143
1738677559420 61.22874577045989 144
1738677559437 61.092935132881536 145
1738677559452 60.9579448175594 146
1738677559466 60.82376257133177 147
1738677559481 60.69037639064623 148
1738677559496 60.55777451521516 149
1738677559510 60.42594542188139 150
1738677559528 60.29487781868511 151
1738677559542 60.164560639123685 152
1738677559557 60.03498303659614 153
1738677559571 59.90613437902481 154
1738677559584 59.778004243646954 155
1738677559596 59.65058241196912 156
1738677559608 59.52385886487797 157
1738677559621 59.39782377790143 158
1738677559633 59.27246751661357 159
1738677559647 59.1477806321784 160
1738677559660 59.02375385702655 161
1738677559673 58.90037810065991 162
1738677559688 58.7776444455794 163
1738677559703 58.65554414333109 164
1738677559718 58.53406861066619 165
1738677559733 58.4132094258108 166
1738677559752 58.29295832484116 167
1738677559774 58.17330719816083 168
1738677559789 58.05424808707563 169
1738677559811 57.935773180463435 170
1738677559825 57.817874811534786 171
1738677559845 57.700545454681695 172
1738677559861 57.58377772241105 173
1738677559881 57.46756436236008 174
1738677559899 57.35189825439083 175
1738677559913 57.23677240776096 176
1738677559927 57.122179958368335 177
1738677559940 57.00811416606708 178
1738677559960 56.89456841205233 179
1738677559976 56.781536196311855 180
1738677559989 56.669011135142085 181
1738677560003 56.55698695872659 182
1738677560020 56.44545750877493 183
1738677560046 56.3344167362201 184
1738677560059 56.22385869897242 185
1738677560075 56.113777559728625 186
1738677560091 56.00416758383379 187
1738677560107 55.8950231371951 188
1738677560122 55.786338684245464 189
1738677560159 55.67810878595563 190
1738677560173 55.57032809789335 191
1738677560185 55.46299136832818 192
1738677560198 55.356093436380675 193
1738677560210 55.249629230214346 194
1738677560225 55.14359376526972 195
1738677560242 55.0379821425387 196
1738677560255 54.9327895468785 197
1738677560268 54.82801124536385 198
1738677560280 54.72364258567642 199
1738677560294 54.6196789945305 200
1738677560305 54.51611597613385 201
1738677560317 54.41294911068282 202
1738677560331 54.310174052890844 203
1738677560347 54.207786530549306 204
1738677560388 54.10578234311994 205
1738677560402 54.0041573603581 206
1738677560415 53.90290752096582 207
1738677560430 53.80202883127406 208
1738677560443 53.70151736395339 209
1738677560457 53.60136925675233 210
1738677560470 53.50158071126248 211
1738677560483 53.40214799171023 212
1738677560496 53.303067423773804 213
1738677560510 53.20433539342543 214
1738677560524 53.10594834579776 215
1738677560537 53.00790278407419 216
1738677560550 52.91019526840215 217
1738677560563 52.81282241482918 218
1738677560575 52.71578089426095 219
1738677560586 52.619067431440854 220
1738677560598 52.52267880395057 221
1738677560610 52.426611841231235 222
1738677560622 52.3308634236245 223
1738677560634 52.23543048143324 224
1738677560647 52.140309994001356 225
1738677560660 52.0454989888122 226
1738677560672 51.95099454060522 227
1738677560685 51.85679377051047 228
1738677560699 51.76289384520042 229
1738677560712 51.66929197605883 230
1738677560726 51.57598541836621 231
1738677560740 51.482971470501575 232
1738677560754 51.39024747315999 233
1738677560767 51.29781080858566 234
1738677560780 51.20565889982028 235
1738677560790 51.11378920996609 236
1738677560804 51.02219924146355 237
1738677560816 50.93088653538309 238
1738677560828 50.839848670730895 239
1738677560842 50.749083263768135 240
1738677560854 50.65858796734361 241
1738677560865 50.56836047023918 242
1738677560877 50.47839849652817 243
1738677560887 50.38869980494608 244
1738677560898 50.29926218827344 245
1738677560910 50.21008347273069 246
1738677560921 50.12116151738466 247
1738677560933 50.03249421356647 248
1738677560946 49.94407948430066 249
1738677560959 49.85591528374521 250
1738677560971 49.76799959664229 251
1738677560985 49.680330437779524 252
1738677561000 49.59290585146149 253
1738677561016 49.5057239109913 254
1738677561029 49.41878271816209 255
1738677561048 49.33208040275804 256
1738677561063 49.245615122064876 257
1738677561076 49.15938506038975 258
1738677561090 49.07338842859 259
1738677561102 48.987623463611 260
1738677561115 48.90208842803244 261
1738677561129 48.81678160962344 262
1738677561143 48.73170132090573 263
1738677561169 48.64684589872524 264
1738677561183 48.562213703831546 265
1738677561196 48.47780312046529 266
1738677561210 48.39361255595318 267
1738677561224 48.30964044031066 268
1738677561239 48.22588522585185 269
1738677561252 48.14234538680686 270
1738677561266 48.059019418946065 271
1738677561279 47.97590583921151 272
1738677561293 47.89300318535489 273
1738677561307 47.81031001558253 274
1738677561321 47.727824908206635 275
1738677561334 47.64554646130317 276
1738677561348 47.56347329237591 277
1738677561360 47.481604038026724 278
1738677561372 47.399937353631884 279
1738677561385 47.318471913024375 280
1738677561399 47.237206408181954 281
1738677561412 47.1561395489209 282
1738677561426 47.07527006259544 283
1738677561439 46.994596693802656 284
1738677561451 46.914118204092624 285
1738677561463 46.833833371684044 286
1738677561477 46.753740991184884 287
1738677561490 46.67383987331817 288
1738677561502 46.594128844652744 289
1738677561514 46.51460674733882 290
1738677561527 46.4352724388485 291
1738677561540 46.356124791720795 292
1738677561552 46.27716269331139 293
1738677561565 46.19838504554682 294
1738677561578 46.119790764683124 295
1738677561590 46.04137878106889 296
1738677561602 45.963148038912436 297
1738677561622 45.88509749605333 298
1738677561632 45.80722612373783 299
1738677561644 45.72953290639851 300
1738677561658 45.652016841437764 301
1738677561670 45.57467693901511 302
1738677561682 45.497512221838456 303
1738677561696 45.4205217249589 304
1738677561710 45.34370449556936 305
1738677561724 45.26705959280664 306
1738677561738 45.19058608755717 307
1738677561752 45.11428306226602 308
1738677561766 45.038149610749464 309
1738677561781 44.962184838010735 310
1738677561794 44.88638786005916 311
1738677561808 44.810757803732415 312
1738677561822 44.735293806521916 313
1738677561836 44.659995016401375 314
1738677561850 44.58486059165824 315
1738677561864 44.50988970072825 316
1738677561875 44.43508152203281 317
1738677561889 44.36043524381924 318
1738677561902 44.28595006400384 319
1738677561916 44.2116251900177 320
1738677561929 44.137459838655204 321
1738677561943 44.063453235925216 322
1738677561957 43.9896046169048 323
1738677561970 43.91591322559561 324
1738677561984 43.84237831478261 325
1738677561999 43.768999145895435 326
1738677562016 43.695774988872074 327
1738677562040 43.62270512202489 328
1738677562055 43.54978883190907 329
1738677562070 43.477025413193225 330
1738677562083 43.404414168532384 331
1738677562106 43.33195440844308 332
1738677562123 43.25964545118056 333
1738677562139 43.187486622618295 334
1738677562158 43.115477256129324 335
1738677562176 43.04361669246987 336
1738677562194 42.97190427966481 337
1738677562209 42.90033937289518 338
1738677562223 42.82892133438761 339
1738677562242 42.75764953330556 340
1738677562256 42.68652334564266 341
1738677562270 42.61554215411754 342
1738677562285 42.544705348070785 343
1738677562302 42.4740123233634 344
1738677562317 42.40346248227717 345
1738677562330 42.33305523341664 346
1738677562343 42.26278999161277 347
1738677562357 42.19266617782826 348
1738677562370 42.12268321906445 349
1738677562383 42.05284054826982 350
1738677562395 41.98313760425004 351
1738677562408 41.91357383157953 352
1738677562421 41.84414868051453 353
1738677562435 41.774861606907606 354
1738677562454 41.70571207212369 355
1738677562468 41.63669954295741 356
1738677562485 41.567823491551856 357
1738677562499 41.49908339531881 358
1738677562515 41.43047873686019 359
1738677562530 41.362009003890805 360
1738677562545 41.29367368916254 361
1738677562559 41.225472290389675 362
1738677562572 41.157404310175544 363
1738677562586 41.08946925594033 364
1738677562599 41.021666639850146 365
1738677562615 40.95399597874727 366
1738677562629 40.886456794081504 367
1738677562644 40.81904861184276 368
1738677562657 40.75177096249464 369
1738677562671 40.68462338090926 370
1738677562688 40.61760540630305 371
1738677562704 40.550716582173656 372
1738677562718 40.48395645623788 373
1738677562734 40.41732458037065 374
1738677562748 40.35082051054495 375
1738677562762 40.28444380677287 376
1738677562776 40.218194033047446 377
1738677562791 40.15207075728557 378
1738677562805 40.086073551271866 379
1738677562822 40.02020199060334 380
1738677562835 39.95445565463509 381
1738677562852 39.88883412642685 382
1738677562867 39.823336992690365 383
1738677562883 39.75796384373766 384
1738677562902 39.6927142734302 385
1738677562918 39.62758787912877 386
1738677562932 39.56258426164424 387
1738677562945 39.49770302518914 388
1738677562958 39.43294377732999 389
1738677562973 39.368306128940425 390
1738677562986 39.30378969415499 391
1738677563000 39.239394090323884 392
1738677563014 39.17511893796814 393
1738677563027 39.11096386073588 394
1738677563045 39.0469284853589 395
1738677563058 38.98301244161027 396
1738677563072 38.919215362262456 397
1738677563087 38.85553688304609 398
1738677563099 38.791976642609505 399
1738677563113 38.72853428247884 400
1738677563130 38.66520944701884 401
1738677563147 38.60200178339419 402
1738677563161 38.53891094153157 403
1738677563173 38.475936574082226 404
1738677563185 38.41307833638526 405
1738677563199 38.35033588643129 406
1738677563212 38.287708884826934 407
1738677563227 38.22519699475969 408
1738677563242 38.16279988196341 409
1738677563259 38.100517214684324 410
1738677563274 38.03834866364764 411
1738677563288 37.97629390202462 412
1738677563316 37.91435260540018 413
1738677563328 37.85252445174101 414
1738677563341 37.79080912136417 415
1738677563353 37.72920629690627 416
1738677563365 37.66771566329298 417
1738677563377 37.606336907709164 418
1738677563390 37.545069719569355 419
1738677563403 37.48391379048881 420
1738677563415 37.42286881425492 421
1738677563481 37.3619344867991 422
1738677563494 37.30111050616913 423
1738677563510 37.24039657250193 424
1738677563524 37.179792387996685 425
1738677563540 37.11929765688848 426
1738677563555 37.058912085422264 427
1738677563570 36.998635381827334 428
1738677563582 36.938467256292014 429
1738677563594 36.87840742093892 430
1738677563609 36.818455589800486 431
1738677563622 36.75861147879496 432
1738677563634 36.69887480570263 433
1738677563646 36.63924529014257 434
1738677563659 36.579722653549574 435
1738677563672 36.52030661915165 436
1738677563686 36.460996911947674 437
1738677563700 36.40179325868546 438
1738677563715 36.34269538784012 439
1738677563730 36.283703029592886 440
1738677563745 36.22481591581005 441
1738677563763 36.16603378002234 442
1738677563776 36.10735635740469 443
1738677563791 36.04878338475609 444
1738677563804 35.99031460047997 445
1738677563818 35.93194974456471 446
1738677563831 35.87368855856454 447
1738677563845 35.81553078558069 448
1738677563858 35.75747617024285 449
1738677563872 35.69952445869086 450
1738677563887 35.64167539855671 451
1738677563903 35.5839287389468 452
1738677563917 35.526284230424466 453
1738677563934 35.46874162499275 454
1738677563947 35.411300676077474 455
1738677563960 35.35396113851047 456
1738677563973 35.29672276851319 457
1738677563984 35.23958532368044 458
1738677563996 35.18254856296437 459
1738677564008 35.12561224665886 460
1738677564018 35.06877613638384 461
1738677564031 35.01203999507014 462
1738677564045 34.95540358694434 463
1738677564059 34.89886667751402 464
1738677564071 34.84242903355304 465
1738677564086 34.78609042308721 466
1738677564099 34.72985061538006 467
1738677564120 34.67370938091886 468
1738677564142 34.61766649140081 469
1738677564170 34.5617217197195 470
1738677564186 34.50587483995149 471
1738677564200 34.45012562734309 472
1738677564214 34.39447385829743 473
1738677564227 34.33891931036156 474
1738677564242 34.283461762213875 475
1738677564255 34.228100993651644 476
1738677564270 34.17283678557874 477
1738677564287 34.11766891999354 478
1738677564302 34.06259717997705 479
1738677564316 34.00762134968107 480
1738677564331 33.952741214316674 481
1738677564345 33.89795656014279 482
1738677564357 33.843267174454915 483
1738677564368 33.788672845574055 484
1738677564385 33.73417336283576 485
1738677564398 33.67976851657936 486
1738677564410 33.625458098137315 487
1738677564422 33.57124189982476 488
1738677564434 33.517119714929166 489
1738677564451 33.46309133770016 490
1738677564466 33.40915656333946 491
1738677564479 33.355315187990996 492
1738677564493 33.30156700873115 493
1738677564509 33.24791182355911 494
1738677564527 33.1943494313874 495
1738677564540 33.140879632032515 496
1738677564559 33.08750222620568 497
1738677564573 33.03421701550376 498
1738677564587 32.98102380240033 499
