1738679856826 173.4064871764113 0
1738679856832 171.02850524126515 1
1738679856839 169.63429256580514 2
1738679856845 174.70121770509795 3
1738679856851 172.99325114381023 4
1738679856858 174.05000325955262 5
1738679856865 170.63912514084242 6
1738679856871 168.0828131585814 7
1738679856877 166.019596976531 8
1738679856882 176.69301645476574 9
1738679856888 170.5040730018285 10
1738679856894 174.82968463374146 11
1738679856899 167.07805883630616 12
1738679856905 170.59163329369892 13
1738679856911 171.45278341680375 14
1738679856917 166.651198903429 15
1738679856923 165.0366297536969 16
1738679856929 175.01624445873182 17
1738679856936 167.27586559198957 18
1738679856942 162.1914178577812 19
1738679856948 167.81961305696865 20
1738679856955 166.93478108083482 21
1738679856961 170.5104050883371 22
1738679856967 169.44870860896836 23
1738679856973 167.9032848606236 24
1738679856979 172.82393320450157 25
1738679856984 163.78711710960093 26
1738679856990 168.65558875903236 27
1738679856996 167.56371202136913 28
1738679857002 169.24943118185018 29
1738679857008 174.03071157640653 30
1738679857016 169.8315622988143 31
1738679857022 168.8211554815444 32
1738679857030 167.13283472166475 33
1738679857037 174.73567017548194 34
1738679857045 172.68241579802907 35
1738679857052 172.86769487070745 36
1738679857058 167.69618777666426 37
1738679857065 174.20823420856814 38
1738679857071 169.05441723980783 39
1738679857078 168.09903749956038 40
1738679857084 166.40558427622855 41
1738679857092 167.12190595905795 42
1738679857099 170.59320810402144 43
1738679857106 167.57572570544454 44
1738679857113 172.37858998800314 45
1738679857119 170.36142805730933 46
1738679857126 171.39549627595107 47
1738679857133 167.19275069796254 48
1738679857140 167.7851946334085 49
1738679857147 163.06072139849547 50
1738679857154 174.83402888279085 51
1738679857160 169.77643310950123 52
1738679857166 169.93466268389383 53
1738679857172 171.2173112334156 54
1738679857179 167.2585352489056 55
1738679857185 171.2251293416585 56
1738679857191 168.82184304563475 57
1738679857198 168.88939044680728 58
1738679857204 170.21567174257999 59
1738679857210 168.97723466220722 60
1738679857216 169.57092260905097 61
1738679857222 169.93923667063336 62
1738679857228 172.55160682160607 63
1738679857235 166.01900220555603 64
1738679857241 169.8450810071957 65
1738679857248 170.30167409470891 66
1738679857254 171.98158869618013 67
1738679857261 167.69609135338845 68
1738679857267 170.1963116334501 69
