1738824427850 172.71452799751984 0
1738824427894 183.44904741551574 1
1738824427937 183.39679110310175 2
1738824427981 176.28602366903814 3
1738824428024 143.53464369874808 4
1738824428068 194.98454058478737 5
1738824428114 175.30265808898335 6
1738824428158 166.7145816070127 7
1738824428202 156.31946735173136 8
1738824428244 172.73010865833592 9
1738824428287 186.10086114766784 10
1738824428330 159.0569803026273 11
1738824428373 157.93690396016478 12
1738824428415 172.9039954757053 13
1738824428459 143.8098989944715 14
1738824428502 169.08661280017077 15
1738824428545 189.0312307783982 16
1738824428589 162.36547462986906 17
1738824428632 163.27621132998541 18
1738824428676 162.46497052525712 19
1738824428718 188.7820274919301 20
1738824428762 189.1008479479578 21
1738824428805 171.15191827459628 22
1738824428848 176.42764623509493 23
1738824428891 183.80165059557245 24
1738824428934 174.2025444997924 25
1738824428976 182.90794001850549 26
1738824429019 169.54775402748956 27
1738824429062 190.47477252630424 28
1738824429105 161.7036834229017 29
1738824429148 162.06333599242384 30
1738824429191 124.06053342564223 31
1738824429234 180.94049070065898 32
1738824429276 174.11299316589754 33
1738824429321 173.7795992555319 34
1738824429364 165.9438545961443 35
1738824429407 141.6853999020146 36
1738824429449 178.26854424647084 37
1738824429493 153.62532922544733 38
1738824429536 175.87538477799998 39
1738824429579 179.09623402620218 40
1738824429622 168.88484069050023 41
1738824429665 174.73278980440074 42
1738824429708 164.17829814982912 43
1738824429752 148.11446548894367 44
1738824429795 155.03557706559988 45
1738824429840 163.15206331873597 46
1738824429884 178.3292254627602 47
1738824429927 187.51117493616442 48
1738824429970 170.22452489179184 49
1738824430015 147.4130047523331 50
1738824430059 188.7136202091687 51
1738824430102 184.1048314455167 52
1738824430145 170.2952049416485 53
1738824430189 165.30794856000628 54
1738824430232 179.35775962392825 55
1738824430276 158.8017565620239 56
1738824430319 149.92156503700642 57
1738824430362 161.94030982421117 58
1738824430405 132.4168811404691 59
1738824430449 137.1703761661947 60
1738824430491 142.48612107868345 61
1738824430534 155.8772902088892 62
1738824430577 184.0696277204356 63
1738824430621 174.38098074161047 64
1738824430664 129.19439638952102 65
1738824430707 160.44905936225396 66
1738824430751 186.34785286312422 67
1738824430794 175.5894676054884 68
1738824430837 179.56497039900216 69
1738824430881 176.82427359971985 70
1738824430923 151.2416976128013 71
1738824430966 145.11561695215352 72
1738824431009 158.6896513099262 73
1738824431053 118.62604044628392 74
1738824431095 181.57856087883164 75
1738824431138 162.6129879118554 76
1738824431181 211.09868823150973 77
1738824431225 156.2752445641171 78
1738824431268 184.63386986748512 79
1738824431311 181.4463406316221 80
1738824431354 141.34847505204428 81
1738824431397 177.3224929835125 82
1738824431440 179.21745533833715 83
1738824431483 159.54754640841773 84
1738824431525 176.39841510782335 85
1738824431568 187.93586658158404 86
1738824431611 202.87795591786573 87
1738824431654 188.52464354580331 88
1738824431696 149.77934943332934 89
1738824431740 165.1004730037211 90
1738824431784 172.10789529023955 91
1738824431827 144.10095373278492 92
1738824431870 161.95533374649466 93
1738824431913 178.58527122993576 94
1738824431956 180.88702405855585 95
1738824432000 171.41056337578965 96
1738824432044 191.72339121629275 97
1738824432088 209.16773310910108 98
1738824432132 182.2429614304452 99
1738824432176 182.3951983961702 100
1738824432219 172.59729503462887 101
1738824432262 163.4084013875316 102
1738824432305 162.01232024344569 103
1738824432348 169.99358064272295 104
1738824432390 178.5883161621972 105
1738824432434 166.31866875159756 106
1738824432477 173.87816967665916 107
1738824432519 163.52192600029267 108
1738824432562 174.79229007404342 109
1738824432606 157.95990468170703 110
1738824432649 165.85266299225782 111
1738824432692 159.78802519439552 112
1738824432735 173.9682895967706 113
1738824432778 170.16265923052853 114
1738824432822 183.75383560136277 115
1738824432866 167.5254901853749 116
1738824432909 157.73565031422262 117
1738824432952 159.89957209416997 118
1738824432996 168.44860012860394 119
1738824433039 175.9724267122572 120
1738824433082 131.16160524779283 121
1738824433125 164.45070758347055 122
1738824433168 158.15708495544862 123
1738824433211 171.7091208182494 124
1738824433254 189.86421964389788 125
1738824433298 166.12993892535673 126
1738824433341 182.07571886195575 127
1738824433384 180.00233737188813 128
1738824433429 181.36237261704957 129
1738824433473 162.50160378363725 130
