1738680904720 167.83831441149522 0
1738680904728 169.22672760508485 1
1738680904735 169.8017959744973 2
1738680904743 170.19249573266762 3
1738680904749 167.6235514636875 4
1738680904756 163.66745698808072 5
1738680904763 168.09053420803485 6
1738680904770 166.8930966256089 7
1738680904777 167.66798772252042 8
1738680904784 168.2492159129268 9
1738680904791 170.90026719894036 10
1738680904798 165.8071864424791 11
1738680904804 170.34086116191773 12
1738680904811 168.52794099658107 13
1738680904819 167.13327619395804 14
1738680904826 168.83845184026885 15
1738680904833 168.6337968611879 16
1738680904841 164.3801764138637 17
1738680904848 170.02981399873505 18
1738680904856 167.99538981286352 19
1738680904863 168.2673422791751 20
1738680904870 171.6354465843838 21
1738680904877 168.42163899165772 22
1738680904884 166.313659754387 23
1738680904891 168.3763444465222 24
1738680904898 170.12529539964183 25
1738680904905 168.93940470060852 26
1738680904912 168.6182530548783 27
1738680904919 165.89837147332943 28
1738680904927 166.998613630115 29
1738680904933 168.3319576030385 30
1738680904940 169.26147896488845 31
1738680904947 169.69309856973817 32
1738680904954 170.0909663018011 33
1738680904960 167.88880096774972 34
1738680904967 166.57778773918662 35
1738680904975 170.41201675278714 36
1738680904981 168.70903632844602 37
1738680904988 169.37174167768418 38
1738680904995 170.35205749812047 39
1738680905005 165.58050908795184 40
1738680905013 167.83986653230855 41
1738680905021 167.5341451161038 42
1738680905028 167.61727928157293 43
1738680905035 168.39832438017103 44
1738680905041 169.59320936132403 45
1738680905048 170.66203961600593 46
1738680905054 168.467064751456 47
1738680905060 170.0556898663535 48
1738680905067 169.17876946166433 49
1738680905073 166.21397106080798 50
1738680905079 167.48045573428527 51
1738680905087 169.27510812161952 52
1738680905094 168.8546478513448 53
1738680905101 170.6514697299718 54
1738680905109 168.5129130627146 55
1738680905116 170.77571798796546 56
1738680905123 170.56405539230957 57
1738680905131 169.82712140169838 58
1738680905138 170.4036347020487 59
1738680905145 167.61328619499648 60
1738680905152 170.58083362696567 61
1738680905160 170.9060363423713 62
1738680905167 169.21907476890155 63
1738680905174 168.21695513569665 64
1738680905181 170.31380499356405 65
1738680905188 168.0690223309206 66
1738680905195 167.84640285463502 67
1738680905202 166.14074192450812 68
1738680905210 172.93849558709792 69
1738680905217 166.72637348042267 70
1738680905224 166.9849331783273 71
1738680905231 169.82900935244734 72
1738680905238 168.95032495764357 73
1738680905245 165.3777970125099 74
1738680905252 168.20501536396657 75
1738680905259 168.57633244776505 76
1738680905266 169.6011328974053 77
1738680905273 170.12040854777828 78
1738680905280 169.55745329802352 79
1738680905287 168.19331219044983 80
1738680905293 170.66195766715472 81
1738680905300 168.51963261087803 82
1738680905307 168.00528277250126 83
1738680905314 168.7089621070948 84
1738680905321 166.6809620604783 85
1738680905327 167.5706188499843 86
1738680905334 170.69880832713926 87
1738680905341 169.848972848018 88
1738680905348 169.46164865778798 89
1738680905355 170.0029815097251 90
1738680905361 170.1315207178001 91
1738680905368 169.30976047751884 92
1738680905375 167.2720232035034 93
1738680905382 170.94720731051106 94
1738680905389 169.74301278718875 95
1738680905396 171.33913928371823 96
1738680905403 168.07753789329803 97
1738680905410 170.4422025165545 98
1738680905417 167.9101254966213 99
1738680905424 166.64860948235102 100
1738680905430 172.35962671169082 101
1738680905437 170.31768466158547 102
1738680905444 169.02605804831038 103
1738680905451 168.9262178083084 104
1738680905458 168.02705195716138 105
1738680905465 168.29317240641055 106
1738680905472 168.38898350248616 107
1738680905479 171.9099120157387 108
1738680905485 169.72597343983043 109
1738680905492 172.07560181971715 110
1738680905499 168.62219574300786 111
1738680905506 169.53176820938552 112
1738680905513 167.37817635942375 113
1738680905519 169.62371964849365 114
1738680905526 167.78145804677163 115
1738680905533 168.37120084473153 116
1738680905540 168.14524471728384 117
1738680905547 168.56945781323074 118
1738680905554 166.2020496883684 119
1738680905561 169.74478680891613 120
1738680905568 169.86452988219392 121
1738680905575 171.06250113885284 122
1738680905582 168.9106694264042 123
1738680905588 170.708572538072 124
1738680905595 167.35993241279425 125
1738680905602 172.09871754332735 126
1738680905608 169.75403928506952 127
1738680905616 166.94410141939798 128
1738680905623 167.69230211350342 129
1738680905634 172.07705520160624 130
1738680905641 171.21253629491721 131
1738680905649 167.93879845602294 132
1738680905656 171.95077966525446 133
1738680905663 167.44700189502436 134
1738680905670 172.19443711641952 135
1738680905677 169.8345139615217 136
1738680905683 172.3676615675945 137
1738680905690 166.75051641572014 138
1738680905697 171.18959042027964 139
1738680905705 170.4375016800747 140
1738680905712 171.11433389163568 141
1738680905719 169.40470612495864 142
