1738680321533 169.36118713359625 0
1738680321553 169.3587905556985 1
1738680321571 169.35425471775832 2
1738680321586 169.34782558458397 3
1738680321607 169.33973592114006 4
1738680321625 169.33020410809036 5
1738680321647 169.31943348228086 6
1738680321669 169.3076120888512 7
1738680321688 169.2949127518503 8
1738680321726 169.28149338712322 9
1738680321778 169.26749749533903 10
1738680321825 169.253054784792 11
1738680321862 169.23828188338842 12
1738680321879 169.22328310734918 13
1738680321895 169.20815126087723 14
1738680321914 169.19296844658385 15
1738680321932 169.17780687102496 16
1738680321950 169.16272963343707 17
1738680321966 169.1477914888067 18
1738680321984 169.13303957888007 19
1738680322003 169.11851412671442 20
1738680322019 169.1042490919674 21
1738680322037 169.09027278539176 22
1738680322054 169.07660844199594 23
1738680322070 169.06327475310718 24
1738680322089 169.0502863581607 25
1738680322111 169.03765429748103 26
1738680322133 169.02538642763852 27
1738680322152 169.0134878011844 28
1738680322168 169.001961012711 29
1738680322185 168.99080651326102 30
1738680322200 168.9800228951403 31
1738680322215 168.96960714918023 32
1738680322233 168.95955489645664 33
1738680322256 168.94986059641488 34
1738680322273 168.94051773327087 35
1738680322325 168.93151898247504 36
