1738679266031 169.44136677645503 0
1738679266047 169.43999590959294 1
1738679266062 169.4373964851022 2
1738679266078 169.43370082727537 3
1738679266093 169.4290314022275 4
1738679266113 169.42350108672144 5
1738679266128 169.41721353807128 6
1738679266144 169.4102636328503 7
1738679266159 169.40273794917138 8
1738679266173 169.39471527299332 9
1738679266195 169.3862671134738 10
1738679266210 169.37745821605597 11
1738679266243 169.36834706489847 12
1738679266272 169.3589863685842 13
1738679266296 169.34942352487784 14
1738679266311 169.3397010617449 15
1738679266326 169.32985705296662 16
1738679266339 169.3199255075494 17
1738679266351 169.3099367327879 18
1738679266365 169.2999176713319 19
1738679266378 169.28989221297078 20
1738679266392 169.2798814821049 21
1738679266406 169.2699041020497 22
1738679266425 169.2599764374281 23
1738679266441 169.2501128159681 24
1738679266455 169.2403257310453 25
1738679266469 169.23062602630307 26
1738679266487 169.2210230636565 27
1738679266504 169.2115248759424 28
1738679266518 169.2021383054236 29
1738679266538 169.19286912929573 30
1738679266553 169.1837221732771 31
1738679266568 169.1747014142973 32
1738679266586 169.16581007323097 33
1738679266600 169.15705069855585 34
1738679266617 169.14842524174995 35
1738679266632 169.13993512517982 36
1738679266649 169.1315813031717 37
1738679266663 169.123364316901 38
1738679266688 169.11528434368236 39
1738679266706 169.10734124119307 40
1738679266722 169.0995345871153 41
1738679266736 169.09204763964726 42
1738679266750 169.08485531944868 43
1738679266763 169.07793507180742 44
1738679266782 169.0712665809835 45
1738679266796 169.06483152002403 46
1738679266812 169.05861333126407 47
1738679266827 169.05259703342125 48
1738679266842 169.04676905177766 49
1738679266858 169.04111706843983 50
1738679266874 169.03562989008938 51
1738679266889 169.03029733099837 52
1738679266904 169.0251101093878 53
1738679266918 169.02005975547058 54
1738679266933 169.0151385297428 55
1738679266946 169.0103393502797 56
1738679266958 169.00565572795432 57
1738679266970 169.00108170864044 58
1738679266984 168.99661182158033 59
1738679266997 168.9922410332028 60
1738679267008 168.98796470576696 61
1738679267022 168.9837785602847 62
