1738825620103 164.34738358806877 0
1738825620145 169.25137620898792 1
1738825620185 168.81664863899607 2
1738825620225 166.81468731989642 3
1738825620267 156.97281784529847 4
1738825620330 164.9476851479629 5
1738825620376 169.586451730571 6
1738825620416 166.5336765780076 7
1738825620456 166.1261077318038 8
1738825620495 156.8536993715491 9
1738825620534 166.25895720524363 10
1738825620574 164.42541586916596 11
1738825620614 169.95936171588923 12
1738825620656 181.34278008535273 13
1738825620697 172.31729084500535 14
1738825620737 172.39164086124484 15
1738825620779 163.50761981185366 16
1738825620819 162.08105504774483 17
1738825620859 158.84983081771264 18
1738825620900 170.72767294390437 19
1738825620940 159.6708632678566 20
1738825620981 156.23592648470682 21
1738825621021 167.65191268924602 22
1738825621061 164.29536267365344 23
1738825621101 179.0752559011626 24
1738825621141 154.56993691754002 25
1738825621181 178.74544261007676 26
1738825621221 169.5034175380836 27
1738825621262 182.8607090081401 28
1738825621304 177.141152854849 29
1738825621345 166.1724149382862 30
1738825621386 166.94095744527274 31
1738825621425 153.14185082827365 32
1738825621466 178.70937514376047 33
1738825621507 183.11807937018003 34
1738825621548 183.30110414369582 35
1738825621588 165.29568860842448 36
1738825621628 172.61339096850196 37
1738825621669 170.7625625499852 38
1738825621710 165.0326749382564 39
1738825621751 162.140181105033 40
1738825621791 201.28617603628987 41
1738825621832 160.9139825165362 42
1738825621872 163.05210480199307 43
1738825621913 169.35890785584226 44
1738825621953 172.58189980647936 45
1738825621993 172.6151486516203 46
1738825622033 166.2052645864842 47
1738825622072 164.23954438046343 48
1738825622113 168.82248992621817 49
1738825622154 168.9416869557918 50
1738825622194 178.82653326102962 51
1738825622234 161.10776450586684 52
1738825622274 182.16837149226293 53
