1738679251377 169.31213782154168 0
1738679251423 169.3010549159835 1
1738679251439 169.28960079553926 2
1738679251456 169.27786412349437 3
1738679251472 169.26592475613353 4
1738679251488 169.25385423036218 5
1738679251502 169.24171628113083 6
1738679251518 169.2295673728473 7
1738679251540 169.2174572325424 8
1738679251559 169.20542937546176 9
1738679251575 169.1935216161221 10
1738679251591 169.1817665597708 11
1738679251607 169.17019207071763 12
1738679251622 169.15882171522577 13
1738679251635 169.1476751776118 14
1738679251649 169.1367686489596 15
1738679251665 169.12611518843593 16
1738679251683 169.11572505764195 17
1738679251700 169.1056060287643 18
1738679251718 169.0957636675321 19
1738679251735 169.0862015921539 20
1738679251750 169.07692170951648 21
1738679251761 169.06792442999222 22
1738679251777 169.05920886222793 23
1738679251791 169.05077298928734 24
1738679251803 169.04261382749664 25
1738679251820 169.03472756930535 26
1738679251834 169.02710971142324 27
1738679251847 169.01975516943756 28
1738679251861 169.012658380051 29
1738679251876 169.00581339201446 30
1738679251888 168.99921394676159 31
1738679251902 168.99285354968384 32
1738679251914 168.98672553291937 33
1738679251929 168.9808231104637 34
1738679251944 168.97513942634797 35
1738679251957 168.96966759657212 36
1738679251969 168.96440074542258 37
1738679251983 168.95933203675213 38
1738679251996 168.95445470074978 39
1738679252008 168.9497620566808 40
1738679252021 168.94524753203532 41
1738679252035 168.94090467848253 42
1738679252051 168.93672718499073 43
1738679252066 168.93270888844006 44
1738679252080 168.9288437820214 45
1738679252094 168.92512602168813 46
1738679252108 168.9215499308995 47
1738679252126 168.91811000387057 48
1738679252140 168.91480090752225 49
1738679252153 168.91161748230368 50
1738679252168 168.9085547420419 51
1738679252182 168.90560787295715 52
