1738680617267 173.96375631813086 0
1738680617274 166.88643009509872 1
1738680617280 172.27484467110574 2
1738680617287 166.03175543641456 3
1738680617293 163.50100989141086 4
1738680617299 164.90775859038902 5
1738680617305 167.02660119680698 6
1738680617311 167.57918795408935 7
1738680617317 167.51230638019533 8
1738680617323 171.4228646594393 9
1738680617329 168.64551212933154 10
1738680617335 168.0014080998939 11
1738680617342 168.08350292876665 12
1738680617349 169.5009121170905 13
1738680617356 171.6879669314914 14
1738680617363 166.66987505462433 15
1738680617369 167.6058882489846 16
1738680617376 166.41151833992052 17
1738680617383 171.15594613879458 18
1738680617389 167.07071105500245 19
1738680617396 167.5163341969279 20
1738680617402 170.09748337111722 21
