1738677529460 169.31213782154168 0
1738677529473 169.12675958760312 1
1738677529514 168.94204911718967 2
1738677529583 168.75800368087144 3
1738677529627 168.57462056063204 4
1738677529655 168.3918970498208 5
1738677529673 168.2098304531049 6
1738677529699 168.02841808642185 7
1738677529719 167.84765727693207 8
1738677529751 167.6675453629718 9
1738677529798 167.4880796940061 10
1738677529837 167.30925763058218 11
1738677529852 167.1310765442827 12
1738677529872 166.9535338176794 13
1738677529890 166.77662684428705 14
1738677529908 166.60035302851733 15
1738677529933 166.4247097856331 16
1738677529957 166.2496945417028 17
1738677529974 166.07530473355513 18
1738677530000 165.90153780873365 19
1738677530028 165.72839122545184 20
1738677530052 165.55586245254844 21
1738677530070 165.3839489694424 22
1738677530099 165.2126482660889 23
1738677530124 165.04195784293472 24
1738677530140 164.8718752108743 25
1738677530156 164.70239789120586 26
1738677530173 164.53352341558755 27
1738677530188 164.36524932599417 28
1738677530204 164.19757317467358 29
1738677530221 164.03049252410358 30
1738677530240 163.86400494694894 31
1738677530257 163.69810802601884 32
1738677530271 163.53279935422387 33
1738677530284 163.36807653453374 34
1738677530296 163.20393717993505 35
1738677530309 163.04037891338916 36
1738677530322 162.8773993677904 37
1738677530335 162.7149961859241 38
1738677530351 162.5531670204252 39
1738677530364 162.39190953373694 40
1738677530380 162.23122139806932 41
1738677530394 162.07110029535855 42
1738677530412 161.9115439172257 43
1738677530426 161.75254996493643 44
1738677530443 161.59411614936005 45
1738677530456 161.43624019092957 46
1738677530470 161.27891981960124 47
1738677530482 161.1221527748147 48
1738677530497 160.96593680545303 49
1738677530515 160.8102696698032 50
1738677530528 160.65514913551638 51
1738677530540 160.50057297956874 52
1738677530554 160.3465389882223 53
1738677530568 160.1930449569858 54
1738677530581 160.04008869057589 55
1738677530594 159.88766800287846 56
1738677530607 159.73578071691014 57
1738677530619 159.58442466477993 58
1738677530632 159.433597687651 59
1738677530657 159.28329763570264 60
1738677530688 159.13352236809237 61
1738677530706 158.9842697529182 62
1738677530721 158.8355376671813 63
1738677530737 158.68732399674812 64
1738677530751 158.53962663631367 65
1738677530765 158.3924434893641 66
1738677530780 158.2457724681399 67
1738677530801 158.09961149359907 68
1738677530817 157.95395849538056 69
1738677530834 157.80881141176772 70
1738677530851 157.66416818965197 71
1738677530872 157.52002678449688 72
1738677530889 157.37638516030182 73
1738677530908 157.23324128956634 74
1738677530927 157.09059315325436 75
1738677530941 156.94843874075863 76
1738677530959 156.80677604986536 77
1738677530974 156.66560308671893 78
1738677530988 156.5249178657868 79
1738677531003 156.38471840982444 80
1738677531017 156.24500274984078 81
1738677531034 156.10576892506322 82
1738677531048 155.96701498290335 83
1738677531062 155.8287389789224 84
1738677531075 155.69093897679716 85
1738677531091 155.55361304828585 86
1738677531110 155.41675927319403 87
1738677531132 155.280375739341 88
1738677531152 155.14446054252605 89
1738677531169 155.00901178649488 90
1738677531190 154.87402758290636 91
1738677531210 154.73950605129926 92
1738677531225 154.60544531905893 93
1738677531239 154.47184352138473 94
1738677531254 154.33869880125687 95
1738677531269 154.206009309404 96
1738677531281 154.0737732042703 97
1738677531297 153.9419886519835 98
1738677531311 153.8106538263224 99
1738677531330 153.67976690868466 100
1738677531346 153.54932608805495 101
1738677531358 153.419329560973 102
1738677531375 153.28977553150185 103
1738677531389 153.16066221119638 104
1738677531403 153.0319878190717 105
1738677531417 152.90375058157187 106
1738677531429 152.77594873253878 107
1738677531442 152.64858051318092 108
1738677531455 152.5216441720425 109
1738677531478 152.39513796497286 110
1738677531499 152.26906015509533 111
1738677531514 152.14340901277717 112
1738677531529 152.01818281559883 113
1738677531543 151.89337984832375 114
1738677531558 151.76899840286825 115
1738677531572 151.64503677827136 116
1738677531591 151.52149328066508 117
1738677531606 151.39836622324452 118
1738677531619 151.27565392623802 119
1738677531632 151.15335471687806 120
1738677531644 151.03146692937142 121
1738677531673 150.90998890487015 122
1738677531706 150.78891899144236 123
1738677531733 150.6682555440431 124
1738677531747 150.5479969244854 125
1738677531761 150.4281415014117 126
1738677531774 150.30868765026494 127
1738677531788 150.1896337532601 128
1738677531807 150.07097819935575 129
1738677531824 149.95271938422567 130
1738677531852 149.83485571023093 131
1738677531868 149.71738558639126 132
1738677531884 149.60030742835772 133
1738677531961 149.48361965838436 134
1738677531993 149.36732070530087 135
1738677532008 149.25140900448454 136
1738677532022 149.1358829978333 137
1738677532036 149.02074113373783 138
1738677532051 148.90598186705466 139
1738677532064 148.79160365907882 140
1738677532077 148.67760497751686 141
1738677532090 148.56398429645998 142
1738677532103 148.45074009635724 143
1738677532116 148.3378708639886 144
1738677532151 148.22537509243875 145
1738677532168 148.1132512810703 146
1738677532183 148.0014979354977 147
1738677532203 147.8901135675607 148
1738677532219 147.77909669529845 149
1738677532235 147.66844584292323 150
1738677532251 147.55815954079495 151
1738677532264 147.4482363253948 152
1738677532281 147.33867473929993 153
1738677532298 147.22947333115778 154
1738677532312 147.1206306556605 155
1738677532325 147.01214527351968 156
1738677532339 146.90401575144097 157
1738677532353 146.79624066209897 158
1738677532367 146.68881858411237 159
1738677532382 146.58174810201842 160
1738677532398 146.47502780624887 161
1738677532426 146.36865629310455 162
1738677532440 146.26263216473112 163
1738677532453 146.15695402909435 164
1738677532467 146.05162049995576 165
1738677532491 145.9466301968483 166
1738677532504 145.8419817450521 167
1738677532517 145.73767377557033 168
1738677532529 145.63370492510515 169
1738677532543 145.53007383603386 170
1738677532558 145.42677915638504 171
1738677532611 145.32381953981488 172
1738677532627 145.22119364558333 173
1738677532642 145.1189001385309 174
1738677532658 145.0169376890551 175
1738677532684 144.915304973087 176
1738677532698 144.81400067206815 177
1738677532714 144.71302347292738 178
1738677532729 144.61237206805774 179
1738677532743 144.51204515529375 180
1738677532755 144.4120414378882 181
1738677532768 144.31235962448986 182
1738677532780 144.21299842912046 183
1738677532791 144.11395657115222 184
1738677532803 144.01523277528557 185
1738677532815 143.9168257715266 186
1738677532826 143.81873429516486 187
1738677532839 143.72095708675113 188
1738677532851 143.62349289207543 189
1738677532865 143.52634046214501 190
1738677532878 143.42949855316235 191
1738677532900 143.33296592650345 192
1738677532916 143.23674134869609 193
1738677532930 143.14082359139826 194
1738677532944 143.0452114313765 195
1738677532960 142.9499036504846 196
1738677532977 142.85489903564218 197
1738677532991 142.76019637881342 198
1738677533004 142.66579447698592 199
1738677533017 142.5716921321496 200
1738677533029 142.47788815127564 201
1738677533043 142.3843813462958 202
1738677533055 142.29117053408132 203
1738677533070 142.1982545364224 204
1738677533085 142.10563218000738 205
1738677533098 142.01330229640232 206
1738677533109 141.92126372203055 207
1738677533125 141.82951529815207 208
1738677533144 141.73805587084365 209
1738677533158 141.6468842909781 210
1738677533171 141.55599941420468 211
1738677533185 141.46540010092855 212
1738677533198 141.37508521629124 213
1738677533212 141.2850536301505 214
1738677533227 141.19530421706065 215
1738677533241 141.10583585625275 216
1738677533256 141.01664743161518 217
1738677533269 140.9277378316738 218
1738677533296 140.83910594957277 219
1738677533313 140.75075068305503 220
1738677533328 140.6626709344431 221
1738677533341 140.57486561061964 222
1738677533357 140.48733362300857 223
1738677533370 140.40007388755595 224
1738677533387 140.31308532471087 225
1738677533401 140.22636685940677 226
1738677533417 140.13991742104244 227
1738677533433 140.05373594346338 228
1738677533448 139.96782136494315 229
1738677533464 139.88217262816468 230
1738677533479 139.79678868020193 231
1738677533493 139.71166847250137 232
1738677533508 139.62681096086365 233
1738677533519 139.54221510542533 234
1738677533531 139.45787987064068 235
1738677533544 139.37380422526365 236
1738677533557 139.28998714232966 237
1738677533569 139.20642759913784 238
1738677533587 139.123124577233 239
1738677533599 139.04007706238778 240
1738677533612 138.95728404458515 241
1738677533629 138.87474451800048 242
1738677533644 138.79245748098413 243
1738677533658 138.7104219360438 244
1738677533674 138.6286368898272 245
1738677533689 138.54710135310467 246
1738677533702 138.4658143407518 247
1738677533717 138.38477487173225 248
1738677533731 138.30398196908075 249
1738677533745 138.22343465988575 250
1738677533757 138.14313197527264 251
1738677533769 138.06307295038664 252
1738677533782 137.98325662437614 253
1738677533794 137.90368204037574 254
1738677533807 137.82434824548957 255
1738677533819 137.74525429077477 256
1738677533832 137.6663992312246 257
1738677533844 137.58778212575234 258
1738677533856 137.50940203717445 259
1738677533869 137.43125803219453 260
1738677533881 137.3533491813868 261
1738677533894 137.2756745591799 262
1738677533914 137.19823324384086 263
1738677533927 137.12102431745885 264
1738677533944 137.04404686592912 265
1738677533959 136.9672999789373 266
1738677533977 136.8907827499431 267
1738677533989 136.8144942761649 268
1738677534002 136.73843365856365 269
1738677534014 136.6626000018274 270
1738677534025 136.58699241435554 271
1738677534038 136.51161000824322 272
1738677534051 136.43645189926605 273
1738677534063 136.36151720686442 274
1738677534075 136.2868050541282 275
1738677534091 136.21231456778156 276
1738677534104 136.13804487816762 277
1738677534116 136.06399511923325 278
1738677534135 135.99016442851405 279
1738677534149 135.91655194711922 280
1738677534167 135.84315681971657 281
1738677534182 135.76997819451773 282
1738677534196 135.6970152232631 283
1738677534211 135.62426706120723 284
1738677534229 135.55173286710388 285
1738677534246 135.47941180319162 286
1738677534263 135.40730303517896 287
1738677534277 135.33540573222996 288
1738677534290 135.2637190669496 289
1738677534304 135.19224221536956 290
1738677534318 135.1209743569337 291
1738677534337 135.0499146744837 292
1738677534351 134.97906235424497 293
1738677534365 134.90841658581246 294
1738677534380 134.8379765621363 295
1738677534396 134.76774147950803 296
1738677534414 134.6977105375464 297
1738677534431 134.62788293918356 298
1738677534454 134.55825789065096 299
1738677534469 134.48883460146573 300
1738677534486 134.41961228441676 301
1738677534500 134.35059015555117 302
1738677534517 134.2817674341604 303
1738677534534 134.21314334276678 304
1738677534548 134.14471710710995 305
1738677534562 134.07648795613332 306
1738677534576 134.00845512197077 307
1738677534591 133.94061783993314 308
1738677534605 133.8729753484949 309
1738677534622 133.80552688928105 310
1738677534636 133.73827170705374 311
1738677534654 133.67120904969923 312
1738677534668 133.60433816821475 313
1738677534682 133.53765831669548 314
1738677534696 133.47116875232152 315
1738677534710 133.40486873534502 316
1738677534725 133.33875752907724 317
1738677534743 133.27283439987582 318
1738677534757 133.20709861713192 319
1738677534771 133.14154945325748 320
1738677534788 133.07618618367275 321
1738677534808 133.01100808679342 322
1738677534823 132.9460144440183 323
1738677534836 132.88120453971663 324
1738677534850 132.81657766121575 325
1738677534865 132.75213309878868 326
1738677534878 132.6878701456417 327
1738677534892 132.6237880979022 328
1738677534909 132.55988625460637 329
1738677534929 132.49616391768683 330
1738677534945 132.43262039196085 331
1738677534962 132.36925498511795 332
1738677534978 132.306067007708 333
1738677534993 132.24305577312936 334
1738677535005 132.18022059761654 335
1738677535018 132.11756080022877 336
1738677535032 132.05507570283788 337
1738677535046 131.99276463011668 338
1738677535059 131.9306269095271 339
1738677535071 131.86866187130846 340
1738677535083 131.80686884846608 341
1738677535095 131.74524717675945 342
1738677535108 131.68379619469076 343
1738677535124 131.62251524349344 344
1738677535137 131.5614036671207 345
1738677535149 131.5004608122341 346
1738677535161 131.43968602819228 347
1738677535173 131.37907866703958 348
1738677535187 131.31863808349482 349
1738677535199 131.2583636349401 350
1738677535213 131.19825468140965 351
1738677535226 131.1383105855787 352
1738677535244 131.07853071275238 353
1738677535259 131.0189144308548 354
1738677535272 130.95946111041803 355
1738677535285 130.9001701245711 356
1738677535302 130.84104084902927 357
1738677535316 130.78207266208304 358
1738677535329 130.72326494458747 359
1738677535342 130.6646170799514 360
1738677535356 130.60612845412678 361
1738677535371 130.54779845559793 362
1738677535385 130.48962647537107 363
1738677535399 130.43161190696364 364
1738677535413 130.37375414639382 365
1738677535431 130.31605259217008 366
1738677535446 130.25850664528068 367
1738677535461 130.2011157091834 368
1738677535475 130.1438791897951 369
1738677535489 130.08679649548142 370
1738677535507 130.02986703704656 371
1738677535521 129.97309022772308 372
1738677535535 129.91646548316174 373
1738677535551 129.85999222142124 374
1738677535567 129.80366986295834 375
1738677535581 129.74749783061762 376
1738677535596 129.69147554962169 377
1738677535610 129.63560244756098 378
1738677535624 129.57987795438407 379
1738677535637 129.52430150238763 380
1738677535650 129.4688725262067 381
1738677535661 129.41359046280485 382
1738677535674 129.3584547514644 383
1738677535687 129.30346483377681 384
1738677535703 129.2486201536329 385
1738677535715 129.1939201572133 386
1738677535728 129.13936429297885 387
1738677535744 129.08495201166093 388
1738677535757 129.0306827662522 389
1738677535770 128.9765560119969 390
1738677535782 128.92257120638155 391
1738677535796 128.86872780912546 392
1738677535808 128.81502528217155 393
1738677535821 128.76146308967685 394
1738677535835 128.70804069800337 395
1738677535847 128.6547575757088 396
1738677535861 128.60161319353728 397
1738677535877 128.5486070244104 398
1738677535889 128.49573854341784 399
1738677535907 128.44300722780864 400
1738677535921 128.39041255698177 401
1738677535933 128.3379540124774 402
1738677535946 128.28563107796788 403
1738677535959 128.23344323924871 404
1738677535978 128.1813899842298 405
1738677535992 128.12947080292653 406
1738677536005 128.07768518745092 407
1738677536017 128.026032632003 408
1738677536030 127.97451263286182 409
1738677536043 127.92312468837693 410
1738677536063 127.87186829895977 411
1738677536076 127.82074296707486 412
1738677536088 127.76974819723128 413
1738677536100 127.71888349597418 414
1738677536112 127.66814837187614 415
1738677536128 127.6175423355288 416
1738677536143 127.56706489953432 417
1738677536164 127.51671557849701 418
1738677536185 127.466493889015 419
1738677536200 127.41639934967172 420
1738677536214 127.36643148102786 421
1738677536229 127.31658980561282 422
1738677536244 127.2668738479167 423
1738677536259 127.2172831343819 424
1738677536272 127.1678171933951 425
1738677536291 127.11847555527912 426
1738677536305 127.06925775228461 427
1738677536322 127.02016331858236 428
1738677536337 126.97119179025486 429
1738677536351 126.9223427052886 430
1738677536364 126.87361560356592 431
1738677536379 126.8250100268572 432
1738677536392 126.77652551881287 433
1738677536406 126.72816162495567 434
1738677536421 126.67991789267266 435
1738677536435 126.63179387120746 436
1738677536451 126.5837891116526 437
1738677536467 126.53590316694168 438
1738677536480 126.48813559184163 439
1738677536497 126.44048594294517 440
1738677536510 126.39295377866308 441
1738677536523 126.3455386592166 442
1738677536536 126.29824014662988 443
1738677536551 126.25105780472246 444
1738677536564 126.20399119910171 445
1738677536582 126.15703989715534 446
1738677536593 126.11020346804405 447
1738677536606 126.06348148269402 448
1738677536618 126.01687351378956 449
1738677536631 125.97037913576574 450
1738677536643 125.92399792480111 451
1738677536657 125.87772945881036 452
1738677536671 125.83157331743712 453
1738677536683 125.78552908204657 454
1738677536694 125.73959633571852 455
1738677536706 125.69377466323996 456
1738677536718 125.64806365109813 457
1738677536731 125.6024628874732 458
1738677536747 125.55697196223137 459
1738677536759 125.51159046691782 460
1738677536772 125.46631799474957 461
1738677536786 125.42115414060851 462
1738677536803 125.37609850103455 463
1738677536819 125.33115067421856 464
1738677536834 125.28631025999555 465
1738677536848 125.24157685983775 466
1738677536862 125.19695007684781 467
1738677536875 125.15242951575189 468
1738677536887 125.10801478289302 469
1738677536899 125.0637054862242 470
1738677536915 125.0195012353017 471
1738677536932 124.97540164127848 472
1738677536944 124.93140631689734 473
1738677536959 124.88751487648437 474
1738677536972 124.84372693594233 475
1738677536992 124.80004211274401 476
1738677537004 124.75646002592573 477
1738677537022 124.7129802960808 478
1738677537038 124.66960254535286 479
1738677537052 124.62632639742971 480
1738677537068 124.58315147753652 481
1738677537084 124.54007741242961 482
1738677537100 124.49710383039006 483
1738677537122 124.45423036121716 484
1738677537136 124.41145663622223 485
1738677537148 124.36878228822226 486
1738677537164 124.32620695153362 487
1738677537177 124.28373026196573 488
1738677537194 124.2413518568149 489
1738677537208 124.19907137485806 490
1738677537223 124.1568884563467 491
1738677537240 124.11480274300048 492
1738677537254 124.0728138780013 493
1738677537270 124.03092150598705 494
1738677537283 123.98912527304567 495
1738677537297 123.94742482670897 496
1738677537313 123.90581981594661 497
1738677537328 123.86430989116018 498
1738677537342 123.8228947041771 499
