1738679128804 171.97423303722263 0
1738679128843 159.79060096055898 1
1738679128883 171.23096086146705 2
1738679128922 172.1045757733937 3
1738679128962 182.7848254550385 4
1738679129021 187.4344981111589 5
1738679129062 181.37050089353966 6
1738679129102 145.2218846351902 7
1738679129142 175.90601224712063 8
1738679129180 167.65159267488326 9
1738679129220 181.30463904514974 10
1738679129260 172.40167041451383 11
1738679129299 177.28481734105654 12
1738679129338 167.66578967452645 13
1738679129376 172.06044411667264 14
1738679129416 152.66290428882448 15
1738679129455 179.14740151379246 16
1738679129495 156.82786759276956 17
1738679129534 157.116600779345 18
1738679129573 164.5508602855988 19
1738679129611 137.8162151008728 20
1738679129649 168.30550227377225 21
1738679129687 160.27152711818167 22
1738679129726 157.8574624950059 23
1738679129765 172.67502247470605 24
1738679129804 162.9070364457914 25
1738679129842 178.29286170996534 26
1738679129881 169.20041792588466 27
1738679129919 161.8844113531965 28
1738679129958 167.3283786875254 29
1738679129997 173.67275734427764 30
1738679130036 188.0476137419051 31
