1738680119809 106.74059932614466 0
1738680119844 137.98606726978184 1
1738680119878 168.5527711257534 2
1738680119912 134.70966749047406 3
1738680119946 146.28757923047985 4
1738680119980 142.98064799901016 5
1738680120016 202.96915925698644 6
1738680120051 133.53309825254144 7
1738680120087 210.07927719060064 8
1738680120123 126.75760176969996 9
1738680120157 206.45246560964588 10
1738680120191 135.64680385394024 11
1738680120224 312.67981631512373 12
1738680120257 174.3013609920026 13
1738680120291 412.977120938931 14
1738680120325 147.00993934299171 15
1738680120359 201.68348454356743 16
1738680120394 152.59508468698198 17
1738680120427 170.34710870358168 18
1738680120460 158.73639380236858 19
1738680120494 184.7574833613361 20
1738680120528 365.84999263806066 21
1738680120561 151.6100285364959 22
1738680120596 184.7683221014489 23
1738680120629 198.03557360562266 24
1738680120663 157.23133239697563 25
1738680120697 178.09421268777103 26
1738680120730 207.35553530840303 27
1738680120764 133.86137922123868 28
1738680120797 137.28107441369758 29
1738680120830 182.03529030757971 30
1738680120862 192.94652346088802 31
1738680120894 124.15975298711912 32
1738680120927 213.82716358914806 33
1738680120960 169.68804967270452 34
1738680120992 256.43186460031205 35
1738680121025 166.38854060628293 36
1738680121057 163.55765642019946 37
1738680121090 208.24031202851546 38
1738680121122 177.13978882360257 39
1738680121155 190.23071504958892 40
1738680121187 177.43662102076476 41
1738680121220 176.7300460072561 42
1738680121254 133.99295981581002 43
1738680121288 133.9147399604058 44
1738680121320 204.9559411689185 45
1738680121355 186.29142033261797 46
1738680121389 147.19629433113704 47
1738680121423 90.66954673667404 48
1738680121455 153.85279824534058 49
1738680121489 159.15669266902142 50
1738680121523 172.63641203675255 51
1738680121559 179.2305963672424 52
1738680121592 159.0922758478142 53
1738680121626 164.02916095866536 54
1738680121659 162.86939976637277 55
1738680121693 112.48792883136731 56
1738680121726 150.1656111029274 57
1738680121759 158.50921289334514 58
1738680121794 176.25427885844906 59
1738680121827 178.31104602697582 60
1738680121860 241.63999108118554 61
1738680121893 209.85506438448635 62
1738680121925 175.3755415102225 63
1738680121958 155.30318305555764 64
1738680121991 201.88619244610322 65
1738680122025 159.06086312011539 66
1738680122059 171.82257321998276 67
1738680122092 157.246419328042 68
1738680122125 188.54457513490098 69
1738680122157 138.827518723603 70
1738680122190 163.45740872658217 71
1738680122223 181.40293800270302 72
1738680122256 190.1982972984125 73
1738680122288 190.08198576652734 74
1738680122321 81.09855900109297 75
1738680122356 83.53875848208214 76
1738680122389 156.61733499663927 77
1738680122421 126.4962998891197 78
1738680122453 108.99666733725039 79
1738680122487 133.00523073979667 80
1738680122520 271.61957097011157 81
1738680122552 205.99066900569022 82
1738680122585 177.39096049937243 83
1738680122618 168.96390019581762 84
1738680122651 187.0189357904612 85
1738680122684 252.83648643153242 86
1738680122716 219.96702958354317 87
1738680122749 157.5063995141678 88
1738680122782 272.87165890434255 89
1738680122815 152.94461758516331 90
1738680122848 230.4851089359184 91
1738680122880 149.5504384999673 92
1738680122913 190.26862905991618 93
1738680122946 136.73669930244841 94
1738680122979 87.89683470636717 95
1738680123012 186.19881382376028 96
1738680123045 132.58360217627754 97
1738680123078 197.68744784811037 98
1738680123111 156.89348283302994 99
1738680123144 239.53686590966737 100
1738680123177 308.41995633600936 101
1738680123210 179.53116974731347 102
1738680123244 168.2230005324055 103
1738680123277 134.99889546729253 104
1738680123311 165.2038754859096 105
1738680123346 164.6712120927063 106
1738680123379 150.45027422421174 107
1738680123413 161.76220426650954 108
1738680123446 156.92760536501862 109
1738680123480 187.23672256978685 110
1738680123513 218.60193432035268 111
1738680123546 153.55771108300084 112
1738680123579 203.03878005640365 113
1738680123612 181.98709064806198 114
1738680123645 182.7328255632362 115
1738680123679 208.5485153278655 116
1738680123713 213.77413583498844 117
1738680123746 144.90335357751843 118
1738680123779 144.63598055355362 119
1738680123812 165.27533496767694 120
1738680123844 159.5651636252409 121
1738680123876 141.8498506506446 122
1738680123909 134.57415490747928 123
1738680123941 241.2883944464034 124
1738680123975 163.49602555210197 125
1738680124009 166.93566927752596 126
1738680124042 227.16855037009526 127
1738680124076 143.23507567541185 128
1738680124109 176.5061726750455 129
1738680124142 139.89640026873482 130
1738680124175 238.104416968014 131
1738680124208 119.15278809725385 132
1738680124240 155.94663835818852 133
1738680124273 68.45761761149781 134
1738680124306 182.04857711781858 135
1738680124338 154.14347364637433 136
1738680124370 103.08715053531176 137
1738680124403 124.27543693859089 138
1738680124435 198.55315043069956 139
1738680124468 186.77056607449558 140
1738680124500 194.99457132503753 141
1738680124532 169.24745353692404 142
1738680124565 196.68368477992158 143
1738680124598 255.0038216779757 144
1738680124631 126.34121895265024 145
1738680124665 170.91397464585503 146
1738680124697 168.01000560234434 147
1738680124730 164.01564658999675 148
1738680124763 185.57756659082781 149
1738680124796 123.52159359091651 150
1738680124828 201.9203648913696 151
1738680124862 322.8225397831237 152
1738680124894 197.62872609180116 153
1738680124927 188.18404303607437 154
1738680124959 234.85358378797736 155
1738680124992 193.8006268208086 156
1738680125025 153.42745527596975 157
1738680125057 244.06916391790705 158
1738680125090 475.35495089571447 159
1738680125123 168.48713389566024 160
1738680125155 131.36630848281104 161
1738680125188 118.4170084910548 162
1738680125220 146.77576380789046 163
1738680125253 247.88239412342693 164
1738680125285 157.63766083259412 165
1738680125318 177.04558630267968 166
1738680125350 149.26138254105228 167
1738680125382 168.39701987039072 168
1738680125415 250.87966521127166 169
1738680125449 168.76319728124543 170
1738680125482 180.98338798093212 171
1738680125516 156.99777485484 172
1738680125549 156.29141192892388 173
1738680125582 190.07947160706738 174
1738680125614 97.25712334655816 175
1738680125647 179.17027188711927 176
1738680125680 203.60612735631082 177
1738680125712 145.85470272446486 178
1738680125745 28.15155932192651 179
1738680125777 183.05660504951473 180
1738680125810 201.35524984713373 181
1738680125843 181.31244169567316 182
1738680125875 172.4694192643483 183
1738680125908 165.6186429622932 184
1738680125940 113.599881032156 185
1738680125972 213.2191348967561 186
1738680126006 234.71301810726632 187
1738680126039 188.6047388697061 188
1738680126072 143.97607372748075 189
1738680126105 134.47943833570687 190
1738680126139 176.8179913597153 191
1738680126172 158.07494323948376 192
1738680126205 106.87609576624583 193
1738680126237 176.8239825907236 194
1738680126270 178.3612515542192 195
1738680126303 211.38379311835993 196
1738680126335 121.79464671516158 197
1738680126368 103.81224492686188 198
1738680126400 141.75855179981474 199
1738680126433 208.7347377106999 200
1738680126466 215.74159410202807 201
1738680126499 182.1979990177808 202
1738680126531 166.50303224496565 203
1738680126564 192.5104834953754 204
1738680126596 212.57303151196527 205
1738680126630 105.20824964774785 206
1738680126664 236.96866963282878 207
1738680126696 165.3572269353278 208
1738680126729 157.7689390055743 209
1738680126762 262.1662116610658 210
1738680126794 164.404490201588 211
1738680126827 150.27659545261352 212
1738680126860 163.28384077773273 213
1738680126893 166.1808311931331 214
1738680126926 136.90340719914784 215
1738680126959 160.74596921907192 216
1738680126992 180.24146349427454 217
1738680127025 161.293756078129 218
1738680127058 255.86444972151207 219
1738680127091 169.3039830892859 220
1738680127124 185.52845099816994 221
1738680127157 133.33951231991668 222
1738680127190 158.80269103646506 223
1738680127224 182.74631516760107 224
1738680127256 162.68951883699998 225
1738680127289 180.1593101904342 226
1738680127322 93.39684504357994 227
1738680127354 202.87114818720994 228
1738680127387 154.47072015317883 229
1738680127419 332.9239442441998 230
1738680127452 164.17104966901283 231
1738680127485 179.97405590623868 232
1738680127518 220.60550891118672 233
1738680127551 168.20309294892166 234
1738680127583 181.77882167618102 235
1738680127616 159.3858065458276 236
1738680127649 176.10324716392375 237
1738680127681 194.65756400933512 238
1738680127714 145.2867026140553 239
1738680127747 149.3490499172728 240
1738680127779 170.91905897660897 241
1738680127812 84.10076154656635 242
1738680127844 212.94930801455848 243
1738680127877 141.182586651067 244
1738680127910 164.09422971146932 245
1738680127943 182.8193912226332 246
1738680127975 145.37154758233964 247
1738680128009 217.7581532707632 248
1738680128041 95.69004712545751 249
1738680128075 205.40339063231588 250
1738680128108 215.38310379398072 251
1738680128140 196.5105940038606 252
1738680128173 202.630366003171 253
1738680128205 203.22286822182303 254
1738680128238 138.85574393223558 255
1738680128271 162.05321223524015 256
1738680128303 179.2530479238399 257
1738680128336 196.8061545390453 258
1738680128369 161.13683251858194 259
1738680128401 229.56204843643346 260
1738680128434 169.79826013096095 261
1738680128467 169.1392094819877 262
1738680128500 170.68440826695291 263
1738680128532 100.35343784525578 264
1738680128565 172.2040998665808 265
1738680128597 199.67592577357186 266
1738680128630 157.9079915025094 267
1738680128663 170.5308978602234 268
1738680128695 279.4103790179929 269
1738680128728 203.7085933471201 270
1738680128760 206.3612044105015 271
1738680128793 185.1495820871039 272
1738680128826 122.79011782359923 273
1738680128859 274.67663173901974 274
1738680128891 179.46872704129234 275
1738680128924 203.42236699454878 276
1738680128958 169.0218936838107 277
1738680128992 59.142532229472216 278
1738680129025 183.50631393100275 279
1738680129058 127.42561180388341 280
1738680129091 131.42850555681179 281
1738680129124 175.82903460436833 282
1738680129157 221.0816315831336 283
1738680129189 165.37298434620877 284
1738680129222 146.98308349717527 285
1738680129254 168.50573649643366 286
1738680129287 186.11949978880847 287
1738680129320 194.34607622454982 288
1738680129352 179.20200296697573 289
1738680129385 174.21355923254657 290
1738680129417 131.4583213028781 291
1738680129450 208.87899194847552 292
1738680129483 106.17370682845433 293
1738680129516 169.227264744766 294
1738680129549 143.60720293000955 295
1738680129582 182.06769346359846 296
1738680129614 184.82960051315163 297
1738680129648 185.13217749472452 298
1738680129680 202.63786385383972 299
1738680129714 81.77504252665724 300
1738680129746 325.1972621533125 301
1738680129779 138.194910695629 302
1738680129812 182.58053905990798 303
1738680129845 186.33293347452016 304
1738680129877 147.98533767627626 305
1738680129910 131.27278493230946 306
1738680129943 348.3596381586429 307
1738680129976 170.93282169871483 308
1738680130009 125.84598454878501 309
1738680130042 132.91304965483172 310
1738680130075 155.23147454917748 311
1738680130108 144.40674880497144 312
1738680130140 168.15129970002516 313
1738680130174 208.4901143666641 314
1738680130206 216.99993438002278 315
1738680130239 170.01178311119045 316
1738680130272 206.7197727166498 317
1738680130305 176.44529505812665 318
1738680130337 192.04939050445697 319
1738680130370 96.57686105803467 320
1738680130402 171.7493427032276 321
1738680130434 117.13360411348538 322
1738680130467 133.76384381646918 323
1738680130499 166.40664888020544 324
1738680130532 95.66454708608639 325
1738680130565 128.33251036546187 326
1738680130597 176.53506042396316 327
1738680130630 33.91161263494641 328
1738680130662 188.92789725673873 329
1738680130695 112.67595218416051 330
1738680130728 155.62713319234385 331
1738680130761 150.9776641463851 332
1738680130794 164.9780838070233 333
1738680130827 123.83628804549862 334
1738680130860 165.96618354569478 335
1738680130893 170.3256623534652 336
1738680130926 218.60063984115402 337
1738680130958 221.20879446997364 338
1738680130993 199.52121213006353 339
1738680131028 385.53942222759093 340
1738680131061 187.97128518059617 341
1738680131094 145.25017112196778 342
1738680131127 203.6935138718489 343
1738680131160 225.75874629499842 344
1738680131193 110.7591879627778 345
1738680131225 180.73909632819365 346
1738680131259 212.06023925013167 347
1738680131292 131.32732119212173 348
1738680131325 213.50611873230596 349
1738680131358 138.19154654709183 350
1738680131391 161.1237529002288 351
1738680131424 170.64536800480775 352
1738680131457 133.65283232991675 353
1738680131490 157.0507919313124 354
1738680131523 77.556898426169 355
1738680131556 295.09626596195716 356
1738680131588 156.10590029563275 357
1738680131621 155.1397567974081 358
1738680131655 493.3643390622906 359
1738680131687 182.46666427150055 360
1738680131720 189.24588081170646 361
1738680131753 188.14412573512266 362
1738680131785 100.24766921262402 363
1738680131818 149.70736045587822 364
1738680131851 175.62215900407054 365
1738680131884 126.54673883598619 366
1738680131917 133.24199373005786 367
1738680131949 177.7370606552564 368
1738680131982 109.02709686262224 369
1738680132014 156.09286241346092 370
1738680132047 146.73682370917905 371
1738680132079 208.62203253948545 372
1738680132112 184.95866266268982 373
1738680132144 74.96440242052567 374
1738680132178 110.85183762461133 375
1738680132210 163.07469127336694 376
1738680132243 138.88549017983746 377
1738680132276 165.63912281777547 378
1738680132308 163.40738091396102 379
1738680132340 180.83782578993734 380
1738680132373 176.57919714420387 381
1738680132406 145.30980308322188 382
1738680132439 93.1349888568868 383
1738680132472 176.55343044585857 384
1738680132505 91.10165458214392 385
1738680132538 128.99272873069637 386
1738680132571 185.8555759104375 387
1738680132603 145.76388141448248 388
1738680132636 178.02064206518878 389
1738680132669 108.19108612189724 390
1738680132702 160.43853309240887 391
1738680132735 134.2447599731923 392
1738680132768 173.65111042029403 393
1738680132801 162.41376670549042 394
1738680132833 76.35834298392699 395
1738680132867 151.3114875887031 396
1738680132899 160.8233597664468 397
1738680132932 100.25165017406941 398
1738680132965 168.64667790151842 399
1738680132998 234.33982509426448 400
1738680133033 178.05602230971803 401
1738680133070 218.6512889593243 402
1738680133103 165.4452098230932 403
1738680133136 144.48466283881723 404
1738680133169 172.735145118693 405
1738680133202 154.39925024823825 406
1738680133234 183.1378793160552 407
1738680133267 66.88918858362469 408
1738680133299 229.87681696635798 409
1738680133332 168.89001375978552 410
1738680133365 163.08532265463225 411
1738680133399 114.24784965176651 412
1738680133432 150.45789290640752 413
1738680133464 190.44330400366056 414
1738680133497 149.8938038042741 415
1738680133530 182.97284391846972 416
1738680133562 164.89400326305633 417
1738680133595 217.465418914898 418
1738680133627 181.2931022287606 419
1738680133660 89.04116281657423 420
1738680133693 153.90774590406787 421
1738680133725 158.63646224240517 422
1738680133758 111.98226706612267 423
1738680133791 159.5691721900703 424
1738680133824 181.0830498018007 425
1738680133857 183.5201393207327 426
1738680133890 95.22203677221302 427
1738680133923 143.146542148268 428
1738680133955 186.84575300578797 429
1738680133989 189.6448115090108 430
1738680134022 171.86782397859022 431
1738680134055 87.52760863066968 432
1738680134087 103.77013875391513 433
1738680134120 139.83429352290983 434
1738680134153 198.240846839427 435
1738680134185 151.59951731005515 436
1738680134218 175.8685974911759 437
1738680134251 171.49872529880375 438
1738680134283 191.27918310568148 439
1738680134316 212.74884257101525 440
1738680134349 116.25108950685396 441
1738680134381 154.22947524790445 442
1738680134414 159.99705510055276 443
1738680134446 140.02474962330083 444
1738680134479 146.6334711296991 445
1738680134512 232.60501599248917 446
1738680134545 95.54117704774977 447
1738680134578 126.14634629113809 448
1738680134610 152.66550932687235 449
1738680134643 250.7571281551519 450
1738680134676 301.47073581920046 451
1738680134708 206.05239996022496 452
1738680134741 158.84271466435712 453
1738680134773 209.6817474230904 454
1738680134806 120.35054728232828 455
1738680134839 167.68056364040032 456
1738680134871 143.81569323411762 457
1738680134904 189.9170118136787 458
1738680134937 143.47449805814526 459
1738680134969 171.98001912182167 460
1738680135002 154.95780253074545 461
1738680135036 183.43084297510234 462
1738680135068 179.80360553945204 463
1738680135101 121.93226849077375 464
1738680135134 370.18341247001115 465
1738680135166 322.05538688601587 466
1738680135199 114.13397230056898 467
1738680135232 146.07821834229748 468
1738680135264 133.34022189381858 469
1738680135297 162.98134146341408 470
1738680135329 151.71633812991985 471
1738680135362 400.34674804839074 472
1738680135395 144.4843739079104 473
1738680135428 216.2270193708529 474
1738680135460 184.10840178853013 475
1738680135493 193.63173190051938 476
1738680135525 83.83412182122099 477
1738680135558 119.73687408483404 478
1738680135591 149.21663883959727 479
1738680135623 134.41440560496522 480
1738680135656 183.64649652350687 481
1738680135688 185.41542215859 482
1738680135721 169.33843188566638 483
1738680135753 194.96407280041953 484
1738680135786 131.44174790182151 485
1738680135818 172.02154358688668 486
1738680135851 143.15280396009805 487
1738680135883 193.26386986867655 488
1738680135916 155.2405500521845 489
1738680135948 161.8736926865612 490
1738680135981 152.4702441411144 491
1738680136013 199.4432051470299 492
1738680136045 121.0832456069563 493
1738680136078 179.26870490066779 494
1738680136110 165.32316610617414 495
1738680136142 167.55694024015767 496
1738680136174 173.10921042678376 497
1738680136207 133.41307077742806 498
1738680136239 163.9481576112921 499
