1738825748077 169.3655267061845 0
1738825748108 169.35024314093877 1
1738825748136 169.33546610205048 2
1738825748161 169.3211767914466 3
1738825748180 169.30735714930836 4
1738825748201 169.29398982429876 5
1738825748230 169.28105814500503 6
1738825748251 169.26854609254775 7
1738825748286 169.25643827430747 8
1738825748303 169.24471989872288 9
1738825748332 169.23337675111782 10
1738825748355 169.22239517051324 11
1738825748376 169.21176202738494 12
1738825748397 169.20146470232734 13
1738825748428 169.19149106558737 14
1738825748452 169.18182945743075 15
1738825748476 169.17246866930904 16
1738825748498 169.1633979257923 17
1738825748520 169.15460686723745 18
1738825748545 169.14608553316143 19
1738825748570 169.13782434629096 20
1738825748611 169.12981409725992 21
1738825748637 169.1220459299294 22
1738825748661 169.11451132730366 23
1738825748679 169.107202098018 24
1738825748696 169.1001103633755 25
1738825748718 169.09322854490927 26
1738825748734 169.08654935244974 27
1738825748753 169.08006577267534 28
1738825748781 169.07377105812748 29
1738825748803 169.06765871667045 30
1738825748819 169.06172250137834 31
1738825748843 169.05595640083106 32
1738825748861 169.0503546298031 33
1738825748888 169.0449116203291 34
1738825748910 169.03962201313013 35
1738825748933 169.03448064938684 36
1738825748954 169.0294825628446 37
1738825748993 169.0246229722374 38
1738825749012 169.0198972740174 39
1738825749028 169.01530103537786 40
1738825749043 169.01082998755678 41
1738825749060 169.00648001941104 42
1738825749076 169.0022471712485 43
1738825749093 168.99812762890883 44
1738825749117 168.9941177180821 45
1738825749140 168.99021389885584 46
1738825749166 168.9864127604813 47
1738825749189 168.98271101634938 48
1738825749234 168.97910549916847 49
1738825749276 168.9755931563358 50
1738825749309 168.97217104549372 51
1738825749341 168.96883633026454 52
1738825749361 168.96558627615528 53
1738825749401 168.9624182466273 54
1738825749432 168.9593296993218 55
1738825749460 168.95631818243695 56
