1738679601720 171.26284635412063 0
1738679601728 173.26987674546982 1
1738679601734 165.52717992192245 2
1738679601741 168.87141603158565 3
1738679601747 166.59019887342038 4
1738679601753 166.82206635695576 5
1738679601759 165.2854617699783 6
1738679601765 167.46725186273056 7
1738679601772 169.1063915833336 8
1738679601778 165.96595865496735 9
1738679601784 171.70030488701656 10
1738679601790 167.45798327103464 11
1738679601797 168.5674742614221 12
1738679601803 171.88126747144543 13
1738679601809 170.19873852221897 14
1738679601814 167.8029043587384 15
1738679601820 166.87810832727538 16
1738679601827 169.6385842503385 17
1738679601832 166.7250453775218 18
1738679601839 170.26828696058098 19
1738679601844 168.6435724317655 20
1738679601850 170.90751122241093 21
1738679601856 173.47929938070132 22
1738679601861 171.69541428561357 23
1738679601867 171.16908117339392 24
1738679601872 166.98165630986037 25
