1738679533115 178.26759001066875 0
1738679533157 161.301508493802 1
1738679533198 165.86499287374568 2
1738679533240 166.4387965007817 3
1738679533281 138.24826555847835 4
1738679533326 164.71836135339444 5
1738679533387 163.5687721949582 6
1738679533429 165.3593252433764 7
1738679533471 169.2242742705567 8
1738679533514 162.24412452225263 9
1738679533556 166.5172391960119 10
1738679533597 165.03149856683137 11
1738679533638 179.75208682702183 12
1738679533680 196.90307540654473 13
1738679533721 157.08841384419387 14
1738679533762 169.55278538452592 15
1738679533803 174.97724363716685 16
1738679533844 188.74703258813017 17
1738679533885 178.9516903724186 18
1738679533929 175.61594705781334 19
1738679533976 171.15125669336942 20
