1738823541718 65.28435180320358 0
1738823541736 50.923154941825125 1
1738823541767 53.30768332597263 2
1738823541788 41.017285460477964 3
1738823541809 40.322154665201886 4
1738823541826 34.08476461778905 5
1738823541853 28.11326669293971 6
1738823541876 28.204371277059362 7
1738823541897 21.464661185337867 8
1738823541928 34.314546282826356 9
1738823541950 19.66024319128334 10
1738823541972 19.429493793276055 11
1738823541991 15.251468770791822 12
1738823542009 12.10896065372098 13
1738823542028 12.297344783464355 14
1738823542047 11.2311846042027 15
1738823542067 11.175296076135321 16
1738823542083 8.455171383414203 17
1738823542098 8.862425142962534 18
1738823542113 5.94510342424429 19
1738823542129 8.174092096969057 20
1738823542146 6.348093431276085 21
1738823542162 4.5027705341984525 22
1738823542177 4.893136520625585 23
1738823542197 4.666775445010668 24
1738823542217 2.9529417750914653 25
1738823542236 3.1261811096153225 26
1738823542255 3.9747617516355294 27
1738823542278 3.2522311231458816 28
1738823542307 2.211005957902085 29
1738823542323 1.6610631178988826 30
1738823542342 1.7172279010546219 31
1738823542359 2.217079090272637 32
1738823542377 2.0168998712508146 33
1738823542396 1.798881982113072 34
1738823542434 1.9087914870693405 35
1738823542459 1.6451887211906495 36
1738823542474 1.5518019354929904 37
1738823542496 1.2695101293779945 38
1738823542514 1.7217195304387394 39
1738823542529 0.9410349913139066 40
1738823542546 0.9884148729032308 41
1738823542563 1.0468016210585893 42
1738823542579 0.7797213481311588 43
1738823542598 0.7675288055583325 44
1738823542617 0.48578157484766477 45
1738823542640 0.6107191791727411 46
1738823542659 0.4875465474937809 47
1738823542674 0.8388028252719152 48
1738823542692 0.4893159158610125 49
1738823542710 0.7824760848900013 50
1738823542729 0.43130907815467073 51
1738823542745 0.5781134087050142 52
1738823542761 0.33651360116794893 53
1738823542779 0.37450011364814073 54
1738823542795 0.2903592210550291 55
1738823542809 0.27110266674833766 56
1738823542827 0.32371281940413654 57
1738823542846 0.3374920956621722 58
1738823542863 0.3220996130414752 59
1738823542883 0.18863063576813968 60
1738823542899 0.3277908860510932 61
1738823542915 0.24011536516399729 62
1738823542932 0.2604330292466442 63
1738823542956 0.2358608420396274 64
1738823542975 0.2896729786655125 65
1738823542992 0.22802354621946028 66
1738823543010 0.14266051986316383 67
1738823543032 0.20319189752738548 68
1738823543053 0.3483850585732701 69
1738823543070 0.27633971084074277 70
1738823543088 0.30000975223908594 71
1738823543108 0.14829770316896357 72
1738823543125 0.18127853584014117 73
1738823543143 0.13679680307498365 74
1738823543161 0.1426273999256447 75
1738823543180 0.16934245702454936 76
1738823543196 0.2663613003926838 77
1738823543212 0.13063820937584192 78
1738823543228 0.1378526953787965 79
1738823543242 0.18803077263071089 80
1738823543258 0.16555902262342376 81
1738823543274 0.11824047433156315 82
1738823543290 0.16169393910595198 83
1738823543305 0.11199116410267636 84
1738823543323 0.13039346657045964 85
1738823543338 0.12716329580349345 86
1738823543354 0.12134334751268532 87
1738823543371 0.1367835427783713 88
1738823543387 0.11817107983414711 89
1738823543402 0.11365859233902405 90
1738823543421 0.07370604243956809 91
1738823543439 0.08586247819238459 92
1738823543458 0.07788202124835925 93
1738823543475 0.09873045860492845 94
1738823543494 0.0765490708190856 95
1738823543515 0.08586529231947841 96
1738823543534 0.11652395223385134 97
1738823543553 0.11380538546206384 98
1738823543571 0.08188428957561658 99
1738823543588 0.09567091964781291 100
1738823543604 0.16348489122167817 101
1738823543622 0.09979510030633737 102
1738823543639 0.09416678182141766 103
1738823543656 0.1112488402955789 104
1738823543675 0.10303439080930418 105
1738823543693 0.11330665812391141 106
1738823543709 0.07655548405909739 107
1738823543729 0.08393341959186605 108
1738823543756 0.080234266838494 109
1738823543778 0.08935741095463133 110
1738823543799 0.09576378946488803 111
1738823543819 0.11303690855928852 112
1738823543833 0.08026304487838698 113
1738823543847 0.08594421742110582 114
1738823543864 0.07042006543605235 115
1738823543880 0.0910952137847474 116
1738823543896 0.10354416534955559 117
1738823543912 0.06694369092342861 118
1738823543926 0.06681512409663656 119
1738823543946 0.1416151836259093 120
1738823543970 0.08216909597124743 121
1738823543992 0.0746082185665762 122
1738823544020 0.11214672351182688 123
1738823544043 0.10264766988726726 124
1738823544060 0.09133488248782182 125
1738823544076 0.09328966196037766 126
1738823544092 0.1152005318709085 127
1738823544111 0.07671717847043574 128
1738823544129 0.08832205487662836 129
1738823544150 0.05393776984223882 130
1738823544170 0.08501655362364834 131
1738823544189 0.06183447052567177 132
1738823544204 0.06952052220203282 133
1738823544218 0.10395505211644233 134
1738823544233 0.09514983284808157 135
1738823544250 0.06805848091569189 136
1738823544266 0.07199385194288987 137
1738823544279 0.08593870838012205 138
1738823544293 0.07789286119558658 139
1738823544313 0.06019614399817491 140
1738823544328 0.08922792217771378 141
1738823544345 0.08850287692434096 142
1738823544361 0.10718322343632675 143
1738823544376 0.1179846273903274 144
1738823544392 0.0703257844131232 145
1738823544408 0.08913997802389867 146
1738823544431 0.10407571500830581 147
1738823544451 0.09595290233111597 148
1738823544469 0.08413887817204331 149
1738823544487 0.10213367317953778 150
