1738825894630 144.85053763841486 0
1738825894674 179.49535733854307 1
1738825894718 176.46744565852748 2
1738825894761 137.62377650221936 3
1738825894804 201.85336003006336 4
1738825894847 155.7129981027586 5
1738825894890 156.990959344875 6
1738825894938 149.0548519400867 7
1738825894984 175.16669377262699 8
1738825895026 173.72178141915543 9
1738825895068 163.5946390627511 10
1738825895108 160.86055036031087 11
1738825895148 172.15897801293627 12
1738825895188 159.34816092033222 13
1738825895228 159.68493552981735 14
1738825895267 164.61204921343133 15
1738825895307 159.33981588506293 16
1738825895346 162.44776940621472 17
1738825895387 145.13831655694045 18
1738825895427 172.88759634755044 19
1738825895467 176.39808137006526 20
1738825895507 161.40922227011498 21
1738825895547 148.32893877628135 22
1738825895587 148.47572582490054 23
1738825895628 164.53422069510663 24
1738825895667 198.42246769167954 25
1738825895707 153.35793150433446 26
1738825895747 159.2020365243105 27
1738825895787 175.47333027535754 28
1738825895827 160.43030471845566 29
1738825895867 185.491210220361 30
1738825895906 174.65160379449304 31
1738825895947 160.97551609756252 32
1738825895987 176.86661425785292 33
1738825896028 166.5643135182443 34
1738825896068 174.4987502715979 35
1738825896108 163.53721978479712 36
1738825896148 171.08340530696077 37
1738825896187 210.88967844459398 38
1738825896227 221.40666319130355 39
1738825896267 146.58502083854907 40
1738825896306 159.3768109081713 41
1738825896347 149.21094515105355 42
1738825896387 165.5922172614327 43
1738825896427 158.48047167480541 44
1738825896467 169.96286308116066 45
1738825896506 174.4128771810815 46
1738825896546 141.38248529831475 47
1738825896587 190.65159748958297 48
1738825896628 153.97755008630023 49
1738825896668 169.34316593565177 50
1738825896708 148.2096449847935 51
1738825896749 148.3599307296726 52
1738825896793 151.11683789606255 53
1738825896836 161.4846298505898 54
1738825896877 177.8607167247192 55
1738825896918 209.37330928890407 56
1738825896957 181.81135791455162 57
1738825896998 164.46024150961506 58
1738825897037 169.4059645324274 59
1738825897077 161.1997916031181 60
1738825897116 157.75363312982168 61
1738825897156 160.15614571418982 62
1738825897198 158.52112208487037 63
1738825897240 156.66665237316252 64
1738825897279 210.06352322593386 65
1738825897319 159.5788251891756 66
1738825897359 167.9973652748758 67
1738825897399 180.8266173015376 68
1738825897440 162.01747185855731 69
1738825897479 163.1133816093453 70
1738825897519 162.30291268629622 71
1738825897559 179.83667581247155 72
1738825897598 146.55150008470946 73
1738825897638 181.89246888366225 74
1738825897677 171.5207806998445 75
1738825897717 183.870767389545 76
1738825897757 169.02496820994511 77
1738825897799 141.62921722563377 78
1738825897839 179.96107035526654 79
1738825897880 155.05508612466153 80
1738825897920 173.94407996601458 81
1738825897960 177.01461475231005 82
1738825898000 170.27782941577073 83
1738825898039 186.3916769883964 84
1738825898079 156.2521635666828 85
1738825898118 162.21529819060834 86
1738825898157 156.162095153843 87
1738825898197 173.15613095232095 88
1738825898236 136.42011196952072 89
1738825898275 222.42289761714414 90
1738825898315 176.21027593370576 91
1738825898354 186.06211442357713 92
1738825898394 163.1911725590796 93
1738825898436 195.41693532284506 94
1738825898475 135.70150640439525 95
1738825898515 119.10050616860799 96
1738825898555 178.0048263826097 97
1738825898595 168.38186168731548 98
1738825898634 157.94600753656283 99
1738825898674 170.7817299546468 100
1738825898714 149.6530612308755 101
1738825898753 154.8695068086033 102
1738825898793 174.11041135334835 103
1738825898833 195.32238672318363 104
1738825898873 181.82281358691728 105
1738825898912 201.21842595939268 106
1738825898952 181.1162752727994 107
1738825898993 175.85289355668357 108
1738825899032 162.72966050024425 109
1738825899072 160.42055013694912 110
1738825899112 164.5797047120451 111
1738825899153 165.91993467221852 112
1738825899193 172.00364798313564 113
1738825899233 162.02896663751727 114
1738825899273 173.2004972453827 115
1738825899313 199.88109158620605 116
1738825899354 175.04214513350118 117
1738825899394 179.55929452346436 118
1738825899434 171.74579690490717 119
1738825899474 170.5118115600587 120
1738825899513 145.25359011307987 121
1738825899552 166.70916491866834 122
1738825899592 198.82311716404865 123
1738825899631 164.73514449249532 124
1738825899671 142.57827752783788 125
1738825899711 158.661742798208 126
1738825899750 179.53477926499076 127
1738825899790 190.46911266048386 128
1738825899830 146.38164420754808 129
1738825899870 154.6761511619532 130
1738825899909 170.8316120766858 131
1738825899949 162.54277059462342 132
1738825899988 170.22815648442656 133
1738825900028 139.90872155483544 134
1738825900067 166.08934320438212 135
1738825900107 147.89389911480154 136
1738825900146 214.3776255611059 137
1738825900187 161.56788211940727 138
1738825900227 143.19186775959272 139
1738825900267 170.63429199191515 140
1738825900307 183.97744968249023 141
1738825900347 230.04060563499127 142
1738825900387 163.882858474371 143
1738825900427 204.8622142086371 144
1738825900469 162.1116119126265 145
1738825900511 171.80776544369277 146
1738825900581 180.19816705298896 147
1738825900623 171.26432484473068 148
1738825900665 208.65361256697358 149
1738825900707 172.34535804902555 150
1738825900750 157.61441544102007 151
1738825900792 152.25553927721356 152
1738825900833 157.24582766148976 153
1738825900879 176.68483452005862 154
1738825900984 155.28379310538085 155
1738825901026 177.48897901165012 156
1738825901069 154.73932980593867 157
1738825901111 192.3001222101339 158
1738825901151 178.68691499279424 159
1738825901192 180.54467794082848 160
1738825901232 174.87319519734228 161
1738825901271 177.79686257969897 162
1738825901313 223.03408474472502 163
1738825901355 148.55795113681833 164
1738825901396 168.64569525896667 165
1738825901439 163.10957252472278 166
1738825901482 179.76412548919745 167
1738825901543 145.92375944562968 168
1738825901585 171.48630378827204 169
1738825901626 161.75560597380803 170
1738825901667 173.79128011457956 171
1738825901707 178.3093377206373 172
1738825901746 140.25334369288728 173
1738825901786 197.68274810073103 174
1738825901826 155.6783190934283 175
1738825901866 157.1052832110961 176
1738825901906 175.52968680040163 177
1738825901946 176.4821345924507 178
1738825901986 155.0454775331653 179
1738825902025 160.7077357785666 180
1738825902066 154.33043245336026 181
1738825902106 162.85565410510398 182
1738825902146 153.49737215035256 183
1738825902186 177.04941972827973 184
1738825902225 178.382093174935 185
1738825902265 153.98958667800684 186
1738825902304 201.25728234969253 187
1738825902344 169.1449331604384 188
1738825902384 181.9243395638242 189
1738825902424 164.4047042813505 190
1738825902464 170.40817684102925 191
1738825902504 167.92274966040665 192
1738825902543 170.23300648085814 193
1738825902583 172.57736178977297 194
1738825902623 154.7163314521 195
1738825902663 158.70412700772982 196
1738825902702 168.77358336659398 197
1738825902742 165.23344800037916 198
1738825902782 174.40392879161854 199
1738825902822 208.38148295342256 200
1738825902862 159.15207566719744 201
1738825902903 175.92913887643758 202
1738825902942 181.90715093781756 203
1738825902983 144.3112946652184 204
1738825903023 173.34891296153765 205
1738825903063 164.70356666289766 206
1738825903102 152.66535925764038 207
1738825903142 160.0483824079393 208
1738825903182 165.21235148266126 209
1738825903222 167.1285299740713 210
1738825903261 146.4956368301486 211
1738825903301 171.65798810285682 212
1738825903341 167.2581585029956 213
1738825903380 198.00740942478677 214
1738825903420 156.6304492175763 215
1738825903460 140.28529487331744 216
1738825903499 151.9001717326709 217
1738825903539 190.72604416600737 218
1738825903579 163.82929358437408 219
1738825903619 176.75238420390409 220
1738825903659 181.30542401737995 221
1738825903700 181.8063695325676 222
1738825903740 182.65534571341982 223
1738825903780 168.8708466571615 224
1738825903820 147.8496775813829 225
1738825903860 170.78647682599993 226
1738825903900 228.8463063000097 227
1738825903940 175.95859174780298 228
1738825903980 167.23234299795655 229
1738825904020 160.63985684297418 230
1738825904059 168.60007772419843 231
1738825904099 155.5663216710977 232
1738825904139 145.28333053785357 233
1738825904179 158.54704914152074 234
1738825904218 161.55794569595523 235
1738825904258 166.79466874830888 236
1738825904297 163.9425751696233 237
1738825904338 167.24035693880393 238
1738825904378 146.95326814629414 239
1738825904418 181.50879460454303 240
1738825904458 159.8019693362964 241
1738825904498 131.71073045983354 242
1738825904537 165.8412785226127 243
1738825904578 186.316138191353 244
1738825904618 151.52113767231546 245
1738825904657 173.58860320744017 246
1738825904697 178.51536300665953 247
1738825904737 172.8635516937232 248
1738825904776 133.01870895330157 249
1738825904815 165.1470232262125 250
1738825904855 165.27962733607228 251
1738825904895 151.68917265712147 252
1738825904935 171.58155789544338 253
1738825904974 216.43848402801638 254
1738825905014 152.0063657765221 255
1738825905054 168.5880612590089 256
1738825905094 168.8760821579787 257
1738825905133 177.8515504668539 258
1738825905173 168.25198491545427 259
1738825905213 155.06307936770557 260
1738825905252 164.96723781763498 261
1738825905292 166.24882432270584 262
1738825905332 175.25485843530646 263
1738825905372 186.42004000488302 264
1738825905412 151.1366135643842 265
1738825905451 211.59967357832213 266
1738825905491 144.32627807536073 267
1738825905530 176.16620005617312 268
1738825905570 168.67494563077827 269
1738825905610 121.78696864624371 270
1738825905649 174.05442369046904 271
1738825905690 181.01473805067548 272
1738825905730 147.88914182649262 273
1738825905771 225.83174511133666 274
1738825905825 173.0943747657102 275
1738825905871 164.51520652626758 276
