1738824734205 153.17578250624445 0
1738824734243 184.32849069906223 1
1738824734280 163.87979088145056 2
1738824734317 177.10074617467797 3
1738824734353 160.0959606429029 4
1738824734415 178.09555074177436 5
1738824734461 173.3562754601987 6
1738824734499 166.31319285369625 7
1738824734537 152.33092032661594 8
1738824734576 169.1842403038295 9
1738824734613 174.89048750451363 10
1738824734650 171.13815989862272 11
1738824734687 179.37328996087712 12
1738824734724 176.82196359831485 13
1738824734762 167.05260280916085 14
1738824734799 168.06178225735823 15
1738824734836 176.09716809303436 16
1738824734873 174.90375371066114 17
1738824734910 170.94516008869286 18
1738824734947 152.940713127398 19
1738824734983 162.2182061435793 20
1738824735020 171.5972369329733 21
1738824735057 172.51003158907503 22
1738824735094 171.08989356601035 23
1738824735131 179.67337482901328 24
