1738679397365 156.53809130110398 0
1738679397408 160.80863231378 1
1738679397450 173.04882727078973 2
1738679397491 169.31855243694375 3
1738679397536 163.3832403677287 4
1738679397581 151.39848902645454 5
1738679397628 192.0328055167362 6
1738679397674 153.08102599775597 7
1738679397719 141.46759811289692 8
1738679397764 248.988923071835 9
1738679397808 181.3079986656912 10
1738679397850 167.96630386996264 11
1738679397894 160.56498626648388 12
1738679397939 161.0358561079065 13
1738679397982 179.38469566134617 14
1738679398026 187.68536041042648 15
1738679398069 151.4080236765924 16
1738679398114 153.9967682589854 17
1738679398158 185.58514427414653 18
1738679398202 189.75646749718962 19
1738679398246 184.56620832736826 20
1738679398291 159.13927296659386 21
1738679398335 162.5550496379132 22
1738679398379 165.39615302396774 23
1738679398421 173.56279570805455 24
1738679398464 147.85496692430107 25
1738679398508 167.87906831607114 26
1738679398553 131.19118167701254 27
1738679398597 151.02266705973258 28
1738679398641 148.11068662048473 29
1738679398685 159.73945237898252 30
1738679398729 155.76630931570614 31
1738679398773 156.41224627349553 32
1738679398816 150.09254166719384 33
1738679398859 175.15478368482295 34
1738679398902 161.52777399698783 35
1738679398945 156.55878332938386 36
1738679398989 170.8726413392132 37
1738679399034 185.17124573047795 38
1738679399078 179.27210642300676 39
1738679399122 181.80930039386396 40
1738679399166 163.38294608208275 41
1738679399208 183.15724717335902 42
1738679399252 176.7714845352384 43
1738679399297 164.7040817024645 44
1738679399342 170.76959648004348 45
1738679399387 177.3868797543024 46
1738679399432 151.2481284448168 47
1738679399476 172.6816386649667 48
1738679399521 161.0605455507724 49
1738679399565 177.7951314568381 50
1738679399609 166.59206431155621 51
1738679399654 172.1989285554228 52
1738679399698 159.6949175029898 53
1738679399741 182.44787399085308 54
1738679399786 170.56635110171123 55
1738679399830 166.43628954969313 56
1738679399874 162.84019473666018 57
1738679399919 184.67869501517663 58
1738679399963 161.16904224672282 59
1738679400008 178.2629480385669 60
1738679400052 134.86985712215557 61
1738679400096 161.74602631060455 62
1738679400140 158.130062352258 63
1738679400184 173.1562998719227 64
1738679400228 153.4196882008065 65
1738679400273 162.77665119843317 66
1738679400317 173.9054163417485 67
1738679400362 146.8238532115726 68
1738679400406 178.58576377020694 69
1738679400451 180.7666805487786 70
1738679400495 139.64735882293732 71
1738679400539 146.65332788842198 72
1738679400584 160.50120265346246 73
1738679400629 180.4368249889142 74
1738679400673 167.82761486554026 75
1738679400718 162.40266354728206 76
1738679400761 179.9968585729376 77
1738679400806 165.66905918930445 78
1738679400850 161.26905879602637 79
1738679400894 179.92578946113403 80
1738679400938 187.99969606832548 81
1738679400982 180.27809742898424 82
1738679401027 171.12448858805675 83
1738679401071 175.83630416642592 84
1738679401116 179.84673820498142 85
1738679401160 160.30326305663064 86
1738679401204 166.81156413648748 87
1738679401249 186.49753673645046 88
1738679401294 171.79628513794623 89
1738679401338 170.597259433302 90
1738679401382 176.76618040695433 91
1738679401425 170.31163456448326 92
1738679401469 184.02254790930968 93
1738679401512 171.3694254353886 94
1738679401555 121.20927593941705 95
1738679401598 188.63172264144293 96
1738679401641 185.21818285018844 97
1738679401685 165.30123534143928 98
1738679401729 163.47911589088233 99
1738679401773 175.37803366549198 100
1738679401817 181.98945958569382 101
1738679401861 155.12720998433176 102
1738679401905 177.28999443834655 103
1738679401950 162.53235909332656 104
1738679401994 122.27326530824156 105
1738679402039 140.38290551737808 106
1738679402084 171.29063571781927 107
1738679402128 192.66815380893155 108
1738679402173 193.12693126025425 109
1738679402218 167.1165684557508 110
1738679402262 156.53334022681452 111
1738679402306 188.76161733979708 112
1738679402350 175.36941996263613 113
1738679402394 159.45958607263393 114
1738679402439 153.45189726412258 115
1738679402483 176.8945931139181 116
1738679402528 168.24568899397707 117
1738679402572 190.07633673657122 118
1738679402617 166.3356114834996 119
1738679402661 173.1897875842097 120
1738679402706 152.67375320539492 121
1738679402750 171.5059150301198 122
1738679402794 178.51795412998828 123
1738679402839 164.4170726632872 124
1738679402883 158.2714486200939 125
1738679402927 144.4972215780473 126
1738679402972 175.08587335074452 127
1738679403016 172.2161744609966 128
1738679403061 171.62931083194027 129
1738679403106 180.00586459159396 130
1738679403151 156.83099395586976 131
1738679403195 184.95581389843477 132
1738679403239 173.97070570685068 133
1738679403284 174.40621891007328 134
1738679403328 169.47600079901335 135
1738679403373 138.72166297226246 136
1738679403417 161.11762096643466 137
1738679403462 162.57353030712594 138
1738679403506 162.03422099224287 139
1738679403551 165.63443156597535 140
1738679403595 129.26399404189817 141
1738679403640 185.10625650160557 142
1738679403684 169.9399121719743 143
1738679403728 160.83846851768163 144
1738679403772 169.0146701852816 145
1738679403816 170.72963771643592 146
1738679403861 168.5197780553925 147
1738679403905 158.11843678206716 148
1738679403949 158.44901244055114 149
1738679403993 164.5376868024009 150
1738679404037 154.7834722468293 151
1738679404082 150.03751339401822 152
1738679404127 179.14679165666377 153
1738679404172 167.74502762071444 154
1738679404217 188.09225216389902 155
1738679404261 157.67405742635265 156
1738679404305 174.98631668262362 157
1738679404350 159.48981663331983 158
1738679404394 159.20516165926892 159
1738679404439 165.53671731993342 160
1738679404483 164.07021331179473 161
1738679404527 134.66140891784937 162
1738679404571 177.37972516081638 163
1738679404616 193.2751111821898 164
1738679404660 161.38391132829807 165
1738679404704 169.66060183293234 166
1738679404749 165.77996383672146 167
1738679404793 183.49868874891388 168
1738679404837 178.22586247414355 169
1738679404881 184.51852368150554 170
1738679404925 157.62648732707436 171
1738679404968 159.39869064642522 172
1738679405013 183.63708380631482 173
1738679405057 159.75031884032342 174
1738679405102 166.27134320153277 175
1738679405147 170.76652920487348 176
1738679405191 181.76235066473618 177
1738679405236 185.91369632108135 178
1738679405280 182.87077264239244 179
1738679405325 186.73185217569517 180
1738679405369 170.85897819642054 181
1738679405413 154.66519548807642 182
1738679405457 174.24444974356743 183
1738679405502 161.70635937773633 184
1738679405546 176.29169769110655 185
1738679405590 173.34039808268992 186
1738679405634 164.9173807349353 187
1738679405678 174.69244340770908 188
1738679405722 178.89646886369601 189
1738679405767 179.20827731078336 190
1738679405811 200.07878771322257 191
1738679405855 174.26540684134673 192
1738679405900 177.265608600938 193
1738679405944 173.19241873702364 194
1738679405988 168.13069355297586 195
1738679406033 153.69297554135724 196
1738679406078 151.55652657233108 197
1738679406122 179.7809727461522 198
1738679406167 164.03959026217228 199
1738679406211 162.1932451720632 200
1738679406255 161.51538059251325 201
1738679406299 174.48063361523515 202
1738679406343 160.8087893943438 203
1738679406387 189.82173852431242 204
1738679406432 175.12516808965628 205
1738679406476 178.97192632547382 206
1738679406521 160.92400696112344 207
1738679406565 171.55250770060223 208
1738679406610 178.24003008077074 209
1738679406654 162.27873841418338 210
1738679406699 161.5068265840057 211
1738679406743 138.61977725494017 212
1738679406789 156.00583366473728 213
1738679406834 184.68963069177752 214
1738679406878 184.95224391781466 215
1738679406922 155.62067882614826 216
1738679406967 177.80580137607487 217
1738679407011 161.78426434006764 218
1738679407056 168.31461188697384 219
1738679407101 162.7103977877684 220
1738679407145 139.71241610612933 221
1738679407189 162.39638715013666 222
1738679407234 189.97921163201545 223
1738679407278 172.51577667852612 224
1738679407322 129.601412226099 225
1738679407366 160.85103799189466 226
1738679407410 143.61643364035737 227
1738679407454 150.004150098834 228
1738679407499 186.16335337248762 229
1738679407543 190.45436888415026 230
1738679407586 187.84226509514326 231
1738679407630 169.0697960858078 232
1738679407674 159.60669511649942 233
1738679407717 178.86140226234437 234
1738679407761 128.52061059578165 235
1738679407804 181.84456292094146 236
1738679407848 189.5064270462065 237
1738679407893 148.76902739218207 238
1738679407937 159.0829936355812 239
1738679407981 162.6062433690643 240
1738679408025 174.5401190886605 241
1738679408070 190.71955072047083 242
1738679408114 151.79439894359223 243
1738679408158 158.55273100028447 244
1738679408202 171.4548593956531 245
1738679408246 178.23167536952207 246
1738679408290 165.18298380448138 247
