1738824164410 204.12844117969706 0
1738824164449 177.2322398010222 1
1738824164487 117.71268267647676 2
1738824164525 204.04976500723328 3
1738824164562 222.47908218008374 4
1738824164600 145.432067528182 5
1738824164640 170.9261211150831 6
1738824164679 169.7881752871009 7
1738824164717 189.96200577910284 8
1738824164755 147.8460664823114 9
1738824164793 213.56865222544047 10
1738824164831 256.71233130498933 11
1738824164869 156.7735723083938 12
1738824164950 123.9124510505658 13
1738824164988 167.72252365578277 14
1738824165027 317.510835023744 15
1738824165066 183.89529115210877 16
1738824165104 168.9093881518236 17
1738824165142 184.76042263981836 18
1738824165180 228.45552644866083 19
1738824165217 172.44895216537927 20
1738824165255 224.09415732453218 21
1738824165294 234.33029531766636 22
1738824165332 291.2956117066712 23
1738824165369 160.72731857586237 24
1738824165406 171.10782210439507 25
1738824165444 129.22582380679987 26
1738824165482 195.7614151887861 27
1738824165520 185.67663443279986 28
1738824165557 166.22859111083434 29
1738824165594 165.34744399835557 30
1738824165633 160.02084727815705 31
1738824165671 141.99262763108504 32
1738824165710 157.1881592516303 33
1738824165748 167.48840981089418 34
1738824165786 206.18869465069338 35
1738824165824 185.34279312305975 36
1738824165862 127.87040850837582 37
1738824165904 250.77538625407146 38
1738824165945 166.64714627694087 39
1738824165983 169.1100039557496 40
1738824166021 203.5422246273625 41
1738824166059 111.83437036489066 42
1738824166098 174.89305760354844 43
1738824166135 190.99651538134628 44
1738824166173 86.74402276962218 45
1738824166211 147.85048626618467 46
1738824166249 184.00829527192764 47
1738824166288 100.89769581521185 48
1738824166326 151.86492711719558 49
1738824166365 145.06418773853156 50
1738824166403 194.51944554195302 51
1738824166442 153.1030262710783 52
1738824166481 193.89475591333624 53
1738824166518 142.60324410514775 54
1738824166557 194.6717459166387 55
1738824166595 175.32762489156835 56
1738824166633 201.97317415386576 57
1738824166670 158.48066325050362 58
1738824166708 144.44657054127825 59
1738824166746 146.5528602840189 60
1738824166782 176.7643149736278 61
1738824166820 150.39717156689784 62
1738824166859 178.63620522628233 63
1738824166897 167.4681081167318 64
1738824166934 173.77453351451595 65
1738824166971 188.2610333753555 66
1738824167007 144.15373941996475 67
1738824167045 189.9556224415634 68
1738824167088 136.59232795310297 69
1738824167126 144.20275567264693 70
1738824167162 51.797731901279896 71
1738824167200 267.51082492680166 72
1738824167238 186.70587259732469 73
1738824167275 147.53466800523128 74
1738824167313 164.5769915930219 75
1738824167350 162.8660015552894 76
1738824167387 115.49397812855491 77
1738824167424 189.68025676822054 78
1738824167462 183.33589788089537 79
1738824167500 185.94117481628447 80
1738824167538 209.17968634703348 81
1738824167575 147.00976612011732 82
1738824167612 209.10021400614238 83
1738824167650 144.0843387034217 84
1738824167688 199.16581316022183 85
1738824167726 154.7572461210721 86
1738824167764 190.06994595090242 87
1738824167803 170.60459437541328 88
1738824167840 230.64134804532407 89
1738824167877 179.40863931683134 90
1738824167915 211.76413428235864 91
1738824167953 162.01346159733737 92
1738824167991 198.43225577735916 93
1738824168028 136.82555450437093 94
1738824168065 169.99506018832545 95
1738824168102 118.89890863280269 96
1738824168141 199.26259388096634 97
1738824168179 188.64457162271367 98
1738824168217 174.63742961672773 99
1738824168258 192.21778183374786 100
1738824168296 165.26946408539808 101
1738824168334 164.96035934884398 102
1738824168372 213.67034642139714 103
1738824168410 174.86157438196287 104
1738824168448 164.04365049638028 105
1738824168488 161.8248124931054 106
1738824168527 185.14086444197952 107
1738824168567 8.861497361942376 108
1738824168607 176.74387359248868 109
1738824168645 159.90073691164633 110
1738824168683 167.4967205655591 111
1738824168721 154.25811829195624 112
1738824168759 212.17718200415462 113
1738824168798 174.7341847707635 114
1738824168836 211.7456577384145 115
1738824168874 173.25669231796846 116
1738824168912 162.58412815484013 117
1738824168950 176.76209242870743 118
1738824168989 134.69629175070648 119
1738824169027 147.03377824361064 120
1738824169064 120.89310105356837 121
1738824169102 132.36316945960618 122
1738824169142 174.11946838091396 123
1738824169180 178.2877393884311 124
1738824169216 229.00469185805972 125
1738824169255 185.8814089037301 126
1738824169293 162.44960081829075 127
1738824169330 192.8201087638386 128
1738824169368 151.3423023979154 129
1738824169404 135.53237267896642 130
1738824169441 153.10427834453407 131
1738824169480 147.07378692580136 132
1738824169520 169.73359554518 133
1738824169558 268.5389390178467 134
1738824169597 154.69394280720178 135
1738824169635 102.55941980415037 136
1738824169673 100.20000803375363 137
1738824169711 183.33461076817073 138
1738824169750 177.14383538765642 139
1738824169788 153.2630395737373 140
1738824169826 177.64264179698864 141
1738824169864 356.1735081820046 142
1738824169902 160.96964493595635 143
1738824169939 238.4744201137536 144
1738824169977 177.88519559612217 145
1738824170014 168.42510618942921 146
1738824170053 121.13624210628186 147
1738824170090 155.54397448938263 148
1738824170130 118.87903305105506 149
1738824170168 127.9491967988139 150
1738824170206 478.57802955453855 151
1738824170243 142.5909341989475 152
1738824170281 140.6602615568141 153
1738824170317 128.45628419733342 154
1738824170355 164.0430600071797 155
1738824170392 149.9105600454109 156
1738824170430 163.6081627977869 157
1738824170467 174.80631434204702 158
1738824170504 125.98847240851893 159
1738824170541 196.5942151748939 160
1738824170579 191.957987902255 161
1738824170617 164.61419360726669 162
1738824170655 188.15763895912244 163
1738824170693 195.72952313188944 164
1738824170733 189.85607240273578 165
1738824170771 151.77060367447186 166
1738824170807 209.57306246472052 167
1738824170845 167.78789668061407 168
1738824170882 116.81325658699808 169
1738824170918 194.77044578848546 170
1738824170955 254.38951878119371 171
1738824170993 131.58384664841967 172
1738824171030 156.19099234983835 173
1738824171067 222.03731720568265 174
1738824171105 237.35376570686066 175
1738824171143 180.15517587303347 176
1738824171180 156.3393568631201 177
1738824171217 178.78050149794223 178
1738824171255 186.22307357532847 179
1738824171293 94.01428006698451 180
1738824171331 238.96421517688538 181
1738824171368 206.8992952045395 182
1738824171407 208.89541101210534 183
1738824171447 207.96248828590865 184
1738824171487 173.86336732441083 185
1738824171525 188.58806483675556 186
1738824171563 47.105561433033856 187
1738824171601 236.35580905923774 188
1738824171638 179.57220679242627 189
1738824171675 147.65685797148274 190
1738824171712 167.50204287189538 191
1738824171750 186.3678192639185 192
1738824171788 208.30297141903355 193
1738824171825 181.6378004213849 194
1738824171863 191.88073384612423 195
1738824171900 179.41222501077257 196
1738824171938 158.65895605020947 197
1738824171976 160.56585238379145 198
1738824172013 153.34820643073593 199
1738824172050 130.91597954769344 200
1738824172088 159.73066024023552 201
1738824172126 191.60875142228554 202
1738824172163 150.37653614426608 203
1738824172201 162.78521660412852 204
1738824172239 180.94965623756704 205
1738824172277 160.9305609756261 206
1738824172315 180.20016311116828 207
1738824172352 152.26231365870763 208
1738824172389 119.26095983835663 209
1738824172427 182.45745134782575 210
1738824172465 114.98229511779817 211
1738824172501 201.01793906677796 212
1738824172538 130.93502434144617 213
1738824172575 159.42784719915335 214
1738824172612 202.88765392276102 215
1738824172650 168.41622724272605 216
1738824172688 207.3885562144165 217
1738824172726 168.27911607419037 218
1738824172764 187.203836840406 219
1738824172802 186.3984178562371 220
1738824172840 148.37455061215277 221
1738824172880 173.0351332919061 222
1738824172920 147.03282719106923 223
1738824172964 170.7377987409026 224
1738824173005 178.99051976668974 225
1738824173045 205.63988190895358 226
1738824173083 166.84237773560193 227
1738824173122 283.40867552549446 228
1738824173160 168.68850193815794 229
1738824173199 292.1401693108448 230
1738824173236 167.32844891666826 231
1738824173275 198.46089083431858 232
1738824173312 199.87503069404335 233
1738824173349 383.2319415536275 234
1738824173386 130.9394723805866 235
1738824173424 174.44644742751595 236
1738824173461 194.41379903486305 237
1738824173500 169.06493218580366 238
1738824173539 143.82037392586832 239
1738824173576 194.46805168079513 240
1738824173615 264.4244495337026 241
1738824173653 163.83042284634791 242
1738824173691 198.9630123576464 243
1738824173729 149.50441069150935 244
1738824173767 152.5159339059046 245
1738824173804 146.1015433800744 246
1738824173841 150.71280307727218 247
1738824173879 263.8469685185677 248
1738824173917 166.9073630870603 249
1738824173955 134.59827671649597 250
1738824173991 183.55606863168302 251
1738824174029 157.6294971344843 252
1738824174065 187.25373874146604 253
1738824174102 130.77335667570242 254
1738824174139 117.80513857540728 255
1738824174177 192.7859380599757 256
1738824174214 150.93744741559576 257
1738824174252 123.18426510218767 258
1738824174292 199.49613101495203 259
1738824174330 202.41033379915982 260
1738824174367 179.09121082453 261
1738824174405 237.14079995086175 262
1738824174443 178.45572775491036 263
1738824174482 176.61773128757028 264
1738824174523 161.66297430724867 265
1738824174562 206.1367054901454 266
1738824174601 149.4563478005629 267
1738824174639 136.7695913182611 268
1738824174677 169.5707118495104 269
1738824174716 101.74164256982347 270
1738824174755 129.79589960661426 271
1738824174794 169.89953571610727 272
1738824174832 167.05125894259268 273
1738824174870 175.94688514596933 274
1738824174909 164.6112874053574 275
1738824174946 123.36866243653452 276
1738824174986 136.88192507386313 277
1738824175026 76.24018753574495 278
1738824175065 150.770669502362 279
1738824175105 114.19849502826098 280
1738824175144 187.98503583269266 281
1738824175183 148.92568800171713 282
1738824175222 208.91889849084052 283
1738824175261 226.72392784392173 284
1738824175300 144.14437422457854 285
1738824175339 186.445118125377 286
1738824175378 213.57154463851478 287
1738824175417 171.27549376578241 288
1738824175455 186.37203956291873 289
1738824175492 194.99165730325572 290
1738824175531 169.57294970082754 291
1738824175569 148.73092785725845 292
1738824175607 252.4943763014915 293
1738824175646 153.69056896823008 294
1738824175684 194.52349954161693 295
1738824175722 171.19126594057352 296
1738824175760 173.52655764728064 297
1738824175799 138.42665337295716 298
1738824175836 149.749401427879 299
1738824175875 193.65510073058428 300
1738824175916 154.12743913451195 301
1738824175956 192.3692683104663 302
1738824175996 67.39519264979349 303
1738824176035 156.28264756186925 304
1738824176073 113.03069373759519 305
1738824176112 196.3193144318355 306
1738824176149 250.4966065759464 307
1738824176187 214.22123309958135 308
1738824176224 205.83436125505148 309
1738824176261 179.53645776939413 310
1738824176298 130.51210786018487 311
1738824176334 163.811762734553 312
1738824176371 216.2491428013258 313
1738824176408 165.92960864435986 314
1738824176445 205.38853728850705 315
1738824176482 96.7061999811065 316
1738824176518 205.55652652648743 317
1738824176555 212.8001652427785 318
1738824176592 172.16989668703425 319
1738824176629 182.41724203191293 320
1738824176672 168.6932326221166 321
1738824176709 221.08495395333233 322
1738824176747 121.58543586957154 323
1738824176785 96.71886367290732 324
1738824176822 166.0905743613472 325
1738824176860 155.29904112316066 326
1738824176899 162.72093911615443 327
1738824176938 368.0913780329779 328
1738824176975 126.35229344656311 329
1738824177012 270.9818887092434 330
1738824177050 159.46667685028265 331
1738824177087 186.59996700373168 332
1738824177124 215.4352689174614 333
1738824177162 193.94090315395167 334
1738824177199 151.01698512314545 335
1738824177237 166.19966143747456 336
1738824177275 184.80664278168754 337
1738824177312 207.10265647221053 338
1738824177350 210.52034497094095 339
1738824177388 167.39164883342318 340
1738824177425 128.32812547948103 341
1738824177465 262.8637894340884 342
1738824177503 178.92369656269435 343
1738824177540 98.07724339523362 344
1738824177577 187.247859164927 345
1738824177615 200.32040930310623 346
1738824177652 193.73120527547366 347
1738824177690 166.63332610506066 348
1738824177727 142.81187602397293 349
1738824177765 112.13779713481064 350
1738824177802 163.45589524025516 351
1738824177839 135.86653543772866 352
1738824177877 168.51369485581787 353
1738824177915 164.47425509723294 354
1738824177953 224.37769083939918 355
1738824177995 225.44640306963558 356
1738824178033 209.3991447511368 357
1738824178070 179.1730808871729 358
1738824178108 152.28216803649082 359
1738824178146 225.8201868024838 360
1738824178186 141.239734833865 361
1738824178225 175.88493795654804 362
1738824178263 131.39107165355196 363
1738824178300 142.0374050727687 364
1738824178340 133.21794345249245 365
1738824178379 67.5467325428168 366
1738824178417 168.7133781015529 367
1738824178458 135.60166013988703 368
1738824178498 157.27469559781275 369
1738824178541 168.10208870100044 370
1738824178580 209.0075891211868 371
1738824178618 227.23022204824437 372
1738824178656 163.75213460113523 373
1738824178694 176.65665539425234 374
1738824178731 170.7198542671979 375
1738824178769 156.76559393404472 376
1738824178807 173.2280551435716 377
1738824178844 152.40565204619153 378
1738824178883 172.19853951225667 379
1738824178922 154.6845493835269 380
1738824178959 172.04267257184475 381
1738824178997 173.8082069144468 382
1738824179035 167.06169337105786 383
1738824179075 150.28743012393156 384
1738824179120 200.42532186874058 385
1738824179172 224.60618021556897 386
1738824179215 223.79792854001178 387
1738824179255 166.21245099023076 388
1738824179295 262.55518316653024 389
1738824179334 161.6766148076445 390
1738824179372 240.0019461179184 391
1738824179411 236.86944951994718 392
1738824179449 163.5016762154781 393
1738824179487 175.03959243489658 394
1738824179525 167.82009910299632 395
1738824179563 126.58255624461493 396
1738824179601 202.4078930570299 397
1738824179639 187.21012684201455 398
1738824179677 139.5069295835513 399
1738824179715 172.20523093116313 400
1738824179752 181.5960541192114 401
1738824179792 166.2430381183749 402
1738824179832 152.02506380612104 403
1738824179870 185.94944663087708 404
1738824179908 140.95259980459784 405
1738824179946 165.51377378906545 406
1738824179984 129.82101967791175 407
1738824180021 183.64971528053476 408
1738824180057 85.83970909658115 409
1738824180095 148.0376461494578 410
1738824180134 153.93880040087748 411
1738824180171 188.86194245750346 412
1738824180209 142.60666583264333 413
1738824180247 178.00235199121315 414
1738824180285 79.43321361326862 415
1738824180322 82.94105522067167 416
1738824180362 210.0182904135651 417
1738824180403 178.91456918007205 418
1738824180441 86.24148811687324 419
1738824180478 300.8753042726984 420
1738824180516 127.62904115714117 421
1738824180553 157.7432456221592 422
1738824180591 195.78957066910115 423
1738824180639 170.70524190539192 424
1738824180678 117.02336553692892 425
1738824180717 136.4991513098465 426
1738824180753 153.14590559758125 427
1738824180791 155.5892671415853 428
1738824180829 139.00110395114555 429
1738824180866 190.6384207093011 430
1738824180903 175.5631428214676 431
1738824180942 167.78975349207764 432
1738824180980 162.6886208786594 433
1738824181018 182.25987304153747 434
1738824181055 114.3310910510393 435
1738824181093 165.9172227526654 436
1738824181131 126.60380259626896 437
1738824181169 163.85526911168793 438
1738824181207 142.88314324235014 439
1738824181244 157.9130595086479 440
1738824181282 190.88416800791973 441
1738824181320 147.0415010657682 442
1738824181357 187.05522638679145 443
1738824181396 166.54582702797813 444
1738824181433 148.74353347391855 445
1738824181474 144.01506119098562 446
1738824181513 299.33231466618963 447
1738824181551 220.01901474896403 448
1738824181589 194.191147348185 449
1738824181628 199.05856118901232 450
1738824181666 147.26192931806133 451
1738824181704 186.89217034246332 452
1738824181742 165.9586584573223 453
1738824181780 151.0731800880744 454
1738824181817 161.9503587140157 455
1738824181855 151.31185083264 456
1738824181893 126.96757911382618 457
1738824181931 161.17039983124207 458
1738824181969 174.33165229710124 459
1738824182006 175.41192708197096 460
1738824182042 120.36881387343622 461
1738824182079 221.89532449406454 462
1738824182117 141.92052081732822 463
1738824182154 177.64599026742994 464
1738824182192 144.35616062557327 465
1738824182231 118.41954432718724 466
1738824182270 110.98935497843999 467
1738824182308 128.66410783568082 468
1738824182347 228.24904562396068 469
1738824182388 223.93483898357553 470
1738824182427 172.00010503112222 471
1738824182465 164.8151476810387 472
1738824182503 110.89807883426295 473
1738824182540 153.24419852119468 474
1738824182578 148.95086322135762 475
1738824182615 116.4354346649072 476
1738824182653 87.07733059537372 477
1738824182690 200.81676232564055 478
1738824182727 189.40794778805437 479
1738824182765 204.25977158175786 480
1738824182804 119.05867517082851 481
1738824182841 169.51712159801232 482
1738824182878 130.2363474211434 483
1738824182915 227.71137517356385 484
1738824182952 197.10596835915825 485
1738824182988 179.2074499375685 486
1738824183026 169.49025797592157 487
1738824183063 130.70927837956773 488
1738824183100 119.55593899487019 489
1738824183138 155.97935425024986 490
1738824183176 86.69502713506431 491
1738824183213 185.63977948587987 492
1738824183252 178.9329299011786 493
1738824183292 157.27991036616478 494
1738824183330 247.65455373827834 495
1738824183372 143.95029818774185 496
1738824183411 111.0447468729259 497
1738824183452 197.30824421618786 498
1738824183490 131.22835897588516 499
