1738824290876 169.63681515041065 0
1738824290922 169.63215240198065 1
1738824290948 169.62453871271813 2
1738824290973 169.6143260649424 3
1738824291000 169.60184728285444 4
1738824291015 169.587414296795 5
1738824291034 169.571317177723 6
1738824291052 169.55382377573991 7
1738824291082 169.53517982602375 8
1738824291104 169.5156094102635 9
1738824291124 169.49531568235594 10
1738824291146 169.47448178436807 11
1738824291169 169.4532718931188 12
1738824291187 169.43183234965372 13
1738824291209 169.41029283375238 14
1738824291236 169.38876755376018 15
1738824291254 169.3673564287386 16
1738824291281 169.3461462454244 17
1738824291303 169.3252117769735 18
1738824291322 169.30461685410245 19
1738824291341 169.28441538218073 20
1738824291359 169.26465230017695 21
1738824291374 169.24536447923248 22
1738824291390 169.22658156010323 23
1738824291413 169.2083267298512 24
1738824291439 169.19061743903362 25
1738824291482 169.17368448546807 26
1738824291501 169.15749997768287 27
1738824291521 169.1420362630495 28
1738824291538 169.1272660212198 29
1738824291565 169.11316234561795 30
1738824291585 169.09969881368448 31
1738824291605 169.08684954663386 32
1738824291626 169.074589259517 33
1738824291643 169.06289330239014 34
1738824291666 169.05173769338046 35
1738824291684 169.0410991444177 36
1738824291701 169.03095508036816 37
1738824291716 169.0212836522704 38
1738824291730 169.01206374532936 39
1738824291743 169.00327498228188 40
1738824291760 168.99489772270027 41
1738824291781 168.98691305875806 42
1738824291798 168.97930280793463 43
1738824291823 168.9720495030971 44
1738824291846 168.96513638035375 45
1738824291906 168.95867919814444 46
1738824291935 168.95264008445565 47
1738824291959 168.94698477652372 48
