1738680370179 164.5137889292887 0
1738680370187 171.72820575495317 1
1738680370195 160.64811888977704 2
1738680370202 166.2593556235798 3
1738680370209 165.66217289021944 4
1738680370216 171.5429225808979 5
1738680370223 177.3227821567485 6
1738680370230 173.46467968636992 7
1738680370238 179.81603979665033 8
1738680370244 166.9050314826702 9
1738680370251 159.8683096462922 10
1738680370257 169.66938341951482 11
1738680370264 164.43217049958966 12
1738680370271 168.31204167985433 13
1738680370278 168.66407992805057 14
1738680370285 167.15022058774608 15
1738680370291 176.24377907076322 16
1738680370297 168.60775480451767 17
1738680370303 173.77703941715745 18
1738680370309 173.7305951589279 19
1738680370315 163.66419895832115 20
1738680370321 170.93604980197907 21
1738680370327 165.963321748798 22
1738680370334 171.09522571873686 23
1738680370341 166.4530904875711 24
1738680370347 166.2829271801017 25
1738680370354 169.5625175476525 26
1738680370361 174.00534773658822 27
1738680370367 169.34166631252643 28
1738680370374 172.7260717286549 29
1738680370381 170.03214302699828 30
1738680370388 172.9972886643476 31
1738680370394 172.94674054243313 32
1738680370401 178.09010571006212 33
1738680370407 171.32292859324107 34
1738680370414 168.9292763697463 35
1738680370420 170.0645533127026 36
1738680370426 169.56056299076718 37
1738680370433 162.35920836514578 38
1738680370439 166.3424778057058 39
1738680370445 173.34147939014258 40
1738680370451 170.88925143752707 41
1738680370457 170.8662063109155 42
1738680370463 171.62240619817447 43
1738680370470 166.20559775762652 44
1738680370476 171.45989090905059 45
1738680370482 167.42226036601684 46
1738680370488 174.0867124496596 47
1738680370494 165.29867781322898 48
1738680370500 172.82184747519779 49
1738680370506 173.1483038476882 50
1738680370512 170.52432778390929 51
1738680370519 167.58428649197242 52
1738680370525 168.16495612757336 53
1738680370532 169.71515492705572 54
1738680370539 171.53220787117488 55
1738680370546 169.6376531227807 56
1738680370553 171.8086209852916 57
1738680370560 170.96850558011795 58
1738680370567 164.6287602638981 59
1738680370573 173.30114628407296 60
1738680370580 173.47285817749676 61
1738680370586 171.65904344586116 62
1738680370593 170.19754542568424 63
1738680370600 168.24612532578823 64
1738680370607 167.25871618033366 65
1738680370613 169.57228308480447 66
1738680370619 166.48152907539432 67
1738680370626 165.8882344248206 68
1738680370632 166.70171286649182 69
1738680370639 172.79416074306428 70
1738680370645 170.80941069326835 71
1738680370652 165.45226655272333 72
1738680370658 165.15633185026476 73
1738680370665 168.35232536412715 74
1738680370672 169.84736360439237 75
1738680370679 169.3537530970365 76
1738680370686 168.8336532618192 77
1738680370693 168.10305338155192 78
1738680370700 170.01851571523486 79
1738680370706 170.18882081630034 80
1738680370713 170.0650436497594 81
