1738823452041 95.14070041597105 0
1738823452062 62.73161259009923 1
1738823452089 53.33465799028465 2
1738823452115 47.8080267429283 3
1738823452144 45.78561997973166 4
1738823452164 30.611673139077105 5
1738823452195 44.13416457133269 6
1738823452218 27.772308774087467 7
1738823452247 27.489246007087523 8
1738823452272 28.552249386522398 9
1738823452297 22.69410006116794 10
1738823452315 17.655560298660276 11
1738823452336 15.751617316599221 12
1738823452364 13.352641169232262 13
1738823452385 11.643663822482173 14
1738823452411 9.497021304066534 15
1738823452432 8.851763775049024 16
1738823452450 9.918884174580985 17
1738823452478 8.53287560500081 18
1738823452505 4.736935201005645 19
1738823452530 5.689082715493868 20
1738823452560 6.953455443343215 21
1738823452588 4.982155997309715 22
1738823452613 5.1230108886680155 23
1738823452645 4.985268917878692 24
1738823452673 3.405399343730914 25
1738823452696 2.998444363238658 26
1738823452718 3.1342604462081614 27
1738823452738 2.016678793562133 28
1738823452756 1.9680372690324064 29
1738823452773 4.291926750214808 30
1738823452792 2.4309729190992613 31
1738823452812 1.3383194900385464 32
1738823452828 2.019925290686211 33
1738823452846 1.5807469513165855 34
1738823452863 1.7230987346267295 35
1738823452876 1.1711337335720906 36
1738823452892 1.1630255138693018 37
1738823452909 1.3323315567223322 38
1738823452925 0.8771995020912364 39
1738823452943 0.8506266526644205 40
1738823452963 0.7287421926673779 41
1738823452980 0.9070423821754874 42
1738823453005 0.8190099317191952 43
1738823453052 1.3723371902459112 44
1738823453081 0.7923959132347334 45
1738823453103 0.8218871561736103 46
1738823453133 0.5556084857666059 47
1738823453153 0.5443458247885965 48
1738823453176 0.357512819471377 49
1738823453203 0.38442074234846796 50
1738823453226 0.3889197763209362 51
1738823453248 0.45297381568847256 52
1738823453268 0.2892486785494511 53
1738823453285 0.40836174112441986 54
1738823453302 0.33907492773556397 55
1738823453318 0.40064767186277983 56
1738823453336 0.39306531902907027 57
1738823453353 0.32648092229913955 58
1738823453376 0.3414435785839284 59
1738823453397 0.2748766414466277 60
1738823453416 0.21023206822955712 61
1738823453446 0.3108267049846276 62
1738823453475 0.1313683842352048 63
1738823453515 0.12167286083626772 64
1738823453536 0.210827228380682 65
1738823453557 0.19398683120833143 66
1738823453574 0.12162897667428199 67
1738823453594 0.19735030554080255 68
1738823453621 0.19899546647625885 69
1738823453637 0.14926298080151357 70
1738823453660 0.18117319336834187 71
1738823453682 0.28496956437868354 72
1738823453708 0.18167507385426768 73
1738823453733 0.20642902715845007 74
1738823453752 0.32933638991656466 75
1738823453771 0.13111818555991991 76
1738823453789 0.12062202490089179 77
1738823453806 0.09574894748255763 78
1738823453824 0.16197389339683846 79
1738823453841 0.16320285267096338 80
1738823453858 0.18407173185840334 81
1738823453880 0.11058963072067879 82
1738823453898 0.10661321572603509 83
1738823453927 0.15120021219070331 84
1738823453953 0.12021423889319047 85
1738823453978 0.1561414080997334 86
1738823453998 0.11619995714635288 87
1738823454021 0.1428495489273274 88
1738823454042 0.09749855989420327 89
1738823454061 0.14169250082913104 90
1738823454079 0.07336316251700534 91
1738823454096 0.07149131970529546 92
1738823454123 0.09042718928206932 93
1738823454150 0.06323460785019534 94
1738823454172 0.11826851117505047 95
1738823454194 0.1337174541909365 96
1738823454220 0.18864106075949838 97
1738823454242 0.09330582964677361 98
1738823454259 0.10979102997880648 99
1738823454274 0.08784980388611112 100
1738823454293 0.1181658179164323 101
1738823454314 0.08716160414088503 102
1738823454330 0.11435826372708266 103
1738823454349 0.1061633496427474 104
1738823454368 0.09548684022343565 105
1738823454389 0.07793914875063945 106
1738823454408 0.12148293214785211 107
1738823454430 0.093061560727159 108
1738823454457 0.13552192146028022 109
1738823454475 0.09191755596885641 110
1738823454490 0.09973310769073256 111
1738823454511 0.1290623885621972 112
1738823454533 0.08780504352750876 113
1738823454567 0.10638374862081354 114
1738823454589 0.06351843083345514 115
1738823454612 0.056153574860570626 116
1738823454631 0.07578427553146437 117
1738823454651 0.0812887055949905 118
1738823454670 0.06463678496646909 119
1738823454687 0.09469273992673631 120
1738823454712 0.06847431312550674 121
1738823454730 0.0767662020816694 122
1738823454766 0.07148461296995069 123
1738823454794 0.05398931203809272 124
1738823454855 0.08462377563849013 125
1738823454879 0.06756210266991251 126
1738823454908 0.05844797551388813 127
1738823454931 0.12023821157081495 128
1738823454960 0.07095345715392566 129
1738823454982 0.07941920127710021 130
1738823454997 0.0804657862567738 131
1738823455016 0.09874497696250946 132
1738823455045 0.10722277585984255 133
1738823455063 0.09218683745096919 134
1738823455082 0.09470872338663652 135
1738823455098 0.07992573410370103 136
1738823455120 0.16014199626531622 137
