1738826190746 175.2756427081586 0
1738826190793 152.3048816433411 1
1738826190839 173.37284559598604 2
1738826190885 187.36203847070223 3
1738826190947 175.15847411014096 4
1738826191000 177.1522560830967 5
1738826191054 163.73838204777132 6
1738826191103 181.03349655740058 7
1738826191159 173.93566126822392 8
1738826191207 186.8524283793143 9
1738826191255 158.71954460379808 10
1738826191307 164.82859697696728 11
1738826191354 170.37505515498148 12
1738826191401 169.5341164567366 13
1738826191447 191.96588649469956 14
1738826191505 176.8871065554512 15
1738826191555 162.93539357398834 16
1738826191603 190.40291369819798 17
1738826191649 169.7577143422942 18
1738826191695 169.99970994039685 19
1738826191741 186.0315387072174 20
1738826191787 155.40333956554323 21
1738826191832 181.30798468494035 22
1738826191879 168.93579395955373 23
1738826191935 168.07584852602642 24
1738826191983 174.64299901373363 25
1738826192031 189.1122765903226 26
1738826192076 150.52096607335184 27
1738826192123 158.86737941178717 28
1738826192169 166.11353145692837 29
1738826192215 177.82204883398458 30
1738826192263 172.84993522902076 31
1738826192309 170.08200541412418 32
1738826192356 191.3217794483901 33
1738826192404 139.26065986034595 34
1738826192453 171.17356933913803 35
1738826192500 149.03720443959122 36
1738826192553 168.14203750234262 37
1738826192601 190.08675129625718 38
1738826192648 182.87531658001188 39
1738826192695 157.16310458484745 40
1738826192741 173.5894463994095 41
1738826192788 163.1077266036591 42
1738826192834 161.00271642693613 43
1738826192882 167.3175561921822 44
1738826192929 166.41788919832084 45
1738826192975 174.00116535272937 46
1738826193022 155.545872860878 47
1738826193068 165.78044987072536 48
1738826193114 175.2612511607837 49
1738826193160 172.97509144270072 50
1738826193206 168.89290670619272 51
1738826193252 170.65234669654805 52
1738826193298 189.33360135432326 53
1738826193345 183.3333609800449 54
1738826193391 174.59886416327942 55
1738826193438 187.1542108041082 56
1738826193484 130.83983072372723 57
1738826193531 200.1960781549065 58
1738826193577 174.99139206234446 59
1738826193624 172.06230234497494 60
1738826193671 174.93107040313694 61
1738826193718 156.6626168812344 62
1738826193770 157.1414001096888 63
1738826193823 163.3370263383285 64
1738826193871 171.52749442637256 65
1738826193919 169.05993594829997 66
1738826193966 189.17470592611377 67
1738826194013 159.5826458974998 68
1738826194061 143.93058463494202 69
1738826194109 176.0444644679656 70
1738826194156 174.2404236604341 71
1738826194203 170.13860526130517 72
1738826194250 169.08023023017623 73
1738826194296 175.5585000183013 74
1738826194362 157.9687636659017 75
1738826194412 158.6257587564812 76
1738826194460 159.89739694738415 77
1738826194507 183.8632634639959 78
1738826194554 176.15610641142652 79
1738826194601 156.93335426423752 80
1738826194647 179.30204020206648 81
