1738823984536 170.7698638246768 0
1738823984552 170.6985893656879 1
1738823984569 170.63003338033738 2
1738823984592 170.56408938197637 3
1738823984611 170.5006551155775 4
1738823984629 170.43963238833166 5
1738823984648 170.3809269070515 6
1738823984665 170.3244481221083 7
1738823984686 170.27010907763827 8
1738823984701 170.2178262677668 9
1738823984718 170.1675194986076 10
1738823984760 170.1191117558049 11
1738823984780 170.07252907739561 12
1738823984794 170.0277004317767 13
1738823984808 169.9845576005732 14
1738823984821 169.94303506620867 15
1738823984833 169.90306990398997 16
1738823984846 169.8646016785238 17
1738823984860 169.82757234429093 18
1738823984872 169.7919261502113 19
1738823984882 169.7576095480387 20
1738823984898 169.72567880043712 21
1738823984923 169.69487357499926 22
1738823984950 169.66515221851498 23
1738823984967 169.63647467710163 24
1738823984986 169.60880243339 25
1738823985007 169.58209844620862 26
1738823985026 169.55632709266678 27
1738823985043 169.5314541125396 28
1738823985058 169.50744655486372 29
1738823985071 169.48728175126303 30
1738823985089 169.4678052979518 31
1738823985107 169.44899177120425 32
1738823985131 169.43263560973878 33
1738823985150 169.41678937995903 34
1738823985167 169.40143552058598 35
1738823985187 169.38655711755152 36
1738823985211 169.3734325399139 37
1738823985231 169.36066903820122 38
1738823985252 169.34825511743972 39
1738823985281 169.33617968752898 40
1738823985297 169.32443204806816 41
1738823985313 169.31300187377178 42
1738823985330 169.30187920045012 43
1738823985350 169.29105441153393 44
1738823985366 169.28051822512012 45
1738823985386 169.27026168151895 46
1738823985397 169.26027613128275 47
1738823985410 169.2505532236968 48
1738823985421 169.2410848957143 49
1738823985436 169.2318633613185 50
1738823985448 169.22288110129386 51
1738823985463 169.21413085339182 52
1738823985475 169.2056056028739 53
1738823985488 169.19729857341875 54
1738823985502 169.18920321837788 55
1738823985515 169.1813132123668 56
1738823985527 169.17362244317846 57
1738823985541 169.16612500400558 58
1738823985555 169.1588151859612 59
1738823985570 169.15168747088427 60
1738823985589 169.14473652441959 61
1738823985605 169.13795718936206 62
1738823985617 169.13134447925404 63
1738823985633 169.12489357222577 64
1738823985653 169.11859980507052 65
1738823985672 169.11245866754385 66
1738823985686 169.10646579687926 67
1738823985701 169.10061697251143 68
1738823985724 169.0949081109987 69
1738823985741 169.08933526113748 70
1738823985757 169.08389459926084 71
1738823985781 169.07858242471426 72
1738823985801 169.0733951555013 73
1738823985815 169.06832932409299 74
1738823985832 169.06338157339468 75
1738823985848 169.0585486528634 76
