1738680818494 169.27851832961227 0
1738680818539 178.33480489970992 1
1738680818580 166.39597742081463 2
1738680818620 171.16286281267813 3
1738680818661 165.85415683810282 4
1738680818702 177.43353334037516 5
1738680818742 136.9961956125099 6
1738680818782 143.42303060238817 7
1738680818822 179.78109453037666 8
1738680818862 148.77730118061058 9
1738680818902 155.24840482720873 10
1738680818942 129.05161640068414 11
1738680818982 179.3490523621343 12
1738680819022 165.29895390452901 13
1738680819062 160.14108057016995 14
1738680819102 183.14357813756567 15
1738680819142 170.71923372674468 16
1738680819185 147.08765150585714 17
1738680819226 160.1993219634824 18
1738680819266 171.1448626771706 19
1738680819307 188.17085170256513 20
1738680819347 163.33601303597516 21
1738680819386 165.2724451357864 22
1738680819427 168.36281068345335 23
1738680819467 174.17201409950772 24
1738680819507 155.5977320866566 25
1738680819547 167.79684820658645 26
1738680819587 120.24141227950501 27
1738680819627 154.75721591437787 28
1738680819667 181.81724912640416 29
1738680819706 154.07013555451758 30
1738680819746 159.77041066915928 31
1738680819786 182.0517578781664 32
1738680819827 162.73243633249066 33
1738680819867 185.29620279002927 34
1738680819907 187.72076703438708 35
1738680819948 171.23774161591714 36
1738680819988 182.3693486047323 37
1738680820028 169.03214781976902 38
1738680820068 182.66608355598314 39
1738680820108 180.5821671183648 40
1738680820148 178.55449141732493 41
1738680820190 159.37056677528943 42
1738680820230 183.90465862981958 43
1738680820270 191.95865257114028 44
1738680820310 186.60114180100356 45
1738680820351 179.13088690566676 46
1738680820391 177.43357965375876 47
1738680820431 171.1672975599164 48
1738680820471 180.65128316245787 49
1738680820511 193.61380254595778 50
1738680820551 164.31966639709532 51
1738680820591 187.48569033229506 52
1738680820631 187.35051472659828 53
1738680820671 159.49946787820076 54
1738680820711 175.38954507808452 55
1738680820750 174.90674325743862 56
1738680820791 136.97494702350062 57
1738680820831 213.95680353985114 58
1738680820872 191.542358471982 59
1738680820912 182.29865127029333 60
1738680820952 161.8399450370842 61
1738680820993 181.29080368093736 62
1738680821034 158.9656021829757 63
1738680821075 174.80264248439227 64
1738680821116 185.7020184328084 65
1738680821156 175.0141399780318 66
1738680821197 156.7118009464049 67
1738680821238 174.01235256615212 68
1738680821279 189.2814433362994 69
1738680821318 169.1832023864951 70
1738680821358 175.96616051805964 71
1738680821398 180.14833677965225 72
1738680821439 145.32682205023573 73
1738680821478 148.46638145694376 74
1738680821518 133.61937956798766 75
1738680821558 171.09763910482786 76
1738680821598 180.08269017685592 77
1738680821637 212.1387888396661 78
1738680821678 182.53854958436625 79
1738680821718 198.53299200866812 80
1738680821759 179.65886072212797 81
1738680821799 175.48153236252082 82
1738680821839 181.36513232774175 83
1738680821879 184.63965465209262 84
1738680821919 183.81505529459764 85
1738680821960 149.2116696983267 86
1738680822000 185.9759165399258 87
1738680822039 169.46230036515647 88
1738680822081 163.0728746622816 89
1738680822121 176.907012789946 90
1738680822160 147.37886757762539 91
1738680822200 140.9097199799092 92
1738680822241 174.65900727021491 93
1738680822280 161.6403467660666 94
1738680822320 168.1838428073911 95
1738680822360 148.76615473915393 96
1738680822400 186.19958620566032 97
1738680822440 169.9695102284178 98
1738680822480 168.88797135028813 99
1738680822520 147.93110289554295 100
1738680822560 165.63974557771226 101
1738680822600 173.87562248664952 102
1738680822642 155.8997578401628 103
1738680822683 165.11944390527853 104
1738680822723 183.29010611836418 105
1738680822763 171.78898284242894 106
1738680822803 152.44496665810388 107
1738680822843 174.6408685871929 108
1738680822882 154.08828862628724 109
1738680822922 164.7176132735366 110
1738680822962 174.7846839099789 111
1738680823002 153.03835874433676 112
1738680823043 150.68869923743517 113
1738680823083 171.15594171778525 114
1738680823123 178.04109354865025 115
1738680823163 162.95162455212648 116
1738680823203 220.34027381029324 117
1738680823243 150.06857234351958 118
1738680823283 157.8562696457347 119
1738680823323 173.12911854281555 120
1738680823363 163.48619532600983 121
1738680823403 136.86438273401592 122
1738680823443 172.92137610135535 123
1738680823483 157.3584752169584 124
1738680823523 144.16963136712292 125
1738680823564 176.2011093277801 126
1738680823604 139.58531171831507 127
1738680823644 149.65409155339762 128
1738680823684 176.42882312028482 129
1738680823724 155.22535517876227 130
1738680823764 185.51606499452038 131
1738680823804 163.57501931888763 132
1738680823844 164.41023023335515 133
1738680823884 166.4390951624703 134
1738680823924 173.69043857539782 135
1738680823964 178.95556838557985 136
1738680824003 162.97141111877622 137
1738680824044 170.10977575828852 138
1738680824084 186.87077470803138 139
1738680824124 188.6292979286605 140
1738680824164 156.60426495503964 141
1738680824205 163.42832459144782 142
1738680824245 160.64996062005036 143
1738680824284 174.0927512372204 144
1738680824324 158.03237089388824 145
1738680824364 176.95990497798394 146
1738680824404 171.7031355457548 147
1738680824444 146.8666643510679 148
1738680824484 162.14415377769816 149
1738680824524 153.63469199769418 150
1738680824564 165.5139880983427 151
1738680824604 181.66173556423615 152
1738680824645 171.64992382772692 153
1738680824685 184.59196353270028 154
1738680824725 169.08672502779262 155
1738680824765 153.1058487346507 156
1738680824806 177.30887384796114 157
1738680824846 164.24855988747643 158
1738680824886 174.9284002785153 159
1738680824925 167.53801954967102 160
1738680824965 131.63544559821324 161
1738680825005 170.83669636938083 162
1738680825044 168.75312933148228 163
1738680825085 142.75055722944833 164
1738680825124 181.32967250176586 165
1738680825166 173.99297395871645 166
1738680825205 194.43820207854475 167
1738680825245 172.81438687075143 168
1738680825285 165.3211679989182 169
1738680825325 139.7781438832503 170
1738680825365 185.28786995198416 171
1738680825406 174.2049479344631 172
1738680825445 165.919185053931 173
1738680825485 185.05344285050964 174
1738680825525 109.43024396848351 175
1738680825565 169.19187874139215 176
1738680825605 162.725241925534 177
1738680825645 160.28091629654944 178
1738680825685 165.53039826764763 179
1738680825725 164.8787060006817 180
1738680825766 169.47190201502954 181
1738680825806 178.2378433538874 182
1738680825846 209.63324716970016 183
1738680825886 176.80196165143963 184
1738680825926 148.4297162955451 185
1738680825966 170.22898376121205 186
1738680826006 164.93688619316308 187
1738680826046 174.4612154973114 188
1738680826086 164.95998942831633 189
1738680826126 142.5032523772322 190
1738680826166 172.98291151950312 191
1738680826206 172.08851051254936 192
1738680826246 171.13276080636015 193
1738680826286 188.0966465113564 194
1738680826327 175.69834164661526 195
1738680826367 194.4343296854768 196
1738680826407 161.24245212786906 197
1738680826447 174.03106603365342 198
1738680826487 184.4178017705061 199
1738680826528 170.52291555071395 200
1738680826568 170.93638842002568 201
1738680826607 187.88054026194794 202
1738680826647 179.41670360565357 203
1738680826686 219.53124601752458 204
1738680826726 170.5687888491029 205
1738680826768 161.84215515928423 206
1738680826808 172.209745945593 207
1738680826848 189.94817450415425 208
1738680826888 172.9352319191188 209
1738680826928 152.25821541465646 210
1738680826968 171.42531809121544 211
1738680827008 166.60106168711235 212
1738680827047 168.64137674250455 213
1738680827088 174.66426052400865 214
1738680827128 159.24487560243443 215
1738680827167 167.04866439096932 216
1738680827208 161.96791316389314 217
1738680827248 194.19741722700093 218
1738680827288 191.12655244249444 219
1738680827328 153.93450376768413 220
1738680827368 159.05274436108323 221
1738680827408 180.2373411610682 222
1738680827448 144.69947877404636 223
1738680827488 149.79280916846201 224
1738680827528 152.7246497290857 225
1738680827568 167.70846648030036 226
1738680827608 169.06762070348407 227
1738680827648 175.8080331634103 228
1738680827688 192.6099889987606 229
1738680827728 168.86226565150528 230
1738680827768 145.61933506154355 231
1738680827808 174.05480682762953 232
1738680827849 180.86425986343525 233
1738680827889 226.15316754502922 234
1738680827929 144.59131290707575 235
1738680827969 164.91909702885556 236
1738680828009 147.28629229184665 237
1738680828048 142.48308141503932 238
1738680828089 174.5078553074818 239
1738680828129 164.5461384079853 240
1738680828169 169.99925215528822 241
1738680828209 172.6542814725961 242
1738680828249 190.33243130734448 243
1738680828288 166.3263843284733 244
1738680828328 179.29321454197958 245
1738680828369 153.92210307034833 246
1738680828409 178.437187568161 247
1738680828449 160.32389491688207 248
1738680828489 179.3648883346665 249
1738680828529 172.7582712938529 250
1738680828569 155.0677731480161 251
1738680828609 154.6305980435573 252
1738680828649 181.2136402573899 253
1738680828689 183.66175292859825 254
1738680828729 163.70665379938086 255
1738680828769 172.94786651006675 256
1738680828809 159.03804540327576 257
1738680828848 188.89311077523863 258
1738680828888 181.19770616494884 259
1738680828929 177.17555920106574 260
1738680828968 164.63080594589718 261
1738680829009 171.36969566549735 262
1738680829049 159.85778883601455 263
1738680829089 194.68556230999252 264
1738680829129 183.96787889897678 265
1738680829168 165.64077761257727 266
1738680829209 181.748034601754 267
1738680829248 160.01000908242145 268
1738680829288 181.58721253043646 269
1738680829329 156.24827882280874 270
1738680829368 183.3807469893559 271
1738680829408 133.95890357857772 272
1738680829449 129.11101744023347 273
1738680829489 188.38369420670568 274
1738680829529 175.4608785367596 275
1738680829569 191.73750500580243 276
1738680829609 176.78335584002627 277
1738680829649 168.08343687681077 278
1738680829689 164.0792324341033 279
1738680829728 164.43482638956024 280
1738680829769 187.29612278709 281
1738680829809 176.99722112041218 282
1738680829851 162.85971484083845 283
1738680829891 187.80319835095997 284
1738680829932 161.4880426826407 285
1738680829973 141.05041593603175 286
1738680830014 181.72501172810445 287
1738680830054 173.40237391691176 288
1738680830095 188.8905090928672 289
1738680830136 185.76205292279337 290
1738680830176 185.62728489228266 291
1738680830218 173.7247955384449 292
1738680830260 166.6976992440252 293
1738680830301 167.08852580813593 294
1738680830343 176.93904066842322 295
1738680830384 173.75788540289793 296
1738680830426 196.9248198259305 297
1738680830468 182.91660820846323 298
1738680830511 146.23265749451232 299
1738680830555 177.45081874955113 300
1738680830597 178.91722912099132 301
1738680830640 177.54711508750944 302
1738680830681 168.23708702177106 303
1738680830721 170.07631708808003 304
1738680830761 184.74200670349387 305
1738680830802 156.22673997616647 306
1738680830842 155.94386094642752 307
1738680830882 179.49392647080774 308
1738680830921 200.20904862847763 309
1738680830961 186.28397382906962 310
1738680831002 172.98064762675256 311
1738680831042 177.61596389408376 312
1738680831083 156.8387571297452 313
1738680831123 147.37026720625656 314
1738680831163 149.44697085621803 315
1738680831204 178.80946873580808 316
1738680831244 169.94458236096148 317
1738680831284 174.7525317325545 318
1738680831323 163.12017576530604 319
1738680831363 177.38483410712269 320
1738680831403 178.359595360053 321
1738680831443 188.5092604066838 322
1738680831484 161.46982642428773 323
1738680831523 146.31344431227663 324
1738680831564 156.86756216195994 325
1738680831604 158.51350353278772 326
1738680831644 173.54695737216073 327
1738680831684 134.55552595502058 328
1738680831724 181.17791469861888 329
1738680831764 167.12131072994845 330
1738680831804 143.50546824879265 331
1738680831844 148.58156311852844 332
1738680831884 163.2949990080749 333
1738680831924 171.1120483341414 334
1738680831964 183.6943656735833 335
1738680832003 175.62919949560487 336
1738680832043 137.95895655440665 337
1738680832083 179.28260757752352 338
1738680832132 142.5723510607151 339
1738680832175 179.2325040210402 340
1738680832219 171.32899718086858 341
1738680832263 177.791647529672 342
1738680832306 132.58966304789917 343
1738680832350 186.5659663802182 344
1738680832394 188.32508515464332 345
1738680832438 162.13756024708357 346
1738680832483 168.63785026390406 347
1738680832527 157.74695845235937 348
1738680832571 199.0889864018505 349
1738680832614 175.64799407743112 350
1738680832659 146.59892984514937 351
1738680832702 168.46709448887623 352
1738680832746 173.4179245966639 353
1738680832790 142.65737090673895 354
1738680832834 181.2658591561933 355
1738680832877 164.00810020837025 356
1738680832920 141.1249496986267 357
1738680832965 165.13384596019236 358
1738680833008 185.64007596014827 359
1738680833052 151.02671016623074 360
1738680833095 142.71512268435447 361
1738680833139 184.4190390508748 362
1738680833184 151.77176975725078 363
1738680833227 156.67819540744 364
1738680833272 148.05081922060765 365
1738680833315 166.84386161807404 366
1738680833358 164.82512011486105 367
1738680833401 154.94050421320074 368
1738680833445 169.33676062011656 369
1738680833489 162.27309805515821 370
1738680833533 135.44457857618144 371
1738680833576 178.3702343313483 372
1738680833620 155.83362865501852 373
1738680833662 171.3895667142794 374
1738680833702 177.85219101289928 375
1738680833743 192.32967073490008 376
1738680833783 160.46609066763875 377
1738680833824 167.6782921026926 378
1738680833864 172.0071620523548 379
1738680833904 169.06759848448843 380
1738680833944 138.27523289565218 381
1738680833984 178.66372241135815 382
1738680834024 178.60567505456498 383
1738680834065 160.37691638377493 384
1738680834105 170.75179223597053 385
1738680834145 193.82277925384707 386
1738680834185 161.59579950712063 387
1738680834225 180.85469873496285 388
1738680834265 159.38601528647985 389
1738680834305 159.64007838458602 390
1738680834345 165.25901731269238 391
1738680834391 183.86321568992605 392
1738680834432 159.537432254136 393
1738680834472 154.702986157685 394
1738680834513 184.86865731837264 395
1738680834553 180.83542270567565 396
1738680834593 166.16656651423963 397
1738680834633 171.35111023057098 398
1738680834674 168.08797267283407 399
1738680834714 175.14110937366854 400
1738680834754 195.3344105019415 401
1738680834794 145.2225963844356 402
1738680834834 153.4011573433088 403
1738680834874 160.89157579300732 404
1738680834915 184.0857175032758 405
1738680834956 167.55209634372716 406
1738680834996 155.41485843391695 407
1738680835036 154.04710824830278 408
1738680835076 153.968893289129 409
1738680835116 167.58703478286512 410
1738680835156 164.91146000058689 411
1738680835196 194.07773573837397 412
1738680835236 185.6458664005418 413
1738680835276 160.0428791975581 414
1738680835316 175.98306786933395 415
1738680835356 176.6682716394889 416
1738680835396 163.8818203649651 417
1738680835436 169.38774048134357 418
1738680835477 160.54796860802193 419
1738680835517 180.1852114504957 420
1738680835558 181.19892046160533 421
1738680835598 174.98228885346623 422
1738680835638 174.19526265373403 423
1738680835681 177.5298462546657 424
1738680835721 133.18342165362643 425
1738680835761 168.90948918862148 426
1738680835801 148.56018223871328 427
1738680835841 165.73047791340048 428
1738680835881 177.67760295536547 429
1738680835921 141.88116679381363 430
1738680835961 163.34380069806224 431
1738680836001 170.07201314639957 432
1738680836041 181.59716962797245 433
1738680836081 180.2236603683262 434
1738680836120 165.0176485294544 435
1738680836161 206.404203340248 436
1738680836201 171.1307988050686 437
1738680836242 184.740371384387 438
1738680836282 162.44541438107598 439
1738680836322 153.98316183804124 440
1738680836362 178.70995080998705 441
1738680836403 197.51443954537137 442
1738680836443 180.4567530738771 443
1738680836483 192.8807824746409 444
1738680836524 186.44647752793028 445
1738680836564 169.64948490383804 446
1738680836604 185.7847464446184 447
