1738680557549 141.04326906300602 0
1738680557588 156.26754337456035 1
1738680557628 181.16564318684794 2
1738680557668 179.06454745094143 3
1738680557708 190.85034495851858 4
1738680557746 178.53114992523348 5
1738680557786 183.5228063410967 6
1738680557824 162.0367805283967 7
1738680557861 173.1498861581564 8
1738680557899 166.92507197550015 9
1738680557939 157.8263444629031 10
1738680557977 174.86873199009545 11
1738680558017 144.86171158566478 12
1738680558057 180.37052630965502 13
1738680558097 182.7728360502573 14
1738680558136 172.98196506352778 15
1738680558174 192.6305195231453 16
1738680558212 166.45839165232255 17
1738680558250 164.13798121130645 18
1738680558288 178.84508428347482 19
1738680558326 165.82449466756216 20
1738680558364 194.33499903712033 21
1738680558401 172.13359385575188 22
1738680558439 152.97830806403016 23
1738680558477 175.38760559845306 24
1738680558515 171.6235614906774 25
