1738824856054 169.4806387665546 0
1738824856075 169.47283977106616 1
1738824856094 169.4639800308259 2
1738824856114 169.45421343896768 3
1738824856131 169.44368089067413 4
1738824856149 169.4325107675112 5
1738824856172 169.42081951739553 6
1738824856192 169.40871229817236 7
1738824856223 169.39628365936204 8
1738824856261 169.38361824205202 9
1738824856296 169.37079148135865 10
1738824856313 169.35787029952073 11
1738824856328 169.3449137806515 12
1738824856345 169.3319738205773 13
1738824856362 169.3190957471328 14
1738824856379 169.3063189078326 15
1738824856395 169.29367722307828 16
1738824856414 169.2811997040308 17
1738824856440 169.26891093503755 18
1738824856463 169.25683152108527 19
1738824856484 169.24497850118883 20
1738824856510 169.23336572894542 21
1738824856530 169.22200422171383 22
1738824856545 169.21090248002835 23
1738824856565 169.20006677894855 24
1738824856589 169.18950143309084 25
1738824856606 169.1792090370943 26
1738824856628 169.169190683251 27
1738824856659 169.1594461579893 28
1738824856680 169.14997411883792 29
1738824856712 169.14077225342947 30
1738824856733 169.13183742202415 31
1738824856746 169.1231657849504 32
1738824856763 169.1147529162766 33
1738824856776 169.1065939049408 34
1738824856797 169.09868344448245 35
1738824856818 169.09101591243504 36
1738824856830 169.08358544036338 37
1738824856852 169.07638597544766 38
1738824856877 169.06941133444758 39
1738824856901 169.06265525080985 40
1738824856925 169.05611141561695 41
1738824856941 169.04977351301588 42
1738824856957 169.04363525070812 43
1738824856971 169.03769038603016 44
1738824856995 169.03193274810516 45
1738824857014 169.02635625650103 46
1738824857032 169.02095493678954 47
1738824857047 169.01572293336238 48
1738824857066 169.0106545198259 49
1738824857082 169.00574410726338 50
1738824857099 169.0009862506253 51
