1738825907860 156.49133289889008 0
1738825907900 170.39244422882717 1
1738825907940 164.97177921710212 2
1738825907980 170.51477036918956 3
1738825908020 171.38134653203642 4
1738825908061 171.89977557884325 5
1738825908105 183.94342625627232 6
1738825908151 172.16507406057028 7
1738825908198 175.35806742999657 8
1738825908239 177.36403462742143 9
1738825908279 151.8506723708079 10
1738825908319 153.79068216018524 11
1738825908358 174.36830682144242 12
1738825908398 172.15526952820764 13
1738825908438 160.40403135372446 14
1738825908478 143.65997836065617 15
1738825908517 166.8411758847142 16
1738825908569 144.88605046754063 17
1738825908655 172.88713329817048 18
1738825908698 167.8358765062877 19
