1738679784446 158.93995582381865 0
1738679784483 167.15158069235318 1
1738679784519 185.7434239434807 2
1738679784556 156.93973660197136 3
1738679784593 165.8073013239868 4
1738679784651 156.11474231108835 5
1738679784689 163.50016706303515 6
1738679784726 171.02550126868803 7
1738679784764 177.91314252772625 8
1738679784803 151.36615034897864 9
1738679784840 219.458053605274 10
1738679784877 161.20820099003072 11
1738679784913 196.22004193355176 12
1738679784949 179.84625830276943 13
1738679784985 177.555945975509 14
1738679785021 190.73350469313297 15
1738679785058 157.7289632552423 16
