1738679797273 169.31213782154168 0
1738679797295 169.29939650760605 1
1738679797313 169.286109610395 2
1738679797328 169.272405684626 3
1738679797344 169.25840054978377 4
1738679797359 169.24419791021043 5
1738679797380 169.22989004351814 6
1738679797395 169.2155585299178 7
1738679797412 169.20127500081634 8
1738679797425 169.18710188978957 9
1738679797440 169.1730931729428 10
1738679797457 169.1592950888675 11
1738679797500 169.145746831009 12
1738679797540 169.13248120736765 13
1738679797564 169.11952526415593 14
1738679797581 169.10690087139042 15
1738679797593 169.09462526946967 16
1738679797610 169.0827115766293 17
1738679797627 169.07116925781264 18
1738679797643 169.06000455598348 19
1738679797661 169.04922088726804 20
1738679797676 169.0388192015697 21
1738679797696 169.02879831047076 22
1738679797710 169.01915518433978 23
1738679797725 169.00988522061408 24
1738679797745 169.0009824852351 25
1738679797760 168.9924399291903 26
1738679797773 168.98424958206792 27
1738679797787 168.9764027244624 28
1738679797800 168.96889004099074 29
1738679797814 168.96170175558842 30
1738679797832 168.95482775066262 31
1738679797846 168.9482576715803 32
1738679797862 168.94198101787336 33
1738679797877 168.9359872224449 34
1738679797892 168.93026571996594 35
1738679797906 168.92480600556084 36
1738679797922 168.9195976847917 37
1738679797937 168.91463051586817 38
1738679797957 168.90989444492948 39
1738679797971 168.90537963517312 40
1738679797987 168.9010764905319 41
1738679798001 168.89697567453902 42
1738679798016 168.89306812495897 43
1738679798033 168.8893450647061 44
1738679798047 168.88579800952257 45
1738679798062 168.88241877283878 46
1738679798076 168.87919946819602 47
1738679798089 168.8761325095724 48
1738679798102 168.87321060991536 49
1738679798115 168.87042677815225 50
1738679798130 168.8677743149196 51
