1738824699149 157.8772378126015 0
1738824699187 177.47386353596656 1
1738824699225 178.926171686837 2
1738824699263 162.37652192633794 3
1738824699300 175.23868091318639 4
1738824699338 165.77293048967235 5
1738824699377 165.34268453445935 6
1738824699415 213.2220555165746 7
1738824699454 168.39751696606046 8
1738824699492 191.6454078534881 9
1738824699529 169.43497875707735 10
1738824699567 159.43221594739927 11
1738824699605 178.76626280988117 12
1738824699643 200.67203618634994 13
1738824699680 168.68457425807844 14
1738824699717 230.5042733862902 15
1738824699755 167.47376813766397 16
1738824699793 175.6217765554428 17
1738824699831 163.18685668290004 18
1738824699869 176.81139341335157 19
1738824699906 166.1127139692845 20
1738824699944 177.88250285535435 21
1738824699981 169.89995905084302 22
1738824700018 170.25114578307424 23
1738824700056 156.77118898252098 24
1738824700094 145.08416268600024 25
1738824700131 177.73284277583974 26
1738824700168 156.40537589766552 27
1738824700205 176.24926168702567 28
1738824700242 150.11137988243922 29
1738824700280 170.99801102878092 30
1738824700317 169.13725437549664 31
1738824700354 163.18021681727177 32
1738824700391 168.68753743348543 33
1738824700428 160.69421721358293 34
1738824700465 166.93100102274715 35
1738824700502 198.1870066732381 36
1738824700539 158.06170172198284 37
1738824700576 131.32566154882434 38
1738824700614 174.8672296435825 39
1738824700651 161.2758908701484 40
1738824700688 184.45408715362382 41
1738824700725 174.1088740552624 42
1738824700763 166.40686586094583 43
1738824700800 154.53547527182462 44
1738824700838 164.00788375120752 45
1738824700875 172.94986569302048 46
1738824700911 169.59571062254165 47
1738824700947 167.18742204944485 48
1738824700985 179.67649739422114 49
1738824701023 189.726429654678 50
1738824701060 165.55269669331557 51
1738824701099 175.50511505657454 52
1738824701136 175.57769044646255 53
1738824701174 172.65631682334808 54
1738824701211 218.05059395052055 55
1738824701248 149.45132984479184 56
1738824701287 188.57426336930106 57
1738824701325 170.37172201118614 58
1738824701363 186.9371083070969 59
1738824701400 205.56024433779206 60
1738824701437 175.5289893740142 61
1738824701473 169.46241583321063 62
1738824701511 176.52557220789762 63
1738824701548 170.40777126766002 64
1738824701586 168.9575350441623 65
1738824701624 125.41702750580953 66
1738824701662 174.09682378690002 67
1738824701699 163.03771999175 68
1738824701737 176.5013780754519 69
1738824701774 162.72920296886295 70
1738824701812 168.8867146232182 71
1738824701848 167.38797397779624 72
1738824701885 156.92702534234937 73
1738824701922 173.78959171349373 74
1738824701958 172.76118707794217 75
1738824701996 158.908029240741 76
1738824702034 168.9351528366261 77
1738824702071 165.4233197704768 78
1738824702109 164.74132661867858 79
1738824702146 164.8947852336518 80
1738824702183 184.3283591969272 81
1738824702221 157.5167756246393 82
1738824702258 174.4248700666951 83
1738824702296 174.77199144167963 84
1738824702334 180.1984408275582 85
1738824702372 156.99233343193242 86
1738824702409 169.9910633654636 87
1738824702447 169.15007349098977 88
1738824702485 144.79958937114597 89
1738824702524 148.57406296729533 90
1738824702562 178.35780364968406 91
1738824702599 175.72807093762341 92
1738824702637 163.7661304852203 93
1738824702675 178.31652003304504 94
1738824702713 193.95067909924285 95
1738824702751 153.89399138863755 96
1738824702788 149.41596002931817 97
1738824702826 138.92777032837486 98
1738824702864 176.5927923429405 99
1738824702901 168.77557921314371 100
1738824702939 155.06087794323273 101
1738824702976 170.04409674039482 102
1738824703014 178.9685686940798 103
1738824703051 161.34113063905784 104
1738824703089 164.2987182893831 105
1738824703127 157.64074532564427 106
1738824703165 154.22194393974448 107
1738824703202 165.40349930213725 108
1738824703240 171.43859138275704 109
1738824703277 182.0107517891559 110
1738824703315 174.05519741273253 111
1738824703353 164.5499243094475 112
1738824703391 164.29609267163377 113
1738824703429 155.37547899635933 114
1738824703467 160.98054214697885 115
1738824703504 163.98623437009073 116
1738824703542 156.3000208755768 117
1738824703579 178.6781917056549 118
1738824703616 165.04688327363903 119
1738824703654 158.48411074240934 120
1738824703692 169.31255243728194 121
1738824703730 173.0189120946605 122
1738824703767 171.3840589683488 123
1738824703804 184.26907170706 124
1738824703842 178.17638472885457 125
1738824703880 172.99911028472766 126
1738824703918 155.45938935134717 127
1738824703956 176.03814873938873 128
1738824703993 180.99316044380433 129
1738824704031 159.00367495618988 130
1738824704067 171.58979282294655 131
1738824704105 161.4547522987927 132
1738824704143 152.86800064660264 133
1738824704180 152.30810602554172 134
1738824704218 170.85137758008295 135
1738824704256 169.60265745483426 136
1738824704294 170.62961013008072 137
1738824704332 177.92325423642808 138
1738824704369 177.36586121562718 139
1738824704406 160.36976845787012 140
1738824704443 157.67877059866623 141
1738824704481 125.93067333710492 142
1738824704519 128.09052457035554 143
1738824704557 179.29978283239745 144
1738824704595 134.1797561565769 145
1738824704632 166.445778048187 146
1738824704670 165.80193410612532 147
1738824704707 166.77370671914264 148
1738824704744 181.13155475477453 149
1738824704782 175.7520269644731 150
1738824704819 147.1064436170195 151
1738824704857 150.94660994149268 152
1738824704895 190.2275804027674 153
1738824704933 175.13780435516608 154
1738824704971 163.61646918508768 155
1738824705008 174.61937151330724 156
1738824705046 201.51014440772624 157
1738824705083 182.77059423817963 158
1738824705121 146.9505550252088 159
1738824705159 163.00290279521718 160
1738824705197 142.62194616957962 161
1738824705235 160.90037086732974 162
1738824705272 214.6481545577756 163
1738824705310 166.6384218853082 164
1738824705347 167.65621730414543 165
1738824705385 176.65891607823445 166
1738824705422 126.01648581730332 167
1738824705460 149.14051433599252 168
1738824705497 170.8421101045019 169
1738824705535 167.9466347469988 170
1738824705572 177.49364344089258 171
1738824705609 178.19803955321277 172
1738824705647 180.35521651220284 173
1738824705684 166.88048034839073 174
1738824705722 158.59574453672238 175
1738824705759 163.1875304806228 176
1738824705797 158.96445948223032 177
1738824705836 158.05034894185516 178
1738824705874 155.31820006835738 179
1738824705911 165.61754648709655 180
1738824705949 163.29198994917786 181
1738824705986 180.08553037346104 182
1738824706025 180.1930424093855 183
1738824706062 170.72198831203377 184
1738824706099 176.29364964001624 185
1738824706137 146.06350630259686 186
1738824706174 170.62994989427267 187
1738824706212 170.4050849278312 188
1738824706249 171.2093277586448 189
1738824706287 168.06370427638737 190
1738824706324 189.49035984648387 191
1738824706362 149.54933525483384 192
1738824706399 187.51318414061902 193
1738824706437 175.32919204170483 194
1738824706474 165.6965880958738 195
1738824706512 169.50970112877806 196
1738824706549 158.34285990306452 197
1738824706586 148.4066262666292 198
1738824706624 172.0062182580314 199
1738824706661 155.94284313862795 200
1738824706699 170.5265102161629 201
1738824706737 162.01721787794867 202
1738824706774 156.0127715757956 203
1738824706811 139.37691064105317 204
1738824706848 171.49864776663054 205
1738824706885 142.07638337445894 206
1738824706923 198.7721022563198 207
1738824706961 167.80893518628466 208
1738824706998 192.79019595716008 209
1738824707036 132.69740323062172 210
1738824707074 156.63731820155672 211
1738824707112 181.63271420022136 212
1738824707149 179.6961125611586 213
1738824707187 177.5383487924731 214
1738824707225 186.10037150963836 215
1738824707263 183.50982932339042 216
1738824707301 177.82229318706112 217
1738824707338 178.50992274646055 218
1738824707376 177.31572439871732 219
1738824707413 148.13713014931818 220
1738824707451 157.6522754820863 221
1738824707489 177.03573682305606 222
1738824707526 178.1186015981967 223
1738824707565 159.60917923008782 224
1738824707604 172.62559037491536 225
1738824707645 198.68255743179526 226
1738824707686 178.93988036342952 227
1738824707726 171.304410287427 228
1738824707766 165.78338172867774 229
1738824707805 174.14112074536226 230
1738824707845 153.9938026936964 231
