1738824080684 161.0723087579818 0
1738824080724 137.6307650138145 1
1738824080765 174.32891335953124 2
1738824080805 200.50586004414393 3
1738824080844 170.43756543705265 4
1738824080883 156.09693790339827 5
1738824080923 175.19954119492022 6
1738824080962 178.02057959046988 7
1738824081001 154.60190408173978 8
1738824081038 145.7742527829672 9
1738824081076 214.28054327290792 10
1738824081116 166.029692232164 11
1738824081156 172.9332035923105 12
1738824081196 193.8325651068592 13
1738824081235 118.7772375575664 14
1738824081274 211.549153724255 15
1738824081312 169.41061905659805 16
1738824081354 149.34453629138568 17
1738824081397 125.84906799323726 18
1738824081438 134.7807504090185 19
1738824081476 85.9655420835959 20
1738824081514 95.11555688097434 21
1738824081552 121.96028274835069 22
1738824081590 182.39070106773798 23
1738824081628 161.59175288307722 24
1738824081665 386.02084553899425 25
1738824081703 153.87653395430505 26
1738824081741 152.5645337133932 27
1738824081779 162.15537767374522 28
1738824081817 137.48289071484868 29
1738824081855 98.92887716356555 30
1738824081892 172.95035451936627 31
1738824081930 154.47448807658927 32
1738824081969 132.15271421702346 33
1738824082007 473.68131367738994 34
1738824082045 170.25955077268787 35
1738824082083 171.92593940799375 36
1738824082121 170.7241942825118 37
1738824082158 117.89384754854473 38
1738824082196 130.34887115093198 39
1738824082234 214.9187052453986 40
1738824082272 168.22835052540051 41
1738824082310 2.571582125264138 42
1738824082349 217.8749949525084 43
1738824082387 141.2856482281366 44
1738824082425 160.30387613000838 45
1738824082463 140.4866127382566 46
1738824082501 137.48489096808822 47
1738824082538 190.26974931625577 48
1738824082576 175.7103137617005 49
1738824082614 132.15129688887203 50
1738824082652 180.13062137698265 51
1738824082690 85.09047561128052 52
1738824082733 150.79337030376857 53
1738824082773 195.08747368772543 54
1738824082812 317.0952092565388 55
1738824082849 99.27531039927383 56
1738824082887 230.53166178698896 57
1738824082925 130.01641803584425 58
1738824082963 114.6912243114441 59
1738824083001 187.37056778144327 60
1738824083038 152.39876760102544 61
1738824083075 183.39536700575232 62
1738824083112 187.87144324643526 63
1738824083149 168.10281357855013 64
1738824083187 132.4223530385617 65
1738824083224 182.24907918263463 66
1738824083263 120.50608902828986 67
1738824083301 183.46138391495623 68
1738824083339 148.20886951543574 69
1738824083378 164.0418937974696 70
1738824083416 115.95540294089876 71
1738824083453 165.9291687691241 72
1738824083491 215.70636074917743 73
1738824083529 129.81403807986516 74
1738824083567 219.72838623578392 75
1738824083604 193.02251522655033 76
1738824083642 210.27009724895666 77
1738824083680 187.61782265516547 78
1738824083718 198.36538160573147 79
1738824083755 148.07029401248016 80
1738824083793 129.65716529803606 81
1738824083831 187.88876312793843 82
1738824083869 135.4440424589827 83
1738824083906 166.73695153215442 84
1738824083944 129.78730584036506 85
1738824083982 160.12710811562945 86
1738824084019 156.5056374859062 87
1738824084057 176.17139568793883 88
1738824084094 209.16700870685267 89
1738824084132 217.24155216099035 90
1738824084170 171.9461492794166 91
1738824084207 76.87307444559724 92
1738824084245 165.7046620351281 93
1738824084283 138.9061509304493 94
1738824084321 116.1390039487451 95
1738824084359 144.6477338059122 96
1738824084397 179.94320562691541 97
1738824084435 254.82216409981172 98
1738824084473 177.1128381873785 99
1738824084512 159.45347513213153 100
1738824084551 130.0574301724786 101
1738824084589 150.28133537756733 102
1738824084627 165.61198073201933 103
1738824084666 195.31330092684757 104
1738824084704 70.91208453814728 105
1738824084742 440.00739728860754 106
1738824084780 100.34834852558173 107
1738824084817 191.8195541642466 108
1738824084855 156.00563359928165 109
1738824084892 162.9096615499992 110
1738824084930 152.3202593845962 111
1738824084967 166.08503736989388 112
1738824085004 190.4540525306859 113
1738824085041 217.40790583889208 114
1738824085078 196.24198234063806 115
1738824085116 195.74709378782075 116
1738824085154 138.02733500237366 117
1738824085191 154.3348118877699 118
1738824085227 147.15793743807686 119
1738824085264 124.98762480881 120
1738824085302 155.870978761004 121
1738824085339 137.0069218940079 122
1738824085377 201.1109417044 123
1738824085414 122.32781254580689 124
1738824085451 143.690483345583 125
1738824085488 120.19423471673261 126
1738824085525 153.68332315045467 127
1738824085562 138.55678759419288 128
1738824085598 192.82776110890035 129
1738824085635 168.2859129237556 130
1738824085671 193.55838400909516 131
1738824085708 200.25336988231746 132
1738824085745 182.98400521661688 133
1738824085781 174.2449547256451 134
1738824085818 230.4802793674804 135
1738824085854 192.81814805727848 136
1738824085891 133.06820345376104 137
1738824085927 195.83619159698284 138
1738824085964 196.47150121510307 139
1738824086000 172.59065095712504 140
1738824086036 151.36846876899497 141
1738824086073 167.48246752777507 142
1738824086109 127.86979898967185 143
1738824086146 158.08884213797288 144
1738824086182 179.75325402613416 145
1738824086219 160.92032479273206 146
1738824086256 286.25590942561166 147
1738824086292 148.28027766158115 148
1738824086329 148.25745576109276 149
1738824086366 108.95484820408893 150
1738824086403 158.24381126864256 151
1738824086439 150.87541776646773 152
1738824086476 143.0182569887392 153
1738824086512 140.32579233411593 154
1738824086549 162.81647234079435 155
1738824086585 175.95327098489906 156
1738824086622 172.5985591562724 157
1738824086659 174.55241843509677 158
1738824086695 180.9268514172501 159
1738824086732 152.747227350242 160
1738824086768 198.30232432503078 161
1738824086805 182.6265653794959 162
1738824086841 195.2940025698122 163
1738824086877 174.62980336192464 164
1738824086914 105.9433484455966 165
1738824086950 171.19986668085224 166
1738824086987 24.31448791234331 167
1738824087023 179.4376295364053 168
1738824087060 155.00988361214857 169
1738824087097 214.1039337613139 170
1738824087136 218.49253293532607 171
1738824087174 230.17092103709635 172
1738824087212 181.0752838854556 173
1738824087250 160.87504259512787 174
1738824087292 86.84242621692147 175
1738824087333 157.33606479061794 176
1738824087374 65.82127584889693 177
1738824087414 118.81170221085335 178
1738824087452 172.65386483732968 179
1738824087492 170.20297388138152 180
1738824087530 299.0483286895329 181
1738824087568 152.1735514764652 182
1738824087606 99.7814838994543 183
1738824087643 166.0142212397081 184
1738824087681 168.6194201429421 185
1738824087719 160.05629347807383 186
1738824087757 144.99927632886212 187
1738824087795 163.29416330466753 188
1738824087832 175.812836502397 189
1738824087870 145.0475695774057 190
1738824087908 154.14894634191958 191
1738824087945 120.55913171985368 192
1738824087983 288.8711966923733 193
1738824088020 186.47532060804124 194
1738824088058 132.061072292376 195
1738824088096 199.24230059215256 196
1738824088133 183.3348245083556 197
1738824088171 181.5456521917112 198
1738824088208 159.63244690405583 199
1738824088245 157.7976713039391 200
1738824088283 232.26677649272136 201
1738824088320 188.2968535550766 202
1738824088358 157.46301736803798 203
1738824088395 148.70606947420586 204
1738824088433 135.73728503169826 205
1738824088471 298.1572228024428 206
1738824088508 146.5130070479186 207
1738824088546 137.19630762963857 208
1738824088584 109.10241587967747 209
1738824088622 147.5137861284073 210
1738824088660 131.95146661496864 211
1738824088697 181.1879397869893 212
1738824088734 145.67319859520788 213
1738824088771 113.62982724798536 214
1738824088810 164.51244433478203 215
1738824088847 132.32993782475052 216
1738824088885 162.68798013577796 217
1738824088923 205.83575075986883 218
1738824088961 168.99055395802148 219
1738824088998 160.4460437705133 220
1738824089036 313.4009331470426 221
1738824089073 119.89063816463134 222
1738824089111 163.45412041934395 223
1738824089148 136.46460505314167 224
1738824089186 242.17307019071447 225
1738824089224 156.3703193663494 226
1738824089261 200.27225859443968 227
1738824089299 159.47711790227393 228
1738824089337 201.0214955563054 229
1738824089375 163.253036903241 230
1738824089412 123.50107926724027 231
1738824089450 121.5209841047388 232
1738824089487 131.95747863315614 233
1738824089525 205.65015035843393 234
1738824089562 238.3938534908148 235
1738824089600 142.751391692142 236
1738824089638 291.08081533282274 237
1738824089676 90.9774915428749 238
1738824089714 114.02215493766768 239
1738824089752 157.05084491178695 240
1738824089790 194.66641580363745 241
1738824089827 165.80802477476445 242
1738824089865 228.4557367074526 243
1738824089903 182.99733808504863 244
1738824089940 153.01917379967807 245
1738824089977 214.83019563630305 246
1738824090015 165.78826219798515 247
1738824090053 222.0897564426627 248
1738824090091 184.81309158374177 249
1738824090129 166.38184501804471 250
1738824090166 162.1299661192325 251
1738824090204 89.79261177951567 252
1738824090242 154.15887622199543 253
1738824090280 161.32624171123987 254
1738824090318 142.17325053092867 255
1738824090355 125.47831917142284 256
1738824090393 162.13482070224836 257
1738824090431 167.60913750513774 258
1738824090469 159.5019613803115 259
1738824090506 91.05120841017532 260
1738824090543 201.09752004647612 261
1738824090581 113.43193085591179 262
1738824090619 295.0475845236834 263
1738824090656 122.6535972628269 264
1738824090693 104.75368980898268 265
1738824090730 154.7774357216097 266
1738824090768 121.51300770164573 267
1738824090805 204.93319892042697 268
1738824090843 369.68587309364733 269
1738824090880 133.39305422245974 270
1738824090918 229.6520161884483 271
1738824090955 187.19441481600208 272
1738824090993 313.19446989402655 273
1738824091030 96.1206438534196 274
1738824091067 93.57852278866703 275
1738824091105 165.17884468141122 276
1738824091142 143.61507900876148 277
1738824091180 166.93139642041007 278
1738824091217 271.6978580139743 279
1738824091255 160.39258722409997 280
1738824091292 181.40409346144165 281
1738824091330 192.41722242997682 282
1738824091368 167.08662313745955 283
1738824091405 113.48484005731774 284
1738824091442 145.86935476063329 285
1738824091481 187.57825668154416 286
1738824091518 161.67670539100777 287
1738824091555 141.58941519755317 288
1738824091593 152.77875648880695 289
1738824091630 148.8614317579523 290
1738824091668 176.03243891324487 291
1738824091705 173.86591344294206 292
1738824091744 158.97852879162306 293
1738824091781 183.14202347762873 294
1738824091820 752.1240486084821 295
1738824091857 122.14795661954267 296
1738824091894 187.4285567637358 297
1738824091932 193.64750167005224 298
1738824091970 125.20899131814329 299
1738824092007 132.04797182061756 300
1738824092045 197.8130420257253 301
1738824092081 121.23598349450576 302
1738824092119 137.80317167899508 303
1738824092156 174.83196498407614 304
1738824092193 203.57092878045955 305
1738824092230 180.1489384057305 306
1738824092268 148.01944616993129 307
1738824092306 149.89972262218015 308
1738824092344 184.42013687704994 309
1738824092382 175.16695065002347 310
1738824092420 262.5403587757702 311
1738824092457 153.31787933817202 312
1738824092495 142.17148896468942 313
1738824092532 101.9169883551829 314
1738824092570 227.4201693047808 315
1738824092607 184.63950881098143 316
1738824092645 262.6252686706944 317
1738824092682 128.62128580426332 318
1738824092720 169.81793258259825 319
1738824092763 235.1229279078053 320
1738824092801 201.79928044871576 321
1738824092838 197.6006194866864 322
1738824092876 232.22450176549364 323
1738824092913 181.7455968839392 324
1738824092950 121.24923742239199 325
1738824092987 196.49638735795517 326
1738824093025 186.1578122869262 327
1738824093063 170.48606512731243 328
1738824093100 182.45934049164796 329
1738824093137 124.74731413236528 330
1738824093175 176.1341801168325 331
1738824093213 182.10782944765035 332
1738824093251 158.70709581051543 333
1738824093289 109.09902490833746 334
1738824093326 204.96296973771464 335
1738824093363 161.99780690014373 336
1738824093401 184.95209309900864 337
1738824093438 471.0861613126776 338
1738824093476 1026.6848388988215 339
1738824093513 106.69034607573828 340
1738824093551 121.9420485397659 341
1738824093588 115.51240466759178 342
1738824093626 164.63355687136453 343
1738824093663 236.2398935768086 344
1738824093700 361.9567476906716 345
1738824093738 117.6672712342617 346
1738824093775 181.8830149145817 347
1738824093813 168.31491350392056 348
1738824093851 204.63413362695158 349
1738824093889 196.1451692404819 350
1738824093926 201.48627833184676 351
1738824093964 131.50473898854372 352
1738824094002 159.10453578132524 353
1738824094040 184.1395123548739 354
1738824094077 205.66362625384915 355
1738824094115 141.33899747842625 356
1738824094153 182.67865111548227 357
1738824094191 151.4397003712722 358
1738824094228 207.8620550506492 359
1738824094266 76.8806249077841 360
1738824094303 146.88745239506204 361
1738824094342 87.49626819333743 362
1738824094380 191.93081763855162 363
1738824094418 152.85713268345194 364
1738824094456 125.17679781608554 365
1738824094493 174.88184637201644 366
1738824094531 204.9809555103792 367
1738824094568 190.1831386851698 368
1738824094608 231.30847629140695 369
1738824094645 218.21633167541228 370
1738824094684 151.69255004594268 371
1738824094721 168.67368328433585 372
1738824094761 175.42896076694683 373
1738824094799 152.0427140580971 374
1738824094837 194.4136065774742 375
1738824094875 180.88890495879616 376
1738824094913 224.63517360381422 377
1738824094951 146.67528954327386 378
1738824094989 137.01599793843732 379
1738824095026 172.5212620165453 380
1738824095065 219.23973134687662 381
1738824095102 197.60267674027904 382
1738824095140 106.49923255604769 383
1738824095177 169.1865907382999 384
1738824095215 130.32875267744123 385
1738824095252 254.6355848573532 386
1738824095289 159.64102456949848 387
1738824095327 184.98963970287986 388
1738824095364 145.07547698744213 389
1738824095402 157.52037451874352 390
1738824095439 181.46924808309757 391
1738824095478 204.9439946799649 392
1738824095516 164.49656790072632 393
1738824095554 206.66547403791944 394
1738824095592 239.47546021886038 395
1738824095629 173.4691843873985 396
1738824095667 166.6026638991169 397
1738824095705 157.82641346286573 398
1738824095742 274.0170906294893 399
1738824095780 117.18194823672088 400
1738824095819 211.32469187702674 401
1738824095856 164.55423975138564 402
1738824095894 199.72014333226815 403
1738824095932 173.5733765768863 404
1738824095969 171.6113234138414 405
1738824096007 176.71817824612137 406
1738824096045 221.82881317892324 407
1738824096083 156.14316884848805 408
1738824096121 186.5503096884368 409
1738824096159 185.40276939453102 410
1738824096196 139.85862608493017 411
1738824096233 134.69046854243467 412
1738824096271 335.8848687298064 413
1738824096309 205.76307335848568 414
1738824096347 96.34578848509506 415
1738824096384 115.93527485101107 416
1738824096422 200.49467270281028 417
1738824096460 173.13773135953207 418
1738824096497 206.49200358797592 419
1738824096535 183.52133019180542 420
1738824096572 159.64155095258627 421
1738824096609 163.6174403229173 422
1738824096646 213.10936394336525 423
1738824096684 176.92519814874674 424
1738824096721 179.21998571892877 425
1738824096759 159.3430585091638 426
1738824096797 118.72966289665614 427
1738824096834 61.05517328803484 428
1738824096871 101.01283241904277 429
1738824096909 143.43876554337209 430
1738824096946 177.88943521446254 431
1738824096983 121.68504002784792 432
1738824097021 122.68778399871323 433
1738824097059 196.74988573574686 434
1738824097097 155.10553760657982 435
1738824097134 159.4325636774776 436
1738824097172 176.73490971006254 437
1738824097209 136.91526799782847 438
1738824097247 184.13487851044704 439
1738824097284 330.87680265436103 440
1738824097322 175.93845957048416 441
1738824097360 160.4092586851247 442
1738824097397 139.45560012520266 443
1738824097434 95.44496709921772 444
1738824097472 139.16505518714143 445
1738824097509 106.14334251553335 446
1738824097546 290.8047025988628 447
1738824097583 376.52738976620435 448
1738824097620 207.36282053551494 449
1738824097658 155.68067470206827 450
1738824097695 160.42528189779793 451
1738824097732 147.72047590460647 452
1738824097770 216.47736924343292 453
1738824097808 166.69762169246962 454
1738824097845 161.77164843167262 455
1738824097883 184.81240104387624 456
1738824097922 169.4324872526946 457
1738824097961 171.83961794067466 458
1738824097999 156.8871395801916 459
1738824098037 201.07441885486628 460
1738824098076 163.03154325519762 461
1738824098113 178.09624901980567 462
1738824098151 179.91111213756616 463
1738824098190 164.15436118309674 464
1738824098228 191.50297320131577 465
1738824098265 134.93992752950672 466
1738824098303 102.77905583204479 467
1738824098340 184.94930606908565 468
1738824098377 217.11711302561233 469
1738824098415 165.7006974047379 470
1738824098453 166.1060288141378 471
1738824098490 128.20683472638996 472
1738824098527 166.81473055444766 473
1738824098565 181.63361199113461 474
1738824098602 181.61240000292878 475
1738824098639 173.31285325754172 476
1738824098675 236.15765334063016 477
1738824098712 287.78838522626614 478
1738824098749 178.92962248037756 479
1738824098785 194.7751082675442 480
1738824098822 160.22991575020066 481
1738824098858 163.6868124426637 482
1738824098894 150.89410582744895 483
1738824098931 170.48449486820954 484
1738824098967 206.43053450425904 485
1738824099004 186.05326295417666 486
1738824099040 172.02530191578245 487
1738824099077 176.2105393295902 488
1738824099113 149.073816677501 489
1738824099149 174.9401005370846 490
1738824099186 154.3653017402321 491
1738824099223 203.4901845204467 492
1738824099260 169.27359555571573 493
1738824099296 176.1288934577682 494
1738824099333 151.1508573400043 495
1738824099369 47.914192942099966 496
1738824099405 188.85840045815914 497
1738824099442 174.70560202262246 498
1738824099479 191.79974340182378 499
