1738825289580 141.8708714750879 0
1738825289615 183.97502038522381 1
1738825289649 182.881207890016 2
1738825289682 152.21987927722813 3
1738825289716 169.852202068761 4
1738825289750 173.35630899261687 5
1738825289787 141.88502692125923 6
1738825289824 181.39687083018333 7
1738825289861 164.39531688209144 8
1738825289901 164.55466124272183 9
1738825289937 141.5640306052057 10
1738825289972 167.0004761279684 11
1738825290006 174.3971378903716 12
1738825290041 153.41500767869888 13
1738825290075 168.13191999588952 14
1738825290108 177.994538847843 15
1738825290142 184.42063946742246 16
1738825290175 177.9109762041385 17
1738825290209 181.56399290311361 18
1738825290242 180.25224241028218 19
1738825290277 172.15214104242227 20
1738825290313 185.10129249365644 21
1738825290346 152.59882823989744 22
1738825290380 140.32467364658885 23
1738825290414 147.29972798195928 24
1738825290447 202.26599240098196 25
1738825290481 161.15772473999291 26
1738825290514 176.47215468619416 27
1738825290547 176.51626593114491 28
1738825290581 170.8457046916601 29
1738825290613 160.64362334069062 30
1738825290646 166.45686843479845 31
1738825290680 161.60266643146733 32
1738825290713 164.65338251128188 33
1738825290746 180.7524225602169 34
1738825290779 183.19705336647206 35
1738825290811 166.5210196799856 36
1738825290845 169.25418149763726 37
1738825290878 185.832147813125 38
1738825290912 145.39899605968031 39
1738825290946 146.2421536179445 40
1738825290981 182.8817310294177 41
1738825291015 154.297737276409 42
1738825291048 176.17630781496595 43
1738825291081 155.15669801984046 44
1738825291115 160.42396885811672 45
1738825291149 152.29665902479303 46
1738825291183 170.34451328788856 47
1738825291216 167.1497282703561 48
1738825291250 129.5587679087233 49
1738825291283 154.35705173855268 50
1738825291316 157.38598318440273 51
1738825291349 182.29644676085104 52
1738825291382 162.37653435597215 53
1738825291415 178.05036405431284 54
1738825291449 165.08258167585103 55
1738825291482 172.1104513188448 56
1738825291515 159.52426646442544 57
1738825291548 186.73207142607745 58
1738825291582 134.4052522237792 59
1738825291616 145.70324696922583 60
1738825291649 184.68163193325802 61
1738825291681 178.3663786872434 62
1738825291714 162.56423595549498 63
1738825291747 174.69569650712737 64
1738825291780 151.71185513266244 65
1738825291813 164.33913776806818 66
1738825291847 151.36018106817974 67
1738825291881 171.57819804985542 68
1738825291914 161.0813258558915 69
1738825291947 185.69829931687337 70
1738825291981 175.94599229732546 71
1738825292014 182.22208524411187 72
1738825292047 170.712740757752 73
1738825292080 204.08690252444103 74
1738825292113 157.7466540900337 75
1738825292147 176.69281013588818 76
1738825292183 161.63217629151103 77
1738825292217 174.85914189796833 78
1738825292251 176.45076399291924 79
1738825292284 170.00746555805668 80
1738825292317 188.51183864159714 81
1738825292350 169.4401759708086 82
1738825292384 170.25017072761844 83
1738825292417 181.87326038114955 84
1738825292450 124.55899785335752 85
1738825292483 143.98360113073596 86
1738825292516 139.69813118671988 87
1738825292549 170.07656169422697 88
1738825292582 135.37873348867478 89
1738825292615 184.28107854693448 90
1738825292648 190.86714070821756 91
1738825292681 161.56286041441655 92
1738825292715 151.801262480786 93
1738825292748 168.67410492598083 94
1738825292781 169.3163728203339 95
1738825292815 162.2087199939265 96
1738825292849 168.07362074145846 97
1738825292884 166.85422038948974 98
1738825292917 176.03168606906235 99
1738825292950 152.71429866648342 100
1738825292983 171.5500367899887 101
1738825293016 166.22396740895186 102
1738825293049 163.91079767638087 103
1738825293083 140.2617344932859 104
1738825293116 128.8186964962292 105
1738825293149 165.88010157101857 106
1738825293182 155.6599049110841 107
1738825293214 172.79605593274584 108
1738825293247 149.3873347454144 109
1738825293281 169.66125041745164 110
1738825293315 166.20440298385307 111
1738825293348 169.9420520581637 112
1738825293381 170.94813882503283 113
1738825293414 178.60770671386993 114
1738825293448 175.21556806720147 115
1738825293481 191.7203462068508 116
1738825293514 176.57422918376162 117
1738825293547 154.66279088638478 118
1738825293580 170.89634613318646 119
1738825293613 159.45817162280576 120
1738825293646 188.49787921919557 121
1738825293679 180.40133824953776 122
1738825293712 176.5644115925504 123
1738825293744 161.52914833523587 124
1738825293777 150.50329327209317 125
1738825293810 175.4709373442468 126
1738825293843 148.01849134134363 127
1738825293876 186.7561874589138 128
1738825293909 164.78788075206666 129
1738825293942 134.6206828020915 130
1738825293975 157.43740439130485 131
1738825294008 169.81518446868813 132
1738825294043 148.23433909840634 133
1738825294076 151.19033405597605 134
1738825294110 167.41312910330603 135
1738825294143 168.33656420513233 136
1738825294176 172.93371074842798 137
1738825294208 187.43238985261934 138
1738825294242 165.1718363252634 139
1738825294275 181.87778555080783 140
1738825294308 174.2234082093179 141
1738825294341 129.93123075376596 142
1738825294374 172.10217924807307 143
1738825294407 182.0796150117362 144
1738825294440 167.56324365833612 145
1738825294473 185.0717835489858 146
1738825294507 180.56868367622323 147
1738825294540 176.5880404693116 148
1738825294573 189.26842042857277 149
1738825294606 154.67984850757347 150
1738825294639 117.19437115292276 151
1738825294673 167.5054944775046 152
1738825294706 149.33367993839002 153
1738825294738 161.77356901757497 154
1738825294771 172.92025114866382 155
1738825294804 156.6632933547483 156
1738825294837 189.3840312224019 157
1738825294869 186.65030420161148 158
1738825294902 128.3955782699049 159
1738825294935 159.37238141330215 160
1738825294968 173.19152742528055 161
1738825295002 161.4673125060206 162
1738825295035 182.14905510008825 163
1738825295067 182.64675843866425 164
1738825295101 156.5409433311504 165
1738825295134 174.6296022779899 166
1738825295167 176.75332259164375 167
1738825295200 188.81527815697217 168
1738825295233 122.36127525717174 169
1738825295266 148.63941100355433 170
1738825295299 167.55451433631674 171
1738825295334 162.86238972047522 172
1738825295367 162.2180534028149 173
1738825295401 172.99384035625255 174
1738825295434 175.06811480904585 175
1738825295467 179.78399271198958 176
1738825295500 199.95025309609943 177
1738825295533 160.8379928711984 178
1738825295566 149.55498530889224 179
1738825295599 176.8034270120478 180
1738825295632 170.22076554964505 181
1738825295665 160.02510832863751 182
1738825295698 177.0011112439463 183
1738825295731 167.3004268943731 184
1738825295765 159.6661301803937 185
1738825295798 173.3379467776494 186
1738825295832 171.48807634827236 187
1738825295865 140.5955739850625 188
1738825295898 160.12589656069807 189
1738825295931 110.77396755125069 190
1738825295964 159.7762094370349 191
1738825295998 165.67624140220562 192
1738825296031 164.58299366015268 193
1738825296064 160.78663106608462 194
1738825296097 167.58618325133185 195
1738825296130 159.60221875736866 196
1738825296164 161.09487439730015 197
1738825296197 188.49136590882222 198
1738825296231 162.4551976564893 199
1738825296264 175.47246620067702 200
1738825296297 186.7905765558777 201
1738825296331 154.13412400290426 202
1738825296364 180.82134477846583 203
1738825296398 142.08494606373904 204
1738825296431 118.07566365226725 205
1738825296464 184.42043137060685 206
1738825296497 143.73956905506017 207
1738825296530 180.9033217611045 208
1738825296563 163.4791364998258 209
1738825296597 153.3162899454289 210
1738825296630 183.4176450638949 211
1738825296663 174.62245738955298 212
1738825296697 153.88929153817875 213
1738825296730 176.44213113545732 214
1738825296763 181.51752048383426 215
1738825296796 161.42815148398628 216
1738825296829 172.98313405294076 217
