1738825196248 168.90051373064762 0
1738825196255 168.20618842553986 1
1738825196263 170.80309004495612 2
1738825196270 172.4982440307901 3
1738825196277 167.94098202270303 4
1738825196283 165.49391689751621 5
1738825196291 165.42151890752717 6
1738825196298 165.58633921820348 7
1738825196305 174.7265933019008 8
1738825196312 172.4858799897396 9
1738825196319 166.6661090520858 10
1738825196325 171.10573817307625 11
1738825196332 165.3990266324766 12
1738825196338 169.47996944326258 13
1738825196345 168.71390894629195 14
1738825196351 167.1142474231518 15
1738825196358 168.5693521167079 16
1738825196364 167.29980612732035 17
1738825196370 170.68098319175672 18
1738825196376 171.05883067953206 19
1738825196383 170.23246190751289 20
1738825196390 169.42204189236637 21
1738825196396 165.00124464246917 22
1738825196403 169.91342952646727 23
1738825196409 173.14237340042635 24
1738825196415 167.97107687227066 25
1738825196422 170.91475300129062 26
1738825196428 168.39343166098388 27
1738825196434 167.16407720512385 28
1738825196441 175.10204195591635 29
1738825196448 171.57087360853467 30
1738825196455 170.8132412826438 31
1738825196462 171.12082871864558 32
1738825196470 171.55086651705182 33
1738825196477 171.16742055318312 34
1738825196483 169.9156055781127 35
1738825196489 169.7116636054152 36
1738825196495 169.3620092861656 37
1738825196501 171.15527014968083 38
1738825196507 165.45408628702725 39
1738825196512 169.41625036601826 40
1738825196518 167.9842502261169 41
1738825196524 168.28082555642771 42
1738825196530 171.63254240387923 43
1738825196536 168.1543332200706 44
1738825196542 168.36057652843365 45
1738825196548 170.4831237192197 46
1738825196554 171.99091914778452 47
1738825196560 168.4860923266693 48
1738825196566 170.20677724411215 49
1738825196572 168.49956752650058 50
1738825196579 168.66478919816387 51
1738825196585 168.8902780143557 52
1738825196591 167.0214090240773 53
1738825196598 167.36365244309656 54
1738825196604 168.77169172364506 55
1738825196610 168.8059526347533 56
1738825196616 169.94736727314827 57
1738825196622 165.80913364126368 58
1738825196628 167.35285574901408 59
1738825196635 166.1662057339839 60
