1738824114683 175.93258320668875 0
1738824114721 184.47160624862252 1
1738824114758 175.1211645084605 2
1738824114794 190.6944080901518 3
1738824114831 179.47797934400919 4
1738824114869 148.36537944920312 5
1738824114908 166.41459527625705 6
1738824114946 177.5185935394751 7
1738824114986 174.23100852952211 8
1738824115024 139.08157368416792 9
1738824115063 157.85561253743248 10
1738824115104 177.82728429786215 11
1738824115144 172.06429526685423 12
1738824115185 171.92821805539916 13
1738824115222 154.1584462909726 14
1738824115259 179.22933430112568 15
1738824115295 150.4525918843647 16
1738824115332 162.98845354479826 17
1738824115368 167.48975967308337 18
1738824115405 184.98888115743 19
1738824115441 174.29463523544786 20
1738824115478 147.25089638757976 21
1738824115515 179.22628206351393 22
1738824115551 167.87675468855105 23
1738824115588 181.75383532289558 24
1738824115626 170.5450083521099 25
1738824115663 183.45723449703038 26
1738824115700 162.58502074498452 27
1738824115736 170.79821483063606 28
1738824115773 148.6173820754693 29
1738824115809 168.21750606916405 30
1738824115846 169.20003461885977 31
1738824115882 169.49437329140423 32
1738824115919 165.44450488478162 33
1738824115955 171.07156980826772 34
1738824115991 171.33935508975588 35
1738824116028 156.5805508780803 36
1738824116064 168.07418834955962 37
1738824116102 204.70763633294447 38
1738824116139 172.7686914299335 39
1738824116175 178.68251817611375 40
1738824116212 168.48895998563623 41
1738824116248 193.17873151158852 42
1738824116285 151.7352480260756 43
1738824116321 161.73134151762758 44
1738824116357 182.446379530258 45
1738824116394 187.07843437112933 46
1738824116430 173.3841962018329 47
1738824116466 176.04076992327404 48
1738824116503 166.29181274563928 49
1738824116539 169.0694444609492 50
1738824116576 172.68487598736385 51
1738824116612 148.41283533730663 52
1738824116650 172.97322454770668 53
1738824116688 184.70279178156304 54
1738824116727 175.75905971149908 55
1738824116765 159.6750706257446 56
1738824116806 153.90737654789314 57
1738824116847 178.25531773272164 58
1738824116887 168.86694624470084 59
1738824116926 176.6905864912908 60
1738824116965 135.3191887317535 61
1738824117003 180.58593307708256 62
1738824117041 148.18377616409492 63
1738824117078 166.45134314520496 64
1738824117116 143.3739610815065 65
1738824117154 110.88476541095488 66
1738824117192 139.49138217380735 67
1738824117229 189.71525606060808 68
1738824117268 169.23072623894882 69
1738824117307 170.60109427626062 70
1738824117345 201.920487321013 71
1738824117383 175.8187629807931 72
1738824117422 141.51545978471563 73
1738824117459 182.9334319164821 74
1738824117497 178.85075830774198 75
1738824117534 175.05040659519352 76
1738824117572 179.35528420545964 77
1738824117610 160.19562252620338 78
1738824117648 171.99925160540752 79
1738824117686 176.47155527291358 80
1738824117725 171.35241599114352 81
1738824117762 173.10803681103002 82
1738824117800 163.0415731982766 83
1738824117838 168.5121837046195 84
1738824117876 167.96359918173036 85
1738824117913 178.89865768380227 86
1738824117951 145.54523043269867 87
1738824117989 184.19027722281112 88
1738824118027 148.42764255015487 89
1738824118065 158.92963059933226 90
1738824118103 173.01696872720095 91
1738824118141 163.00069301763662 92
1738824118179 174.14535793551184 93
1738824118216 149.84920391156373 94
1738824118254 159.92218199889513 95
1738824118292 161.57410024713872 96
1738824118330 132.82781379572546 97
1738824118368 167.1533536961782 98
1738824118406 164.0450597931689 99
1738824118444 167.0906138711491 100
1738824118482 175.96956893259403 101
1738824118520 120.07375477640424 102
1738824118559 172.0921898412955 103
1738824118597 179.35094328723255 104
1738824118635 140.05577798720722 105
1738824118673 168.19854785918167 106
1738824118711 185.4373338752611 107
1738824118749 192.18969843668341 108
1738824118787 173.63282605387025 109
1738824118824 172.3022629410131 110
1738824118863 125.74023044755918 111
1738824118900 164.93052187024168 112
1738824118938 160.1656893712268 113
1738824118977 184.57930972441363 114
1738824119015 164.1264905298104 115
1738824119053 165.76056242440697 116
1738824119091 183.4243735536917 117
1738824119129 152.22732840728176 118
1738824119167 150.80197048798996 119
1738824119204 190.87985506581074 120
1738824119242 175.2074774658664 121
1738824119281 189.00870239889997 122
1738824119319 189.21852350476513 123
1738824119357 163.86122741349357 124
1738824119395 147.89440458424332 125
1738824119434 223.41354115078843 126
1738824119472 194.34104699680574 127
1738824119510 153.4702388423425 128
1738824119548 173.19702980817826 129
1738824119586 171.8615870654089 130
1738824119624 156.083341344051 131
1738824119662 182.7209090227789 132
1738824119700 179.55157411816361 133
1738824119738 153.97590402673845 134
1738824119776 138.57387328349944 135
1738824119814 154.85955097926512 136
1738824119851 154.33630755993516 137
1738824119890 175.22537343468338 138
1738824119928 177.76455741154854 139
1738824119966 185.33888650064256 140
1738824120004 186.52615081178425 141
1738824120042 145.79737237358677 142
1738824120080 186.13643198963777 143
1738824120119 177.46975926671723 144
1738824120157 176.39264662630256 145
1738824120195 172.88150526216998 146
1738824120234 182.46423735283292 147
1738824120272 168.85925623252066 148
1738824120320 176.59252992721431 149
1738824120358 182.32963316212098 150
1738824120396 161.4705919884318 151
1738824120434 167.04145458341787 152
1738824120472 154.73258220474014 153
1738824120510 185.36651706361005 154
1738824120547 184.6832967533528 155
1738824120585 177.83395127486446 156
1738824120623 174.38053034430968 157
1738824120661 179.22714274563555 158
1738824120700 160.1717654535635 159
1738824120738 167.3026861556868 160
1738824120776 177.3412753277249 161
1738824120814 184.59556063007454 162
1738824120852 183.27758286760618 163
1738824120890 145.8836184385954 164
1738824120928 130.89037556517087 165
1738824120965 179.9789463931367 166
1738824121003 177.51557539658148 167
1738824121041 190.55496434915605 168
1738824121079 169.07934360630978 169
1738824121117 183.88720939608456 170
1738824121155 147.89278281754085 171
1738824121193 138.4678462267326 172
1738824121231 155.10253216428885 173
1738824121269 182.23791808307718 174
1738824121307 167.8718515684951 175
1738824121346 162.4517150018154 176
1738824121384 182.9320840842384 177
1738824121422 187.93784022295472 178
1738824121460 170.22846369727915 179
1738824121498 169.9040735506309 180
1738824121536 169.38687545497237 181
1738824121575 175.7886274828585 182
1738824121612 232.40733775552033 183
1738824121650 180.3013314874215 184
1738824121688 194.8253112465191 185
1738824121727 173.24588048520005 186
1738824121765 145.46199653082584 187
1738824121803 164.84146565396395 188
1738824121842 169.6602107663406 189
1738824121880 160.3945955723764 190
1738824121918 144.65644775513803 191
1738824121956 158.3645080853019 192
1738824121994 141.11857674762425 193
1738824122032 159.4125776049608 194
1738824122070 176.3809315110913 195
1738824122108 153.6005030537062 196
1738824122146 132.17893664338993 197
1738824122183 163.3615475276737 198
1738824122222 158.63138763731914 199
1738824122261 158.20044614157888 200
1738824122299 164.6527609131021 201
1738824122337 170.54841556931186 202
1738824122375 182.98032587160833 203
1738824122413 178.05192329536428 204
1738824122450 163.4040593424504 205
1738824122488 182.69128270149702 206
1738824122526 173.88752970465006 207
1738824122564 168.43118463900942 208
1738824122602 183.5036186880215 209
1738824122640 184.49558474243918 210
1738824122678 177.4572108033675 211
1738824122715 192.48023414008262 212
1738824122753 163.94854741478989 213
1738824122791 188.20923997247814 214
1738824122832 165.95590239827987 215
1738824122870 167.07428147882246 216
1738824122908 182.76126217315675 217
1738824122946 184.01446777477864 218
1738824122983 173.1150276645693 219
1738824123021 175.3416301162885 220
1738824123059 157.36565853431568 221
1738824123097 176.01387592974987 222
1738824123135 157.35227298518163 223
1738824123173 103.55312552397284 224
1738824123211 182.62638256255696 225
1738824123249 163.57704404164247 226
1738824123287 194.9994887232332 227
1738824123325 179.1860352507935 228
1738824123363 188.56778374363392 229
1738824123401 163.50589275730817 230
1738824123439 131.08593054156358 231
1738824123476 183.74925071434632 232
1738824123514 143.8748257705247 233
1738824123552 185.59624904348237 234
1738824123589 166.46446990422228 235
1738824123627 178.20985242891066 236
1738824123666 178.70318467186632 237
1738824123705 172.31965742192068 238
1738824123743 182.22730895228932 239
1738824123780 151.98666985873945 240
1738824123818 161.4614386363598 241
1738824123856 189.82340791031035 242
1738824123894 171.80189109522416 243
1738824123931 174.0637003307995 244
1738824123969 158.42348497918925 245
1738824124007 169.20120767578123 246
1738824124045 161.07481494575714 247
1738824124084 158.81261032065044 248
1738824124122 172.97586551951932 249
1738824124160 135.19424731433242 250
1738824124198 173.22566070952388 251
1738824124235 172.7510761477316 252
1738824124273 149.06632631959693 253
1738824124311 178.67101866124864 254
1738824124349 181.32236638224106 255
1738824124387 178.29301531266742 256
1738824124425 181.66621273163662 257
1738824124463 175.39677233222542 258
1738824124501 136.64624510808005 259
1738824124539 154.78423759411538 260
1738824124577 164.3924670921732 261
1738824124614 169.5963954379966 262
1738824124652 145.00151349307419 263
1738824124690 154.43885069193993 264
1738824124728 178.96327662310085 265
1738824124766 186.5981704171899 266
1738824124804 188.3033377149978 267
1738824124842 185.02037762174157 268
1738824124880 163.76056106680167 269
1738824124918 183.0311711311068 270
1738824124957 150.25471995353595 271
1738824124995 170.05971124205854 272
1738824125033 187.26078220777146 273
1738824125070 183.79215383357493 274
1738824125107 191.0185318840894 275
1738824125145 165.65087012435407 276
1738824125183 142.49737552891884 277
1738824125221 221.0135193617594 278
1738824125259 167.41573988928639 279
1738824125298 173.23789470599982 280
1738824125336 176.42121151354633 281
1738824125374 157.99519648561042 282
1738824125412 181.64954754924597 283
1738824125450 183.06924563554574 284
1738824125489 166.84507193361156 285
1738824125527 169.13065702491704 286
1738824125565 170.20223895793845 287
1738824125602 167.41141949419804 288
1738824125640 150.7540532427667 289
1738824125678 157.23576220225272 290
1738824125716 176.93282538809984 291
1738824125753 148.1862561396115 292
1738824125792 204.34723493868572 293
1738824125830 148.74334242797875 294
1738824125868 166.2169233707322 295
1738824125906 182.19279684220774 296
1738824125944 143.67653378389758 297
1738824125982 185.07916092381694 298
1738824126020 178.65754479239735 299
1738824126057 173.01295800204565 300
1738824126101 190.9219674673668 301
1738824126138 154.75280070467008 302
1738824126176 201.25291022452365 303
1738824126213 168.28646312283504 304
1738824126251 197.2087556686254 305
1738824126290 164.65308486882273 306
1738824126328 180.77258159129912 307
1738824126366 155.01606320044485 308
1738824126404 161.9511858155283 309
1738824126442 183.69609104455952 310
1738824126480 162.6243127678911 311
1738824126517 178.12786704275024 312
1738824126556 172.75899724393062 313
1738824126594 156.91340058276336 314
1738824126633 175.20890919357174 315
1738824126671 158.3266427654219 316
1738824126709 174.5927082383908 317
1738824126746 157.7456247788075 318
1738824126784 159.28919612823236 319
1738824126822 171.0014058123389 320
1738824126860 174.339630635174 321
1738824126897 154.17816012591288 322
1738824126935 186.2226466357168 323
1738824126972 149.71118108827474 324
1738824127009 191.5912796091435 325
1738824127046 98.99736648880264 326
1738824127083 171.02187764057138 327
1738824127120 171.66362018531947 328
1738824127157 162.54904142432304 329
1738824127194 179.93087866944748 330
1738824127231 171.58851404351802 331
1738824127267 174.3358799622754 332
1738824127306 188.3812176126017 333
1738824127344 179.9475599260562 334
1738824127382 207.80202141977412 335
1738824127420 145.9190505985501 336
1738824127459 190.16662269560533 337
1738824127497 164.81571290852517 338
1738824127536 158.00660227416282 339
1738824127573 138.40484513523276 340
1738824127611 158.69929721041223 341
1738824127649 166.44035773792308 342
1738824127687 164.57992885494886 343
1738824127724 158.2412779874364 344
1738824127761 289.7225465757858 345
1738824127799 177.7862401136454 346
1738824127836 144.86935476123102 347
1738824127872 161.56686018484226 348
1738824127910 189.665761833375 349
1738824127947 177.5963038430062 350
1738824127984 184.74595587050496 351
1738824128020 156.973936008128 352
1738824128056 187.59547273596255 353
1738824128093 143.37028719314134 354
1738824128130 177.13742239945927 355
1738824128167 175.64830379534249 356
1738824128203 161.009062261318 357
1738824128240 182.74622905891758 358
1738824128276 165.60105590684205 359
1738824128313 172.56801304576828 360
1738824128349 159.8984872265495 361
1738824128386 173.2045548268699 362
1738824128422 171.2175540276592 363
1738824128459 166.1463452536277 364
1738824128496 170.73943256920617 365
1738824128532 159.63624299818537 366
1738824128569 168.35983436360246 367
1738824128605 163.21562638271928 368
1738824128641 170.4056141140427 369
1738824128678 155.68120013739383 370
1738824128714 175.52104403073525 371
1738824128751 194.58972096877352 372
1738824128788 153.8924320729673 373
1738824128824 151.03086669131415 374
1738824128860 171.98793255851533 375
1738824128897 158.33084981482918 376
1738824128934 188.7314582928601 377
1738824128971 169.16617488325642 378
1738824129009 169.21566616088566 379
1738824129046 175.51303663723482 380
1738824129083 174.72834812069587 381
1738824129120 148.895349591704 382
1738824129157 180.51655098194863 383
1738824129193 176.00012775195816 384
1738824129230 179.17290915592585 385
1738824129267 160.93845788905912 386
1738824129304 185.2981887160001 387
1738824129341 178.65769706175954 388
1738824129378 158.8732817410256 389
1738824129415 159.10583342456252 390
1738824129451 174.98149713582848 391
1738824129488 183.46373221810086 392
1738824129524 140.839772988234 393
1738824129561 171.69482056432656 394
1738824129598 178.5666009740132 395
1738824129635 134.38098576400375 396
1738824129673 180.18986512055227 397
1738824129710 181.60626676514383 398
1738824129749 183.68423571861143 399
1738824129790 162.13324685643414 400
1738824129831 192.49474549126543 401
1738824129870 167.81250602218407 402
1738824129909 179.4755142018071 403
1738824129954 153.05544091578574 404
1738824129993 143.59305055033846 405
1738824130032 176.42233121363142 406
1738824130070 169.7265007699098 407
1738824130108 184.92859886277463 408
1738824130145 170.476035607901 409
1738824130183 161.39246952431387 410
1738824130221 133.01963574462303 411
1738824130259 140.38196552792738 412
1738824130298 184.62114732446807 413
1738824130335 147.72396581266986 414
1738824130374 176.9824595963275 415
1738824130411 129.60407187378763 416
1738824130449 181.06185340188048 417
1738824130487 161.43321178848137 418
1738824130525 147.42828359016173 419
1738824130563 174.575414544189 420
1738824130601 163.62721987231535 421
1738824130638 182.66808385743025 422
1738824130677 184.6655124169453 423
1738824130715 194.34085230039196 424
1738824130752 130.400545621181 425
1738824130789 172.5088304939043 426
1738824130826 176.18998792967182 427
1738824130864 180.93443386667894 428
1738824130901 168.16407221122154 429
1738824130939 182.72945630917133 430
1738824130977 180.04300265913125 431
1738824131015 170.70031544061322 432
1738824131053 184.80686242761368 433
1738824131092 174.41799101884408 434
1738824131129 170.22056790333548 435
1738824131167 169.056956828477 436
1738824131205 164.96517140910376 437
1738824131243 174.7132431814287 438
1738824131281 158.8683372043941 439
1738824131319 171.72227223419966 440
1738824131356 169.17993641252116 441
1738824131394 150.11123827529536 442
1738824131432 108.92762264101462 443
1738824131470 175.22613920623945 444
1738824131508 191.83230258329988 445
1738824131546 187.56578675828843 446
1738824131585 187.77402009315043 447
1738824131623 179.09474193924586 448
1738824131660 164.07246724499998 449
1738824131699 160.7383724043974 450
1738824131737 176.61429388195114 451
1738824131775 181.74036711202385 452
1738824131813 170.60887649702966 453
1738824131851 150.65940854348992 454
1738824131889 176.76376624813054 455
1738824131927 175.19214039482512 456
1738824131964 143.89273648121923 457
1738824132002 198.5505707339537 458
1738824132039 178.65950751387268 459
1738824132077 158.3298908183232 460
1738824132115 185.44808412657156 461
1738824132153 169.26664203183515 462
1738824132192 177.41820567846162 463
1738824132230 178.6306476573482 464
1738824132268 171.54352603747478 465
1738824132307 173.60793835802366 466
1738824132350 180.7980774609992 467
1738824132390 164.1531678626274 468
1738824132427 155.64337118790235 469
1738824132465 155.09530509645478 470
1738824132504 189.83364520848627 471
1738824132542 157.41534564018212 472
1738824132580 172.64399466009266 473
1738824132618 165.65749320257783 474
1738824132656 182.1390816189522 475
1738824132694 178.8476219017676 476
1738824132731 171.20707266345707 477
1738824132769 133.43832345076768 478
1738824132807 177.08587156951947 479
1738824132846 201.63374371195175 480
1738824132884 157.54956365955604 481
1738824132923 166.15459891064407 482
1738824132961 171.75469607101607 483
1738824132999 155.96883727113843 484
1738824133037 183.59361480583982 485
1738824133075 161.74653811906052 486
1738824133113 193.66797843115046 487
1738824133150 177.9267962979193 488
1738824133188 177.01813062833304 489
1738824133225 178.96721903683857 490
1738824133263 231.46349857237385 491
1738824133300 181.8615917054349 492
1738824133337 175.416662360176 493
1738824133375 143.99902950546843 494
1738824133414 163.7793504929494 495
1738824133452 142.75137082843466 496
1738824133489 139.58047266935904 497
1738824133527 122.47599526955076 498
1738824133565 160.55958822362152 499
