1738680609663 172.14332647384407 0
1738680609671 168.3797176457427 1
1738680609679 169.19478612569262 2
1738680609686 172.13579398686213 3
1738680609693 165.06081615246913 4
1738680609700 175.79304012374016 5
1738680609707 172.64876870296536 6
1738680609714 170.52481932580767 7
1738680609721 169.41243583031198 8
1738680609728 165.8255365868504 9
1738680609734 166.3797179885091 10
1738680609741 168.93092631551272 11
1738680609747 164.14731377731522 12
1738680609754 168.76910670778642 13
1738680609760 167.80608512316957 14
1738680609767 167.74881197409925 15
1738680609773 163.64452864247272 16
1738680609780 170.7764701337968 17
1738680609787 175.7152883618327 18
1738680609793 165.6513849089863 19
1738680609800 171.9921072761859 20
1738680609806 172.49464817262586 21
1738680609813 166.3951314733561 22
1738680609820 171.9507717944228 23
1738680609827 166.81804412330132 24
1738680609834 166.19206618382404 25
1738680609840 173.09225793973852 26
1738680609846 166.97518310631432 27
1738680609853 171.97203411828593 28
1738680609860 166.7068730164509 29
1738680609866 169.5127922417013 30
1738680609872 168.85623291378485 31
1738680609879 166.50605491183612 32
1738680609885 166.08044423170145 33
1738680609891 168.91752038063086 34
1738680609897 169.3814344766873 35
1738680609903 172.11879429907123 36
1738680609909 168.28723747619665 37
1738680609915 168.2447280536126 38
1738680609921 167.91357286197456 39
1738680609927 168.28341969544192 40
1738680609933 169.15555085224887 41
1738680609939 174.66968579171197 42
1738680609945 171.12456554080092 43
1738680609952 170.2499504938383 44
1738680609959 166.286950384626 45
1738680609965 168.41103162482574 46
1738680609972 171.75195244296663 47
1738680609978 169.67743896510336 48
1738680609984 169.54930130772277 49
1738680609991 166.1878943368663 50
1738680609998 170.6295539301468 51
1738680610004 170.66218466061974 52
1738680610010 169.63605275628893 53
1738680610017 170.55742078839504 54
1738680610023 168.21374883933765 55
1738680610030 167.60024376492404 56
1738680610037 171.01114938127841 57
1738680610043 166.72975832492983 58
1738680610049 171.33280534258796 59
