1738677807221 168.93692069819537 0
1738677807235 156.5939526030351 1
1738677807257 141.3220400904434 2
1738677807273 140.64448256246584 3
1738677807287 131.43093974284852 4
1738677807303 129.97638720011435 5
1738677807321 116.43403361138033 6
1738677807341 113.19516493886066 7
1738677807359 120.81941242274675 8
1738677807377 115.07852970547867 9
1738677807397 109.8925828778934 10
1738677807417 124.43962151223886 11
1738677807437 116.94799056244058 12
1738677807457 112.81569328119485 13
1738677807479 108.72170676023914 14
1738677807498 105.52900308728593 15
1738677807517 135.0241970763468 16
1738677807537 129.32135409927545 17
1738677807564 103.91510570462975 18
1738677807591 116.59861450971226 19
1738677807609 103.17777528369997 20
1738677807628 104.14504282748409 21
1738677807648 109.54502680751011 22
1738677807667 89.57753943446207 23
1738677807682 90.75785133374475 24
1738677807703 93.71627718702301 25
1738677807721 100.69306691409511 26
1738677807751 99.26735006086906 27
1738677807775 110.63663280368452 28
1738677807792 113.22875906730631 29
1738677807811 91.92771591383462 30
1738677807830 102.07550054558499 31
1738677807854 104.4664756818737 32
1738677807874 81.90701389878113 33
1738677807900 92.27403148042482 34
1738677807923 96.47942604380543 35
1738677807945 94.28014925573618 36
1738677807966 97.16653007689614 37
1738677808004 90.67005618501125 38
1738677808026 82.95168307074341 39
1738677808044 86.03589277245368 40
1738677808067 76.89211908339162 41
1738677808085 84.48860639777386 42
1738677808102 91.68831637876963 43
1738677808118 88.06801463418229 44
1738677808136 90.69688972172924 45
1738677808152 108.89249979483964 46
1738677808171 83.43160231250381 47
1738677808190 74.202611444731 48
1738677808211 86.33651840029843 49
1738677808227 88.39321868835162 50
1738677808244 77.38699679977282 51
1738677808260 95.78930400066768 52
1738677808276 72.68508206986431 53
1738677808291 84.78802954620592 54
1738677808306 78.55614213542944 55
1738677808321 69.36412347442636 56
1738677808337 76.85147028329364 57
1738677808356 65.17938888566081 58
1738677808372 80.98589450999899 59
1738677808388 85.74200238319622 60
1738677808405 73.7884670806637 61
1738677808419 78.2984365110459 62
1738677808434 75.14311317553955 63
1738677808449 76.87809754016783 64
1738677808468 65.60443110861084 65
1738677808482 75.60407508582682 66
1738677808496 80.29356806993383 67
1738677808510 82.24201445682162 68
1738677808528 81.07758611793768 69
1738677808544 99.00860412031636 70
1738677808562 75.18318090894613 71
1738677808581 65.5674349291941 72
1738677808614 81.11499464036305 73
1738677808637 87.20169413826694 74
1738677808656 70.16367026548895 75
1738677808676 96.29118493054597 76
1738677808690 73.24008493338883 77
1738677808705 77.32555940841206 78
1738677808726 83.20225922981251 79
1738677808742 73.0859365940537 80
1738677808761 75.42601341378989 81
1738677808780 67.87621039042025 82
1738677808797 74.296699678295 83
1738677808814 70.94405747885865 84
1738677808834 63.240066703441975 85
1738677808858 69.65222058680955 86
1738677808879 74.7204442225076 87
1738677808895 73.04985311961893 88
1738677808917 70.73391084128943 89
1738677808938 69.1044451706331 90
1738677808962 64.0293567080904 91
1738677808978 70.40858216684624 92
1738677808996 71.78597333976417 93
1738677809012 70.20829537375637 94
1738677809027 77.9971739671035 95
1738677809041 93.78647440973013 96
1738677809054 68.08171676068146 97
1738677809068 74.5598937604487 98
1738677809085 63.04476027586531 99
1738677809102 60.459635348174444 100
1738677809119 118.72590079107265 101
1738677809140 77.79544119288953 102
1738677809156 78.02337767984531 103
1738677809174 90.2399717510458 104
1738677809227 81.2109458072985 105
1738677809244 67.29140480837683 106
1738677809260 62.630392930388 107
1738677809283 70.77623032720507 108
1738677809301 100.40736807791104 109
1738677809320 77.38244327008401 110
1738677809335 70.09672928529965 111
1738677809352 73.80422254202097 112
1738677809369 75.1373620547224 113
1738677809392 67.16706709696705 114
1738677809407 65.10774588940599 115
1738677809426 61.74480442395508 116
1738677809446 65.72881753730863 117
1738677809464 76.34896153853897 118
1738677809477 74.58983235614592 119
1738677809493 75.80702676393918 120
1738677809507 70.56219245792083 121
1738677809521 83.242216370427 122
1738677809536 74.2993587132149 123
1738677809550 62.48279203174772 124
1738677809564 81.34132862132327 125
1738677809579 70.14819662435856 126
1738677809593 64.08328965716268 127
1738677809607 64.6817144354332 128
1738677809621 80.98821112512096 129
1738677809635 57.110759325872344 130
1738677809652 61.52819448069429 131
1738677809668 54.386155883530485 132
1738677809686 63.164896829459494 133
1738677809704 62.39971874841194 134
1738677809734 78.88204791221956 135
1738677809757 65.06562144796082 136
1738677809773 91.63996791552408 137
1738677809788 63.293142276064955 138
1738677809803 65.31724873204593 139
1738677809821 73.73601343917873 140
1738677809840 54.15470606095816 141
1738677809856 69.77036593927451 142
1738677809873 52.233821547078605 143
1738677809888 63.17610978307806 144
1738677809904 70.93467784126643 145
1738677809923 56.252315445545364 146
1738677809941 63.446973144817115 147
1738677809958 70.36780644644777 148
1738677809974 61.91636892230746 149
1738677809991 64.20418352558956 150
1738677810011 62.13516802518385 151
1738677810033 65.70596053407796 152
1738677810047 62.856295567490235 153
1738677810077 66.32710436106015 154
1738677810101 52.38999670904331 155
1738677810116 53.683192038532624 156
1738677810134 56.9415547462639 157
1738677810155 61.978954620946595 158
1738677810173 61.34589320147676 159
1738677810190 72.77324169537037 160
1738677810208 69.32833345774418 161
1738677810227 55.48067209090942 162
1738677810247 62.2191007953641 163
1738677810268 69.36585115600442 164
1738677810290 61.9495398715126 165
1738677810317 63.09676567718234 166
1738677810359 53.80950291512666 167
1738677810394 61.26420878440076 168
1738677810410 56.83074513445583 169
1738677810424 57.586806052960384 170
1738677810440 50.82998969436645 171
1738677810456 61.21745058073702 172
1738677810471 67.08786559525578 173
1738677810486 54.464932621746236 174
1738677810500 62.42241101312455 175
1738677810517 54.689582585014804 176
1738677810533 54.01269079963053 177
1738677810551 67.07750717966692 178
1738677810569 59.3053700813099 179
1738677810590 60.630142127546456 180
1738677810605 57.773114992014015 181
1738677810626 59.16928204451825 182
1738677810646 45.9157708517302 183
1738677810660 77.07542711142314 184
1738677810675 52.86802647688297 185
1738677810691 65.20414780701167 186
1738677810707 56.52369396028163 187
1738677810725 78.72518260064979 188
1738677810745 53.69327839251598 189
1738677810760 54.34495274547535 190
1738677810778 52.429160156300796 191
1738677810796 49.103543504422 192
1738677810813 56.862752136206204 193
1738677810830 54.10408810327612 194
1738677810848 79.89934945759228 195
1738677810865 59.97271519799936 196
1738677810883 43.18534673461515 197
1738677810899 67.73205879371785 198
1738677810914 53.645507573606544 199
1738677810930 57.16406502547862 200
1738677810945 58.70330834265017 201
1738677810961 58.241508649720295 202
1738677810975 57.73882836147224 203
1738677810989 73.50003514062414 204
1738677811003 49.5388564640272 205
1738677811017 80.72616730132337 206
1738677811035 67.34312965299983 207
1738677811052 59.28186187642599 208
1738677811077 71.45750572296336 209
1738677811108 59.74181673210946 210
1738677811132 61.1931174642492 211
1738677811146 47.48344014129367 212
1738677811161 51.46556292426175 213
1738677811178 53.14142961446476 214
1738677811194 62.98240500310744 215
1738677811213 65.51422768323997 216
1738677811231 64.17807873416358 217
1738677811249 61.18229928642823 218
1738677811267 53.445053690737296 219
1738677811281 62.86930802592519 220
1738677811295 59.604868807333105 221
1738677811309 65.94335538352968 222
1738677811323 56.65952768247151 223
1738677811338 53.630329936828026 224
1738677811353 50.8064170049472 225
1738677811367 48.73362832921141 226
1738677811379 55.80466946408087 227
1738677811396 55.2344148767605 228
1738677811414 50.220908303047075 229
1738677811428 53.538218583717345 230
1738677811443 61.08683427798315 231
1738677811459 50.74062345892926 232
1738677811473 42.05310363921306 233
1738677811489 67.35469990215299 234
1738677811505 41.566050561709275 235
1738677811521 61.14947321397416 236
1738677811539 63.11546981386759 237
1738677811555 50.58739329099705 238
1738677811577 52.89532119574028 239
1738677811595 63.26849182872279 240
1738677811619 52.41719227971902 241
1738677811635 42.128412894363755 242
1738677811651 49.6232943815293 243
1738677811667 50.323243622649876 244
1738677811685 59.2906976419798 245
1738677811702 59.570641905023926 246
1738677811724 49.79846515514909 247
1738677811745 79.90527140920514 248
1738677811761 54.76884938056174 249
1738677811781 74.92622234724568 250
1738677811797 59.76851641019445 251
1738677811813 57.6210268212782 252
1738677811832 59.207633884547626 253
1738677811856 59.545447729981134 254
1738677811873 47.04777174148156 255
1738677811890 56.67164430007461 256
1738677811907 56.451808852737564 257
1738677811926 50.97700680819773 258
1738677811941 65.58089135192766 259
1738677811961 54.77389620225934 260
1738677811978 52.881679430196634 261
1738677811996 46.93983695316514 262
1738677812011 50.57760120426547 263
1738677812029 62.959221425888366 264
1738677812043 60.17139467152524 265
1738677812058 65.34147077396474 266
1738677812073 55.763680017340555 267
1738677812088 64.5334238343556 268
1738677812102 57.832414315815114 269
1738677812117 62.28612225702575 270
1738677812134 63.12917807064669 271
1738677812156 38.32597391942016 272
1738677812179 45.75183928285611 273
1738677812207 47.754877041186475 274
1738677812227 49.02485143947889 275
1738677812246 58.167974159845805 276
1738677812268 55.96424239052368 277
1738677812285 43.287359288440655 278
1738677812308 50.318458924152594 279
1738677812329 72.33806045902287 280
1738677812354 58.9461407751354 281
1738677812374 49.806524621702195 282
1738677812390 51.67747951006595 283
1738677812407 59.853415789053905 284
1738677812423 49.686779925860094 285
1738677812446 46.40356576250269 286
1738677812472 52.349724508925625 287
1738677812490 56.66286249836856 288
1738677812506 50.706200596915295 289
1738677812524 52.75395037677191 290
1738677812542 65.67485241113212 291
1738677812557 53.620001224115775 292
1738677812580 67.17169001869242 293
1738677812596 72.59355641554252 294
1738677812614 64.57589787251318 295
1738677812631 44.574882400289724 296
1738677812648 47.459808282089774 297
1738677812661 49.93538025909731 298
1738677812678 67.6111587564711 299
1738677812695 49.21446068465772 300
1738677812711 58.692160815099975 301
1738677812735 48.18687733209747 302
1738677812760 69.35910958465756 303
1738677812774 49.22580556666314 304
1738677812791 53.65895822108448 305
1738677812806 56.90713528156612 306
1738677812822 39.99921448624456 307
1738677812837 69.29125955552725 308
1738677812852 52.21849256886832 309
1738677812869 50.15718437630967 310
1738677812886 60.495807456309855 311
1738677812906 48.74870158052434 312
1738677812921 53.169110746806986 313
1738677812937 44.545227816627886 314
1738677812955 53.44314845162794 315
1738677812971 50.119203256915476 316
1738677812989 50.264367248008234 317
1738677813008 54.01437687608092 318
1738677813024 51.954308172943755 319
1738677813039 52.20164134741774 320
1738677813054 44.92986782974061 321
1738677813069 52.69896484400664 322
1738677813085 58.933428834778454 323
1738677813101 55.69220482551448 324
1738677813118 53.92257262464232 325
1738677813135 50.78051457834391 326
1738677813151 51.74817302976771 327
1738677813169 70.4126683183687 328
1738677813189 64.8299620657784 329
1738677813204 43.43278735252447 330
1738677813221 66.0289098973733 331
1738677813240 49.42026530285536 332
1738677813257 47.73521928738809 333
1738677813274 45.00286865493535 334
1738677813288 46.664698546542745 335
1738677813303 47.89452702546366 336
1738677813317 72.48824806138028 337
1738677813332 41.120105904268435 338
1738677813347 46.66613382204494 339
1738677813360 40.453117087831814 340
1738677813375 47.02339322802231 341
1738677813388 45.76769056824231 342
1738677813402 52.315111863332106 343
1738677813419 53.32457565323986 344
1738677813435 49.49416957012818 345
1738677813451 64.0153402132964 346
1738677813474 33.0989876136616 347
1738677813487 52.47124776602075 348
1738677813504 54.282792066292586 349
1738677813520 40.18046946275959 350
1738677813544 43.68149105552921 351
1738677813561 47.80363789537146 352
1738677813578 46.724129125791876 353
1738677813593 47.679267545131964 354
1738677813610 43.25973933466107 355
1738677813628 48.021994357498386 356
1738677813644 46.371818788644354 357
1738677813664 43.79274637951642 358
1738677813682 50.05572472575873 359
1738677813696 38.059863558137074 360
1738677813713 44.86576629015967 361
1738677813727 61.39820014974283 362
1738677813749 48.37381389224586 363
1738677813766 47.353975750006256 364
1738677813783 46.62681127504664 365
1738677813798 45.535608345735355 366
1738677813813 46.72473501204538 367
1738677813830 40.187949607718586 368
1738677813844 72.76728463096141 369
1738677813859 37.57707746200774 370
1738677813873 45.83990944418553 371
1738677813887 43.63098672439455 372
1738677813907 53.19794638314855 373
1738677813926 39.453431599787436 374
1738677813947 62.5513966389095 375
1738677813963 43.01747664779453 376
1738677813980 48.148085682821254 377
1738677813998 42.16073439526648 378
1738677814014 53.75049855025476 379
1738677814030 49.058475453338055 380
1738677814045 46.68208378820535 381
1738677814059 51.42165092357281 382
1738677814072 49.10400429755999 383
1738677814091 45.585416521943124 384
1738677814105 40.77273129299035 385
1738677814119 39.359785833528065 386
1738677814136 47.29391642399355 387
1738677814151 44.132096535543745 388
1738677814166 44.13069229517239 389
1738677814181 43.61346125188511 390
1738677814198 64.79565891099402 391
1738677814213 59.768063182801875 392
1738677814232 45.84211865328839 393
1738677814247 46.58044752951537 394
1738677814263 38.739400798356534 395
1738677814277 51.46954219377799 396
1738677814291 42.359171763576576 397
1738677814306 54.36320165228123 398
1738677814320 48.669351959860506 399
1738677814333 39.040160103742345 400
1738677814347 52.66036934334185 401
1738677814361 43.30036201485031 402
1738677814375 62.71497775001968 403
1738677814389 52.33828981989467 404
1738677814409 62.72830993084781 405
1738677814425 53.82024277699338 406
1738677814440 45.424773626248076 407
1738677814460 47.50177290273026 408
1738677814475 33.45585223438024 409
1738677814490 55.85839784568055 410
1738677814504 34.27875481062413 411
1738677814520 49.503122450905245 412
1738677814534 42.21841203615589 413
1738677814549 36.54821855144151 414
1738677814565 37.797122845101455 415
1738677814587 48.58485445070755 416
1738677814603 51.745439038266724 417
1738677814619 67.7202979719119 418
1738677814640 29.57318739528999 419
1738677814656 40.02784713890374 420
1738677814671 46.391497376942304 421
1738677814689 44.05367696433981 422
1738677814705 42.78010693317628 423
1738677814721 50.74165095459449 424
1738677814744 36.79067600181648 425
1738677814761 52.62621739699034 426
1738677814778 53.38055328264204 427
1738677814794 49.57160647812882 428
1738677814813 43.732610744306164 429
1738677814831 36.44723867465587 430
1738677814850 48.896391698993355 431
1738677814867 59.61845440818643 432
1738677814883 33.4048601957063 433
1738677814900 42.40885968110838 434
1738677814916 51.99447717258794 435
1738677814930 40.906817780771526 436
1738677814945 52.21552928497992 437
1738677814959 39.74527698302402 438
1738677814972 37.951782956896466 439
1738677814987 55.821375666041355 440
1738677815005 38.99117028291693 441
1738677815020 41.35738057980609 442
1738677815038 41.20644099347876 443
1738677815051 33.94820280125896 444
1738677815066 37.37037397799236 445
1738677815085 35.07289771391497 446
1738677815099 38.90645255369192 447
1738677815116 62.93240921397796 448
1738677815136 44.54581266329466 449
1738677815150 56.585044691180876 450
1738677815165 37.216663629079264 451
1738677815181 54.109920619547545 452
1738677815197 46.88034178531337 453
1738677815210 43.162590072992586 454
1738677815229 40.76807150040731 455
1738677815245 38.67348266725923 456
1738677815261 51.084998395674525 457
1738677815279 44.386046568571714 458
1738677815298 68.8419329353015 459
1738677815314 38.086629390870776 460
1738677815332 41.35500800004968 461
1738677815347 42.84633416980631 462
1738677815367 30.065147783672522 463
1738677815386 35.32669983736541 464
1738677815404 48.07959494840229 465
1738677815418 43.87328357568167 466
1738677815433 48.39763379455856 467
1738677815448 43.30890048070927 468
1738677815462 52.24935459166375 469
1738677815476 50.2550134747683 470
1738677815489 43.35598729073454 471
1738677815504 53.23633572542854 472
1738677815518 38.46309451835337 473
1738677815532 46.427305007519735 474
1738677815547 41.02873537612033 475
1738677815564 39.94357254546505 476
1738677815578 37.976835732956864 477
1738677815592 37.56372650915231 478
1738677815609 39.97837933750292 479
1738677815627 43.22491502422484 480
1738677815652 52.3604218149767 481
1738677815674 35.27491234605045 482
1738677815696 54.581636661005966 483
1738677815718 40.503390469003776 484
1738677815739 45.44974102800387 485
1738677815762 42.74410930909956 486
1738677815781 38.726535842258194 487
1738677815797 34.38551012062693 488
1738677815821 35.170909605703116 489
1738677815837 43.77601991461625 490
1738677815853 42.071888739683985 491
1738677815868 42.32538749722072 492
1738677815884 35.07525763390657 493
1738677815901 36.508867677778774 494
1738677815921 43.36850011785359 495
1738677815942 44.2128293721467 496
1738677815961 37.53260962046241 497
1738677815982 37.953757174612164 498
1738677816004 38.414255984901295 499
