1738679757791 159.11656118682762 0
1738679757829 181.18927750680808 1
1738679757866 158.67521192368008 2
1738679757902 163.3876349548429 3
1738679757938 173.69787994070964 4
1738679757975 139.12536927228118 5
1738679758028 164.13328297550063 6
1738679758073 169.42258326175238 7
1738679758112 158.10409791342673 8
1738679758149 177.9241403412881 9
1738679758185 171.96207531772137 10
1738679758221 87.49840495484813 11
1738679758257 173.41251704455274 12
1738679758292 162.61460225665684 13
1738679758328 191.1718378623154 14
1738679758364 176.1792414015018 15
1738679758399 145.77050853878129 16
1738679758435 167.98929152552512 17
1738679758470 190.81802988037387 18
1738679758506 147.81849704681204 19
1738679758542 176.85753414684413 20
1738679758578 207.4531566693713 21
1738679758613 177.01568834846884 22
1738679758650 179.98284071462945 23
1738679758686 156.9183644287183 24
1738679758721 165.0988482114231 25
1738679758757 169.33411925455027 26
1738679758792 148.7988895864716 27
1738679758827 159.54906515909548 28
1738679758863 178.1138511361172 29
1738679758898 160.14475637705917 30
1738679758934 184.10091683817825 31
1738679758970 159.98799161157908 32
1738679759006 177.63672545093553 33
1738679759042 166.89343936143692 34
1738679759078 147.38653045528 35
1738679759114 169.15021090240177 36
1738679759149 161.3705661611157 37
1738679759184 165.08674613250312 38
1738679759220 191.31727755801447 39
1738679759256 175.71443794284312 40
1738679759291 162.31424096836525 41
1738679759326 181.510547904973 42
1738679759362 159.93516615770082 43
1738679759397 169.44797989272993 44
1738679759432 198.2872529218461 45
1738679759468 153.26800933124508 46
1738679759503 154.268156924398 47
1738679759539 150.8356356381005 48
1738679759575 181.29003225834566 49
1738679759612 192.5440058212948 50
1738679759648 178.12408833068554 51
1738679759684 165.57730555194325 52
1738679759719 150.52909993466764 53
1738679759755 183.71361142566073 54
1738679759790 166.75204302210395 55
1738679759826 185.068730356339 56
1738679759861 135.85044012213345 57
1738679759896 226.40595436636025 58
1738679759932 172.36574085423248 59
1738679759967 174.13927099879788 60
1738679760002 162.25379732057428 61
1738679760038 168.840250613186 62
1738679760075 172.22043161338075 63
1738679760110 169.05427388101145 64
1738679760145 180.12495968069132 65
1738679760181 174.3048804552581 66
1738679760216 151.91459876627798 67
1738679760253 152.40849694385258 68
1738679760290 159.30713268109005 69
1738679760327 156.97993661498555 70
1738679760362 165.88792908348663 71
1738679760398 182.01568251152756 72
1738679760434 165.74982037503838 73
1738679760469 160.98747818175067 74
1738679760504 167.69508921184232 75
1738679760540 158.3087620510285 76
1738679760576 190.36927035711724 77
1738679760611 166.60107821531125 78
1738679760647 191.6771232624426 79
1738679760682 184.35613931953694 80
1738679760717 172.52554511832872 81
1738679760753 144.50685347800163 82
1738679760789 157.72703991509195 83
1738679760825 174.42235684919044 84
1738679760861 177.21466216662043 85
1738679760896 171.70897820911895 86
1738679760932 148.92960025338058 87
1738679760967 176.28607390761667 88
1738679761003 147.37372911700263 89
1738679761039 180.4357806262256 90
1738679761076 168.17474778425478 91
1738679761113 174.68088574257402 92
1738679761151 175.75499819916513 93
1738679761186 210.58024592473745 94
1738679761221 155.13121960243018 95
1738679761257 175.5794650568469 96
1738679761292 158.85082160325936 97
1738679761327 164.78707000930407 98
1738679761362 176.3066930026604 99
1738679761398 151.90262188914687 100
1738679761433 187.68021173195658 101
1738679761469 180.41490367821788 102
1738679761504 156.52394750305834 103
1738679761540 174.6616497685878 104
1738679761576 156.24249006479894 105
1738679761611 181.85921713604853 106
1738679761647 154.07086193738735 107
1738679761685 183.27800541058213 108
1738679761720 160.7035463425991 109
1738679761755 181.63975763606885 110
1738679761791 164.73065023198674 111
1738679761827 168.85117141987058 112
1738679761862 153.11680331717423 113
1738679761898 173.40785260451685 114
1738679761933 173.15997558174925 115
1738679761968 183.27012416563616 116
1738679762003 164.5205470315073 117
1738679762039 175.48145968978173 118
1738679762075 183.6422995896286 119
1738679762110 171.3323480484311 120
1738679762147 183.62439246563108 121
1738679762183 191.93729255054564 122
1738679762219 184.1330382461511 123
1738679762255 165.1764853865159 124
1738679762290 186.44477309918562 125
1738679762325 142.6218961692373 126
1738679762361 175.27961907374407 127
1738679762397 182.70749848435443 128
1738679762432 171.71536726014162 129
1738679762467 164.3955829048275 130
1738679762503 182.1137059246808 131
1738679762539 144.64896738397232 132
1738679762574 184.6215653782825 133
1738679762610 176.4279712893969 134
1738679762646 175.6815767199273 135
1738679762683 181.99890134847558 136
1738679762719 160.3289489302254 137
1738679762755 165.08768554959607 138
1738679762791 164.44570282939802 139
1738679762826 168.4913968180415 140
1738679762862 172.627262552391 141
1738679762897 161.18416485529602 142
1738679762933 226.19831579084578 143
1738679762968 181.19944257936245 144
1738679763004 175.8311837342533 145
1738679763039 170.83816792734208 146
1738679763075 174.14380149963043 147
1738679763110 176.47551046164975 148
1738679763146 177.386553348211 149
1738679763181 175.21258015588978 150
1738679763217 161.70280829161126 151
1738679763252 163.5396580410953 152
1738679763288 164.8484459206008 153
