1738680098038 166.80710528332608 0
1738680098045 166.26154912474394 1
1738680098051 168.8687659043675 2
1738680098057 167.58453006476194 3
1738680098063 166.34325015619237 4
1738680098069 169.4008277219575 5
1738680098075 169.95489130856262 6
1738680098081 170.04671769714375 7
1738680098087 170.2458690433916 8
1738680098094 170.2478903105167 9
1738680098100 169.80245463673282 10
1738680098106 168.6580493564686 11
1738680098112 168.40271201403954 12
1738680098119 168.53225997645862 13
1738680098125 167.62291986778163 14
1738680098131 170.6325680676087 15
1738680098137 169.91026246854753 16
1738680098143 171.22562488411106 17
1738680098149 169.08042299901246 18
1738680098155 175.32570981930007 19
1738680098161 169.26345722188694 20
1738680098167 168.64953012980703 21
1738680098173 168.39531910167264 22
1738680098179 170.5094815382731 23
1738680098185 170.18019242711043 24
1738680098191 166.33268917461072 25
1738680098197 168.61990323592963 26
1738680098203 169.78486185344084 27
1738680098209 168.86691783802434 28
1738680098215 168.29687824227003 29
1738680098221 169.4975087340118 30
1738680098228 166.76200306911159 31
1738680098234 165.09445230282657 32
1738680098242 165.03038987160744 33
1738680098249 170.15111703450387 34
1738680098273 172.36381503950756 35
1738680098279 169.20073195516667 36
1738680098285 166.42452034196097 37
1738680098292 168.94195678047123 38
1738680098298 171.88842376986392 39
1738680098304 166.39040723602767 40
1738680098310 171.70672759263596 41
1738680098316 167.7048427752356 42
1738680098326 169.82735244738987 43
1738680098335 168.74921009597648 44
1738680098343 168.29047947144994 45
1738680098351 169.50951879170455 46
1738680098358 168.04221151917858 47
1738680098365 164.7521843107345 48
1738680098372 171.67491646179175 49
1738680098378 168.96897253178574 50
1738680098384 164.5976005810134 51
1738680098391 162.84574157579593 52
1738680098397 170.0405888885341 53
1738680098403 170.36344641191775 54
1738680098409 166.14834222126152 55
1738680098415 166.29744062615876 56
1738680098421 166.72112117942066 57
1738680098427 170.03976346079068 58
1738680098433 168.31476930300227 59
1738680098439 165.8000337170569 60
1738680098445 165.0371846436026 61
1738680098451 168.95011262868047 62
1738680098457 166.4084871931714 63
1738680098463 169.6964478491104 64
1738680098469 173.01192966458842 65
