1738680632100 163.6931536378453 0
1738680632141 210.919000286789 1
1738680632182 161.5938575699493 2
1738680632222 233.91234811172612 3
1738680632264 240.34075424731844 4
1738680632306 137.18617780013741 5
1738680632346 114.4800980335431 6
1738680632386 125.54179433874664 7
1738680632426 146.81172435336936 8
1738680632466 151.16903958540024 9
1738680632506 221.12057174545274 10
1738680632546 180.9306489077866 11
1738680632585 180.9401086838488 12
1738680632626 242.75076534709402 13
1738680632666 164.9944123289917 14
1738680632706 158.01144346086767 15
1738680632746 133.41641921397334 16
1738680632786 176.41071853933872 17
1738680632827 127.6709697865975 18
1738680632868 185.63166893201353 19
1738680632909 164.21265397699534 20
1738680632948 177.5079982868172 21
1738680632988 159.1853959410827 22
1738680633028 169.9772954715479 23
1738680633069 160.50810084119175 24
1738680633109 208.91991704793259 25
1738680633150 174.3982694208774 26
1738680633190 126.50303853966851 27
1738680633230 166.70193871321803 28
1738680633270 174.02654966614682 29
1738680633310 172.51482920822409 30
1738680633351 173.02355808660704 31
1738680633392 117.37623700854424 32
1738680633432 184.00657979241865 33
1738680633472 118.56315027111101 34
1738680633511 157.27551918727198 35
1738680633551 136.84878610454751 36
1738680633591 147.5485486060255 37
1738680633631 154.9392656574843 38
1738680633671 197.97100529851392 39
1738680633711 28.14389716959262 40
1738680633751 155.03472249547724 41
1738680633793 128.29439257084874 42
1738680633833 108.31133556536761 43
1738680633872 142.18510592810628 44
1738680633912 187.8560526260609 45
1738680633952 169.62018404682593 46
1738680633993 99.23418284341348 47
1738680634033 158.58244467059555 48
1738680634074 168.6839201047813 49
1738680634114 118.49228572317215 50
1738680634154 181.0363462998549 51
1738680634194 214.8867115706716 52
1738680634234 163.13813075685567 53
1738680634274 149.02507581727866 54
1738680634314 180.8857145806716 55
1738680634354 212.86725679643027 56
1738680634394 490.8267636035637 57
1738680634434 215.26210006738341 58
1738680634475 143.65120416776267 59
1738680634515 194.5483285371893 60
1738680634556 137.02361816538536 61
1738680634598 110.28936164654439 62
1738680634638 139.43376969124404 63
1738680634678 192.0529301342 64
1738680634718 91.23246266452145 65
1738680634758 204.30727128550242 66
1738680634798 171.0849040038041 67
1738680634838 133.70115111172038 68
1738680634878 158.8159034888866 69
1738680634918 170.31461161241472 70
1738680634958 174.63166591104164 71
1738680634998 130.31545870059142 72
1738680635038 159.33432566753385 73
1738680635079 214.8631196135097 74
1738680635118 191.2756422916936 75
1738680635160 179.89057635937098 76
1738680635199 188.98147555105146 77
1738680635238 207.5130299606702 78
1738680635278 117.24465344776759 79
1738680635318 162.05864120227145 80
1738680635358 170.0408451571414 81
1738680635398 70.08129789647447 82
1738680635438 197.70936615410588 83
1738680635478 150.97404675842137 84
1738680635519 114.54587155448614 85
1738680635560 165.45638683727435 86
1738680635601 74.9838460853195 87
1738680635642 253.15755367577225 88
1738680635682 90.51679131866202 89
1738680635722 185.19227396016242 90
1738680635762 118.14487493070317 91
1738680635802 130.34559486370816 92
1738680635842 164.1497085755263 93
1738680635882 186.10778150229672 94
1738680635922 234.07112823312244 95
1738680635962 240.6190433623516 96
1738680636003 170.04000426345095 97
1738680636043 173.64025920739712 98
1738680636083 149.04319078939167 99
1738680636123 126.8252160355561 100
1738680636163 149.29522203189939 101
1738680636204 189.33561241366607 102
1738680636245 161.581194416787 103
1738680636285 209.8650308239805 104
1738680636325 265.5066856927917 105
1738680636365 149.37045342884127 106
1738680636406 203.36004808639703 107
1738680636446 166.1462501703462 108
1738680636486 148.2169382504465 109
1738680636526 189.97398186813666 110
1738680636567 80.42118325748524 111
1738680636607 169.85064817830934 112
1738680636648 160.1209075583407 113
1738680636687 164.80140165456743 114
1738680636728 192.7667346902227 115
1738680636767 174.53118629933633 116
1738680636807 149.02534324627803 117
1738680636847 177.6943830410598 118
1738680636887 131.12329843304812 119
1738680636927 117.17438360157715 120
1738680636968 134.41917997815716 121
1738680637008 142.938968992962 122
1738680637048 179.85356312834898 123
1738680637088 201.0691640933374 124
1738680637129 74.5784753395229 125
1738680637169 171.94941640014324 126
1738680637209 157.99997424576907 127
1738680637249 146.64611404529234 128
1738680637289 153.3383754548826 129
1738680637329 141.95648618911972 130
1738680637369 188.68240438885545 131
1738680637409 170.5211249578597 132
1738680637449 211.18064357471596 133
1738680637489 236.30339571718767 134
1738680637529 90.08037900250324 135
1738680637569 191.8924288494483 136
1738680637609 163.38227892734398 137
1738680637650 166.98095170227265 138
1738680637691 160.03126840162162 139
1738680637731 139.26952867748744 140
1738680637771 133.0392820001253 141
1738680637810 158.39658681120727 142
1738680637850 242.49554745105704 143
1738680637890 202.63099919011577 144
1738680637930 200.9733362533466 145
1738680637970 197.70832291783924 146
1738680638010 147.98514455888645 147
1738680638050 142.313990918022 148
1738680638090 173.97141895335713 149
1738680638129 149.83108861070878 150
1738680638170 106.51468042179353 151
1738680638211 165.30715938954302 152
1738680638250 112.91104576656355 153
1738680638290 72.11907289711348 154
1738680638330 78.68931032056027 155
1738680638370 126.7787270885138 156
1738680638410 98.42161963176642 157
1738680638450 171.00196817858304 158
1738680638489 183.62172341842094 159
1738680638529 186.83185987373986 160
1738680638569 176.98546409522143 161
1738680638609 93.64856452145412 162
1738680638649 160.42501708910584 163
1738680638689 71.01677425021931 164
1738680638729 146.36921408799014 165
1738680638770 102.6812325866131 166
1738680638810 207.89896044695044 167
1738680638850 180.51123723971205 168
1738680638890 163.41512744790435 169
1738680638930 147.85744591677005 170
1738680638971 206.11031533985337 171
1738680639011 186.57935837255 172
1738680639050 167.4232388046756 173
1738680639090 138.34607501204405 174
1738680639137 153.83968119546512 175
1738680639177 182.76777902875207 176
1738680639217 228.8120684602103 177
1738680639258 204.6527690601643 178
1738680639298 145.48480546216504 179
1738680639338 169.593594757679 180
1738680639378 240.77003641901155 181
1738680639417 176.7365981720601 182
1738680639457 138.1733080382439 183
1738680639497 153.4482891055926 184
1738680639537 196.88963155048248 185
1738680639577 207.5714402025753 186
1738680639617 302.690049710415 187
1738680639657 222.06979292597345 188
1738680639697 188.26458659856814 189
1738680639737 194.44905761244476 190
1738680639778 212.5586357260009 191
1738680639818 177.8534352587165 192
1738680639858 64.3555874010764 193
1738680639898 139.43650924338334 194
1738680639938 241.76746150078367 195
1738680639978 131.60173955344712 196
1738680640018 187.82205613203433 197
1738680640058 120.9445861415865 198
1738680640098 94.98339218373772 199
1738680640138 165.92027951012838 200
1738680640178 185.58278062755053 201
1738680640217 145.2146472221783 202
1738680640257 134.62214037025413 203
1738680640297 161.3698568935381 204
1738680640338 201.0875721060259 205
1738680640377 161.57474272164228 206
1738680640417 128.3166781729254 207
1738680640457 135.00110181614775 208
1738680640497 184.53768112841473 209
1738680640537 115.41017753875587 210
1738680640577 113.3390062321785 211
1738680640617 194.77078142350507 212
1738680640657 282.2616095417848 213
1738680640697 160.73238472709886 214
1738680640737 171.06442626958375 215
1738680640776 180.09454516212952 216
1738680640816 180.1105191780304 217
1738680640857 107.5171638814647 218
1738680640897 159.18466254754563 219
1738680640937 149.79152932331948 220
1738680640977 112.46173296910138 221
1738680641017 147.6650182305392 222
1738680641058 174.72043171465768 223
1738680641098 108.57903741166469 224
1738680641138 180.51026312627192 225
1738680641178 218.40022973345606 226
1738680641218 215.54117349487052 227
1738680641258 237.8346816468653 228
1738680641298 155.74637152954364 229
1738680641338 153.88568225855485 230
1738680641378 199.45852850341154 231
1738680641418 180.5004465046396 232
1738680641458 116.03823633515879 233
1738680641498 219.24624707070942 234
1738680641538 201.66742294560504 235
1738680641578 192.2440711865473 236
1738680641619 175.27795818583388 237
1738680641659 172.17091429188977 238
1738680641699 122.1490052050812 239
1738680641739 94.47483364682776 240
1738680641779 185.66360505366453 241
1738680641819 149.4273127709746 242
1738680641859 179.18591039048223 243
1738680641900 211.3146214352195 244
1738680641940 172.82390836901675 245
1738680641980 164.36324314092 246
1738680642020 323.6267614396073 247
1738680642061 156.5036144982434 248
1738680642100 95.84637262997227 249
1738680642140 107.42745123275407 250
1738680642181 126.56886957311455 251
1738680642221 234.87117797182597 252
1738680642261 162.9545428072573 253
1738680642300 152.26402186260358 254
1738680642340 233.79840370763046 255
1738680642380 252.53371222484338 256
1738680642420 151.790539146279 257
1738680642461 165.55142883831698 258
1738680642501 209.31259258326148 259
1738680642541 290.5857445303684 260
1738680642581 147.86494261335454 261
1738680642621 139.99139862219567 262
1738680642661 109.7513381754665 263
1738680642701 112.60817716968498 264
1738680642741 143.34569477794406 265
1738680642780 270.43033300680986 266
1738680642820 176.140391542207 267
1738680642859 198.1780767289365 268
1738680642899 412.26528332937846 269
1738680642938 276.48219074656356 270
1738680642979 200.52389089324265 271
1738680643019 140.05356820612974 272
1738680643059 173.65287883024158 273
1738680643098 160.27820644644373 274
1738680643138 226.18730638421243 275
1738680643177 156.68342397670656 276
1738680643217 183.037400195061 277
1738680643257 155.6939811335241 278
1738680643296 165.44133152087127 279
1738680643336 185.7117341513553 280
1738680643375 137.3919837876069 281
1738680643415 137.93674306755764 282
1738680643454 186.01787385919533 283
1738680643494 197.41750788841478 284
1738680643534 83.04478151021905 285
1738680643574 177.64850807606902 286
1738680643613 188.88249240623395 287
1738680643653 177.89440888909814 288
1738680643693 129.56535520923427 289
1738680643732 158.1951341311255 290
1738680643772 167.80829486362157 291
1738680643811 254.53772723479867 292
1738680643850 71.65273988581316 293
1738680643890 155.09737679001137 294
1738680643930 130.67065949288457 295
1738680643970 213.31629107249455 296
1738680644010 176.06175205035433 297
1738680644051 163.59831104167048 298
1738680644091 206.96000547372978 299
1738680644131 195.16743251270833 300
1738680644170 149.88257253648996 301
1738680644210 180.97920757074854 302
1738680644250 167.2564008009905 303
1738680644289 244.61269012064136 304
1738680644329 193.48197892156517 305
1738680644370 283.1986620980223 306
1738680644410 120.53618335925609 307
1738680644450 203.91198526315677 308
1738680644490 166.8352449706618 309
1738680644530 162.88427174303047 310
1738680644570 166.50025623506127 311
1738680644611 205.1910299172329 312
1738680644651 182.39869413323407 313
1738680644691 199.66397172935 314
1738680644731 107.65131378936046 315
1738680644771 151.9735306538575 316
1738680644812 171.31055778623758 317
1738680644852 206.4854856598713 318
1738680644892 268.91715650836886 319
1738680644934 148.42646371147688 320
1738680644974 184.96202034791736 321
1738680645014 202.59138501751755 322
1738680645054 148.2490124999798 323
1738680645095 202.31808171267187 324
1738680645135 159.4763070126241 325
1738680645175 227.28027895983405 326
1738680645216 167.54180872049741 327
1738680645256 197.3848270473971 328
1738680645296 109.37664686210013 329
1738680645335 203.50437994568222 330
1738680645375 179.2096668922602 331
1738680645416 139.8904841024435 332
1738680645455 180.60505645115444 333
1738680645495 172.00957662464518 334
1738680645537 119.52974754661489 335
1738680645577 160.6604797516073 336
1738680645617 160.2582211269106 337
1738680645658 183.77796276795803 338
1738680645698 179.21983415578086 339
1738680645738 165.34012105004894 340
1738680645778 251.6761518014257 341
1738680645818 240.08058400735297 342
1738680645858 89.6132218505684 343
1738680645898 74.65400418473851 344
1738680645938 204.74412807804626 345
1738680645978 158.57069947161713 346
1738680646018 167.27238290129623 347
1738680646059 158.68465021610743 348
1738680646099 171.107671952019 349
1738680646139 213.79851239831862 350
1738680646181 186.1783885819875 351
1738680646221 164.59482319017752 352
1738680646261 105.76339243475942 353
1738680646302 178.2922026423739 354
1738680646342 181.06153966309273 355
1738680646382 439.9673871781148 356
1738680646422 122.60200677686261 357
1738680646463 189.06335166114522 358
1738680646502 161.70384346781972 359
1738680646542 160.04185258482306 360
1738680646582 166.90755621359315 361
1738680646622 155.81089529341727 362
1738680646662 140.4667532439068 363
1738680646702 173.72411940609044 364
1738680646743 218.41845378400825 365
1738680646783 179.4086494356406 366
1738680646823 165.09805587349615 367
1738680646864 156.2302697967932 368
1738680646904 225.10559396948958 369
1738680646944 131.81209208061657 370
1738680646985 167.3967382180958 371
1738680647025 99.71623030704139 372
1738680647065 175.25047939368304 373
1738680647105 188.6897512177392 374
1738680647145 188.12714385672277 375
1738680647186 173.22811375635294 376
1738680647226 172.60688785995436 377
1738680647267 161.67676638595435 378
1738680647307 161.5569621528681 379
1738680647347 197.11420061460444 380
1738680647387 170.19228556720284 381
1738680647428 145.79752152925963 382
1738680647468 135.0843774110495 383
1738680647508 129.51233305200435 384
1738680647548 150.71789593191383 385
1738680647588 216.0684482690404 386
1738680647628 161.82056296754163 387
1738680647668 184.72291201513434 388
1738680647708 170.15099161104334 389
1738680647748 164.12012244059775 390
1738680647789 240.65780247432238 391
1738680647829 118.64309053572708 392
1738680647869 162.3203578952681 393
1738680647909 222.7336920025056 394
1738680647949 165.72782341997907 395
1738680647989 160.66253872111085 396
1738680648029 193.20386931377976 397
1738680648069 190.2720644399348 398
1738680648110 188.47613186432272 399
1738680648149 126.33609744482148 400
1738680648190 172.91123909380266 401
1738680648230 188.92490503704653 402
1738680648269 176.68405111831044 403
1738680648309 221.42029815439795 404
1738680648350 208.09970420600612 405
1738680648390 214.7583493894131 406
1738680648430 158.7157980933727 407
1738680648472 174.2142357460526 408
1738680648512 113.86918556144569 409
1738680648553 84.33966793765482 410
1738680648593 169.62718025436195 411
1738680648634 202.05823476016104 412
1738680648674 154.44116966018478 413
1738680648714 179.98483471308015 414
1738680648754 185.3664299914824 415
1738680648794 185.91298937749957 416
1738680648834 142.32875150081836 417
1738680648874 228.02633001983745 418
1738680648914 180.04573240321565 419
1738680648954 83.09279109469625 420
1738680648996 175.84642245094025 421
1738680649037 143.36430960699713 422
1738680649077 172.66698210397752 423
1738680649117 204.38383595615036 424
1738680649157 136.32354419641769 425
1738680649197 249.02846699242983 426
1738680649238 174.46629569269655 427
1738680649278 167.53438907948603 428
1738680649319 128.8326122978063 429
1738680649359 196.05396677644305 430
1738680649400 186.5388693330775 431
1738680649440 161.788071556663 432
1738680649480 161.82762150372457 433
1738680649520 152.92391798011545 434
1738680649560 148.3317611193121 435
1738680649599 121.4162573156036 436
1738680649639 163.941349736187 437
1738680649680 181.0824044977459 438
1738680649720 143.33927634919814 439
1738680649760 170.76738236765786 440
1738680649800 140.49950010638744 441
1738680649841 176.05052889767936 442
1738680649881 150.39308583961738 443
1738680649922 149.77583684788226 444
1738680649962 168.7766776877642 445
1738680650002 177.44650580247207 446
1738680650042 161.65838880113566 447
1738680650082 133.36671381131885 448
1738680650122 189.10834713180753 449
1738680650161 173.7869872251895 450
1738680650202 112.38154632451192 451
1738680650243 168.360400604164 452
1738680650284 122.27145962169409 453
1738680650324 180.4992993354198 454
1738680650364 170.76330593872657 455
1738680650404 185.97979012400492 456
1738680650444 169.19758622529937 457
1738680650484 199.68386160349255 458
1738680650524 129.1021887691777 459
1738680650564 180.57507799627405 460
1738680650604 184.40951277244906 461
1738680650643 266.85711536259475 462
1738680650683 186.11625062751085 463
1738680650723 184.36037584979834 464
1738680650763 185.84526848075296 465
1738680650803 150.36193491010926 466
1738680650844 105.62791761994919 467
1738680650884 125.17821253827906 468
1738680650926 40.323790021759514 469
1738680650966 258.00038711257923 470
1738680651006 177.65719693191915 471
1738680651046 155.20590637477167 472
1738680651086 150.3125996731287 473
1738680651127 173.24814584061738 474
1738680651167 177.8875501349444 475
1738680651208 163.84003497901642 476
1738680651248 147.54076720905698 477
1738680651288 104.6585925830994 478
1738680651328 187.5618711046644 479
1738680651369 194.51011449861372 480
1738680651409 146.2378309321248 481
1738680651449 171.65531831307877 482
1738680651489 186.92919498321606 483
1738680651530 205.48723511985563 484
1738680651570 181.97410083159824 485
1738680651611 211.18058754905888 486
1738680651651 102.2082542966626 487
1738680651691 81.69628475697225 488
1738680651732 172.69730127826855 489
1738680651772 168.0497272228222 490
1738680651813 233.12426492032407 491
1738680651852 204.20129299469434 492
1738680651893 138.12712174992578 493
1738680651932 257.46782734691715 494
1738680651972 204.33102444779695 495
1738680652012 175.82939268153535 496
1738680652054 147.54244589859277 497
1738680652100 198.12043760660956 498
1738680652145 176.18250623764396 499
