1738822837667 145.55326329380551 0
1738822837681 136.33540125827065 1
1738822837704 137.9680260962703 2
1738822837722 127.48661579089418 3
1738822837738 129.58271264763206 4
1738822837753 124.27542278636359 5
1738822837770 121.82585581646683 6
1738822837785 109.98403784050446 7
1738822837799 108.45079077655544 8
1738822837815 110.92155421321745 9
1738822837830 113.34348574513348 10
1738822837848 118.14463437941393 11
1738822837917 115.55745947921795 12
1738822837933 104.78601615312205 13
1738822837947 93.78895357008801 14
1738822837966 107.72501748445514 15
1738822837985 111.92409223282631 16
1738822838004 101.03902550407847 17
1738822838019 108.49383825809159 18
1738822838047 111.71000626788533 19
1738822838068 101.77772257072326 20
1738822838086 99.25248620511493 21
1738822838103 100.30422196862905 22
1738822838124 101.71358198695509 23
1738822838143 89.54308928952233 24
1738822838167 85.12241274221448 25
1738822838187 118.33208878189261 26
1738822838208 93.45270820289502 27
1738822838233 91.76075921834729 28
1738822838256 82.77657774404119 29
1738822838275 84.14858053273689 30
1738822838291 84.40964212562073 31
1738822838311 82.66497635931908 32
1738822838328 86.51388988190656 33
1738822838351 85.23306964737172 34
1738822838366 97.07046933679432 35
1738822838381 105.49564268292357 36
1738822838400 80.80140384988758 37
1738822838416 86.63329686307979 38
1738822838431 92.03952584771427 39
1738822838446 82.24880608911074 40
1738822838460 75.53965573273226 41
1738822838480 79.83974489589644 42
1738822838499 84.04066802214524 43
1738822838519 101.32760210392982 44
1738822838536 88.65122955624932 45
1738822838558 79.93029553175302 46
1738822838577 98.71749376164402 47
1738822838603 87.93356187146955 48
1738822838624 81.18254710259377 49
1738822838642 117.91076054540426 50
1738822838662 89.30260864690652 51
1738822838681 78.06126171408037 52
1738822838698 76.26585846643783 53
1738822838712 85.39797080214056 54
1738822838731 77.25338587545926 55
1738822838752 79.89145064956222 56
1738822838771 75.21547173507872 57
1738822838791 77.4380635198195 58
1738822838811 73.35381782922644 59
1738822838831 101.40515686445501 60
1738822838845 106.49099329218123 61
1738822838860 89.30153223684809 62
1738822838882 79.94508438055199 63
1738822838900 89.5145210054001 64
1738822838915 82.9314955200376 65
1738822838935 69.81371803795 66
1738822838950 74.14995361465535 67
1738822838967 80.3458650224732 68
1738822838986 79.97614379569363 69
1738822839007 80.23463099672772 70
1738822839022 74.59211242019414 71
1738822839039 75.72863371941214 72
1738822839058 89.94879557755011 73
1738822839080 70.68333362477634 74
1738822839104 73.5348625411137 75
1738822839122 79.09045352702445 76
1738822839142 73.34191231068374 77
1738822839164 62.94063580500887 78
1738822839184 76.94165310309597 79
1738822839202 68.41334775133534 80
1738822839228 86.0225817547099 81
1738822839259 70.55267199186434 82
1738822839281 72.11599292355295 83
1738822839298 81.31327291874787 84
1738822839318 74.00824664030195 85
1738822839341 91.54015636167595 86
1738822839358 61.738937886467184 87
1738822839380 68.63045153066892 88
1738822839399 85.11805447436879 89
1738822839416 55.02875442308391 90
1738822839438 59.008024778116116 91
1738822839458 76.93604903373502 92
1738822839478 70.31357491314726 93
1738822839497 75.79577255264283 94
1738822839522 70.58768496746002 95
1738822839539 73.37143294698677 96
1738822839559 54.22373913956271 97
1738822839580 82.8493358420174 98
1738822839598 65.94753206173469 99
1738822839616 65.97626675000194 100
1738822839634 62.13552568433289 101
1738822839656 80.86487472723063 102
1738822839679 60.013465927106026 103
1738822839696 72.35726532867545 104
1738822839713 69.84688211267243 105
1738822839729 66.15625416901999 106
1738822839744 75.33693530908099 107
1738822839762 80.01958581205137 108
1738822839776 86.28126659298344 109
1738822839791 59.78202510948664 110
1738822839807 59.35612200774032 111
1738822839822 60.00789836212877 112
1738822839836 55.09076035232296 113
1738822839851 58.02788563787315 114
1738822839869 63.167762776044434 115
1738822839886 59.56434124255358 116
1738822839907 68.31194551926593 117
1738822839928 58.88049495558022 118
1738822839950 47.78660530776566 119
1738822839968 66.84332927075728 120
1738822839982 83.9874291261197 121
1738822840000 67.40693028720116 122
1738822840018 80.21329560442429 123
1738822840037 78.1109168297287 124
1738822840060 61.95956693826433 125
1738822840078 57.66193010652415 126
1738822840093 58.792916588598985 127
1738822840107 55.63269648027635 128
1738822840123 62.3700324592794 129
1738822840137 61.38032191262781 130
1738822840150 70.06518519607765 131
1738822840166 62.53795964100305 132
1738822840189 58.86545210239615 133
1738822840206 49.721039044535225 134
1738822840225 54.38404588768983 135
1738822840239 82.53839807575498 136
1738822840256 56.18402722912061 137
1738822840271 64.2113114250084 138
1738822840288 62.88367512446798 139
1738822840302 75.84822659142715 140
1738822840316 59.69700259630943 141
1738822840332 71.31626637801664 142
1738822840348 82.06953841752126 143
1738822840365 62.10814671897841 144
1738822840385 90.06923363931561 145
1738822840406 52.55312922956038 146
1738822840422 65.12585345561119 147
1738822840444 51.37166485543837 148
1738822840465 54.07104602064052 149
1738822840481 57.21848298472315 150
1738822840500 62.695037038795846 151
1738822840517 51.30714967294943 152
1738822840532 86.09119529043856 153
1738822840546 68.53786139953696 154
1738822840559 80.58252956483653 155
1738822840572 54.760763633609685 156
1738822840588 55.10482200026308 157
1738822840604 81.4018517772872 158
1738822840620 64.16159424855057 159
1738822840643 54.49138121237135 160
1738822840666 58.582408512528744 161
1738822840682 56.990057692762775 162
1738822840701 83.06901237664665 163
1738822840720 56.323755081340266 164
1738822840740 59.491650206371176 165
1738822840765 56.43709292547028 166
1738822840786 63.41299221101508 167
1738822840802 55.52756909098957 168
1738822840826 60.703375345012745 169
1738822840846 61.04613394389806 170
1738822840868 85.37173972261802 171
1738822840887 59.003431261820694 172
1738822840908 60.59382101107127 173
1738822840927 54.1900410901604 174
1738822840943 67.90229364160378 175
1738822840958 60.697611773430715 176
1738822840974 66.83446472507946 177
1738822840990 66.87337499131078 178
1738822841008 57.99165589223402 179
1738822841030 53.28757199302159 180
1738822841050 67.99648801324908 181
1738822841067 43.96175106115037 182
1738822841091 59.63314246455462 183
1738822841108 48.770534466594 184
1738822841124 96.7283040904714 185
1738822841142 55.15611858278678 186
1738822841160 58.17639620151519 187
1738822841176 54.782657232384416 188
1738822841191 56.88800055409598 189
1738822841211 63.57557864954142 190
1738822841225 47.52405040096068 191
1738822841241 41.75586900986363 192
1738822841267 64.77828683070875 193
1738822841288 60.795607603063424 194
1738822841311 54.07813167125603 195
1738822841332 45.370224477841596 196
1738822841353 56.95340456658151 197
1738822841370 52.825084846080316 198
1738822841391 58.61914012098732 199
1738822841411 65.49050090389412 200
1738822841428 62.9031458147278 201
1738822841443 53.215086702493835 202
1738822841457 63.300423623959354 203
1738822841476 66.28336952795041 204
1738822841492 53.32236292334018 205
1738822841507 85.5730078915703 206
1738822841526 56.297588862326045 207
1738822841543 49.285312372942236 208
1738822841562 59.802029072313445 209
1738822841586 59.27671145759468 210
1738822841602 62.90852046010165 211
1738822841622 58.760223457265916 212
1738822841637 53.55135561226711 213
1738822841651 58.911442126370375 214
1738822841665 99.40360491430405 215
1738822841679 56.28179945383876 216
1738822841695 57.61529064753697 217
1738822841709 64.25096564263072 218
1738822841729 58.49494399625577 219
1738822841747 53.49010747632179 220
1738822841766 49.73871227924617 221
1738822841785 53.23432487848088 222
1738822841802 81.43570041739366 223
1738822841823 56.25613448885424 224
1738822841839 52.46840771099543 225
1738822841855 55.570564161732264 226
1738822841870 49.57942788872298 227
1738822841888 43.38835095288577 228
1738822841905 76.4317064479342 229
1738822841920 53.52806530988972 230
1738822841935 70.28805052012918 231
1738822841951 67.32154852807635 232
1738822841967 55.293384053044115 233
1738822841982 59.60049688488321 234
1738822842003 53.93152113222437 235
1738822842019 48.73082899621993 236
1738822842037 41.622379389530686 237
1738822842063 54.199273861788036 238
1738822842080 63.15358071826252 239
1738822842099 60.11930213669256 240
1738822842129 56.70488119279184 241
1738822842146 50.38230896436519 242
1738822842161 57.53266984411353 243
1738822842180 52.00473358781366 244
1738822842202 58.6396489441906 245
1738822842219 49.19540864494671 246
1738822842232 52.73718826367059 247
1738822842247 54.32062830513331 248
1738822842264 43.78429598426462 249
1738822842278 51.54635988074471 250
1738822842293 50.74732844021062 251
1738822842311 57.33208327184108 252
1738822842328 52.308582969914596 253
1738822842345 48.6185881506904 254
1738822842363 66.18570520156958 255
1738822842382 51.54301064990419 256
1738822842407 39.08965890948867 257
1738822842427 59.632418968161616 258
1738822842447 35.6205552646078 259
1738822842468 47.496799847022004 260
1738822842482 41.97341534545783 261
1738822842497 51.49084439344627 262
1738822842511 70.55757329562348 263
1738822842528 50.91347161986204 264
1738822842543 53.56354069063862 265
1738822842558 57.672100579103855 266
1738822842572 45.299166818534935 267
1738822842587 69.97047245560653 268
1738822842606 65.22190425612443 269
1738822842630 42.56826521124059 270
1738822842646 56.43938149171183 271
1738822842662 66.239693320599 272
1738822842678 58.79168754749258 273
1738822842698 52.21437402215577 274
1738822842717 47.54498208950039 275
1738822842731 47.04430240245097 276
1738822842746 54.79137295267467 277
1738822842761 51.090234282934155 278
1738822842776 48.311327628157294 279
1738822842791 45.13284240895152 280
1738822842805 64.13633821237083 281
1738822842819 48.71410802174034 282
1738822842833 54.28196316781333 283
1738822842847 61.765849617769824 284
1738822842863 45.95683188680351 285
1738822842880 49.27356632236306 286
1738822842898 53.2688307314378 287
1738822842915 53.71464356116358 288
1738822842933 43.10553999458058 289
1738822842948 44.46502358931776 290
1738822842966 82.07202419940111 291
1738822842986 58.89668934843253 292
1738822843003 47.66972690499674 293
1738822843022 57.58535138312653 294
1738822843037 56.24939970005719 295
1738822843053 62.229155556767715 296
1738822843072 51.76790348582696 297
1738822843090 68.3650211867074 298
1738822843106 44.79048524428799 299
1738822843127 56.09484233755717 300
1738822843143 45.94397895620778 301
1738822843161 53.87461132567463 302
1738822843180 42.037212165074926 303
1738822843197 76.88934257387378 304
1738822843213 75.92682822981376 305
1738822843231 59.0317358653236 306
1738822843248 50.77332242250792 307
1738822843270 45.76318907056978 308
1738822843292 50.70716830925406 309
1738822843310 39.257907678351856 310
1738822843327 45.51025807643866 311
1738822843344 65.97074162226866 312
1738822843360 40.20378766578607 313
1738822843375 57.32750073290547 314
1738822843390 35.2079646352898 315
1738822843405 77.4128933758372 316
1738822843424 44.80353895316749 317
1738822843440 41.825066916369515 318
1738822843455 48.03070811905958 319
1738822843471 44.088839617244886 320
1738822843486 46.26214179562168 321
1738822843512 50.67369569876898 322
1738822843533 45.90592347675395 323
1738822843551 54.16976244849182 324
1738822843570 52.19960376349719 325
1738822843591 47.47654799083458 326
1738822843607 42.43229228436455 327
1738822843624 47.99406363938574 328
1738822843638 62.506249562883156 329
1738822843653 46.17025582598859 330
1738822843672 45.77018099171953 331
1738822843689 50.29633660312127 332
1738822843710 48.06375662166216 333
1738822843728 51.68606491729919 334
1738822843743 64.07251761103714 335
1738822843760 53.30915626886381 336
1738822843774 45.93081758114154 337
1738822843788 39.32794894427677 338
1738822843805 44.29957324034705 339
1738822843820 44.06916012783566 340
1738822843835 48.76902326952111 341
1738822843854 44.0195766562844 342
1738822843871 42.57214254286441 343
1738822843888 45.84273702787818 344
1738822843905 45.75342012668992 345
1738822843921 40.13769463182376 346
1738822843937 43.52613499854363 347
1738822843953 49.18784456156815 348
1738822843969 57.907967088005755 349
1738822843983 43.83681905197575 350
1738822843997 36.27136586176369 351
1738822844015 48.52010507913491 352
1738822844030 50.9197420843794 353
1738822844044 36.113003842359696 354
1738822844059 46.32802153515918 355
1738822844072 52.049705330128134 356
1738822844087 49.317248707804204 357
1738822844105 64.91492504552703 358
1738822844124 81.64125518040332 359
1738822844142 43.054747928954214 360
1738822844158 71.92955381394954 361
1738822844173 40.261724944667826 362
1738822844190 49.285342159464555 363
1738822844205 41.18532216393379 364
1738822844221 68.06470607841906 365
1738822844236 45.28564168176483 366
1738822844256 29.39814512374753 367
1738822844276 40.7217159793464 368
1738822844293 46.51278832522465 369
1738822844313 49.99206330493303 370
1738822844327 46.698328146591294 371
1738822844340 41.903420356820476 372
1738822844357 38.861526466766165 373
1738822844374 45.88645481854764 374
1738822844391 74.89688450381229 375
1738822844414 39.77875621341604 376
1738822844432 44.268175662921976 377
1738822844467 44.11876762097986 378
1738822844487 43.35160503064072 379
1738822844508 75.30327197142451 380
1738822844530 44.965676615038504 381
1738822844555 59.35044139763121 382
1738822844573 50.57533374351651 383
1738822844592 38.05247985556451 384
1738822844611 41.00222786039461 385
1738822844635 44.35144599022201 386
1738822844662 48.40682340420128 387
1738822844682 39.12941380631976 388
1738822844707 46.335550791805375 389
1738822844724 45.90667235917602 390
1738822844743 46.813541892878774 391
1738822844765 56.00332024961754 392
1738822844787 53.83957345216159 393
1738822844806 44.59540427706864 394
1738822844827 50.385763205932534 395
1738822844848 39.33660187985564 396
1738822844875 43.907265004378964 397
1738822844896 44.485730352429 398
1738822844916 45.38426245248995 399
1738822844940 49.80118397943208 400
1738822844961 41.12130538497564 401
1738822844986 55.020275799802455 402
1738822845013 51.98196666475312 403
1738822845029 35.359108450558985 404
1738822845047 58.9599442708234 405
1738822845072 61.32166658458723 406
1738822845092 59.02889148268128 407
1738822845113 58.36132148128912 408
1738822845132 44.38660325531007 409
1738822845148 38.24073526699248 410
1738822845165 41.09573624392831 411
1738822845182 47.05871077582338 412
1738822845199 50.866547812718004 413
1738822845214 45.0736222269936 414
1738822845231 44.844473005094564 415
1738822845245 42.84775876617301 416
1738822845264 48.27116867308203 417
1738822845282 44.45145447651596 418
1738822845301 45.19051586410455 419
1738822845320 42.44176998834889 420
1738822845340 38.64488183390192 421
1738822845359 48.94058336768522 422
1738822845376 35.092164236871774 423
1738822845396 51.44610649199446 424
1738822845415 34.90409840079008 425
1738822845431 42.50277140215055 426
1738822845450 49.41708948111478 427
1738822845466 35.75170753613729 428
1738822845486 35.72592219000865 429
1738822845502 37.43346102448654 430
1738822845525 36.485079563217994 431
1738822845545 41.08512400274275 432
1738822845568 48.56642445479361 433
1738822845587 56.76270811951249 434
1738822845616 44.38109674988905 435
1738822845633 41.93906370481814 436
1738822845663 38.69665530211616 437
1738822845679 59.405122263972366 438
1738822845696 33.41836513342823 439
1738822845726 46.234477055337365 440
1738822845761 56.8625354086023 441
1738822845801 40.735305750399206 442
1738822845839 34.506339703595366 443
1738822845881 51.43244070481213 444
1738822845912 55.27865804951652 445
1738822845963 45.89379934885627 446
1738822845990 40.47324162172972 447
1738822846007 49.5300054388113 448
1738822846027 41.82264812674554 449
1738822846043 48.357506674107675 450
1738822846058 44.1848119910397 451
1738822846073 64.68331403488563 452
1738822846089 39.216009967069475 453
1738822846112 36.492938637714104 454
1738822846134 39.07478877534369 455
1738822846151 41.275195150754556 456
1738822846167 35.02930009187689 457
1738822846186 41.5802774328959 458
1738822846211 44.22522018797788 459
1738822846225 40.529898837047064 460
1738822846241 41.98594494980276 461
1738822846253 30.898546372760098 462
1738822846266 45.10175579663488 463
1738822846285 43.606651541675916 464
1738822846298 44.87615752365531 465
1738822846314 42.317641288745314 466
1738822846331 37.18728463721521 467
1738822846347 62.952577736304605 468
1738822846364 46.26523672566167 469
1738822846377 42.95031797382754 470
1738822846395 35.95209827884592 471
1738822846415 53.65891761329757 472
1738822846432 41.99357692733399 473
1738822846449 39.40092362792371 474
1738822846467 46.646340589683234 475
1738822846484 52.41930628075825 476
1738822846501 38.28749003675621 477
1738822846519 38.489861822729374 478
1738822846540 54.228403613791365 479
1738822846557 35.655945863415226 480
1738822846573 35.16648292015377 481
1738822846607 35.958653251901055 482
1738822846623 37.805466190072096 483
1738822846639 40.67537503066309 484
1738822846655 67.72890852941546 485
1738822846671 32.91305553698162 486
1738822846688 40.30403257772739 487
1738822846707 38.14860651475638 488
1738822846727 44.54532810059547 489
1738822846743 34.597384579303885 490
1738822846761 36.176553723129715 491
1738822846777 36.98955472894725 492
1738822846795 43.11566756791788 493
1738822846816 36.60539706246092 494
1738822846837 36.58464218003924 495
1738822846857 67.13002591338132 496
1738822846885 35.96235646551379 497
1738822846906 60.92592971111355 498
1738822846925 36.06948828562023 499
