1738824630249 173.82047756642368 0
1738824630257 169.2222214479074 1
1738824630264 168.15825498440051 2
1738824630272 167.9849006190796 3
1738824630279 166.48643425112235 4
1738824630285 167.8536013860802 5
1738824630292 167.96824791709255 6
1738824630298 169.219005429279 7
1738824630305 169.3988039794353 8
1738824630311 170.30350326974613 9
1738824630317 170.9110299246635 10
1738824630323 165.96825989388074 11
1738824630328 167.56440950725798 12
1738824630335 169.31514102060598 13
1738824630341 169.68802501454164 14
1738824630347 167.13251650496343 15
1738824630352 170.91469425438194 16
1738824630359 169.35068253505534 17
