1738824448166 202.53138065598606 0
1738824448210 167.37642887288825 1
1738824448253 155.59228377378642 2
1738824448296 164.95965270618203 3
1738824448339 186.11428938064495 4
1738824448384 159.79502808602868 5
1738824448430 159.87099873704364 6
1738824448474 169.64424081456445 7
1738824448517 159.67129964172696 8
1738824448561 172.36050557426032 9
1738824448606 172.82399784179253 10
1738824448649 186.98060866994487 11
1738824448692 167.4019964122614 12
1738824448736 184.7177001099708 13
1738824448779 181.38669279416246 14
1738824448823 171.96602728788557 15
1738824448866 176.26923702912262 16
1738824448909 167.347232307878 17
1738824448952 170.44605992234656 18
1738824448995 165.21798416935636 19
1738824449038 183.85190599280904 20
1738824449080 157.18590739486027 21
1738824449123 169.66027391487285 22
1738824449166 164.12401911547562 23
1738824449209 177.27020631000457 24
1738824449252 161.5495979568507 25
1738824449295 175.8447773018145 26
1738824449338 150.57993097194114 27
1738824449384 152.56596125809452 28
1738824449434 165.00790347475447 29
1738824449479 162.92884619626017 30
1738824449524 172.90140219895068 31
1738824449569 160.47949178677692 32
1738824449612 173.2355386952038 33
1738824449655 175.5167276338708 34
1738824449699 173.66387501976192 35
1738824449742 163.1688059229839 36
1738824449786 134.2692126085698 37
1738824449829 167.12206929360528 38
1738824449872 163.40185737182398 39
1738824449916 175.01817974190027 40
1738824449959 167.74494097913535 41
1738824450004 167.89931846005618 42
1738824450049 193.30292043520004 43
1738824450093 166.6216433886586 44
1738824450136 141.96952855027249 45
