1738679183684 163.53511397286002 0
1738679183725 88.32405737662984 1
1738679183765 107.06381948658338 2
1738679183804 98.33394613176311 3
1738679183843 219.53647069303426 4
1738679183884 262.8552658930247 5
1738679183925 183.718136716654 6
1738679183965 153.6813382785901 7
1738679184004 218.65224387960075 8
1738679184044 226.08495835560615 9
1738679184083 136.66773114717466 10
1738679184122 195.47677557449254 11
1738679184161 149.97166709005535 12
1738679184200 145.9722753765144 13
1738679184240 107.55336319031031 14
1738679184280 177.79175032273037 15
1738679184318 240.61392494538026 16
1738679184358 129.76342662369018 17
1738679184397 168.9174894828258 18
1738679184436 171.59309072715982 19
1738679184475 182.9779886332314 20
1738679184514 191.57722718286644 21
1738679184553 61.24957379933519 22
1738679184592 246.70517193988567 23
1738679184631 167.94493950121205 24
1738679184670 130.73536904884904 25
1738679184709 142.24924782813403 26
1738679184748 164.73476258868942 27
1738679184786 210.23058688365418 28
1738679184824 331.05948934798477 29
1738679184862 158.746983290267 30
1738679184902 126.51099069500795 31
1738679184941 180.895663093381 32
1738679184980 153.469191771681 33
1738679185020 170.47592686340082 34
1738679185059 577.7827069333584 35
1738679185098 155.57220967459133 36
1738679185137 178.79090126662547 37
1738679185176 123.06552884633659 38
1738679185214 155.98211028792778 39
1738679185253 121.85469801355066 40
1738679185291 131.27444823199235 41
1738679185329 139.44256239859553 42
1738679185367 194.76216710192426 43
1738679185406 141.28276533633237 44
1738679185445 132.09331694365522 45
1738679185484 113.40308626587368 46
1738679185523 128.55818632501692 47
1738679185562 201.36847916890954 48
1738679185602 172.64998544883997 49
1738679185640 151.4306222007161 50
1738679185679 104.47813900900994 51
1738679185718 196.9224696873304 52
1738679185757 114.30407113244205 53
1738679185795 168.95028848019143 54
1738679185833 164.6501781429914 55
1738679185871 176.32484034357387 56
1738679185910 184.15668927655844 57
1738679185949 286.6254618846393 58
1738679185988 242.70224515775863 59
1738679186027 157.32851839213637 60
1738679186066 188.62366418661256 61
1738679186103 95.53372237805797 62
1738679186141 320.24239207469725 63
1738679186180 168.98964080640232 64
1738679186218 80.4367217172834 65
1738679186257 169.2766709319214 66
1738679186297 182.51243257003486 67
1738679186336 173.67157148432966 68
1738679186375 159.39589685364408 69
1738679186414 302.2360822334908 70
1738679186453 155.35227578552025 71
1738679186492 203.60185258174283 72
1738679186531 210.35617327518767 73
1738679186570 172.01341070937914 74
1738679186609 112.95541481202127 75
1738679186648 166.05928032370534 76
1738679186687 138.32802291656995 77
1738679186727 230.08778629987327 78
1738679186767 135.11267624161226 79
1738679186808 145.61975167272175 80
1738679186847 206.24557126311194 81
1738679186887 186.3383556100203 82
1738679186926 160.6506647247719 83
1738679186965 165.26387333756847 84
1738679187005 191.27856094390802 85
1738679187044 171.81759070661616 86
1738679187083 185.33787814602007 87
1738679187122 136.69680320031787 88
1738679187161 273.05372893479 89
1738679187201 129.09760700320294 90
1738679187240 191.18133384461723 91
1738679187279 161.6542515118118 92
1738679187318 198.4032413073354 93
1738679187358 191.4309692085753 94
1738679187396 175.04211244778995 95
1738679187436 181.8833801228308 96
1738679187475 157.55414275225172 97
1738679187514 189.52393012263428 98
1738679187554 150.46500742639617 99
1738679187593 143.25021963229935 100
1738679187632 169.53789888423907 101
1738679187671 183.58328037157614 102
1738679187710 183.21626478389092 103
1738679187749 190.9777537949014 104
1738679187788 187.11903370310785 105
1738679187828 148.50345868284342 106
1738679187866 139.32632453404347 107
1738679187906 145.75349018086322 108
1738679187945 143.51460929935942 109
1738679187983 172.1712092998311 110
1738679188022 144.20131449831877 111
1738679188061 184.5699436210294 112
1738679188101 252.22603585134706 113
1738679188140 216.40882389139134 114
1738679188179 194.96125096572337 115
1738679188219 143.3837638823195 116
1738679188258 147.5396551515238 117
1738679188297 246.05061130115487 118
1738679188336 149.49809903782378 119
1738679188376 220.3333034904693 120
1738679188415 149.0160275856143 121
1738679188454 169.99694106295652 122
1738679188493 144.83767973691457 123
1738679188533 182.55871630297324 124
1738679188572 60.34767503259779 125
1738679188611 218.0188260032729 126
1738679188649 201.052263781134 127
1738679188688 162.01471464578034 128
1738679188727 384.2680247998643 129
1738679188766 322.78834425686057 130
1738679188805 141.32999460433666 131
1738679188844 113.95305123599432 132
1738679188884 210.72146617642815 133
1738679188923 244.0539359143358 134
1738679188962 200.88988023879259 135
1738679189001 117.4770897134142 136
1738679189040 163.93949217557582 137
1738679189079 126.03543402877594 138
1738679189118 200.97190519325773 139
1738679189158 169.79831855156704 140
1738679189197 154.57708800721528 141
1738679189236 141.75696052875824 142
1738679189276 247.78893510553044 143
1738679189315 167.66504758996908 144
1738679189354 148.81967080854574 145
1738679189394 142.68234669114457 146
1738679189433 198.3256688286514 147
1738679189472 186.7050435786448 148
1738679189512 151.2267679577168 149
1738679189551 176.58865248819478 150
1738679189590 361.75573263856825 151
1738679189629 152.0362056039464 152
1738679189668 171.03067777754242 153
1738679189708 137.66926991372654 154
1738679189747 204.34862623772767 155
1738679189786 143.51081124244965 156
1738679189826 124.13324451051324 157
1738679189864 199.51890456783713 158
1738679189903 120.677830920692 159
1738679189941 181.40215183025478 160
1738679189980 135.9692018912729 161
1738679190019 162.01087945796093 162
1738679190058 166.7981780265609 163
1738679190096 181.00928789868368 164
1738679190136 141.55038702288763 165
1738679190175 168.28891413123787 166
1738679190214 198.6837844447716 167
1738679190253 323.61334336748655 168
1738679190291 166.44206702661512 169
1738679190330 284.4703309983826 170
1738679190370 175.17030222565663 171
1738679190409 203.02715315456157 172
1738679190449 173.88482271249367 173
1738679190488 178.74142682975005 174
1738679190527 189.86863904773242 175
1738679190566 201.24812640368899 176
1738679190606 180.85251221773646 177
1738679190644 252.1292585191564 178
1738679190684 176.04203164787023 179
1738679190723 106.55040498561212 180
1738679190762 196.8762628167467 181
1738679190801 165.46310469651328 182
1738679190840 208.28059841865942 183
1738679190879 168.40601831005682 184
1738679190918 110.18119374546184 185
1738679190956 146.76555187806238 186
1738679190995 141.67387232144006 187
1738679191034 196.58998093792644 188
1738679191073 197.37908689309137 189
1738679191112 98.83822135222957 190
1738679191151 193.78480752458077 191
1738679191190 154.86133655482567 192
1738679191229 184.70131835585917 193
1738679191268 101.73905480492395 194
1738679191307 323.60367103514113 195
1738679191346 214.90518712527546 196
1738679191386 103.62361801057597 197
1738679191425 190.67742740576443 198
1738679191465 172.53676946584002 199
1738679191504 166.070143709812 200
1738679191543 141.31551107631176 201
1738679191582 170.5628035809959 202
1738679191621 167.67630105743686 203
1738679191660 160.08005639139202 204
1738679191699 189.52981090333483 205
1738679191738 141.60145973628352 206
1738679191777 104.72883975347436 207
1738679191816 89.91276531498258 208
1738679191855 151.31933908526392 209
1738679191893 165.60484313142408 210
1738679191932 166.0846875932115 211
1738679191972 197.9712797987846 212
1738679192012 160.57341914811877 213
1738679192051 198.30416963924415 214
1738679192090 178.2219725955931 215
1738679192129 171.4575156932751 216
1738679192169 166.92549858001703 217
1738679192208 154.48442386358278 218
1738679192247 147.63736904041207 219
1738679192286 79.7996951887226 220
1738679192325 205.342731642838 221
1738679192364 164.14331659980058 222
1738679192403 137.4467229230703 223
1738679192442 190.29100129817104 224
1738679192481 163.79301454740494 225
1738679192519 184.9611869058155 226
1738679192559 160.83477353590277 227
1738679192598 141.3277726596751 228
1738679192636 151.4059877855208 229
1738679192675 162.25564674354248 230
1738679192714 172.29425934521518 231
1738679192753 164.04034298221202 232
1738679192792 285.90875270207374 233
1738679192832 214.12232809612365 234
1738679192871 159.03293084293736 235
1738679192910 182.00626701816662 236
1738679192949 153.82977664129547 237
1738679192988 178.2887848515459 238
1738679193027 148.08980537603043 239
1738679193066 140.17008510524607 240
1738679193106 211.20904632898342 241
1738679193144 197.71648543849935 242
1738679193184 162.61648678985904 243
1738679193223 215.18376170655202 244
1738679193262 164.6699395888653 245
1738679193301 151.79726510699325 246
1738679193340 187.58991770707553 247
1738679193379 201.87427569106282 248
1738679193419 166.47670739502695 249
1738679193458 99.03161120135502 250
1738679193496 152.54115273766743 251
1738679193536 294.3026352805372 252
1738679193575 135.84933011641237 253
1738679193613 166.3578574730265 254
1738679193652 192.56361171864847 255
1738679193691 193.33764046855256 256
1738679193730 171.8057264950296 257
1738679193769 290.23006889275274 258
1738679193808 143.31295849737793 259
1738679193847 194.73111604554083 260
1738679193886 237.95900174236695 261
1738679193925 127.50400266911481 262
1738679193964 204.29429871155185 263
1738679194003 107.93205961114519 264
1738679194041 173.15769276243498 265
1738679194080 176.87551001841928 266
1738679194119 183.6867985044508 267
1738679194158 182.64818942503933 268
1738679194197 165.60465135893546 269
1738679194236 121.13173677333786 270
1738679194275 71.74405281582087 271
1738679194314 167.08468714123313 272
1738679194353 133.51430495923714 273
1738679194392 253.5822705408174 274
1738679194431 216.46535908427217 275
1738679194470 185.68378626223642 276
1738679194507 545.5217127358441 277
1738679194546 165.86589109807713 278
1738679194585 184.62920643945162 279
1738679194624 161.37537975465264 280
1738679194663 369.8395418884942 281
1738679194702 203.96587054035322 282
1738679194741 151.73229044185496 283
1738679194779 196.20366319262104 284
1738679194818 168.60040978122564 285
1738679194856 171.63105093642895 286
1738679194895 176.6726023870639 287
1738679194934 114.24155587150787 288
1738679194973 170.75612811172326 289
1738679195012 95.12089398334389 290
1738679195052 171.69501731223 291
1738679195091 143.95279328166552 292
1738679195129 228.16911535585078 293
1738679195168 144.1100224044235 294
1738679195208 157.28708031612118 295
1738679195247 184.00552794114344 296
1738679195285 203.63330345130552 297
1738679195324 178.03681906064526 298
1738679195363 117.0603373809303 299
1738679195402 165.3601408554361 300
1738679195442 181.76411622178694 301
1738679195480 97.83409876463517 302
1738679195520 153.91025839719427 303
1738679195559 134.22273056975806 304
1738679195598 182.8715688698794 305
1738679195637 174.93698266978558 306
1738679195676 162.56361721687847 307
1738679195715 144.51319390800063 308
1738679195754 126.90969300674944 309
1738679195793 115.60857875054046 310
1738679195832 163.4024521480601 311
1738679195871 176.75629200478033 312
1738679195910 229.66548441060888 313
1738679195949 184.1760431939531 314
1738679195988 158.20393510221123 315
1738679196027 186.37272893757074 316
1738679196066 232.02289606112174 317
1738679196105 162.7152955687177 318
1738679196142 170.34260443751327 319
1738679196182 162.98298506960586 320
1738679196221 157.40202838266 321
1738679196260 202.03432994464922 322
1738679196299 231.93527780250997 323
1738679196338 63.7968657513563 324
1738679196378 205.1868349613339 325
1738679196417 190.4607965985058 326
1738679196456 163.33603479595635 327
1738679196495 123.04877395978178 328
1738679196534 164.08913825060256 329
1738679196574 177.9963301951398 330
1738679196613 171.20332469112344 331
1738679196652 151.75444961830257 332
1738679196691 234.60628182060915 333
1738679196730 144.04263906274392 334
1738679196769 173.2892889780395 335
1738679196808 280.92133968705025 336
1738679196847 162.35061941960055 337
1738679196886 260.0181529943989 338
1738679196925 231.9312127246546 339
1738679196964 158.99678834763952 340
1738679197003 86.30165051270815 341
1738679197042 110.427099197065 342
1738679197081 234.7934832019825 343
1738679197120 247.96336912127896 344
1738679197159 193.9442781429972 345
1738679197198 139.63598374071546 346
1738679197238 106.42142176908735 347
1738679197277 171.22426387203092 348
1738679197315 150.04216184101094 349
1738679197354 131.12090033244036 350
1738679197393 105.07045827177511 351
1738679197431 163.56214632125926 352
1738679197469 181.80689672116713 353
1738679197509 175.15296829062106 354
1738679197548 124.42519184465921 355
1738679197587 178.77914157108304 356
1738679197627 34.37330869617622 357
1738679197666 127.98063515731653 358
1738679197706 401.3580421596931 359
1738679197745 173.06347687534145 360
1738679197784 185.75318617956898 361
1738679197823 123.82492162390751 362
1738679197862 174.06132953961713 363
1738679197901 198.95983755215354 364
1738679197940 156.97114365944176 365
1738679197979 209.53850973535393 366
1738679198019 171.89189267379467 367
1738679198059 124.3286579638798 368
1738679198097 119.41930080819296 369
1738679198136 175.2659052652538 370
1738679198175 165.30946143645983 371
1738679198215 175.74773734567495 372
1738679198254 176.03623165553068 373
1738679198293 201.42631147396858 374
1738679198332 180.95080728375666 375
1738679198372 162.61051185075524 376
1738679198411 204.251247898786 377
1738679198450 183.20494665835108 378
1738679198488 187.0552676478458 379
1738679198528 180.4489799249334 380
1738679198567 141.39205855480057 381
1738679198605 306.51639862140394 382
1738679198643 176.44794529097942 383
1738679198681 195.41108707054502 384
1738679198720 152.63490846815162 385
1738679198759 180.8295356590607 386
1738679198798 164.83065327591498 387
1738679198838 254.36906707935776 388
1738679198877 180.183967125602 389
1738679198916 171.48544445889064 390
1738679198955 163.1045483953094 391
1738679198994 188.89427700735314 392
1738679199033 130.13093339290597 393
1738679199073 193.67455935928612 394
1738679199111 170.17785663091416 395
1738679199151 205.58110952228614 396
1738679199191 158.87877242911867 397
1738679199230 163.65101045228295 398
1738679199269 188.71998323771763 399
1738679199308 247.73621264058366 400
1738679199347 149.59271275076404 401
1738679199386 132.21491293819324 402
1738679199424 191.28574730208558 403
1738679199464 104.6978977620722 404
1738679199502 189.29929941718788 405
1738679199542 162.67412281938405 406
1738679199580 135.57296265438697 407
1738679199619 139.27747228419477 408
1738679199658 146.6964933422998 409
1738679199697 140.66772736922212 410
1738679199736 208.21822432164026 411
1738679199775 175.42042739067628 412
1738679199813 129.98255920558998 413
1738679199852 102.40101315192604 414
1738679199890 181.00146235367887 415
1738679199929 171.70331037044102 416
1738679199968 119.90341865216078 417
1738679200007 167.08596970045923 418
1738679200046 148.32660640562256 419
1738679200086 42.04639489602455 420
1738679200124 116.23523405601887 421
1738679200164 158.94701272647185 422
1738679200203 117.6774817861312 423
1738679200242 169.63276668900062 424
1738679200281 152.218555374832 425
1738679200320 208.79685670397342 426
1738679200359 212.5887132274242 427
1738679200398 151.59475731492742 428
1738679200437 206.44723363863653 429
1738679200476 236.3463697416261 430
1738679200516 129.55235753114573 431
1738679200554 169.0383878452924 432
1738679200594 196.17467090454022 433
1738679200632 171.6885273986878 434
1738679200671 211.45216610138792 435
1738679200710 192.1089986507635 436
1738679200749 243.48011452514075 437
1738679200788 209.2346115551063 438
1738679200827 145.09194427308907 439
1738679200866 155.74204460056578 440
1738679200905 172.98579105930142 441
1738679200943 171.2475214947522 442
1738679200982 160.9628126376581 443
1738679201022 201.12753300015734 444
1738679201060 187.97972592725523 445
1738679201099 136.08167914226402 446
1738679201138 173.6192411061535 447
1738679201177 186.84826325137192 448
1738679201216 158.2922081392667 449
1738679201255 128.25136591745672 450
1738679201294 115.4999461158477 451
1738679201332 212.643837068386 452
1738679201370 161.12460438205912 453
1738679201409 187.42493710174668 454
1738679201448 196.87632796082843 455
1738679201486 269.60534132298574 456
1738679201525 99.25699813287774 457
1738679201564 127.00484417235786 458
1738679201602 174.0452090286178 459
1738679201641 158.0974038248054 460
1738679201680 167.16562379759444 461
1738679201718 136.775884755474 462
1738679201757 173.09220579273386 463
1738679201796 142.13337006286693 464
1738679201835 345.34343159272936 465
1738679201874 159.39502524797092 466
1738679201912 79.22684944907171 467
1738679201952 148.7082341151821 468
1738679201990 156.80182682528996 469
1738679202029 132.09246402695496 470
1738679202069 149.7795822939293 471
1738679202108 195.59196760148524 472
1738679202146 196.14105304460787 473
1738679202185 100.41255671575347 474
1738679202224 146.18781055937671 475
1738679202262 169.109833418382 476
1738679202300 175.82822069428659 477
1738679202339 189.8312490109628 478
1738679202377 129.60545408977404 479
1738679202416 182.71374952170171 480
1738679202455 153.15827826081633 481
1738679202493 204.53660293280512 482
1738679202532 157.06411848959846 483
1738679202570 159.1941352788427 484
1738679202609 170.2501131922876 485
1738679202648 136.5576547797264 486
1738679202687 194.0784233359363 487
1738679202726 234.52576347689333 488
1738679202764 171.39882343084895 489
1738679202804 161.95348377823734 490
1738679202842 188.1326709895958 491
1738679202881 195.54609019290726 492
1738679202920 164.52236716089683 493
1738679202959 205.40557268300876 494
1738679202999 122.42459927767811 495
1738679203038 206.6810051500123 496
1738679203078 99.61236225714809 497
1738679203116 145.87355838796293 498
1738679203155 109.38353059382466 499
