1738825755746 169.52359528712094 0
1738825755773 169.5209860467341 1
1738825755792 169.5183873810387 2
1738825755810 169.51579924524393 3
1738825755832 169.51322159475137 4
1738825755852 169.51065438515482 5
1738825755878 169.5080975722389 6
1738825755902 169.50555111197852 7
1738825755921 169.5030149605379 8
1738825755943 169.5004890742701 9
1738825755973 169.49797340971563 10
1738825755991 169.4954679236021 11
1738825756009 169.49297257284323 12
1738825756028 169.49048731453814 13
1738825756044 169.48801210597034 14
1738825756063 169.48554690460725 15
1738825756081 169.48309166809906 16
1738825756100 169.48064635427824 17
1738825756126 169.47821092115854 18
1738825756144 169.47578532693424 19
1738825756160 169.47336952997958 20
1738825756177 169.4709634888476 21
1738825756192 169.4685671622697 22
1738825756210 169.46618050915478 23
1738825756225 169.46380348858835 24
1738825756241 169.4614360598319 25
1738825756263 169.45907818232206 26
1738825756284 169.4567298156699 27
1738825756303 169.45439091966017 28
1738825756321 169.45206145425047 29
1738825756343 169.44974137957064 30
1738825756364 169.44743065592186 31
1738825756384 169.44512924377602 32
1738825756401 169.4428371037749 33
1738825756417 169.44055419672955 34
1738825756441 169.43828048361942 35
1738825756464 169.43601592559182 36
1738825756485 169.43376048396084 37
1738825756508 169.4315141202071 38
1738825756535 169.42927679597665 39
1738825756553 169.42704847308048 40
1738825756577 169.42482911349362 41
1738825756596 169.4226186793546 42
1738825756612 169.42041713296467 43
