1738824036068 170.68646375694485 0
1738824036074 173.97135904426284 1
1738824036080 171.62350261938752 2
1738824036087 173.62744493193756 3
1738824036093 170.37283251807324 4
1738824036099 163.18283892397739 5
1738824036106 169.43134418833307 6
1738824036112 165.16640163536061 7
1738824036118 165.44886098056955 8
1738824036124 171.2632293855706 9
1738824036129 166.63335270420924 10
1738824036135 167.19695334184408 11
1738824036141 166.7903254423831 12
1738824036147 171.20454665814074 13
1738824036153 172.15554957101017 14
1738824036158 168.16051222926478 15
1738824036164 171.87125696417027 16
1738824036171 173.18811054822743 17
1738824036176 169.51592139710502 18
1738824036182 163.55873386190052 19
1738824036188 169.79829905301946 20
1738824036194 165.85149809955365 21
1738824036201 169.59838678941 22
1738824036206 165.20228731197588 23
1738824036212 168.2292173334828 24
1738824036218 172.20778572433315 25
1738824036224 165.70075305215116 26
1738824036230 167.60029021065557 27
1738824036236 170.66867292734148 28
1738824036242 170.5144043622483 29
1738824036248 170.80464497253885 30
1738824036254 167.91570168241316 31
1738824036260 167.0043802552212 32
1738824036267 165.97871394153523 33
1738824036273 174.2320634776959 34
1738824036280 168.8241539366462 35
1738824036286 167.6515109148504 36
1738824036292 171.7270632472817 37
1738824036298 170.94551299802544 38
1738824036304 168.51292115799603 39
1738824036310 162.8561625953127 40
1738824036316 165.10273464332022 41
1738824036323 170.64837545484875 42
1738824036331 170.22166181767616 43
1738824036337 169.89786761459087 44
1738824036343 170.67933319834407 45
1738824036349 169.8180644061463 46
1738824036355 170.41572212146747 47
1738824036361 173.88746825917477 48
1738824036367 171.59214767233064 49
1738824036373 167.56379140547028 50
1738824036378 171.30212390746237 51
1738824036384 167.14216621859413 52
1738824036390 166.72813751632017 53
1738824036396 168.15612529067678 54
1738824036402 171.19310820122038 55
1738824036408 170.9303595913814 56
1738824036414 165.05611987364438 57
1738824036420 169.0432642918967 58
1738824036426 173.01034391881385 59
1738824036432 172.44135550683808 60
1738824036438 170.43466493303268 61
1738824036445 170.31635385145228 62
1738824036451 169.4924225159205 63
1738824036457 172.17706573670867 64
1738824036463 164.31608156939484 65
1738824036469 169.61509508298562 66
1738824036474 168.08960143107333 67
1738824036480 169.2102783789633 68
1738824036486 165.98459476419362 69
1738824036491 165.78452285306648 70
1738824036497 169.81305517305486 71
1738824036503 174.62548268518657 72
1738824036509 167.17642342270014 73
1738824036514 171.40594686317712 74
1738824036520 166.3603851824517 75
1738824036526 171.03872068789482 76
1738824036531 173.30879797487546 77
1738824036537 167.0069037622184 78
1738824036543 170.1778772258235 79
1738824036549 171.40761629184672 80
1738824036555 166.8290194159113 81
1738824036560 169.88098131389896 82
1738824036566 171.1463489389047 83
1738824036572 168.41588755134129 84
1738824036577 169.8211563528268 85
1738824036583 170.92189631827722 86
1738824036589 168.99210367003516 87
1738824036596 166.62109656807837 88
1738824036602 166.77100553765857 89
1738824036608 170.109172873002 90
1738824036614 163.57501589661376 91
1738824036620 167.34457296683374 92
1738824036626 168.71886371191266 93
1738824036632 171.26940613611222 94
1738824036638 168.16469389767227 95
1738824036644 167.66873672887135 96
1738824036650 168.87695285298383 97
1738824036656 171.15184008736546 98
1738824036661 171.3196935776095 99
1738824036667 167.3120465902509 100
1738824036673 166.0020230014973 101
1738824036679 167.41236203672605 102
1738824036685 169.72069836092027 103
1738824036690 167.66843331563913 104
1738824036696 169.57998072101537 105
1738824036702 168.16827253830272 106
1738824036707 169.7237903632926 107
1738824036713 169.33865338045237 108
1738824036719 163.90163980350414 109
1738824036725 165.21375792285758 110
