1738680355105 171.04390524869424 0
1738680355112 170.38206175063388 1
1738680355119 166.94519988290563 2
1738680355125 169.35749590915543 3
1738680355133 170.60780389739398 4
1738680355140 167.1930093109916 5
1738680355146 167.73693984377604 6
1738680355153 170.0120257998823 7
1738680355160 170.3126310778916 8
1738680355167 169.5585933599046 9
1738680355174 170.2680922438398 10
1738680355186 168.98524040198876 11
1738680355193 167.0273209442798 12
1738680355200 166.59243982879437 13
1738680355207 169.88109762595042 14
1738680355214 166.2536843021665 15
1738680355220 169.382804711883 16
1738680355228 169.5898339905778 17
1738680355234 169.71446727132772 18
1738680355242 169.05025000126298 19
1738680355249 167.85555203328505 20
1738680355256 169.8866660853308 21
1738680355263 167.72437428119838 22
1738680355269 170.67886260457175 23
1738680355275 169.14466182052632 24
1738680355281 169.68617606327587 25
