1738825910370 187.11239760179868 0
1738825910411 179.68521035480643 1
1738825910452 179.14768630657824 2
1738825910495 149.7158231084975 3
1738825910542 162.2414876729627 4
1738825910585 165.76723660464475 5
1738825910627 159.2484544118287 6
1738825910668 162.01389357925024 7
1738825910708 147.74918823904915 8
1738825910747 162.11291653000978 9
1738825910787 158.39550928747377 10
1738825910826 165.38326881003889 11
1738825910866 169.89013673677712 12
1738825910906 181.54698822528985 13
1738825910951 170.23169811828805 14
1738825910992 158.48287588607238 15
1738825911031 176.39298081528187 16
1738825911071 185.98729745795444 17
1738825911111 165.83166845586584 18
1738825911151 168.27702513166554 19
