1738681074383 221.06911452619843 0
1738681074430 178.36913102909446 1
1738681074476 200.9660331284361 2
1738681074521 227.9474135011138 3
1738681074567 180.8568567935689 4
1738681074617 175.01952315486503 5
1738681074662 152.42251918132013 6
1738681074707 131.03892773956198 7
1738681074752 75.00876210855556 8
1738681074797 262.0154322755606 9
1738681074842 207.70279295523326 10
1738681074893 201.06137215775766 11
1738681074939 181.32440645701521 12
1738681074984 179.73590421191716 13
1738681075030 114.33377839409741 14
1738681075075 107.18088449937059 15
1738681075121 159.55701382971435 16
1738681075167 138.86181279256994 17
1738681075214 128.6439478049173 18
1738681075259 112.51622172793343 19
1738681075304 140.2805058525424 20
1738681075348 145.876583667792 21
1738681075393 118.74470693971972 22
1738681075437 169.7999811922794 23
1738681075482 166.0740315796609 24
1738681075528 140.52398431930706 25
1738681075572 113.49565184205586 26
1738681075617 190.2154253170208 27
1738681075661 172.7709069236775 28
1738681075706 162.92378224510855 29
1738681075751 142.732072174727 30
1738681075797 285.92526945526765 31
1738681075844 93.17029629011037 32
1738681075888 173.78464066260358 33
1738681075933 197.41766761865514 34
1738681075978 200.13743674559228 35
1738681076022 96.52452240020928 36
1738681076068 190.23347067806532 37
1738681076112 278.88545376120254 38
1738681076157 236.80571314986838 39
1738681076202 165.20292112772393 40
1738681076246 185.6961394512878 41
1738681076291 161.21298062373904 42
1738681076335 126.55953514018506 43
1738681076380 146.33404413736923 44
1738681076426 190.41079975428661 45
1738681076471 178.45040764162084 46
1738681076517 88.5041660911911 47
1738681076562 183.05468972951692 48
1738681076608 164.6659279213502 49
1738681076652 140.75264821211798 50
1738681076696 115.49045684486633 51
1738681076741 171.05728654607117 52
1738681076785 41.90425294708738 53
1738681076829 181.61658383355623 54
1738681076874 139.2821519760497 55
1738681076919 168.344412484035 56
1738681076963 134.85059514962344 57
1738681077008 165.3660870080876 58
1738681077055 144.06591224369532 59
1738681077103 106.12712206155308 60
1738681077150 190.98017288866717 61
1738681077196 196.92096279374616 62
1738681077241 176.43484802270834 63
1738681077286 155.70101116725863 64
1738681077330 200.06708308586477 65
1738681077376 162.53268417376816 66
1738681077422 194.37010334852712 67
1738681077467 195.01431588341262 68
1738681077512 182.14551385382558 69
1738681077557 199.9721809974584 70
1738681077602 264.829272751561 71
1738681077646 197.51996824523184 72
1738681077692 195.26054343498677 73
1738681077736 154.09808630019813 74
1738681077781 94.54237710036477 75
1738681077826 220.55727134307944 76
1738681077871 171.7854588504022 77
1738681077914 222.30224670480354 78
1738681077959 161.51210209513602 79
1738681078004 225.23875195021046 80
1738681078048 214.32607795187718 81
1738681078093 149.00255466140314 82
1738681078138 184.67491856967501 83
1738681078183 187.96570057356223 84
1738681078228 124.83606593561309 85
1738681078272 115.34887243076365 86
1738681078317 242.05937712623287 87
1738681078361 189.17031000490314 88
1738681078406 155.69934513324588 89
1738681078450 156.3998597286516 90
1738681078495 155.3822048828582 91
1738681078539 211.41732829298994 92
1738681078584 318.39703345091925 93
1738681078629 196.51696979427243 94
1738681078674 186.251074515964 95
1738681078718 187.37636168483408 96
1738681078764 146.77401625481824 97
1738681078808 161.7332557356443 98
1738681078853 156.75860373481103 99
1738681078897 144.89944978989948 100
1738681078942 348.9211177240984 101
1738681078986 112.0559024054172 102
1738681079031 203.0908886249433 103
1738681079075 182.07582275990393 104
1738681079120 200.90034312542184 105
1738681079164 195.26196591523387 106
1738681079208 173.67056491145883 107
1738681079253 144.24215623491114 108
1738681079298 160.908926455266 109
1738681079343 212.70064108314176 110
1738681079387 180.1393932545481 111
1738681079432 304.7774680453277 112
1738681079477 169.12074007777133 113
1738681079521 144.2322783704687 114
1738681079566 203.17397165759863 115
1738681079610 177.4336208233161 116
1738681079655 179.3732724507274 117
1738681079699 159.2831904565067 118
1738681079744 172.38503093438442 119
1738681079789 96.95012653486113 120
1738681079834 224.47222323694905 121
1738681079878 167.31805780398687 122
1738681079923 122.07642989672583 123
1738681079968 187.0339725644554 124
1738681080012 198.86856205232036 125
1738681080057 150.63779224855665 126
1738681080101 162.10711070380444 127
1738681080146 147.3249416782875 128
1738681080190 122.56770071142515 129
1738681080235 197.38307442329835 130
1738681080280 110.6596675588218 131
1738681080325 168.78857687806462 132
1738681080369 152.78398465392027 133
1738681080414 166.02635613737144 134
1738681080458 270.4851864026614 135
1738681080503 268.4656446129417 136
1738681080548 165.76954933580632 137
1738681080593 156.72363144430707 138
1738681080638 254.65195555617026 139
1738681080682 204.05943686643374 140
1738681080727 106.1020719878632 141
1738681080772 188.39022740587015 142
1738681080816 124.25968708906831 143
1738681080862 58.53129717319925 144
1738681080907 70.01233015075911 145
1738681080952 81.19215320057437 146
1738681080996 164.2703279299547 147
1738681081041 205.51349833497278 148
1738681081085 148.11134525491823 149
1738681081130 120.16278306154982 150
1738681081174 175.40901411962824 151
1738681081218 100.64585306540525 152
1738681081263 113.59691873469036 153
1738681081307 154.6643368194773 154
1738681081353 187.18637133185746 155
1738681081398 104.43255884772229 156
1738681081443 178.4008313974323 157
1738681081488 171.8881498547731 158
1738681081533 201.94468645814825 159
1738681081577 230.22693215023844 160
1738681081622 192.94352619326347 161
1738681081667 251.19858824287837 162
1738681081711 172.0992531381038 163
1738681081756 194.0729587366345 164
1738681081801 174.80479538300037 165
1738681081845 165.5968822811931 166
1738681081890 168.26859264578147 167
1738681081935 143.5058192074322 168
1738681081979 213.1604783390088 169
1738681082023 168.44211688170887 170
1738681082068 171.64254233348086 171
1738681082113 104.4621788257783 172
1738681082157 149.83437486063067 173
1738681082202 184.4892229780581 174
1738681082247 201.31377779886688 175
1738681082291 149.93969259481125 176
1738681082335 211.52442229522498 177
1738681082380 180.82508332487055 178
1738681082424 83.77715391716481 179
1738681082469 90.4735549378243 180
1738681082514 180.63959533509598 181
1738681082559 153.6266411271697 182
1738681082604 182.8963028611907 183
1738681082649 146.89848877880954 184
1738681082693 128.60912240890158 185
1738681082737 115.78326563240786 186
1738681082783 155.02700498456267 187
1738681082827 187.8701370999952 188
1738681082873 214.39018580062358 189
1738681082917 116.03717276081576 190
1738681082962 159.8444245453822 191
1738681083007 175.22794304394787 192
1738681083052 221.18062139961123 193
1738681083097 145.92850831974997 194
1738681083141 185.16438480649924 195
1738681083186 140.0451112049235 196
1738681083231 216.21865635705424 197
1738681083275 123.34731088993827 198
1738681083320 147.8663726388139 199
1738681083365 169.96506644708342 200
1738681083410 164.04033404513822 201
1738681083455 149.7619230694881 202
1738681083500 308.03255607723213 203
1738681083545 126.36411103684922 204
1738681083590 130.50121619989613 205
1738681083635 285.9975608694692 206
1738681083679 153.0601560095591 207
1738681083724 152.34245205937546 208
1738681083769 90.28354773484165 209
1738681083813 214.34680034005171 210
1738681083858 173.45536427521102 211
1738681083903 166.2142871973009 212
1738681083947 188.54795968807025 213
1738681083993 158.87291794168996 214
1738681084038 189.83463845706413 215
1738681084084 175.675723672566 216
1738681084128 122.70970431220998 217
1738681084173 168.17637797209582 218
1738681084217 189.79501791686744 219
1738681084262 192.53360789070115 220
1738681084307 176.6811086429026 221
1738681084351 149.21831600238067 222
1738681084396 155.3158616898566 223
1738681084440 202.10006536563728 224
1738681084484 206.69901518783595 225
1738681084529 192.4607034294579 226
1738681084574 156.78921846373157 227
1738681084620 166.37849756755932 228
1738681084664 77.12811579992393 229
1738681084709 165.7238298908277 230
1738681084754 145.8771529449019 231
1738681084798 130.89724816606972 232
1738681084843 147.77761385579987 233
1738681084888 174.19441311336035 234
1738681084933 162.3290887770389 235
1738681084977 267.4839355658094 236
1738681085022 163.88754079686277 237
1738681085066 245.11230574400727 238
1738681085111 181.63107271955096 239
1738681085156 129.06277887522296 240
1738681085201 184.56097797916175 241
1738681085245 103.0203147552182 242
1738681085290 179.99734284194386 243
1738681085335 316.82034264759756 244
1738681085379 170.7779180078344 245
1738681085423 224.95044093912003 246
1738681085468 172.77930136872007 247
1738681085512 156.4544816552559 248
1738681085556 115.3664693631386 249
1738681085600 160.03270679878906 250
1738681085645 216.6428099057044 251
1738681085691 180.59172591962312 252
1738681085736 219.8631833344154 253
1738681085780 187.02302610371862 254
1738681085825 114.00892108942327 255
1738681085869 180.01371574624332 256
1738681085914 108.10878309891221 257
1738681085958 198.8897884459538 258
1738681086003 162.23150161867667 259
1738681086047 105.0751661482838 260
1738681086092 164.01266037218954 261
1738681086136 178.87498483077235 262
1738681086182 184.73792745054664 263
1738681086228 160.9397635154211 264
1738681086272 201.1413581386775 265
1738681086317 174.83559146847116 266
1738681086361 196.15199327295883 267
1738681086406 146.74098133410143 268
1738681086451 208.28963538780573 269
1738681086495 189.5525123364662 270
1738681086540 164.7863302425039 271
1738681086585 173.36235689967432 272
1738681086629 82.09072529435348 273
1738681086674 248.3668694651301 274
1738681086719 143.0365886605059 275
1738681086764 204.54505082517963 276
1738681086809 155.4593633041067 277
1738681086854 156.3708252646526 278
1738681086898 140.4817289779298 279
1738681086942 197.87748892173116 280
1738681086986 80.441723856599 281
1738681087031 216.41079658120907 282
1738681087075 157.83637393498807 283
1738681087120 121.8264491813656 284
1738681087164 172.43819897884126 285
1738681087209 99.29778030404208 286
1738681087254 157.1502829690353 287
1738681087300 179.39872174447657 288
1738681087344 199.61901172522448 289
1738681087389 95.56492496216384 290
1738681087433 203.19430810662251 291
1738681087477 166.37363434871025 292
1738681087522 222.32954854843283 293
1738681087567 205.63242915507684 294
1738681087612 94.98835343309298 295
1738681087656 154.99863373710335 296
1738681087700 183.6818606796397 297
1738681087745 168.61415919531993 298
1738681087789 180.16934966068197 299
1738681087834 178.29614135524105 300
1738681087879 192.0045759072891 301
1738681087923 58.97528422074185 302
1738681087967 65.94686907808025 303
1738681088012 194.35451912866586 304
1738681088056 206.09609870607503 305
1738681088100 166.47958078068814 306
1738681088145 134.7327195557525 307
1738681088189 182.6392302166273 308
1738681088233 217.4469367873033 309
1738681088278 164.9272133955977 310
1738681088323 187.98834134931857 311
1738681088368 184.3748228478571 312
1738681088412 178.8604656169644 313
1738681088457 97.80202125691811 314
1738681088501 160.13201009376107 315
1738681088547 55.95888521622754 316
1738681088591 150.7891234551352 317
1738681088635 168.1597839219892 318
1738681088680 130.2909077973079 319
1738681088725 198.58728988001897 320
1738681088770 167.76444681660914 321
1738681088814 165.52044698073178 322
1738681088859 102.06594180326954 323
1738681088904 136.00412007232092 324
1738681088949 237.93209546108207 325
1738681088993 156.25024895219218 326
1738681089037 120.46334306937163 327
1738681089083 199.83449627497524 328
1738681089128 169.37854063079473 329
1738681089172 231.8351122223374 330
1738681089217 164.61730665485746 331
1738681089262 182.261915407441 332
1738681089306 202.735380015703 333
1738681089351 77.35739854830136 334
1738681089395 103.32880052851422 335
1738681089441 343.83732231645575 336
1738681089486 176.602888850082 337
1738681089530 105.64447940884257 338
1738681089574 203.2075965351961 339
1738681089620 213.87833846474712 340
1738681089665 171.98189908750598 341
1738681089709 165.65278321987606 342
1738681089754 155.33297386006552 343
1738681089797 105.93961159832718 344
1738681089842 150.6634051492962 345
1738681089887 186.23738814528696 346
1738681089931 146.19884859693326 347
1738681089976 185.12641671616964 348
1738681090021 139.02316631489123 349
1738681090065 253.37576882847355 350
1738681090110 199.26919009424256 351
1738681090154 139.87121752049492 352
1738681090199 46.242744400927194 353
1738681090243 127.36386364122131 354
1738681090288 159.55632506659913 355
1738681090333 176.76380041383828 356
1738681090377 171.00256622355468 357
1738681090422 71.31007105354566 358
1738681090466 139.40172815058168 359
1738681090511 151.74348492802162 360
1738681090555 186.8816254594526 361
1738681090600 170.53753317857732 362
1738681090645 183.85214322222353 363
1738681090689 98.48028207979355 364
1738681090734 171.348102178939 365
1738681090778 175.98903400105343 366
1738681090823 106.88608007235803 367
1738681090868 206.7419446702188 368
1738681090913 177.88875101985113 369
1738681090957 158.9420438521479 370
1738681091002 191.73210167014568 371
1738681091051 164.81281226961306 372
1738681091095 219.65166865213675 373
1738681091140 141.342468441773 374
1738681091185 80.45748133040614 375
1738681091229 172.13315750993934 376
1738681091274 205.33340088173887 377
1738681091318 146.06303763079256 378
1738681091363 73.68068733705665 379
1738681091408 234.27096357763526 380
1738681091452 182.8000006548554 381
1738681091496 205.20916499182667 382
1738681091541 177.02383441584067 383
1738681091586 109.34985905524569 384
1738681091630 145.5459913414982 385
1738681091675 158.2151202976 386
1738681091720 107.11363104824763 387
1738681091764 149.08464132001475 388
1738681091809 181.29834124292174 389
1738681091854 164.98713160735892 390
1738681091899 300.818050712281 391
1738681091943 184.8910339089988 392
1738681091988 199.5534318461937 393
1738681092033 237.07063240464532 394
1738681092077 155.86927265975254 395
1738681092122 200.73219320302772 396
1738681092167 250.9421650137466 397
1738681092212 190.20161305447903 398
1738681092257 168.19179613260377 399
1738681092302 155.9327495380788 400
1738681092347 152.69888032648376 401
1738681092391 79.87875397541464 402
1738681092436 102.34858077282014 403
1738681092480 166.2489641390523 404
1738681092525 130.2984331295554 405
1738681092570 171.30080233091977 406
1738681092614 166.34980610368063 407
1738681092659 184.3409309826688 408
1738681092704 171.46965440825159 409
1738681092749 232.46139691590886 410
1738681092793 183.23837721510722 411
1738681092838 143.609890590561 412
1738681092883 196.5359765687453 413
1738681092928 220.20198568728586 414
1738681092973 169.90024246627132 415
1738681093018 177.29254294528963 416
1738681093063 157.38082935807628 417
1738681093108 187.2761137239959 418
1738681093153 170.28709545478122 419
1738681093197 177.17489885147808 420
1738681093242 187.56521885785247 421
1738681093286 208.72173637143277 422
1738681093331 254.50801882896727 423
1738681093375 167.90145611252925 424
1738681093420 220.75914930881035 425
1738681093464 190.66439708662054 426
1738681093509 160.30087520195926 427
1738681093553 162.153995276359 428
1738681093597 159.04885609646837 429
1738681093642 200.5859047887511 430
1738681093688 171.81279139501248 431
1738681093733 200.40458263056942 432
1738681093777 139.895130380234 433
1738681093822 132.37456510461556 434
1738681093866 216.3276666641021 435
1738681093911 216.07894348597478 436
1738681093955 135.78945835211186 437
1738681093999 186.809239927282 438
1738681094044 183.2034193939722 439
1738681094089 158.60469935660137 440
1738681094134 152.59173865943214 441
1738681094179 197.3299892049366 442
1738681094225 161.43836652242967 443
1738681094269 194.69462188612945 444
1738681094314 167.51283055879966 445
1738681094358 120.63547900969691 446
1738681094402 182.24879993676305 447
1738681094447 172.51893943594686 448
1738681094492 128.83510645903672 449
1738681094536 145.1009439495878 450
1738681094581 72.35694474099355 451
1738681094625 181.10248627877897 452
1738681094670 202.5366441233791 453
1738681094715 186.32962141687355 454
1738681094760 116.3618617993039 455
1738681094805 164.21220960391062 456
1738681094850 156.11115360580283 457
1738681094894 172.5886826871623 458
1738681094939 105.10978520177096 459
1738681094983 126.13495250652748 460
1738681095027 157.88335001121152 461
1738681095072 153.8840868909812 462
1738681095116 162.16237083931188 463
1738681095161 136.69502713370176 464
1738681095206 180.7623563238077 465
1738681095251 173.39568028043968 466
1738681095296 189.61442358919652 467
1738681095341 203.47428534958587 468
1738681095385 162.67845136000886 469
1738681095430 146.99496699288684 470
1738681095474 229.44483103229712 471
1738681095519 138.65921393254453 472
1738681095563 154.334879748297 473
1738681095607 81.41127119632725 474
1738681095652 166.5044843219483 475
1738681095696 188.16601728328268 476
1738681095741 172.355749392091 477
1738681095785 87.18653556007709 478
1738681095831 173.35706238802968 479
1738681095875 145.22955502934076 480
1738681095920 187.82379448469158 481
1738681095964 167.34837418597297 482
1738681096008 174.61898522130903 483
1738681096053 180.88901157645176 484
1738681096098 127.58823605047232 485
1738681096142 192.19441324479797 486
1738681096186 152.69982860023538 487
1738681096231 204.5645354633341 488
1738681096276 116.49600064223661 489
1738681096321 180.8797266365821 490
1738681096366 193.12029030964473 491
1738681096410 169.45161572445687 492
1738681096455 168.49345666024888 493
1738681096499 151.50818294616747 494
1738681096544 141.1511528597526 495
1738681096588 146.75331114721257 496
1738681096633 214.48702199898727 497
1738681096677 156.37659654885562 498
1738681096722 178.1536768881259 499
