1738825326130 213.1658895676063 0
1738825326164 232.38011177766546 1
1738825326199 145.54942973832777 2
1738825326233 111.66578527380624 3
1738825326266 176.98268821906893 4
1738825326300 140.79315724615807 5
1738825326333 191.61598148573262 6
1738825326366 184.42674139410576 7
1738825326399 150.02170684630812 8
1738825326432 210.86698498955863 9
1738825326466 198.20125661316104 10
1738825326499 137.9372693713893 11
1738825326532 174.3618032592164 12
1738825326564 118.81922644762217 13
1738825326598 150.96226889722368 14
1738825326632 157.57240833310547 15
1738825326667 216.83411635098008 16
1738825326701 178.11132095714729 17
1738825326734 144.4409502778839 18
1738825326767 225.7517947559822 19
1738825326800 201.06709344395682 20
1738825326833 173.67547280452865 21
1738825326866 160.35125710993702 22
1738825326899 171.2582855795563 23
1738825326932 198.55750678236882 24
1738825326965 114.24523745259178 25
1738825326998 175.0178665205929 26
1738825327031 102.9383416649887 27
1738825327064 181.12468278626045 28
1738825327097 147.50882068251462 29
1738825327130 205.15694055065256 30
1738825327163 159.89078056376073 31
1738825327196 103.42395235166778 32
1738825327228 161.52858121910637 33
1738825327261 122.33440329414242 34
1738825327294 92.12684554380391 35
1738825327328 191.41873906529423 36
1738825327360 185.63886281056787 37
1738825327394 181.22232525494837 38
1738825327427 78.88941953398263 39
1738825327461 161.24382204319028 40
1738825327494 124.5004987008666 41
1738825327527 235.6623555904811 42
1738825327560 259.0076452738497 43
1738825327593 164.7152387355164 44
1738825327625 172.63132419114808 45
1738825327658 208.06121527450486 46
1738825327690 174.35252698085517 47
1738825327723 161.87039860003463 48
1738825327756 67.80394126538799 49
1738825327789 149.54323772168297 50
1738825327822 237.79987691722104 51
1738825327854 98.97705020824931 52
1738825327887 215.1185716453802 53
1738825327921 136.2723953892413 54
1738825327954 98.9946416610414 55
1738825327987 148.0282122838723 56
1738825328020 196.46247750965347 57
1738825328052 156.54305270513854 58
1738825328085 141.64828289446322 59
1738825328118 191.1293228169259 60
1738825328153 202.15607389965143 61
1738825328189 155.82933394527953 62
1738825328224 122.445255982593 63
1738825328260 212.79091976127626 64
1738825328295 238.48687621926717 65
1738825328332 174.0768622360573 66
1738825328381 148.48693817832378 67
1738825328418 206.18741044121836 68
1738825328455 211.02171176828307 69
1738825328492 168.81978126200627 70
1738825328528 136.98546513925066 71
1738825328566 145.33528913227036 72
1738825328602 163.01379273094855 73
1738825328638 179.86872895114112 74
1738825328671 181.36241356936154 75
1738825328705 114.33418222011532 76
1738825328742 104.37458192445483 77
1738825328795 173.24350965753615 78
1738825328840 392.8414303301981 79
1738825328886 217.40925503524048 80
1738825328928 74.59400981849514 81
1738825328964 192.5462472641942 82
1738825328999 188.43862435118933 83
1738825329034 159.8119359716462 84
1738825329068 123.29851291783672 85
1738825329103 174.4868410728935 86
1738825329138 184.08804798204764 87
1738825329174 204.4013041021589 88
1738825329207 199.34446952326545 89
1738825329240 154.319098391077 90
1738825329272 124.7884880634566 91
1738825329306 144.40114009401321 92
1738825329340 156.99055816094443 93
1738825329373 118.24094778833661 94
1738825329405 100.2078730333602 95
1738825329439 187.19051573039206 96
1738825329496 121.31949262675298 97
1738825329536 64.68111225758138 98
1738825329572 250.3501270943068 99
1738825329607 158.81921699537756 100
1738825329642 172.00562823006632 101
1738825329677 190.6410451831254 102
1738825329712 230.27291171479757 103
1738825329748 197.5519844706699 104
1738825329783 215.71402252163537 105
1738825329817 133.73813661854112 106
1738825329852 162.4753418365936 107
1738825329885 163.25424668033136 108
1738825329920 137.39297273544227 109
1738825329953 153.80966325282205 110
1738825329987 195.07613610577204 111
1738825330020 116.14747534696072 112
1738825330052 210.39338433287045 113
1738825330085 552.9021727776108 114
1738825330118 132.34559500355937 115
1738825330152 148.64978416304524 116
1738825330185 168.4571692884306 117
1738825330219 124.34257720325087 118
1738825330252 177.08078448956243 119
1738825330285 146.56585164384174 120
1738825330318 212.08127494499846 121
1738825330351 217.396849856087 122
1738825330384 179.095411970202 123
1738825330416 241.86819573849618 124
1738825330449 189.4533305392155 125
1738825330483 177.22971243379632 126
1738825330517 189.64467492595125 127
1738825330551 203.34806051928086 128
1738825330584 219.12776804954905 129
1738825330617 130.3294619229898 130
1738825330651 165.2683181029207 131
1738825330683 176.20085139418129 132
1738825330716 155.70923415334434 133
1738825330749 231.32935798941924 134
1738825330782 215.85340707782984 135
1738825330816 179.29737319738473 136
1738825330849 178.52976080285637 137
1738825330882 186.833973126961 138
1738825330915 189.2723085301607 139
1738825330949 190.1627346552838 140
1738825330983 181.92586416131454 141
1738825331017 345.41703720589237 142
1738825331049 113.3989003178028 143
1738825331082 168.7266270729861 144
1738825331115 192.00793098407632 145
1738825331148 107.32858136826505 146
1738825331181 224.6046704224925 147
1738825331214 87.37723467444336 148
1738825331247 169.30213380313222 149
1738825331280 167.04172913506733 150
1738825331315 163.75564941070897 151
1738825331348 156.30881363735244 152
1738825331380 243.85497441750275 153
1738825331413 202.48505500855214 154
1738825331446 158.47062498406984 155
1738825331479 171.59321554778904 156
1738825331513 160.64585200107598 157
1738825331546 135.5665863889786 158
1738825331579 136.52813687974896 159
1738825331613 201.8932458682075 160
1738825331645 210.84753084574172 161
1738825331679 189.65894006432003 162
1738825331712 171.05329213221228 163
1738825331745 183.791521868849 164
1738825331778 308.32646703746445 165
1738825331812 144.65566923739917 166
1738825331845 186.4347317228291 167
1738825331878 219.06269675967948 168
1738825331911 156.87939604816256 169
1738825331944 328.323671284292 170
1738825331977 102.64981808480488 171
1738825332009 101.73468885896413 172
1738825332046 62.2585915074305 173
1738825332082 155.74840020090798 174
1738825332117 184.30312520905775 175
1738825332151 158.95722973649183 176
1738825332184 221.5363521901346 177
1738825332217 198.64645766799373 178
1738825332250 124.63931198011822 179
1738825332283 175.80370468069287 180
1738825332316 184.6202008466958 181
1738825332349 235.32434268377716 182
1738825332382 167.73714350632326 183
1738825332415 160.58164134514737 184
1738825332448 155.78735988436696 185
1738825332487 147.94451120357138 186
1738825332522 106.97214082944045 187
1738825332555 171.65152936997913 188
1738825332588 159.76327348058527 189
1738825332622 201.68865648825857 190
1738825332655 168.5039875816166 191
1738825332688 122.63592642034841 192
1738825332721 116.99238858073859 193
1738825332755 173.27557586948177 194
1738825332789 210.45886817360858 195
1738825332823 194.767750146266 196
1738825332856 130.66295757974825 197
1738825332889 152.0188420443676 198
1738825332922 163.05103285862444 199
1738825332955 174.34758305145738 200
1738825332987 123.83222266167697 201
1738825333020 199.50166015571543 202
1738825333053 169.24164447344 203
1738825333086 202.7296986583836 204
1738825333119 199.13665393093902 205
1738825333151 126.35608393616369 206
1738825333184 138.256277788448 207
1738825333217 157.37516111559395 208
1738825333250 151.66544444266108 209
1738825333284 158.39172532550342 210
1738825333317 175.58651161039924 211
1738825333351 132.13438426264682 212
1738825333383 149.18618634435464 213
1738825333416 179.963878671477 214
1738825333449 186.42326273387022 215
1738825333482 194.14038156225695 216
1738825333514 149.99002341828074 217
1738825333547 147.93913590597612 218
1738825333580 334.98975134337235 219
1738825333612 160.628068267836 220
1738825333645 185.98527937385674 221
1738825333678 183.75260870491277 222
1738825333711 93.68054282982702 223
1738825333744 164.31047513655446 224
1738825333777 210.7235461568016 225
1738825333810 114.34591007805362 226
1738825333844 347.2096474619742 227
1738825333878 182.02528529027612 228
1738825333910 180.83619390582388 229
1738825333944 184.3502960621419 230
1738825333977 146.12595304366033 231
1738825334010 151.6146648911822 232
1738825334042 191.83868158592523 233
1738825334075 248.65790908365784 234
1738825334108 203.7352523958254 235
1738825334140 122.80992369497301 236
1738825334173 84.6563639286064 237
1738825334206 674.4194435648417 238
1738825334239 116.61832589698156 239
1738825334272 170.12371512563567 240
1738825334306 173.67532078590853 241
1738825334338 168.17368010067813 242
1738825334371 165.91583300452217 243
1738825334404 149.07537545273766 244
1738825334439 161.57256442310737 245
1738825334473 177.65630545215066 246
1738825334506 163.38944962563775 247
1738825334539 159.89967813270096 248
1738825334571 220.92279626888816 249
1738825334604 95.10940050234112 250
1738825334637 162.01650784441503 251
1738825334669 96.37770958526336 252
1738825334702 161.70850804872862 253
1738825334735 174.5927831274326 254
1738825334769 169.05032991992593 255
1738825334802 169.43710544361625 256
1738825334835 154.03215242913933 257
1738825334868 117.20919848723348 258
1738825334900 198.6611877620797 259
1738825334933 191.86597041792987 260
1738825334966 119.3571661334137 261
1738825334999 157.88159689258734 262
1738825335032 263.623442220145 263
1738825335065 118.42668408747609 264
1738825335098 169.99203484299505 265
1738825335131 199.24741308125047 266
1738825335164 222.89431949762468 267
1738825335197 182.21928394514262 268
1738825335230 180.77545870690605 269
1738825335263 145.62811644679343 270
1738825335295 142.99719297664717 271
1738825335330 98.30785411790879 272
1738825335363 180.43226631275675 273
1738825335395 163.56063143178307 274
1738825335428 178.54557085655222 275
1738825335460 99.85603196669017 276
1738825335493 381.48113015699266 277
1738825335525 107.94919624717336 278
1738825335558 139.6581828566595 279
1738825335591 71.09835193302594 280
1738825335624 160.95968491478018 281
1738825335656 135.36274510572633 282
1738825335689 220.63118111653813 283
1738825335721 246.78345547963818 284
1738825335755 139.6195389161757 285
1738825335788 162.0155252943441 286
1738825335821 168.74104937788945 287
1738825335855 341.7049463092797 288
1738825335892 98.33366364293688 289
1738825335928 180.15238682925585 290
1738825335961 205.4435550629696 291
1738825335994 199.4866808756743 292
1738825336027 182.42201964091018 293
1738825336060 178.440416465997 294
1738825336092 193.61044738503335 295
1738825336125 405.71292484321947 296
1738825336158 140.89964160547913 297
1738825336191 184.49195413685732 298
1738825336223 186.8568036306194 299
1738825336256 145.4842317689902 300
1738825336288 191.8248394249047 301
1738825336321 140.9900666825856 302
1738825336354 179.92403095599636 303
1738825336387 202.5637924287363 304
1738825336420 192.87347295421108 305
1738825336453 216.20138886198973 306
1738825336487 160.70291825526604 307
1738825336522 175.45978515220298 308
1738825336556 197.51745915182153 309
1738825336590 180.2618705038113 310
1738825336622 167.4262271242724 311
1738825336666 186.8877823495101 312
1738825336717 150.75997308515645 313
1738825336762 181.08428147643383 314
1738825336798 173.29903469065422 315
1738825336833 102.80734546685261 316
1738825336870 125.00140193396435 317
1738825336905 169.96384909570176 318
1738825336939 153.55029593881113 319
1738825336974 84.43503399788466 320
1738825337008 359.0853945076102 321
1738825337041 149.90828629288438 322
1738825337074 176.05603412035 323
1738825337108 197.3256182458785 324
1738825337142 193.16084895166895 325
1738825337175 179.82884841511785 326
1738825337207 199.47392169815265 327
1738825337240 158.76043954016686 328
1738825337273 145.06701892565906 329
1738825337305 205.3396790513403 330
1738825337338 174.6296212674491 331
1738825337371 167.3104452432234 332
1738825337403 164.78672938656848 333
1738825337435 190.65164185199566 334
1738825337477 157.25082201623204 335
1738825337512 125.71965692093993 336
1738825337546 267.37264334135176 337
1738825337579 159.1803061074903 338
1738825337612 168.67101039005018 339
1738825337646 149.61257641188737 340
1738825337679 157.1394792458762 341
1738825337712 308.3799549154789 342
1738825337744 335.68866465947167 343
1738825337777 126.36878578877257 344
1738825337811 163.96732558843473 345
1738825337844 163.29709712147107 346
1738825337878 195.04467744007098 347
1738825337910 272.94604559794635 348
1738825337943 117.30502174723851 349
1738825337976 223.4960291605235 350
1738825338009 175.06935912028013 351
1738825338042 155.6069401755836 352
1738825338076 172.76464925271307 353
1738825338109 148.5272408692162 354
1738825338143 199.9633061309179 355
1738825338176 216.95615567685792 356
1738825338208 178.27036780395093 357
1738825338241 154.604513564867 358
1738825338274 203.27231834542994 359
1738825338309 120.42566660235146 360
1738825338349 152.20906385300535 361
1738825338396 147.4092219868646 362
1738825338433 174.2814752458942 363
1738825338467 160.35681063565374 364
1738825338501 247.4974447502261 365
1738825338536 171.72760608432114 366
1738825338570 127.0732544024714 367
1738825338604 168.13012504289046 368
1738825338680 167.6824895977778 369
1738825338716 245.99538998441545 370
1738825338751 141.88402097106874 371
1738825338786 131.86659499267464 372
1738825338820 321.7320796853212 373
1738825338855 134.40712967726813 374
1738825338888 208.74160313569382 375
1738825338921 208.99574892461783 376
1738825338954 150.21044376457462 377
1738825338988 140.59056209412316 378
1738825339022 119.70550673258461 379
1738825339055 117.75427446984207 380
1738825339088 214.46742390045097 381
1738825339122 168.2779712242817 382
1738825339154 145.60045887132517 383
1738825339187 158.344602225192 384
1738825339220 155.06868563637494 385
1738825339254 165.36640093878123 386
1738825339287 140.39654846577872 387
1738825339320 149.21407858905533 388
1738825339357 181.4538784158707 389
1738825339392 205.00508408351826 390
1738825339428 187.15896507565841 391
1738825339467 193.5174011211983 392
1738825339503 123.6838856117661 393
1738825339536 128.72762551853538 394
1738825339570 156.9442168364956 395
1738825339603 102.5853644632154 396
1738825339636 116.93699238793994 397
1738825339668 154.6904000717645 398
1738825339701 151.20792348364847 399
1738825339734 94.85321093861019 400
1738825339767 109.36710612188809 401
1738825339800 147.29790836565587 402
1738825339839 155.00949840745858 403
1738825339878 196.1849837574665 404
1738825339917 80.34282101121528 405
1738825339954 184.92694600004756 406
1738825339991 168.07216636528085 407
1738825340026 92.57523260494408 408
1738825340061 208.07299106439467 409
1738825340096 207.17135662714526 410
1738825340131 168.53085455729354 411
1738825340167 194.41780337164593 412
1738825340203 169.76207607121688 413
1738825340240 168.061750335938 414
1738825340275 167.3943033201691 415
1738825340310 180.07446270418615 416
1738825340345 168.69506774493013 417
1738825340380 178.39034097884598 418
1738825340415 415.74442841205973 419
1738825340456 98.59898017223392 420
1738825340496 139.9191193175706 421
1738825340532 175.82170280663576 422
1738825340568 189.7907924124916 423
1738825340605 225.32631924581653 424
1738825340640 174.51322948991069 425
1738825340675 84.90952275394767 426
1738825340710 125.33976848683741 427
1738825340746 200.08818114810668 428
1738825340783 149.76620420589933 429
1738825340820 74.79965181812553 430
1738825340857 290.2332829215827 431
1738825340893 116.87107458080828 432
1738825340929 176.74281424076327 433
1738825340965 144.9283666188111 434
1738825341002 177.3597456259876 435
1738825341042 174.2504470395436 436
1738825341103 154.28831454762988 437
1738825341142 137.88972053491185 438
1738825341189 173.83959972760286 439
1738825341226 245.01898040606974 440
1738825341263 171.30963221877207 441
1738825341300 119.60478801097995 442
1738825341336 146.19149530930258 443
1738825341371 116.55169042583579 444
1738825341407 160.3499832124189 445
1738825341445 148.50013960939293 446
1738825341481 235.29461613882864 447
1738825341517 181.94129632576528 448
1738825341553 201.98946426072908 449
1738825341589 219.17645468189428 450
1738825341624 156.6380101814704 451
1738825341660 199.52665547535716 452
1738825341696 154.9416789874645 453
1738825341731 141.32658411536747 454
1738825341766 160.65448596535003 455
1738825341801 194.9404708843796 456
1738825341835 210.82381111684975 457
1738825341868 173.875974991017 458
1738825341901 237.8030026300193 459
1738825341934 167.02698557050215 460
1738825341968 159.663187668524 461
1738825342002 191.4768187871903 462
1738825342036 228.2193112603179 463
1738825342069 181.373228392923 464
1738825342103 232.06913746788578 465
1738825342136 180.6028803901188 466
1738825342168 147.03210180038303 467
1738825342201 170.1686813124943 468
1738825342234 160.4682712436959 469
1738825342269 126.26277104253086 470
1738825342304 118.05389802965206 471
1738825342338 122.45843709504469 472
1738825342371 106.28512625247328 473
1738825342405 205.42484716994983 474
1738825342440 191.80420378227367 475
1738825342473 250.975966662758 476
1738825342506 104.60472078172354 477
1738825342539 146.38589353290374 478
1738825342572 180.63203956606716 479
1738825342605 161.8766870290245 480
1738825342638 328.4560093111532 481
1738825342671 123.44519137193298 482
1738825342703 247.3415813588638 483
1738825342736 148.27768334946748 484
1738825342768 192.5505409270538 485
1738825342802 214.1399497069932 486
1738825342835 216.78573831562346 487
1738825342868 160.52035532225082 488
1738825342901 170.6562057337827 489
1738825342934 231.68767513086735 490
1738825342968 144.3482833280492 491
1738825343001 203.75233955638294 492
1738825343034 189.87276971096267 493
1738825343067 85.70969675757685 494
1738825343100 144.83781093079526 495
1738825343134 79.27036345288319 496
1738825343169 158.20532048140947 497
1738825343202 55.21068817202625 498
1738825343236 191.18784357582746 499
