1738826255694 154.98699105056497 0
1738826255741 178.43732996455455 1
1738826255786 160.04317434422924 2
1738826255830 168.66501427340643 3
1738826255876 166.81566929915286 4
1738826255923 170.38925342157464 5
1738826255971 168.47390565213604 6
1738826256017 166.61631166473333 7
1738826256062 171.9655740243385 8
1738826256108 158.16124231975448 9
1738826256154 180.90977411589648 10
1738826256200 177.72987459351205 11
1738826256246 169.2540845144121 12
1738826256292 175.72416614802432 13
1738826256338 162.2627131912468 14
1738826256383 148.38295535121821 15
1738826256429 190.8035946893287 16
1738826256476 184.68781060988078 17
1738826256521 183.814599067185 18
1738826256568 183.06090982247474 19
1738826256613 177.18487803245455 20
1738826256659 160.6338398723227 21
1738826256704 179.8502541021876 22
1738826256750 186.07992777104525 23
1738826256796 152.1816746797033 24
1738826256843 156.04193471101266 25
1738826256889 176.7422278439245 26
1738826256935 187.5140448782089 27
1738826256982 156.59664761750997 28
1738826257027 180.84338811209474 29
1738826257073 162.21240599371308 30
1738826257119 147.53456187943712 31
1738826257164 167.05290372920112 32
1738826257211 170.9659868997751 33
1738826257257 159.59653052193454 34
1738826257303 156.37586548879565 35
1738826257349 187.13718892488862 36
1738826257396 168.2018006466048 37
1738826257443 173.800626683113 38
