1738824251785 183.84785621159702 0
1738824251824 167.10449092536876 1
1738824251863 167.85454114595845 2
1738824251902 198.86259692066423 3
1738824251944 186.95804385634008 4
1738824251986 144.3760579051786 5
1738824252027 137.4305241368023 6
1738824252072 162.17773723645985 7
1738824252112 221.9053984727503 8
1738824252150 137.1875158625685 9
1738824252187 171.71698523984531 10
1738824252226 179.06297996287842 11
1738824252263 165.40539444506734 12
1738824252301 160.69277522509407 13
1738824252338 169.33477150699306 14
1738824252375 156.72646986204307 15
1738824252413 153.6495007690664 16
1738824252456 142.78247991294703 17
1738824252495 169.26696399628975 18
1738824252532 147.46075887126656 19
1738824252569 175.31150553729515 20
1738824252607 158.77910066329522 21
1738824252644 170.32379888734937 22
1738824252682 153.22875582754773 23
1738824252719 140.15781515240477 24
1738824252756 130.17183639147189 25
1738824252793 171.0099730145847 26
1738824252829 176.62918877324452 27
1738824252867 164.98064276039682 28
1738824252905 173.59341578488295 29
1738824252943 172.78866026654555 30
1738824252980 171.1796356414639 31
1738824253018 150.6768080834158 32
1738824253056 174.9621820831493 33
1738824253093 150.18943925477808 34
1738824253131 177.426907352831 35
1738824253169 176.43551582913025 36
1738824253207 185.70627240223624 37
1738824253245 179.90993454338283 38
1738824253282 164.36875981647307 39
1738824253320 168.79354594372083 40
1738824253357 183.77099818704286 41
1738824253394 161.34964513277808 42
1738824253431 155.3654663636839 43
1738824253468 163.9128979790444 44
1738824253504 142.83714272199737 45
1738824253542 170.12482581372046 46
1738824253580 167.1928754291991 47
1738824253619 176.02275227134396 48
1738824253657 167.37726245804885 49
1738824253694 151.57530916729988 50
1738824253731 150.31825171370335 51
1738824253769 186.23893328648387 52
1738824253808 161.93987389342158 53
1738824253846 167.0322130012364 54
1738824253884 177.88397128231526 55
1738824253921 166.46028431396195 56
1738824253959 136.73632121554857 57
1738824253996 181.03036660394878 58
1738824254035 156.50847853793488 59
1738824254072 178.49589325039014 60
1738824254111 153.7904840613516 61
1738824254149 138.29129882986126 62
1738824254186 202.4598979077842 63
1738824254224 164.7715093492772 64
1738824254262 186.16093524975597 65
1738824254299 163.07059930650914 66
1738824254338 164.56060091579997 67
1738824254375 188.82817525013095 68
1738824254413 163.41159318669256 69
1738824254450 157.67559105093315 70
1738824254487 182.68218066246195 71
1738824254534 160.9288744273678 72
1738824254619 150.6945212818434 73
1738824254660 149.65663863853175 74
1738824254700 183.82497442000792 75
1738824254739 174.86547666632904 76
1738824254781 169.32713039741338 77
1738824254822 176.51757723040407 78
1738824254865 159.4091595061884 79
1738824254908 175.2633776393661 80
1738824254947 194.3255230430198 81
1738824254986 158.3596918207901 82
1738824255025 149.69678108316174 83
1738824255062 173.39313581374824 84
1738824255100 132.8237186869835 85
1738824255139 177.77328741220703 86
1738824255177 153.03080101038 87
1738824255216 151.75552915452496 88
1738824255254 169.47163938174396 89
1738824255292 174.7316290245014 90
1738824255330 176.17894360927562 91
1738824255367 170.65634301814072 92
1738824255406 172.71559660035047 93
1738824255444 179.1883265448063 94
1738824255482 175.2663152313704 95
1738824255520 166.63836004550635 96
1738824255559 156.31386354150868 97
1738824255597 180.99251438616778 98
1738824255635 159.85547788094723 99
1738824255674 184.56464452233976 100
1738824255732 172.89147644051826 101
1738824255792 149.9364694293142 102
1738824255832 155.6509915315406 103
1738824255871 185.33560729306694 104
1738824255909 181.1585277623249 105
1738824255948 174.03226230958427 106
1738824255986 139.61981475987173 107
1738824256023 175.09476163068473 108
1738824256061 180.95705666287563 109
1738824256099 179.98586849953998 110
1738824256137 188.16648982915936 111
1738824256175 168.6855026700756 112
1738824256213 159.45704928000998 113
1738824256251 169.65468914602653 114
1738824256289 131.6222124601237 115
1738824256326 152.97886284970073 116
1738824256364 190.42450523604828 117
1738824256401 183.70796658609945 118
1738824256451 147.46287869582318 119
1738824256491 183.63710746863805 120
1738824256529 190.3532187601085 121
1738824256567 179.59949069563203 122
1738824256604 190.89208256849082 123
1738824256642 166.65374897390316 124
1738824256681 151.83387568468106 125
