1738825156710 169.2137179138256 0
1738825156733 169.19309591722865 1
1738825156756 169.17330762860394 2
1738825156773 169.15431866550298 3
1738825156793 169.13609607342312 4
1738825156822 169.11860826634899 5
1738825156838 169.10182496977282 6
1738825156854 169.0857171660891 7
1738825156871 169.07025704226552 8
1738825156888 169.05541793969485 9
1738825156909 169.0411743061368 10
1738825156936 169.02750164966287 11
1738825156955 169.01437649452055 12
1738825156970 169.00177633883692 13
1738825156989 168.98967961408488 14
1738825157005 168.97806564623886 15
1738825157026 168.96691461854857 16
1738825157046 168.95620753586496 17
1738825157064 168.9459261904518 18
1738825157088 168.9360531292227 19
