1738681136193 158.40071367160508 0
1738681136240 146.8828005883286 1
1738681136286 167.05125431113777 2
1738681136332 198.24257522019536 3
1738681136378 161.04044813413958 4
1738681136424 184.4421142387202 5
1738681136469 167.92922632863386 6
1738681136514 182.60400015927837 7
1738681136559 179.01697034044065 8
1738681136605 193.84411179938272 9
1738681136649 182.3737871001516 10
1738681136694 179.85652233461292 11
1738681136740 186.41175728443707 12
1738681136787 171.9962711740525 13
1738681136834 169.7462205923414 14
1738681136879 186.6595856591149 15
1738681136924 174.23073235229492 16
1738681136970 186.0573000468279 17
1738681137014 144.07140098010186 18
1738681137060 181.1658301980708 19
1738681137105 165.21609237892727 20
1738681137154 170.44605235875986 21
1738681137201 181.82702181560566 22
1738681137246 169.12323988278007 23
1738681137292 148.02322864609724 24
1738681137338 181.28706547368708 25
1738681137384 178.91495520237766 26
1738681137430 175.70301399161676 27
1738681137475 167.3589061409245 28
1738681137520 161.69843953505475 29
1738681137566 183.9315334005236 30
1738681137611 189.08325972331932 31
1738681137656 177.89959335263 32
1738681137700 158.75564216125915 33
1738681137746 151.57545925075883 34
1738681137793 160.32603888642876 35
1738681137838 165.25964908780153 36
1738681137883 190.9622372430772 37
1738681137929 159.50025912486586 38
1738681137973 172.0216282876523 39
1738681138018 180.35181206201727 40
1738681138063 195.94968346617108 41
1738681138108 164.38400004803307 42
1738681138153 150.55322130972212 43
1738681138198 168.67816621681544 44
1738681138242 176.75555095727182 45
1738681138287 175.67936645516104 46
1738681138332 124.29766817935703 47
1738681138380 130.1524307169152 48
1738681138426 183.08714434956596 49
1738681138472 153.47433831088534 50
1738681138516 178.64780900617254 51
1738681138561 186.29757994902815 52
1738681138606 152.46423889124165 53
1738681138650 181.17081297918284 54
1738681138695 186.73262860241292 55
1738681138739 156.5985901360026 56
1738681138784 158.72792891446713 57
1738681138829 152.2944672014442 58
1738681138874 181.5676014791671 59
1738681138919 172.7227119066763 60
1738681138963 177.5244966554705 61
1738681139009 166.305751897805 62
1738681139054 172.1294456825878 63
1738681139102 170.82433073750087 64
1738681139148 179.88663098261338 65
1738681139193 189.85477246238597 66
1738681139238 158.84093691735475 67
1738681139285 143.73591165677476 68
1738681139332 180.0694207998039 69
1738681139377 155.38924549533658 70
1738681139424 175.00893556192588 71
1738681139470 165.15430818742536 72
1738681139515 183.77839087547358 73
1738681139560 170.39758807051672 74
1738681139605 167.63713244005797 75
1738681139650 183.22685363513378 76
1738681139695 145.65654971362036 77
1738681139739 177.62106505296407 78
1738681139784 147.5408002038305 79
1738681139829 185.74373487810846 80
1738681139875 174.6677635391579 81
1738681139920 152.43321493710752 82
1738681139966 169.54427245987623 83
1738681140011 173.7579697009683 84
1738681140057 155.44833114604836 85
1738681140102 148.75559015085662 86
1738681140147 166.83379266489416 87
1738681140191 189.26891270559935 88
1738681140237 180.31803035677174 89
1738681140281 171.77796813378865 90
1738681140326 173.34558278473187 91
1738681140371 172.94454440202892 92
1738681140416 164.4952647335742 93
1738681140461 177.85880487647685 94
1738681140505 164.7565197096995 95
1738681140550 172.2649708291387 96
1738681140596 176.40621799413353 97
1738681140642 158.2672281710687 98
1738681140687 169.69062069306443 99
1738681140733 191.42605588369318 100
1738681140777 187.09802613964803 101
1738681140822 181.8841465049441 102
1738681140867 174.44025694927245 103
1738681140912 165.55061054560997 104
1738681140956 193.69868220549657 105
1738681141001 158.93004370039657 106
1738681141046 169.68243043381702 107
1738681141090 190.5972128215627 108
1738681141136 154.28482173631554 109
1738681141182 154.6746964671565 110
1738681141227 187.45848078861962 111
1738681141272 172.59277520955814 112
1738681141317 175.3364679338683 113
1738681141361 169.5076531186501 114
1738681141406 172.4493848042266 115
1738681141451 175.48797042251567 116
1738681141496 162.91077807575815 117
1738681141541 160.15006167327644 118
1738681141585 182.8624468105937 119
1738681141630 163.8647865703149 120
1738681141675 187.3370880349675 121
1738681141721 152.84463231792594 122
1738681141766 165.8090636469496 123
1738681141810 155.07151530448084 124
1738681141855 150.9494926540782 125
1738681141900 183.2431920364866 126
1738681141945 157.97314294465252 127
1738681141990 199.62780955332272 128
1738681142035 136.6498147989709 129
1738681142080 148.01639180371308 130
1738681142125 143.88020641718202 131
1738681142170 160.36157692430248 132
1738681142216 181.42213515855272 133
1738681142261 180.65243426972697 134
1738681142306 188.1745063884075 135
1738681142351 166.86199896667162 136
1738681142396 154.64035896193914 137
1738681142441 174.67690015654787 138
1738681142486 185.02846808111 139
1738681142531 183.24157254074615 140
1738681142576 138.02888399055993 141
1738681142621 156.64881395060206 142
1738681142666 185.45935357059116 143
1738681142710 173.16487628268413 144
1738681142756 156.239321773854 145
1738681142802 165.7032271456546 146
1738681142848 171.71276583807332 147
1738681142894 162.60462276518703 148
1738681142939 128.2306422231427 149
1738681142984 186.1264912972586 150
1738681143029 177.51247259993016 151
1738681143074 187.77860135625104 152
1738681143125 184.10857074338827 153
1738681143171 180.72990265115632 154
1738681143216 147.53197297095932 155
1738681143261 158.12062131903406 156
1738681143307 138.9736020155598 157
1738681143353 176.93373261647483 158
1738681143398 158.7268171700055 159
1738681143443 159.2579096683645 160
1738681143488 164.54443380907293 161
1738681143532 180.20661377456986 162
1738681143577 181.56012400700774 163
1738681143622 159.5864926329847 164
1738681143666 166.57854394158895 165
1738681143710 228.58552039225057 166
1738681143755 159.92640905077891 167
1738681143800 166.8135365204947 168
1738681143845 178.03697729684885 169
1738681143890 180.08252167061505 170
1738681143936 183.2142695071733 171
1738681143980 184.71436513452355 172
1738681144025 187.78789028425092 173
1738681144069 179.79755837031834 174
1738681144113 167.91206295575105 175
1738681144158 171.9617891306396 176
1738681144204 182.70095857840968 177
1738681144250 163.90428862099785 178
1738681144295 191.64634948096258 179
1738681144340 158.10838767483418 180
1738681144385 156.87469425385865 181
1738681144430 168.67560256602337 182
1738681144475 170.74817315333527 183
1738681144519 176.37543438160102 184
1738681144564 171.11826076884367 185
1738681144609 145.40452484501756 186
1738681144653 160.26831637890888 187
1738681144698 187.60966869124678 188
1738681144743 166.45780935556877 189
1738681144788 160.59736178678676 190
1738681144833 142.1177146713368 191
1738681144878 178.1775330373327 192
1738681144925 181.1404568908152 193
1738681144970 176.90079853527726 194
1738681145014 197.00678681519216 195
1738681145059 149.84141771100246 196
1738681145104 159.893318437203 197
1738681145150 151.46881228326885 198
1738681145195 196.27454726606064 199
1738681145239 175.0056497311685 200
1738681145284 178.48495596522355 201
1738681145328 169.19597452141053 202
1738681145372 136.45693807142382 203
1738681145417 173.81138898836213 204
1738681145462 165.3879864578509 205
1738681145508 144.83319509941023 206
1738681145553 153.81711193897115 207
1738681145598 176.04034752955118 208
1738681145643 172.25532728650361 209
1738681145687 175.3273110505392 210
1738681145733 162.34071843657728 211
1738681145778 176.0818198124962 212
1738681145822 154.7198904620536 213
1738681145867 161.70991788675792 214
1738681145912 179.03729752420267 215
1738681145957 174.57399224656587 216
1738681146002 181.01353279045486 217
1738681146047 150.17788161487653 218
1738681146092 185.84843494440435 219
1738681146136 179.07126249719107 220
1738681146181 162.59223303098202 221
1738681146226 149.88671936129 222
1738681146271 150.69030731946611 223
1738681146316 169.2144553749001 224
1738681146361 171.94054584582463 225
