1738677598408 155.93788585574086 0
1738677598422 154.56555447209257 1
1738677598441 153.23564608911812 2
1738677598456 151.9466488345128 3
1738677598472 150.69710613833504 4
1738677598493 149.48561469856958 5
1738677598507 148.31082252163276 6
1738677598523 147.17142703505786 7
1738677598536 146.06617326970155 8
1738677598554 144.99385210890873 9
1738677598575 143.95329860216958 10
1738677598599 142.9433903408912 11
1738677598613 141.9630458939963 12
1738677598631 141.01122330114325 13
1738677598646 140.086918621445 14
1738677598668 139.18916453564185 15
1738677598687 138.31702899975798 16
1738677598703 137.46961394834506 17
1738677598720 136.64605404548587 18
1738677598742 135.84551548179772 19
1738677598756 135.06719481574098 20
1738677598771 134.31031785760047 21
1738677598784 133.5741385945667 22
1738677598797 132.85793815540313 23
1738677598809 132.1610238132409 24
1738677598822 131.48272802509544 25
1738677598835 130.82240750675308 26
1738677598847 130.17944234172342 27
1738677598860 129.5532351230025 28
1738677598872 128.94321012643854 29
1738677598885 128.3488125145349 30
1738677598904 127.76950756956924 31
1738677598916 127.2047799549491 32
1738677598929 126.65413300376274 33
1738677598941 126.11708803352393 34
1738677598954 125.59318368614521 35
1738677598966 125.08197529221056 36
1738677598977 124.58303425865154 37
1738677598990 124.09594747896519 38
1738677599002 123.62031676514316 39
1738677599014 123.15575830051169 40
1738677599028 122.70190211271263 41
1738677599042 122.25839156608326 42
1738677599061 121.82488287271983 43
1738677599074 121.40104462153721 44
1738677599086 120.98655732466106 45
1738677599100 120.58111298051428 46
1738677599116 120.18441465298255 47
1738677599132 119.79617606606675 48
1738677599146 119.41612121345175 49
1738677599163 119.04398398244167 50
1738677599178 118.67950779173309 51
1738677599193 118.32244524251574 52
1738677599208 117.97255778241001 53
1738677599222 117.6296153817685 54
1738677599239 117.293396221886 55
1738677599252 116.96368639467923 56
1738677599266 116.64027961341388 57
1738677599281 116.3229769340721 58
1738677599293 116.01158648696823 59
1738677599306 115.70592321823568 60
1738677599318 115.4058086408209 61
1738677599330 115.1110705946347 62
1738677599343 114.8215430155232 63
1738677599356 114.53706571273406 64
1738677599369 114.25748415456442 65
1738677599383 113.98264926189002 66
1738677599398 113.7124172092844 67
1738677599411 113.4466492334493 68
1738677599425 113.18521144868664 69
1738677599442 112.92797466915273 70
1738677599456 112.67481423764526 71
1738677599471 112.4256098606819 72
1738677599486 112.18024544963954 73
1738677599519 111.93860896773036 74
1738677599537 111.70059228259996 75
1738677599553 111.46609102434088 76
1738677599572 111.2350044487215 77
1738677599585 111.00723530543868 78
1738677599601 110.78268971120914 79
1738677599614 110.56127702752104 80
1738677599628 110.34290974287485 81
1738677599640 110.12750335934736 82
1738677599653 109.91497628332046 83
1738677599666 109.70524972022076 84
1738677599678 109.49824757312291 85
1738677599691 109.29389634507363 86
1738677599709 109.09212504500043 87
1738677599739 108.8928650970722 88
1738677599762 108.69605025338517 89
1738677599789 108.50161650985146 90
1738677599810 108.30950202517265 91
1738677599827 108.1196470427844 92
1738677599848 107.93199381566328 93
1738677599870 107.74648653389016 94
1738677599884 107.56307125486846 95
1738677599898 107.38169583610016 96
1738677599914 107.20230987042504 97
1738677599931 107.02486462363238 98
1738677599945 106.84931297435828 99
1738677599958 106.67560935618397 100
1738677599973 106.5037097018546 101
1738677599989 106.33357138954011 102
1738677600013 106.16515319106323 103
1738677600035 105.9984152220222 104
1738677600053 105.8333188937386 105
1738677600067 105.66982686696294 106
1738677600084 105.50790300727348 107
1738677600100 105.34751234210609 108
1738677600115 105.18862101935485 109
1738677600133 105.03119626748614 110
1738677600145 104.87520635710982 111
1738677600157 104.72062056395474 112
1738677600170 104.56740913319625 113
1738677600182 104.41554324508633 114
1738677600195 104.26499498183854 115
1738677600208 104.11573729572129 116
1738677600221 103.96774397831538 117
1738677600234 103.82098963089278 118
1738677600248 103.67544963587545 119
1738677600261 103.53110012933479 120
1738677600274 103.38791797449285 121
1738677600286 103.2458807361893 122
1738677600299 103.104966656278 123
1738677600316 102.96515462991918 124
1738677600330 102.8264241827347 125
1738677600343 102.68875544879417 126
1738677600356 102.55212914940161 127
1738677600368 102.41652657265331 128
1738677600386 102.28192955373865 129
1738677600401 102.14832045595615 130
1738677600419 102.01568215241915 131
1738677600435 101.8839980084251 132
1738677600450 101.75325186446473 133
1738677600466 101.6234280198471 134
1738677600485 101.49451121691837 135
1738677600500 101.36648662585196 136
1738677600513 101.23933982998979 137
1738677600534 101.11305681171376 138
1738677600554 100.98762393882852 139
1738677600570 100.86302795143634 140
1738677600584 100.73925594928636 141
1738677600599 100.61629537958068 142
1738677600621 100.49413402522053 143
1738677600635 100.3727599934765 144
1738677600651 100.25216170506704 145
1738677600665 100.1323278836305 146
1738677600683 100.01324754557642 147
1738677600697 99.89490999030158 148
1738677600710 99.77730479075817 149
1738677600731 99.66042178436055 150
1738677600745 99.54425106421888 151
1738677600758 99.42878297068695 152
1738677600771 99.31400808321307 153
1738677600784 99.19991721248299 154
1738677600797 99.0865013928442 155
1738677600810 98.9737518750006 156
1738677600823 98.86166011896906 157
1738677600835 98.75021778728667 158
1738677600848 98.63941673846082 159
1738677600866 98.52924902065249 160
1738677600882 98.41970686558456 161
1738677600894 98.3107826826666 162
1738677600906 98.20246905332878 163
1738677600922 98.0947587255566 164
1738677600934 97.98764460861969 165
1738677600947 97.88111976798703 166
1738677600960 97.77517742042257 167
1738677600974 97.6698109292536 168
1738677600987 97.5650137998067 169
1738677601001 97.46077967500439 170
1738677601015 97.3571023311167 171
1738677601033 97.25397567366255 172
1738677601047 97.15139373345485 173
1738677601064 97.04935066278426 174
1738677601078 96.947840731737 175
1738677601093 96.8468583246411 176
1738677601110 96.74639793663711 177
1738677601123 96.64645417036813 178
1738677601136 96.54702173278538 179
1738677601154 96.44809543206473 180
1738677601166 96.34967017463035 181
1738677601180 96.25174096228145 182
1738677601195 96.15430288941853 183
1738677601208 96.05735114036537 184
1738677601221 95.96088098678345 185
1738677601234 95.86488778517534 186
1738677601251 95.76936697447384 187
1738677601265 95.67431407371379 188
1738677601280 95.5797246797836 189
1738677601300 95.48559446525357 190
1738677601316 95.39191917627815 191
1738677601329 95.29869463056977 192
1738677601343 95.20591671544112 193
1738677601357 95.11358138591395 194
1738677601372 95.02168466289174 195
1738677601391 94.93022263139396 196
1738677601417 94.83919143884955 197
1738677601438 94.74858729344791 198
1738677601453 94.65840646254495 199
1738677601490 94.56864527112218 200
1738677601511 94.47930010029731 201
1738677601525 94.39036738588428 202
1738677601541 94.30184361700087 203
1738677601556 94.21372533472218 204
1738677601570 94.12600913077875 205
1738677601585 94.03869164629705 206
1738677601601 93.95176957058142 207
1738677601614 93.86523963993565 208
1738677601631 93.77909863652286 209
1738677601646 93.69334338726235 210
1738677601662 93.60797076276215 211
1738677601675 93.5229776762857 212
1738677601689 93.43836108275208 213
1738677601707 93.35411797776769 214
1738677601721 93.27024539668919 215
1738677601746 93.18674041371598 216
1738677601758 93.10360014101141 217
1738677601785 93.02082172785157 218
1738677601800 92.93840235980089 219
1738677601815 92.85633925791348 220
1738677601830 92.77462967795917 221
1738677601842 92.69327090967374 222
1738677601856 92.61226027603209 223
1738677601869 92.53159513254373 224
1738677601881 92.45127286656988 225
1738677601894 92.37129089666143 226
1738677601907 92.29164667191672 227
1738677601919 92.21233767135872 228
1738677601932 92.13336140333116 229
1738677601945 92.05471540491226 230
1738677601957 91.97639724134613 231
1738677601972 91.898404505491 232
1738677601985 91.82073481728344 233
1738677601998 91.7433858232183 234
1738677602012 91.66635519584405 235
1738677602030 91.58964063327221 236
1738677602047 91.51323985870127 237
1738677602064 91.43715061995405 238
1738677602077 91.36137068902816 239
1738677602092 91.28589786165925 240
1738677602106 91.21072995689644 241
1738677602123 91.13586481668966 242
1738677602137 91.06130030548837 243
1738677602156 90.98703430985123 244
1738677602171 90.91306473806667 245
1738677602183 90.83938951978364 246
1738677602197 90.76600660565218 247
1738677602216 90.69291396697402 248
1738677602231 90.62010959536201 249
1738677602256 90.5475915024089 250
1738677602272 90.47535771936465 251
1738677602285 90.40340629682213 252
1738677602305 90.33173530441111 253
1738677602318 90.26034283049988 254
1738677602337 90.1892269819047 255
1738677602353 90.11838588360632 256
1738677602368 90.047817678474 257
1738677602380 89.97752052699595 258
1738677602393 89.90749260701676 259
1738677602406 89.83773211348111 260
1738677602421 89.76823725818377 261
1738677602433 89.69900626952564 262
1738677602446 89.63003739227544 263
1738677602459 89.56132888733731 264
1738677602471 89.4928790315237 265
1738677602486 89.42468611733364 266
1738677602503 89.35674845273594 267
1738677602518 89.28906436095775 268
1738677602535 89.22163218027744 269
1738677602564 89.15445026382244 270
1738677602581 89.08751697937157 271
1738677602601 89.02083070916161 272
1738677602637 88.95438984969817 273
1738677602653 88.8881928115707 274
1738677602667 88.82223801927145 275
1738677602680 88.75652391101816 276
1738677602699 88.69104893858078 277
1738677602720 88.62581156711141 278
1738677602735 88.56081027497822 279
1738677602757 88.49604355360235 280
1738677602770 88.43150990729832 281
1738677602784 88.36720785311783 282
1738677602797 88.30313592069616 283
1738677602811 88.23929265210215 284
1738677602823 88.17567660169081 285
1738677602836 88.11228633595879 286
1738677602849 88.04912043340269 287
1738677602861 87.98617748438011 288
1738677602875 87.92345609097318 289
1738677602888 87.86095486685457 290
1738677602902 87.79867243715636 291
1738677602917 87.73660743834067 292
1738677602931 87.67475851807329 293
1738677602945 87.61312433509903 294
1738677602961 87.5517035591196 295
1738677602975 87.49049487067353 296
1738677602991 87.42949696101809 297
1738677603006 87.36870853201341 298
1738677603024 87.3081282960084 299
1738677603038 87.24775497572877 300
1738677603052 87.18758730416666 301
1738677603068 87.12762402447238 302
1738677603084 87.06786388984779 303
1738677603098 87.00830566344125 304
1738677603113 86.9489481182446 305
1738677603128 86.88979003699149 306
1738677603146 86.83083021205735 307
1738677603160 86.7720674453611 308
1738677603174 86.71350054826813 309
1738677603188 86.655128341495 310
1738677603204 86.59694965501524 311
1738677603217 86.53896332796711 312
1738677603230 86.48116820856207 313
1738677603243 86.42356315399522 314
1738677603258 86.36614703035653 315
1738677603272 86.30891871254374 316
1738677603285 86.25187708417623 317
1738677603300 86.19502103751034 318
1738677603315 86.13834947335567 319
1738677603331 86.08186130099268 320
1738677603345 86.02555543809152 321
1738677603358 85.96943081063156 322
1738677603372 85.91348635282262 323
1738677603387 85.8577210070267 324
1738677603403 85.8021337236812 325
1738677603416 85.74672346122273 326
1738677603428 85.6914891860123 327
1738677603441 85.63642987226133 328
1738677603452 85.58154450195853 329
1738677603464 85.5268320647978 330
1738677603476 85.47229155810716 331
1738677603488 85.41792198677828 332
1738677603503 85.36372236319727 333
1738677603517 85.30969170717601 334
1738677603529 85.25582904588448 335
1738677603542 85.20213341378388 336
1738677603558 85.14860385256058 337
1738677603574 85.09523941106087 338
1738677603587 85.0420391452265 339
1738677603602 84.98900211803083 340
1738677603616 84.93612739941605 341
1738677603631 84.88341406623086 342
1738677603642 84.83086120216896 343
1738677603656 84.7784678977083 344
1738677603668 84.72623325005095 345
1738677603680 84.67415636306374 346
1738677603692 84.62223634721956 347
1738677603704 84.5704723195391 348
1738677603718 84.51886340353374 349
1738677603730 84.46740872914847 350
1738677603742 84.41610743270601 351
1738677603757 84.36495865685103 352
1738677603775 84.31396155049545 353
1738677603791 84.26311526876394 354
1738677603804 84.21241897294028 355
1738677603819 84.16187183041423 356
1738677603837 84.11147301462881 357
1738677603853 84.06122170502843 358
1738677603867 84.01111708700726 359
1738677603880 83.96115835185849 360
1738677603893 83.91134469672366 361
1738677603906 83.86167532454307 362
1738677603918 83.81214944400622 363
1738677603930 83.7627662695031 364
1738677603942 83.71352502107572 365
1738677603953 83.66442492437041 366
1738677603964 83.61546521059027 367
1738677603976 83.56664511644851 368
1738677603988 83.51796388412193 369
1738677604001 83.46942076120496 370
1738677604015 83.42101500066418 371
1738677604030 83.37274586079344 372
1738677604044 83.32461260516914 373
1738677604058 83.27661450260614 374
1738677604073 83.22875082711403 375
1738677604086 83.18102085785398 376
1738677604101 83.13342387909582 377
1738677604115 83.08595918017552 378
1738677604131 83.03862605545339 379
1738677604147 82.99142380427234 380
1738677604159 82.94435173091668 381
1738677604171 82.89740914457133 382
1738677604185 82.8505953592815 383
1738677604198 82.8039096939125 384
1738677604211 82.75735147211023 385
1738677604226 82.71092002226185 386
1738677604239 82.66461467745695 387
1738677604250 82.61843477544895 388
1738677604262 82.57237965861694 389
1738677604274 82.52644867392797 390
1738677604286 82.48064117289951 391
1738677604300 82.43495651156236 392
1738677604311 82.38939405042399 393
1738677604322 82.34395315443201 394
1738677604334 82.29863319293813 395
1738677604347 82.25343353966251 396
1738677604360 82.20835357265824 397
1738677604372 82.16339267427635 398
1738677604384 82.11855023113095 399
1738677604396 82.07382563406495 400
1738677604411 82.02921827811572 401
1738677604424 81.9847275624815 402
1738677604437 81.94035289048773 403
1738677604453 81.8960936695539 404
1738677604467 81.85194931116077 405
1738677604479 81.80791923081756 406
1738677604493 81.7640028480298 407
1738677604506 81.72019958626727 408
1738677604518 81.67650887293229 409
1738677604530 81.63293013932825 410
1738677604541 81.58946282062847 411
1738677604553 81.54610635584535 412
1738677604566 81.50286018779971 413
1738677604578 81.45972376309055 414
1738677604589 81.41669653206489 415
1738677604601 81.373777948788 416
1738677604613 81.33096747101398 417
1738677604626 81.28826456015636 418
1738677604639 81.24566868125922 419
1738677604652 81.20317930296831 420
1738677604664 81.16079589750264 421
1738677604678 81.11851794062622 422
1738677604692 81.07634491162013 423
1738677604705 81.03427629325463 424
1738677604717 80.99231157176175 425
1738677604730 80.95045023680807 426
1738677604743 80.9086917814676 427
1738677604756 80.86703570219503 428
1738677604770 80.82548149879918 429
1738677604784 80.78402867441672 430
1738677604797 80.74267673548596 431
1738677604810 80.70142519172116 432
1738677604822 80.66027355608672 433
1738677604836 80.61922134477187 434
1738677604850 80.57826807716542 435
1738677604863 80.53741327583081 436
1738677604879 80.49665646648134 437
1738677604892 80.45599717795561 438
1738677604905 80.4154349421932 439
1738677604919 80.37496929421053 440
1738677604933 80.33459977207694 441
1738677604947 80.29432591689105 442
1738677604961 80.2541472727571 443
1738677604973 80.21406338676178 444
1738677604987 80.17407380895105 445
1738677605001 80.1341780923073 446
1738677605015 80.09437579272654 447
1738677605029 80.05466646899598 448
1738677605043 80.01504968277165 449
1738677605056 79.97552499855622 450
1738677605070 79.93609198367724 451
1738677605081 79.89675020826513 452
1738677605097 79.85749924523179 453
1738677605112 79.81833867024916 454
1738677605140 79.77926806172796 455
1738677605164 79.74028700079677 456
1738677605178 79.70139507128103 457
1738677605208 79.66259185968255 458
1738677605219 79.62387695515888 459
1738677605235 79.58524994950302 460
1738677605259 79.54671043712328 461
1738677605271 79.50825801502334 462
1738677605286 79.46989228278238 463
1738677605300 79.43161284253536 464
1738677605316 79.39341929895379 465
1738677605332 79.35531125922617 466
1738677605347 79.3172883330389 467
1738677605364 79.27935013255741 468
1738677605393 79.24149627240716 469
1738677605410 79.20372636965512 470
1738677605430 79.16604004379109 471
1738677605490 79.12843691670952 472
1738677605509 79.09091661269115 473
1738677605522 79.05347875838508 474
1738677605536 79.01612298279079 475
1738677605549 78.97884891724038 476
1738677605562 78.94165619538104 477
1738677605579 78.90454445315756 478
1738677605593 78.86751332879493 479
1738677605606 78.83056246278136 480
1738677605620 78.79369149785109 481
1738677605634 78.75690007896756 482
1738677605650 78.72018785330673 483
1738677605661 78.6835544702404 484
1738677605672 78.64699958131978 485
1738677605734 78.6105228402592 486
1738677605756 78.57412390291981 487
1738677605777 78.53780242729367 488
1738677605799 78.50155807348773 489
1738677605818 78.46539050370805 490
1738677605841 78.42929938224417 491
1738677605862 78.39328437545358 492
1738677605892 78.35734515174627 493
1738677605912 78.32148138156955 494
1738677605948 78.28569273739281 495
1738677605986 78.24997889369251 496
1738677606004 78.2143395269374 497
1738677606029 78.17877431557355 498
1738677606063 78.14328294000981 499
