1738825729643 169.4806387665546 0
1738825729672 169.46138600297846 1
1738825729698 169.44450884548957 2
1738825729721 169.4281498811531 3
1738825729737 169.4122910784853 4
1738825729751 169.39691508391908 5
1738825729769 169.38200519516636 6
1738825729783 169.3675453356527 7
1738825729800 169.35352002998022 8
1738825729816 169.33991438037697 9
1738825729837 169.32671404409223 10
1738825729851 169.3139052117001 11
1738825729868 169.30147458627346 12
1738825729884 169.28940936339316 13
1738825729903 169.2776972119591 14
1738825729920 169.2663262557694 15
1738825729939 169.25528505583753 16
1738825729957 169.24456259341682 17
1738825729986 169.23414825370358 18
1738825730006 169.2240318101919 19
1738825730029 169.2142034096525 20
1738825730052 169.20465355771162 21
1738825730075 169.19537310500482 22
1738825730098 169.18635323388222 23
1738825730117 169.17758544564356 24
1738825730138 169.169061548281 25
1738825730157 169.1607736447094 26
1738825730177 169.15271412146376 27
1738825730202 169.14487563784618 28
1738825730223 169.13725111550247 29
1738825730245 169.1298337284127 30
1738825730267 169.12261689327738 31
1738825730289 169.11559426028472 32
1738825730307 169.10875970424257 33
1738825730327 169.1021073160605 34
1738825730351 169.09563139456876 35
1738825730375 169.0893264386589 36
1738825730391 169.08318713973472 37
1738825730413 169.07720837445987 38
1738825730435 169.07138519779107 39
1738825730453 169.0657128362844 40
1738825730473 169.060186681665 41
1738825730488 169.0548022846481 42
1738825730503 169.04955534900265 43
1738825730520 169.04444172584684 44
1738825730535 169.03945740816673 45
1738825730551 169.03459852554872 46
1738825730566 169.02986133911753 47
1738825730582 169.0252422366713 48
