1738824339144 177.16342556075875 0
1738824339151 167.38766932566907 1
1738824339157 174.35855872527 2
1738824339162 173.67123063435523 3
1738824339169 169.64985760609918 4
1738824339175 171.4353678391697 5
1738824339181 168.4332426664973 6
1738824339187 161.05899653266394 7
1738824339193 164.46313711785854 8
1738824339199 171.55492330620618 9
1738824339205 173.60767957455613 10
1738824339211 171.4105364818687 11
1738824339217 174.07373832097096 12
1738824339223 167.58922625156234 13
1738824339229 167.09293882148694 14
1738824339234 171.64170828168744 15
1738824339240 174.71443653575068 16
1738824339246 168.04511684365727 17
1738824339252 171.95356415135578 18
1738824339257 179.3157071043501 19
1738824339264 175.01844480410557 20
1738824339270 170.6065235754007 21
1738824339276 164.17702556951662 22
1738824339282 172.39031391398927 23
1738824339287 171.48480944445114 24
1738824339293 170.72289851821736 25
1738824339300 168.0039597379307 26
1738824339306 167.58983402416314 27
1738824339312 168.41399159101505 28
1738824339318 173.28199799282697 29
1738824339324 166.5870193501996 30
1738824339331 169.7797649978848 31
1738824339337 165.0912447895351 32
1738824339344 172.11588998972823 33
1738824339350 167.9647014707452 34
1738824339356 171.23873423020643 35
1738824339362 172.63503913370548 36
1738824339368 166.72247289761935 37
1738824339373 172.21588189389809 38
1738824339379 165.6461697140502 39
1738824339385 167.01376277521143 40
1738824339391 174.2365384944726 41
1738824339398 172.5164926292064 42
1738824339404 164.7369232694811 43
1738824339409 164.93632266721067 44
1738824339415 170.9218700269376 45
1738824339421 175.79555112561457 46
1738824339427 168.1321171096663 47
1738824339432 171.40711733916766 48
1738824339438 168.274499267414 49
1738824339444 167.412211417495 50
1738824339450 168.51334641953343 51
1738824339456 169.91781410322127 52
1738824339462 170.07022334931523 53
1738824339468 169.2425582823192 54
1738824339473 168.66353413411875 55
1738824339479 167.20302041129034 56
1738824339485 168.5779308039871 57
1738824339491 172.34387396419103 58
1738824339497 171.98396732793944 59
1738824339503 172.3222417728475 60
1738824339509 169.36310599774532 61
1738824339515 169.2742197808313 62
1738824339520 169.01256678384658 63
1738824339527 166.01310991327964 64
1738824339532 168.35024843267132 65
1738824339538 167.32692881580996 66
1738824339544 170.51229578571164 67
