1738823194748 15.999037096899187 0
1738823194840 109.95121988156042 1
1738823194943 79.26881650734488 2
1738823195033 12.565178061468709 3
1738823195107 67.91092650662034 4
1738823195190 53.05271683244769 5
1738823195252 0.6452944699089218 6
1738823195335 102.22474640242403 7
1738823195407 11.957517428750162 8
1738823195521 6.119650405607326 9
1738823195660 3.429236213460285 10
1738823195745 21.38153752287924 11
1738823195811 16.925211463274252 12
1738823195869 54.71728170129249 13
1738823195956 15.81235786280295 14
1738823196043 33.80480325988331 15
1738823196117 30.72948574714904 16
1738823196192 62.53194664380904 17
1738823196269 10.260741859786561 18
1738823196335 7.874336708920646 19
1738823196380 11.980688794433812 20
1738823196457 22.40219577289858 21
1738823196525 24.8932846141623 22
1738823196583 41.55064416098333 23
1738823196669 0.6923153343436184 24
1738823196739 2.1368649887172353 25
1738823196813 13.487931695523015 26
1738823196885 30.464425099314177 27
1738823196950 0.5334838780453626 28
1738823197012 6.610321016911402 29
1738823197086 28.80455899640007 30
1738823197163 4.109781255953571 31
1738823197253 26.46294959790653 32
1738823197327 4.885149955494982 33
1738823197413 16.95947852212617 34
1738823197480 25.032322828429407 35
1738823197548 0.04445294265314368 36
1738823197619 0.6172677006753559 37
1738823197681 8.491710703925882 38
1738823197752 13.055165507684272 39
1738823197809 0.5796175451003183 40
1738823197868 0.5892903532563691 41
1738823197926 2.8281129929770352 42
1738823198007 3.231441619851396 43
1738823198078 0.005970402236365555 44
1738823198151 14.447447217577091 45
1738823198218 0.0627169413002033 46
1738823198289 0.6603009521532454 47
1738823198360 11.434640938409057 48
1738823198442 0.13846308027277734 49
1738823198503 5.21255943100143 50
1738823198567 2.3884667277863336 51
1738823198626 1.566192240241541 52
1738823198705 7.899874804216836 53
1738823198767 0.04073647686709499 54
1738823198833 0.40523808762508795 55
1738823198908 0.24831949500071504 56
1738823198987 0.8005322994264124 57
1738823199063 6.082837028407527 58
1738823199138 4.357799311901887 59
1738823199203 0.6174050082718204 60
1738823199269 0.17866609635074948 61
1738823199337 5.419752080559675 62
1738823199413 7.8632353746607695 63
1738823199486 0.7543492906831742 64
1738823199550 1.681730191156465 65
1738823199610 4.9607623979741176 66
1738823199662 0.7213023612974907 67
1738823199747 0.08570912751913254 68
1738823199814 3.0198928100608406 69
1738823199865 4.190361060873287 70
1738823199918 0.7739888196721273 71
1738823199978 0.09930190507483555 72
1738823200054 4.168657887816975 73
1738823200132 0.9278705609466634 74
1738823200205 0.08129976374193015 75
1738823200270 7.505349848102507 76
1738823200340 1.7770354406016504 77
1738823200426 1.0720773038637597 78
1738823200503 1.48297930770838 79
1738823200585 1.8102117233187884 80
1738823200669 0.32561363822861755 81
1738823200761 0.06352977507840625 82
1738823200842 0.023265617911538916 83
1738823200920 5.23144605730203 84
1738823201021 0.6793959890072497 85
1738823201099 0.9543518790261082 86
1738823201171 1.4226597001060863 87
1738823201245 0.046797961951561405 88
1738823201315 0.000251881411606991 89
1738823201399 0.023750318994073236 90
1738823201472 1.09122170635253 91
1738823201545 0.6898683405289384 92
1738823201612 0.08168700428618265 93
1738823201665 0.1599830127906903 94
1738823201750 0.11641053780278554 95
1738823201816 1.5858712316812356 96
1738823201918 0.0032405406267202713 97
1738823202048 0.31314456442609073 98
1738823202121 0.01066158856608203 99
1738823202206 0.034275811962723154 100
1738823202277 0.9882790083466853 101
1738823202355 0.006197759820215113 102
1738823202419 1.9527782040998658 103
1738823202488 0.2079673718662699 104
1738823202543 0.26360406554536847 105
1738823202605 0.20031680564068374 106
1738823202676 0.3978709950121401 107
1738823202728 0.03153941491217219 108
1738823202791 0.2684374413312197 109
1738823202856 0.004755123391316861 110
1738823202917 0.056485283412735766 111
1738823202981 9.41130959049271e-06 112
1738823203056 0.003841874604905053 113
1738823203128 0.18367343166527536 114
1738823203189 1.4961239367613184 115
1738823203242 0.012694367259892482 116
1738823203312 0.0022019711852120597 117
1738823203391 0.12424725808329264 118
1738823203450 0.04713233793569152 119
1738823203517 9.729448713636137e-06 120
1738823203603 0.5531041368508156 121
1738823203665 0.003437166282422241 122
1738823203733 0.03244047792767729 123
1738823203800 0.10115272435781937 124
1738823203856 0.01852993663179838 125
1738823203923 0.1491935311618827 126
1738823204008 0.05747734991276612 127
1738823204075 0.0054530533338261805 128
1738823204132 0.13265610209147338 129
1738823204204 1.1509059632169232 130
1738823204277 0.2989959180284707 131
1738823204342 0.013183952579874364 132
1738823204410 0.1466015257018565 133
1738823204484 0.7903418417257193 134
1738823204539 0.018870544288233183 135
1738823204606 0.03226784892649255 136
1738823204669 0.08010303487065099 137
1738823204734 0.03847278416472147 138
1738823204806 0.006645434057831785 139
1738823204869 0.06315547164967884 140
1738823204937 0.148162568510285 141
1738823204988 0.03292396645525347 142
1738823205145 0.007536714197643289 143
1738823205219 0.004448009450941764 144
1738823205286 0.04760807904911449 145
1738823205355 0.0016513298434049043 146
1738823205416 0.09524586780136966 147
1738823205480 0.027285351909998895 148
1738823205551 0.740183295168332 149
1738823205622 0.0021339560415678796 150
1738823205695 0.09818491855663995 151
1738823205746 0.7328545951312176 152
1738823205806 0.0018409503608815257 153
1738823205872 0.1142703997670662 154
1738823205932 0.19394634120213416 155
1738823205997 0.530872245486385 156
1738823206056 0.38732857478321997 157
1738823206111 0.012917593806815291 158
1738823206175 0.005325765429108979 159
1738823206248 0.2082656087124532 160
1738823206322 0.15809920857643628 161
1738823206383 0.023702396873407038 162
1738823206452 0.08916351941643845 163
1738823206521 0.3641848489256299 164
1738823206581 0.008588409623364261 165
1738823206653 0.5386443970523922 166
1738823206744 0.05470606076418939 167
1738823206819 0.0530778071716215 168
1738823206883 0.3761880243339364 169
1738823206951 7.407170338871985e-07 170
1738823207038 0.37639380212462037 171
1738823207118 0.08823086906711292 172
1738823207182 0.01853445557909037 173
1738823207253 0.0063503986139968605 174
1738823207315 0.03322362107006547 175
1738823207388 0.037902193906196306 176
1738823207459 0.14144967846069126 177
1738823207522 0.05080779532642265 178
1738823207592 0.15985901668679547 179
1738823207659 1.1151795587581224 180
1738823207724 0.004622893355797653 181
1738823207782 0.42742006645352176 182
1738823207856 0.022197654938854013 183
1738823207927 0.629041832823033 184
1738823207999 0.060154383512662994 185
1738823208072 0.05012193844834747 186
1738823208141 0.02919593322381466 187
1738823208198 0.1403522778870171 188
1738823208275 0.12306597698481135 189
1738823208341 0.275173213279597 190
1738823208412 0.08500625839251673 191
1738823208485 0.1411156798426825 192
1738823208556 0.00040373063920468954 193
1738823208634 0.008146930614640734 194
1738823208699 0.00020669973305509722 195
1738823208792 0.08248543897138051 196
1738823208858 0.044686956203645115 197
1738823208928 0.08916799783620385 198
1738823209000 0.39789588885056026 199
1738823209072 0.11579389169682071 200
1738823209138 0.0641682044896022 201
1738823209194 0.285711827862288 202
1738823209265 0.32723179299920263 203
1738823209335 0.057726044369656504 204
1738823209401 0.19958580107847543 205
1738823209466 0.005520195408405848 206
1738823209534 0.008305891521765495 207
1738823209601 0.0010737949670136958 208
1738823209664 0.00016113043694848756 209
1738823209731 0.05545107155175777 210
1738823209807 0.060926338760847173 211
1738823209882 0.46358662602548295 212
1738823209955 0.008195905012268552 213
1738823210015 0.050392844035377186 214
1738823210085 0.004187243689888407 215
1738823210153 0.0889321592166549 216
1738823210228 0.3891246021050957 217
1738823210294 0.0009155167810364887 218
1738823210370 0.011731402365136952 219
1738823210443 0.4513108622396095 220
1738823210510 0.00014563700561917182 221
1738823210563 0.0757136742599531 222
1738823210621 0.22319324957004963 223
1738823210681 0.003350081924861147 224
1738823210763 0.14523756744318486 225
1738823210837 0.14998796232997413 226
1738823210906 0.013592034290105495 227
1738823210980 0.008969759447234545 228
1738823211045 0.15283414556798308 229
1738823211119 3.8553371430243436e-05 230
1738823211185 0.036237792210813795 231
1738823211248 0.5230481382142015 232
1738823211318 0.14539892256674114 233
1738823211416 0.06899258206319815 234
1738823211475 0.04678995629529548 235
1738823211539 0.015175264181617246 236
1738823211597 0.17234592275676947 237
1738823211670 0.0004450074940709684 238
1738823211742 0.0408279753999709 239
1738823211807 0.09924318326871903 240
1738823211882 0.00023861489064250024 241
1738823211952 0.0061340921065324554 242
1738823212019 0.04255584511928725 243
1738823212097 0.11429473100280405 244
1738823212166 0.0190711821466752 245
1738823212231 0.03024848707904375 246
1738823212297 0.5071024787171946 247
1738823212363 0.12834235511715966 248
1738823212429 0.3278881543759151 249
1738823212496 0.05790197132315843 250
1738823212575 0.003717452708360656 251
1738823212641 0.03170880108377472 252
1738823212707 0.012400763388496088 253
1738823212763 0.039708725027113936 254
1738823212830 0.029467192732262823 255
1738823212889 0.082603427816406 256
1738823212960 0.022220181371806404 257
1738823213031 0.03801548593691322 258
1738823213096 0.03049053151438995 259
1738823213165 0.021136822193867384 260
1738823213225 0.0013264050685176097 261
1738823213295 0.0223938977154449 262
1738823213365 0.012370194556313224 263
1738823213432 0.002129836450581038 264
1738823213505 0.04444447782352923 265
1738823213566 0.00782483155237941 266
1738823213630 0.03003885337603902 267
1738823213702 0.007304824624650345 268
1738823213766 0.020404530712614208 269
1738823213827 0.10445461293014169 270
1738823213896 0.08229631752881494 271
1738823213970 0.017837529319138106 272
1738823214058 0.2794060000742232 273
1738823214124 0.06906366067471456 274
1738823214186 0.03476616755254179 275
1738823214253 0.08026672906192218 276
1738823214314 0.021570874500289536 277
1738823214387 0.003653303749919444 278
1738823214451 0.0007409618308139123 279
1738823214503 0.010015049357860564 280
1738823214567 0.020697403923497452 281
1738823214621 0.0036324004740174395 282
1738823214690 0.11664692849845672 283
1738823214743 0.0021819584270263885 284
1738823214822 0.0051155063159378225 285
1738823214882 0.013721892424756424 286
1738823214943 1.1153201722734072 287
1738823215019 0.001555605774173559 288
1738823215087 0.031870056405262255 289
1738823215159 0.19643480181754594 290
1738823215226 0.019764358717797643 291
1738823215284 0.3736930072929238 292
1738823215350 0.3595512410938028 293
1738823215409 0.006506973747068509 294
1738823215475 0.013703039956728103 295
1738823215548 0.023947264966499408 296
1738823215622 0.25582210516805504 297
1738823215687 0.0404888171247355 298
1738823215741 0.000540386885206344 299
1738823215803 0.49967341258462133 300
1738823215861 0.231479685442716 301
1738823215931 0.015170836222038563 302
1738823216006 0.07341962259252738 303
1738823216082 0.035124252114570105 304
1738823216145 0.2649961190568167 305
1738823216214 0.2868643954231942 306
1738823216281 0.016411890923781317 307
1738823216356 0.02253102384457873 308
1738823216421 0.24343837074251973 309
1738823216481 0.11539371957454836 310
1738823216547 0.03009502280571884 311
1738823216612 0.00012121761409814567 312
1738823216669 0.030330535653110963 313
1738823216743 0.04577866127034133 314
1738823216809 0.08850400805464825 315
1738823216892 0.014976311211405162 316
1738823216954 0.023711932279279417 317
1738823217005 0.05521537933162765 318
1738823217064 0.011275834942008981 319
1738823217135 0.03080875216874854 320
1738823217217 0.1795966774824912 321
1738823217272 0.002394262201747935 322
1738823217340 0.01634075799133019 323
1738823217410 0.13664829142671578 324
1738823217475 0.009794610652089905 325
1738823217542 0.22364635889675455 326
1738823217625 0.367041742329772 327
1738823217695 0.0004663533414138426 328
1738823217770 0.2994391405608886 329
1738823217834 0.00022598524456294279 330
1738823217889 0.006485298071204707 331
1738823217943 0.005675423958160304 332
1738823218002 0.006233561145709272 333
1738823218063 0.09448643432478768 334
1738823218129 0.08250742079029143 335
1738823218195 0.2367466640499866 336
1738823218272 0.7753667660622346 337
1738823218340 0.03534148028121346 338
1738823218407 6.99334606519344e-05 339
1738823218482 0.0012887092675866105 340
1738823218544 0.003906275718328055 341
1738823218604 0.8460355478618576 342
1738823218666 0.24849241951903756 343
1738823218733 0.008473911053501966 344
1738823218802 0.051116698906257314 345
1738823218865 3.7863489632254263e-06 346
1738823218931 0.1738417609305084 347
1738823219008 0.022738773009344238 348
1738823219077 0.007936493332049792 349
1738823219145 0.0018273872180599247 350
1738823219207 0.265244702325171 351
1738823219258 0.057526608883131644 352
1738823219318 0.00037636384080116746 353
1738823219399 0.06464494373416184 354
1738823219490 0.9329626547976057 355
1738823219567 1.2869573470325695 356
1738823219624 0.009285808266727681 357
1738823219681 0.0005406331041826702 358
1738823219791 0.0011912443740366523 359
1738823219865 0.0012670231659531895 360
1738823219925 0.07074771886441414 361
1738823220006 0.0002077134139357496 362
1738823220081 0.015976787438266433 363
1738823220141 0.1679061154035732 364
1738823220210 0.003749017572325806 365
1738823220271 0.07203745568993408 366
1738823220324 0.023656375562276653 367
1738823220372 0.14251093638894896 368
1738823220421 0.001385927089510955 369
1738823220492 0.15710734316080524 370
1738823220569 0.48782337319509117 371
1738823220634 0.037965425944714214 372
1738823220705 0.0777019794212643 373
1738823220771 0.1266507324537225 374
1738823220840 0.025040964902924328 375
1738823220912 0.08993789774265405 376
1738823220972 0.000981554884811737 377
1738823221043 0.12436103343102584 378
1738823221118 0.06372512001911464 379
1738823221181 0.006079468403110633 380
1738823221247 0.031023804708749672 381
1738823221315 0.00890872672280076 382
1738823221367 0.05103905290796245 383
1738823221440 0.3994950540007743 384
1738823221505 0.017008856793384576 385
1738823221577 0.02224303410473601 386
1738823221637 0.24174547139138275 387
1738823221700 0.0014059877814256525 388
1738823221753 0.06009846182660624 389
1738823221811 0.12557375520025776 390
