1738825481168 167.7994233409242 0
1738825481175 172.09343282452576 1
1738825481182 169.6206170725558 2
1738825481189 171.8107850894717 3
1738825481196 169.11974267916577 4
1738825481202 166.86578098754816 5
1738825481209 173.09089876091141 6
1738825481215 168.82725555645723 7
1738825481222 170.2655034855431 8
1738825481229 170.2124113936865 9
1738825481235 168.49476365955877 10
1738825481242 167.59338835565927 11
1738825481249 170.3045376951646 12
1738825481255 170.67212045502896 13
1738825481261 172.1550324063979 14
1738825481267 169.43331696277005 15
1738825481274 168.58065879852214 16
1738825481281 167.82328579424325 17
1738825481288 171.39646456113775 18
1738825481295 172.02793036263165 19
1738825481308 170.9362208191445 20
1738825481316 167.94542837719746 21
1738825481322 167.55473081499588 22
1738825481328 169.16311714440428 23
1738825481334 169.0567715619649 24
1738825481341 168.53831641573865 25
1738825481347 168.51973915690724 26
1738825481353 169.00571653408207 27
1738825481360 168.91888099934397 28
1738825481366 168.58660941929008 29
1738825481373 170.24523479220747 30
1738825481395 166.985918309479 31
1738825481410 168.4450798863636 32
1738825481423 167.40540015850385 33
