1738823585358 112.63815071047122 0
1738823585373 114.0510583005976 1
1738823585395 111.56124482965535 2
1738823585419 82.83459849560487 3
1738823585436 72.71585241967097 4
1738823585453 73.69582602804985 5
1738823585472 73.07580391450209 6
1738823585489 72.33635407614837 7
1738823585506 82.79936027367334 8
1738823585522 57.60653111543634 9
1738823585538 62.261190116496756 10
1738823585562 69.15745081511209 11
1738823585578 51.08813208552669 12
1738823585596 63.66366072562095 13
1738823585612 71.15883181904861 14
1738823585630 53.75250964530022 15
1738823585645 53.5773552361364 16
1738823585664 57.24953893888376 17
1738823585679 58.228950224100245 18
1738823585695 51.47108622345976 19
1738823585712 59.30493029837089 20
1738823585728 68.45054750809707 21
1738823585747 51.050028850436604 22
1738823585769 108.89350632680929 23
1738823585794 44.733495844777124 24
1738823585811 49.37672628159258 25
1738823585828 49.142934488319845 26
1738823585847 46.53617871648435 27
1738823585866 47.56998499126399 28
1738823585884 44.86441241229353 29
1738823585908 51.826269926847246 30
1738823585930 54.13689799011098 31
1738823585948 43.38258406080781 32
1738823585974 49.18299667403045 33
1738823586006 47.33077645538174 34
1738823586028 48.13661013760752 35
1738823586043 38.36681327739924 36
1738823586061 47.62420683877327 37
1738823586076 42.53375768530606 38
1738823586094 38.45166261814541 39
1738823586114 37.28150640853857 40
1738823586131 56.899140565654896 41
1738823586150 60.45877688364818 42
1738823586171 45.20415433252435 43
1738823586188 45.83034348201603 44
1738823586206 35.547188174213176 45
1738823586228 41.21281861548665 46
1738823586250 38.695410779619344 47
1738823586272 58.98110551512178 48
1738823586290 44.51820188941498 49
1738823586309 39.72586877174065 50
1738823586326 35.86168646528521 51
1738823586344 36.32640038958215 52
1738823586362 64.12718256304656 53
1738823586381 24.815818234424658 54
1738823586400 32.53222763185902 55
1738823586420 49.9576351112525 56
1738823586437 30.057240930328895 57
1738823586473 38.247403484271494 58
1738823586498 30.884435718889915 59
1738823586524 26.285401690557265 60
1738823586551 39.868768209307774 61
1738823586568 34.64337351249019 62
1738823586585 30.515032649044052 63
1738823586602 33.388301963503665 64
1738823586619 43.88973578436686 65
1738823586635 30.043575322729986 66
1738823586652 26.171795071092507 67
1738823586674 22.80087068593542 68
1738823586691 28.475520674331857 69
1738823586709 26.58357674641522 70
1738823586726 27.586559713287585 71
1738823586744 35.549678225006424 72
1738823586763 23.074290207201482 73
1738823586782 33.99634818424938 74
1738823586802 28.488423914277643 75
1738823586821 26.185703295715115 76
1738823586839 27.213785832107973 77
1738823586858 29.794915335868215 78
1738823586873 34.14179603303307 79
1738823586892 36.103572483190426 80
1738823586908 27.148876376149737 81
1738823586924 28.136956684873184 82
1738823586942 34.11717747527019 83
1738823586958 23.41536768255833 84
1738823586974 32.949385127921985 85
1738823586990 32.365923709771046 86
1738823587007 24.825880949873778 87
1738823587024 38.93175830571858 88
1738823587039 21.386090000873377 89
1738823587055 21.637436490929684 90
1738823587069 25.26565423655892 91
1738823587096 26.644605016338854 92
1738823587115 24.43598603405388 93
1738823587134 19.127623471495202 94
1738823587148 18.65877936610367 95
1738823587165 18.398999566214176 96
1738823587182 18.244825926378493 97
1738823587200 31.512347289767966 98
1738823587222 21.937146105222293 99
1738823587245 20.21830521250725 100
1738823587275 22.998114179914662 101
1738823587293 19.447831712784904 102
1738823587314 26.180174920018207 103
1738823587330 15.08951494076202 104
1738823587347 20.809748487889525 105
1738823587369 22.914537896288294 106
1738823587384 19.513877822067023 107
1738823587401 19.293027155871556 108
1738823587415 20.915498846631987 109
1738823587430 18.116000453059986 110
1738823587446 16.309813810188817 111
1738823587462 19.84983282858675 112
1738823587477 18.075050693207277 113
1738823587496 16.667571175693347 114
1738823587515 16.371657767241192 115
1738823587534 17.655191798649273 116
1738823587552 17.169122710103316 117
1738823587571 15.328791187655838 118
1738823587597 23.174751821109187 119
1738823587615 16.050107333032432 120
1738823587631 16.227926291214548 121
1738823587644 17.496464120078475 122
1738823587661 25.191102064877942 123
1738823587675 13.431545710308873 124
1738823587690 20.668744037271562 125
1738823587705 10.471251968035675 126
1738823587722 12.369700589937064 127
1738823587740 18.495929918495793 128
1738823587759 20.621253315187978 129
1738823587786 11.979139179426989 130
1738823587805 17.206766193379774 131
1738823587828 15.501367572970757 132
1738823587849 13.598500409866574 133
1738823587873 12.818125097744405 134
1738823587887 13.726003045246381 135
1738823587903 16.068089149494316 136
1738823587918 14.402817219662237 137
1738823587936 12.119913900987223 138
1738823587963 12.354030663957744 139
1738823587979 11.949332822665609 140
1738823587995 15.037598790962198 141
1738823588012 10.927869019838282 142
1738823588029 13.977662678974676 143
1738823588045 16.942087051173353 144
1738823588065 10.51664722670552 145
1738823588092 14.794548987448241 146
1738823588117 16.226894219406557 147
1738823588141 12.508221031212972 148
1738823588158 16.15751909693619 149
1738823588175 12.014428849810342 150
1738823588197 12.741691421909568 151
1738823588216 12.636782592278848 152
1738823588234 13.739350497084715 153
1738823588249 14.386733214486451 154
1738823588268 10.19385134074005 155
1738823588286 8.192820969895603 156
1738823588301 10.421646244400074 157
1738823588325 12.650557365778822 158
1738823588340 14.48493408829904 159
1738823588356 9.325216092458225 160
1738823588374 11.65507289337231 161
1738823588390 10.501616083045075 162
1738823588403 10.024424767996546 163
1738823588424 9.70387049565971 164
1738823588442 11.175798584287335 165
1738823588459 13.823678247494287 166
1738823588476 10.328948142995694 167
1738823588496 11.205879281291748 168
1738823588517 11.172164275825127 169
1738823588533 7.6960202684200025 170
1738823588553 9.162628455419084 171
1738823588572 10.336816006606103 172
1738823588594 8.87934908543985 173
1738823588616 10.944890863959861 174
1738823588637 10.272967845223704 175
1738823588664 12.523463013108818 176
1738823588681 10.139872899489086 177
1738823588703 8.902193832924867 178
1738823588723 8.495886950766195 179
1738823588742 15.471648043611845 180
1738823588756 8.848384268240066 181
1738823588777 8.596867068765828 182
1738823588794 9.25542826521111 183
1738823588813 7.951860571744026 184
1738823588831 7.852000465187394 185
1738823588850 9.83370825809282 186
1738823588868 12.188486470203543 187
1738823588888 9.793095132373189 188
1738823588911 8.154395977709559 189
1738823588930 8.679886935821091 190
1738823588946 6.952736681693049 191
1738823588962 7.472231556784135 192
1738823588979 9.411496439571374 193
1738823588998 9.509377116542447 194
1738823589016 8.484309459297489 195
1738823589032 8.198982190435057 196
1738823589050 7.193722677423408 197
1738823589066 6.749729877775397 198
1738823589081 7.656173949009742 199
1738823589097 5.9306503771212 200
1738823589115 7.677352326759359 201
1738823589131 7.896092442753232 202
1738823589146 6.7574580646968245 203
1738823589166 10.502312387244512 204
1738823589188 7.180882890741767 205
1738823589205 6.110816008710839 206
1738823589222 6.4872129237345595 207
1738823589238 4.71095801199669 208
1738823589256 6.307532692820996 209
1738823589281 8.20217442748405 210
1738823589302 6.8082309286800715 211
1738823589325 6.81557682983465 212
1738823589343 8.885778210142378 213
1738823589360 4.669064416671264 214
1738823589378 7.546071909050107 215
1738823589415 7.109729712613134 216
1738823589430 7.120276808445836 217
1738823589448 6.308638115127404 218
1738823589470 6.080844667338006 219
1738823589490 6.999893801040213 220
1738823589510 6.486963275466436 221
1738823589523 4.88765440803222 222
1738823589538 5.149424634804034 223
1738823589553 5.4570655003759585 224
1738823589567 6.814227504097203 225
1738823589582 6.048145024828967 226
1738823589598 5.580322051797998 227
1738823589618 5.50606567305078 228
1738823589638 5.4284684765229265 229
1738823589660 4.840216180587536 230
1738823589684 5.751621070244757 231
1738823589706 5.13710272926468 232
1738823589728 5.104487467136728 233
1738823589745 5.805827733005144 234
1738823589763 5.336478891041402 235
1738823589778 4.792138426768796 236
1738823589793 3.6786207764091294 237
1738823589808 3.7438980555754187 238
1738823589823 5.214690966779043 239
1738823589838 6.102688916025271 240
1738823589856 3.6114716038632393 241
1738823589877 5.426535974050794 242
1738823589909 6.1542563794478875 243
1738823589938 4.5180459653100264 244
1738823589985 4.390708155214947 245
1738823590016 4.575771521483878 246
1738823590037 4.098977333891023 247
1738823590056 4.355502183244599 248
1738823590077 4.681015324474644 249
1738823590095 4.650259119721291 250
1738823590115 4.883257193545369 251
1738823590133 3.7932196546622627 252
1738823590149 3.9925987854881906 253
1738823590165 3.3868647451373026 254
1738823590191 4.488399490343008 255
1738823590210 4.822483323748663 256
1738823590226 4.0624744607037 257
1738823590241 4.226325106350196 258
1738823590261 5.089907032612535 259
1738823590277 4.219595646295642 260
1738823590294 4.773201890807942 261
1738823590314 4.099894849529221 262
1738823590340 2.9561004605812697 263
1738823590358 3.644230830904863 264
1738823590374 4.035435649649482 265
1738823590392 3.4614549372081087 266
1738823590408 3.8326102289643718 267
1738823590425 3.738838114338265 268
1738823590442 4.716252666179245 269
1738823590463 3.4717587869285356 270
1738823590482 3.4133667449857072 271
1738823590506 3.9245715876637552 272
1738823590523 4.534531369848405 273
1738823590539 4.374792955648073 274
1738823590559 4.41639485091549 275
1738823590582 2.432432264951919 276
1738823590603 3.514345728881635 277
1738823590621 2.8178880643282618 278
1738823590645 3.078703938304764 279
1738823590666 3.2696535960790776 280
1738823590686 4.094062620261934 281
1738823590712 3.191807105105389 282
1738823590737 4.083440092806958 283
1738823590755 3.4571253107151882 284
1738823590772 3.9506876733248677 285
1738823590789 2.8960788846777206 286
1738823590806 4.122827592018268 287
1738823590822 3.467131433236477 288
1738823590837 2.8232057563697763 289
1738823590853 3.0452534969976175 290
1738823590876 3.6009843394270065 291
1738823590898 2.612240189318835 292
1738823590916 3.6601134173376484 293
1738823590937 2.7499999443449026 294
1738823590962 3.3091388658521343 295
1738823590988 2.8698316344329045 296
1738823591015 1.9536593093317265 297
1738823591035 3.3795130710221963 298
1738823591054 3.0760856154332097 299
1738823591075 3.2620732345282017 300
1738823591092 2.623860467706749 301
1738823591112 2.5434953266578564 302
1738823591145 2.484504111205889 303
1738823591164 2.4473672362529975 304
1738823591186 3.413542376425485 305
1738823591208 1.8808055933224241 306
1738823591226 2.5235500176361265 307
1738823591244 2.309230658692581 308
1738823591265 2.689940972743701 309
1738823591283 2.7609267115824077 310
1738823591306 2.7382728033932238 311
1738823591325 2.57349420137851 312
1738823591346 2.853921145586725 313
1738823591366 2.3520316465492535 314
1738823591386 2.3127420822097418 315
1738823591404 1.6038604732579251 316
1738823591431 2.9742285396481143 317
1738823591453 2.986824712838151 318
1738823591474 3.5997456048745526 319
1738823591493 2.4986806664658574 320
1738823591514 1.6238427603157977 321
1738823591557 2.3218200863161416 322
1738823591573 2.218568969181042 323
1738823591594 2.0298060107918063 324
1738823591613 2.160333388924723 325
1738823591632 3.5958791723713937 326
1738823591652 2.1854799700032013 327
1738823591672 1.5461024066345237 328
1738823591690 1.9549476828037107 329
1738823591711 2.029448441497688 330
1738823591729 2.24796096389854 331
1738823591748 2.6339298012995025 332
1738823591763 1.8693429739338587 333
1738823591784 1.9139248207512822 334
1738823591800 2.0718026766009605 335
1738823591817 1.9550750512064383 336
1738823591833 2.080870721503362 337
1738823591850 2.1254572901934856 338
1738823591868 2.0921778774187967 339
1738823591885 1.948693766828385 340
1738823591904 2.740934045959197 341
1738823591924 2.1064161304904947 342
1738823591943 1.6344676310991268 343
1738823591960 2.1824817301190276 344
1738823591977 1.494632287551951 345
1738823591998 1.9969149805248165 346
1738823592018 2.5327103020810253 347
1738823592036 2.0662985621788486 348
1738823592052 1.607433570691813 349
1738823592069 1.8340603084598621 350
1738823592086 2.41512310204831 351
1738823592106 1.9832558326340177 352
1738823592123 1.396192809883084 353
1738823592138 1.4461240084384759 354
1738823592155 1.2197549409807626 355
1738823592169 1.3260539915046514 356
1738823592184 1.122683561262634 357
1738823592198 1.6929361543242238 358
1738823592213 1.6975516580968317 359
1738823592229 1.3460058768088472 360
1738823592246 1.6878452071919499 361
1738823592268 1.9160461400906308 362
1738823592286 2.0140586911446636 363
1738823592303 2.0263107411127477 364
1738823592322 1.121278110987062 365
1738823592339 1.283963649575289 366
1738823592358 1.4152972016048533 367
1738823592377 2.032905074865364 368
1738823592397 1.1941814126376298 369
1738823592417 2.005006096077865 370
1738823592439 1.4745944652462146 371
1738823592481 1.2003392639383006 372
1738823592504 1.7139175469495598 373
1738823592523 1.1113197520274236 374
1738823592541 1.3279028418555376 375
1738823592559 2.350460269361702 376
1738823592576 1.2125525453492967 377
1738823592594 1.5819966671601373 378
1738823592613 1.6765505631993671 379
1738823592632 1.5519928396320837 380
1738823592653 1.5046415424737616 381
1738823592672 1.526126754682086 382
1738823592688 1.663623283227847 383
1738823592707 1.4594254150143613 384
1738823592727 1.1889655940821635 385
1738823592747 2.2433786999086185 386
1738823592763 1.7955532395338727 387
1738823592783 1.122254760089714 388
1738823592800 1.4944487983774186 389
1738823592815 1.270852296244748 390
1738823592835 0.909431126916237 391
1738823592854 1.2842803434664647 392
1738823592872 1.3382137379787344 393
1738823592887 0.8233800716314761 394
1738823592905 0.9211454879158082 395
1738823592921 1.337862415340323 396
1738823592943 1.0963147326429032 397
1738823592962 1.201949087542809 398
1738823592981 1.44769716877038 399
1738823592996 2.0141389434363974 400
1738823593012 0.9981953732172065 401
1738823593026 0.9859965403198272 402
1738823593042 1.3863304397936063 403
1738823593057 1.0219858456105122 404
1738823593074 0.854935032686467 405
1738823593089 1.4771447062710077 406
1738823593104 1.1747808698827642 407
1738823593120 1.0564450667175616 408
1738823593136 0.815674552938316 409
1738823593151 0.8128914839216754 410
1738823593167 0.8007040046216128 411
1738823593183 1.1495247271177593 412
1738823593200 1.3011922854274496 413
1738823593215 1.193728957944474 414
1738823593230 1.1175839220727828 415
1738823593249 0.9692897830768163 416
1738823593265 1.2497080186133203 417
1738823593283 1.7335018399863957 418
1738823593311 1.5721985788000126 419
1738823593332 0.6092859867107505 420
1738823593351 1.2060276855634477 421
1738823593372 0.9319234660520265 422
1738823593398 1.0287084651072929 423
1738823593473 0.8084129137956112 424
1738823593494 1.070777688815778 425
1738823593515 1.2693674504827008 426
1738823593537 0.9676417525122405 427
1738823593558 1.1272815561355298 428
1738823593578 1.0372363284381483 429
1738823593593 0.777673382083033 430
1738823593609 0.8700558973428231 431
1738823593626 0.9810920056437228 432
1738823593643 0.7221798424129955 433
1738823593660 1.242541287867567 434
1738823593676 1.3480014814769499 435
1738823593692 0.9021547551218035 436
1738823593708 0.8008790328717693 437
1738823593723 0.9872591701748646 438
1738823593743 1.151567478474594 439
1738823593776 0.85248440126554 440
1738823593801 1.2148305492932185 441
1738823593832 0.8473457781007774 442
1738823593858 1.1851954011065409 443
1738823593876 1.7363892891147195 444
1738823593893 0.8923266142111591 445
1738823593910 0.9299947910138097 446
1738823593928 0.7531062817017304 447
1738823593944 0.8882294806439937 448
1738823593962 0.8571084241838167 449
1738823593977 0.7096681804826761 450
1738823593996 0.7440182553934249 451
1738823594019 0.5771484666920744 452
1738823594041 0.6804065083939337 453
1738823594062 0.9208602332821402 454
1738823594085 1.0579515750537403 455
1738823594107 0.6442185934884495 456
1738823594128 1.0858471624797565 457
1738823594144 1.339549051943885 458
1738823594158 1.2905365683973924 459
1738823594180 0.7481452679695305 460
1738823594199 1.1494112887781847 461
1738823594219 0.7270248433751155 462
1738823594237 0.7776189628135434 463
1738823594268 0.7054192833952185 464
1738823594294 0.6826611412605128 465
1738823594321 0.7247245814411641 466
1738823594346 1.1003786538132692 467
1738823594368 0.7650120594579756 468
1738823594385 0.6011917735737294 469
1738823594407 1.0442161219216732 470
1738823594422 0.873546570513451 471
1738823594495 0.63662071732189 472
1738823594546 0.8901024868392563 473
1738823594560 0.7030211129618903 474
1738823594581 0.7057521060166825 475
1738823594603 0.7521357587021107 476
1738823594621 0.7423390043662137 477
1738823594641 0.723467759738527 478
1738823594668 0.7423018902555228 479
1738823594701 0.5409023895102969 480
1738823594718 0.7061968368135909 481
1738823594737 0.7446122066273099 482
1738823594759 0.6164881634716887 483
1738823594784 0.4947957451235609 484
1738823594805 0.5596565700877133 485
1738823594827 0.6555261172056845 486
1738823594851 0.5491399381316437 487
1738823594874 0.8236202821025129 488
1738823594901 0.7297431158343786 489
1738823594935 0.5668628117272577 490
1738823594964 0.6896202669678997 491
1738823594996 0.6341301404442743 492
1738823595021 0.5625793079860807 493
1738823595045 0.6851859014997213 494
1738823595063 0.3937809139892778 495
1738823595083 0.7639628913532964 496
1738823595100 0.6569795813583913 497
1738823595122 0.6458970624791786 498
1738823595142 0.5187764447568893 499
