1738823011037 1.6549952875118183 0
1738823011096 16.171601278531714 1
1738823011157 109.6413482848981 2
1738823011234 11.64589276653323 3
1738823011315 77.05360107262378 4
1738823011373 5.642731340443433 5
1738823011455 85.02140368398317 6
1738823011519 13.409745069649274 7
1738823011580 8.253438195840774 8
1738823011652 36.44153811397033 9
1738823011726 57.22420845897617 10
1738823011787 0.46110999171286793 11
1738823011859 50.301197769255715 12
1738823011926 59.09249714603156 13
1738823011989 6.4653125282932695 14
1738823012053 14.91399844395932 15
1738823012115 6.9794576547016876 16
1738823012180 15.87262869121713 17
1738823012242 58.80721216032819 18
1738823012308 0.6712464318320928 19
1738823012370 6.400744423981688 20
1738823012437 13.159855525430618 21
1738823012498 11.125614668560058 22
1738823012557 39.3105070041503 23
1738823012618 36.166144667923284 24
1738823012679 0.15573286751384482 25
1738823012746 3.806556946630314 26
1738823012806 21.983016351337014 27
1738823012877 22.673756331130036 28
1738823012940 34.360945517180895 29
1738823013004 11.91129105645191 30
1738823013069 16.350164787044093 31
1738823013140 2.118862701037289 32
1738823013201 4.571363569464738 33
1738823013275 19.122260964664132 34
1738823013339 7.912545525186581 35
1738823013401 2.996102930383412 36
1738823013463 0.9438248114126068 37
1738823013523 10.24478803904272 38
1738823013581 12.088801453665246 39
1738823013642 3.7047313822839216 40
1738823013705 14.972563435166307 41
1738823013768 16.573321020471255 42
1738823013835 0.22782496115283035 43
1738823013899 6.797361113773189 44
1738823013961 6.186270296936413 45
1738823014026 2.872871746694514 46
1738823014091 3.7386571201593632 47
1738823014164 5.593360970013985 48
1738823014214 4.541661658350701 49
1738823014277 2.075983526281858 50
1738823014340 0.3140660438514512 51
1738823014400 13.463486034157821 52
1738823014452 4.161606218042208 53
1738823014514 2.1464618138434313 54
1738823014577 0.8523967924598257 55
1738823014647 2.193593694121765 56
1738823014711 0.9794342876905311 57
1738823014775 1.7145774473044142 58
1738823014842 5.403488452619564 59
1738823014887 1.2150733993659826 60
1738823014956 0.3923646684462261 61
1738823015014 0.8283057498602093 62
1738823015076 0.24232014225825219 63
1738823015141 4.718724522119985 64
1738823015203 7.640854848261018 65
1738823015269 1.3492960582399727 66
1738823015337 0.07183920964266771 67
1738823015403 0.06037386313787626 68
1738823015461 0.038333953250257895 69
1738823015525 3.286449019575683 70
1738823015589 0.0011144845481959266 71
1738823015662 0.6137912471051119 72
1738823015723 3.3844705438921556 73
1738823015778 0.015985094004570405 74
1738823015830 1.870370404545413 75
1738823015885 0.29059812189304285 76
1738823015941 0.935027282678578 77
1738823016008 0.9117999891309296 78
1738823016077 0.7284094944791832 79
1738823016146 0.49136008762444394 80
1738823016207 0.017825619062469596 81
1738823016258 0.06120667459492472 82
1738823016324 0.8001091149055198 83
1738823016390 0.05936784326620205 84
1738823016455 2.1249039487161236 85
1738823016519 4.850222782232385 86
1738823016582 0.2669918191591173 87
1738823016643 1.9552500293782429 88
1738823016691 1.8517667723795175 89
1738823016745 3.036828748700639 90
1738823016808 0.49013413748061113 91
1738823016868 0.8735835716245207 92
1738823016933 0.07189528295160381 93
1738823016994 0.0702279001046394 94
1738823017065 3.6448591545789606 95
1738823017126 0.612879259300136 96
1738823017184 1.3255970188530282 97
1738823017247 0.5658641953407514 98
1738823017335 0.05729267130869651 99
1738823017398 1.9740530843718256 100
1738823017485 0.011008171371582288 101
1738823017548 0.04316258089608594 102
1738823017608 0.2863883024850489 103
1738823017669 0.1419761639180007 104
1738823017727 0.8116867286290932 105
1738823017786 0.851903632065927 106
1738823017857 0.0031011195633588395 107
1738823017920 2.137013385777916 108
1738823017980 0.0050530996905062305 109
1738823018042 0.1362423133714413 110
1738823018108 0.4304389957494024 111
1738823018190 0.4710337395403189 112
1738823018250 2.149859140564647 113
1738823018308 0.1256592520242692 114
1738823018375 0.022230415510482444 115
1738823018438 0.3218590070727529 116
1738823018501 2.778932084299651 117
1738823018569 0.35186182473324995 118
1738823018645 0.06684844014384352 119
1738823018708 0.039617989993507845 120
1738823018773 0.3356157335085226 121
1738823018841 0.5112462310082081 122
1738823018907 0.440355797045271 123
1738823018968 0.28197309811852306 124
1738823019029 2.725032672146971 125
1738823019084 0.02056175403621187 126
1738823019145 0.06372751045665653 127
1738823019206 0.09870389170891529 128
1738823019269 0.027008596495834154 129
1738823019327 0.055952987821572535 130
1738823019388 0.15667185020868954 131
1738823019450 0.5724283533614504 132
1738823019513 1.025191481910529 133
1738823019574 0.35929647079312654 134
1738823019651 0.012075410072821518 135
1738823019710 0.028625035496615506 136
1738823019778 0.5949250363882059 137
1738823019846 0.43608071828414074 138
1738823019925 0.03242867826536492 139
1738823019971 0.08384231047009459 140
1738823020032 9.404798394541365e-05 141
1738823020084 0.9603735884305766 142
1738823020141 0.05786874953796762 143
1738823020204 0.07334805603940296 144
1738823020269 0.4344141995086463 145
1738823020329 0.11949640284734184 146
1738823020392 0.043034063434559365 147
1738823020462 0.08923524414690369 148
1738823020526 0.03239260046742255 149
1738823020584 0.40520456939836996 150
1738823020654 0.09069796860610803 151
1738823020717 0.04000684159779721 152
1738823020777 0.01049556394847061 153
1738823020844 0.0031429689574587237 154
1738823020910 0.05890620798106295 155
1738823020968 0.20483258753465536 156
1738823021030 0.012589724407281363 157
1738823021089 0.0030987644200126513 158
1738823021150 0.509698779044019 159
1738823021210 0.03123569112465827 160
1738823021277 0.03006323355752277 161
1738823021343 0.02381686129466761 162
1738823021407 0.025961398499134068 163
1738823021504 0.026565308452130846 164
1738823021561 0.7535287444922004 165
1738823021627 0.006807519049046687 166
1738823021685 0.07805714202007505 167
1738823021751 0.31068226168648205 168
1738823021818 0.005676001642520324 169
1738823021879 0.00021992338928530255 170
1738823021941 0.04094757526160844 171
1738823022022 0.037433537322220774 172
1738823022081 0.26603891839803984 173
1738823022142 0.009918684826170449 174
1738823022201 0.008717543566562416 175
1738823022260 0.22154174485123726 176
1738823022322 0.000384857553776191 177
1738823022395 0.022641865625297224 178
1738823022453 0.02742142649182843 179
1738823022516 0.14082766555243237 180
1738823022579 0.002097495422407099 181
1738823022657 0.4335632464270913 182
1738823022721 0.003899675863999824 183
1738823022781 0.028848929163864754 184
1738823022839 0.0007837182720079281 185
1738823022903 0.050483957457318214 186
1738823022968 0.31474503360527534 187
1738823023023 0.0101148377858565 188
1738823023087 0.03196046638628316 189
1738823023146 0.031099771112927933 190
1738823023219 0.09563823048542504 191
1738823023287 0.017367866310209142 192
1738823023354 0.07536423166322366 193
1738823023416 0.009543408715453599 194
1738823023480 0.2765807953992664 195
1738823023542 0.02417259598818044 196
1738823023610 0.16426203208817325 197
1738823023679 0.004522120695298334 198
1738823023740 0.04325462261115331 199
1738823023810 0.10103677506561747 200
1738823023877 0.4854083337447159 201
1738823023941 0.040898203107588016 202
1738823024011 0.001517219676144794 203
1738823024078 0.026092926694831826 204
1738823024151 0.0295404177006652 205
1738823024214 0.00844567597483868 206
1738823024279 0.2714641255950922 207
1738823024343 0.1491865001229995 208
1738823024403 0.06747160584764951 209
1738823024466 0.16471049162083817 210
1738823024527 0.010673121322845132 211
1738823024598 1.6494665427077885e-07 212
1738823024663 0.06089317690241715 213
1738823024727 0.06582244368705027 214
1738823024789 0.5304053310558626 215
1738823024853 0.018424733555930686 216
1738823024916 0.0016463937508799835 217
1738823024979 0.1199918567812937 218
1738823025037 0.03928321577239071 219
1738823025099 0.2137395840137684 220
1738823025163 0.2648870911957412 221
1738823025222 3.0459823899101667e-05 222
1738823025285 0.00010942819096833148 223
1738823025345 0.19278070824250784 224
1738823025413 0.007982324742710989 225
1738823025471 0.05940536531168214 226
1738823025534 0.06118860024284322 227
1738823025591 0.05419103885328398 228
1738823025660 0.3870415283366691 229
1738823025722 0.18166547019423088 230
1738823025781 0.00252827938732559 231
1738823025836 0.00021932504271865232 232
1738823025897 0.18003285644177472 233
1738823025960 0.1737436730496343 234
1738823026020 0.1143546836797696 235
1738823026084 0.011526767423480674 236
1738823026153 0.3111969923646457 237
1738823026214 0.003695783744344215 238
1738823026286 0.003888102105462393 239
1738823026351 0.04459331246537548 240
1738823026419 0.03088925215506081 241
1738823026516 0.30533964624750637 242
1738823026586 0.035798157965729764 243
1738823026661 0.016639576767923606 244
1738823026729 0.06362822951940873 245
1738823026790 0.05873330187197448 246
1738823026857 0.041295173335005826 247
1738823026917 0.005701548685915703 248
1738823026998 0.04434080274631147 249
1738823027059 0.11649913774409745 250
1738823027127 0.0034892053986555066 251
1738823027195 0.04753461118075303 252
1738823027255 0.00910805079512613 253
1738823027315 0.02992314215062018 254
1738823027381 0.046703520423491636 255
1738823027442 0.10490263970611095 256
1738823027508 0.15559999469693042 257
1738823027568 0.0062103113478790715 258
1738823027631 0.0029918654743736183 259
1738823027695 0.048781742986650924 260
1738823027756 0.27391870274259567 261
1738823027815 0.026894373264167118 262
1738823027880 0.27652564198503304 263
1738823027940 0.1430857369085853 264
1738823028003 0.39607642586852476 265
1738823028057 0.01284696155416245 266
1738823028119 0.04679450870642095 267
1738823028178 0.07673616061362154 268
1738823028236 0.013833477631148646 269
1738823028308 0.019239111430898525 270
1738823028371 0.0063054135414807 271
1738823028441 0.04226522826812873 272
1738823028505 0.2174750674234677 273
1738823028571 7.991267196467725e-05 274
1738823028637 0.006193359822470013 275
1738823028696 0.010267226592101835 276
1738823028763 0.0016327537659295436 277
1738823028816 0.062309209645847415 278
1738823028881 0.05094580812635171 279
1738823028946 0.002761662616237153 280
1738823029016 0.31090183665100457 281
1738823029076 0.017391125767712682 282
1738823029136 0.07188216738139609 283
1738823029198 0.17019537316157862 284
1738823029268 0.01686706735457087 285
1738823029326 1.1167090993380961 286
1738823029387 0.0045967819053408954 287
1738823029446 0.042870071375402725 288
1738823029506 0.03251950885298686 289
1738823029571 0.06284617499428104 290
1738823029641 0.7546291710950921 291
1738823029706 0.04138793052883272 292
1738823029758 0.10067586541475868 293
1738823029822 0.13995147550356107 294
1738823029883 0.13961922920741396 295
1738823029941 1.1858207763108439e-06 296
1738823030006 0.061433700313134235 297
1738823030059 0.31349126629204416 298
1738823030121 1.0062130394288032e-05 299
1738823030180 0.09052815794649667 300
1738823030229 0.24168531173800487 301
1738823030291 0.07604234797232766 302
1738823030358 0.11857917208212004 303
1738823030422 0.011962895218562749 304
1738823030485 0.9103452855451173 305
1738823030553 8.821184210429713e-05 306
1738823030627 0.3563192454550711 307
1738823030691 0.7936155932200031 308
1738823030752 0.00016586219268627491 309
1738823030812 0.024120112384228683 310
1738823030860 0.031570679426353374 311
1738823030917 1.557854055152715e-05 312
