1738681147952 199.34263696383616 0
1738681148001 169.24132842260292 1
1738681148046 165.27712303651512 2
1738681148091 169.22547074865312 3
1738681148137 190.25467771256342 4
1738681148183 168.60967423065955 5
1738681148228 162.7359631526454 6
1738681148275 161.5118409765352 7
1738681148319 172.91603964536796 8
1738681148364 154.44608512132265 9
1738681148409 174.7546045893102 10
1738681148455 177.19893621649993 11
1738681148501 175.97915734764112 12
1738681148547 165.05903743120388 13
1738681148594 166.46299090136324 14
1738681148642 178.899631455165 15
1738681148688 177.59116561049623 16
1738681148734 166.31906112396135 17
1738681148778 166.29452888514373 18
1738681148823 151.393412855245 19
1738681148867 168.42292047104533 20
1738681148912 199.22195450076046 21
1738681148957 165.3341694354813 22
1738681149002 189.1941987578096 23
1738681149047 176.98078983936878 24
1738681149092 192.97004553927513 25
1738681149137 165.52829804810767 26
1738681149182 161.18229623847355 27
1738681149228 171.01464456743471 28
1738681149273 157.58048245162118 29
1738681149317 171.12717806715898 30
1738681149363 179.17742402230937 31
1738681149408 232.34558586768384 32
1738681149453 171.22167174834237 33
1738681149498 176.36394877831196 34
1738681149545 175.51710662795645 35
1738681149591 166.6386833383086 36
1738681149636 202.36297517085532 37
1738681149681 166.85519568868892 38
1738681149725 179.30319419940835 39
1738681149771 171.2706855002356 40
1738681149816 162.25189635650315 41
1738681149861 159.62261714079628 42
1738681149905 179.57317136730418 43
1738681149950 176.2360968811306 44
1738681149995 168.3614825195934 45
1738681150040 162.50835963444206 46
1738681150085 170.19436562513482 47
1738681150131 171.09976789110397 48
1738681150177 147.8335732429339 49
1738681150223 190.567213591826 50
1738681150270 168.69968073700167 51
1738681150318 166.5205922646823 52
1738681150364 174.90246415770787 53
1738681150410 170.72478430497569 54
1738681150462 158.08613233217454 55
1738681150510 185.2012501503884 56
1738681150556 187.2805552925169 57
1738681150604 161.0355215603912 58
1738681150652 183.70804321183766 59
1738681150700 156.39527505574 60
1738681150748 173.05226233180503 61
1738681150796 162.675332378161 62
1738681150843 156.93674007930554 63
1738681150891 163.4302080853563 64
1738681150938 171.11750134425753 65
1738681150986 149.49484723625275 66
1738681151033 164.6832344249008 67
1738681151087 181.64184285219892 68
1738681151134 166.05618860492802 69
1738681151180 166.18217006829062 70
1738681151224 144.65182991451522 71
1738681151269 189.0264717322973 72
1738681151313 194.7935151817173 73
1738681151360 163.02109032934396 74
1738681151405 170.0587427063326 75
1738681151450 164.47099879724502 76
1738681151495 175.862507524704 77
1738681151541 183.19815159490096 78
1738681151586 168.73174316467504 79
1738681151631 168.43523924449332 80
1738681151675 175.75871084126842 81
1738681151720 162.75425147120532 82
1738681151765 180.47721117750447 83
1738681151809 165.55024069690694 84
1738681151854 158.48696035446204 85
1738681151899 149.78098548078358 86
1738681151944 164.24011333047525 87
1738681151991 168.23722121644718 88
1738681152036 156.46095324449627 89
1738681152080 174.15859811534793 90
1738681152125 161.6574919624673 91
1738681152169 162.49868778350577 92
1738681152214 172.04592085011558 93
1738681152258 176.5479917089861 94
1738681152303 178.36674626661707 95
1738681152348 147.0069082390531 96
1738681152392 173.37640273781943 97
1738681152438 175.20669584131377 98
1738681152482 175.72556199144898 99
1738681152527 173.39195714417232 100
1738681152571 164.14558524861704 101
1738681152616 166.61628893298712 102
1738681152660 220.50619396848114 103
1738681152705 186.79717425281086 104
1738681152750 180.1389834630429 105
1738681152795 149.1950070787334 106
1738681152840 174.02418907828508 107
1738681152885 147.22627648696388 108
1738681152930 177.88435804330243 109
1738681152975 154.33789874436656 110
1738681153021 161.63403936572772 111
1738681153066 159.7392374495973 112
1738681153111 159.3735498612013 113
1738681153156 157.78875148753337 114
1738681153201 168.34301712069313 115
1738681153245 172.99744448056205 116
1738681153290 206.5453093988796 117
1738681153335 171.56317615150746 118
1738681153380 192.86692651406398 119
1738681153424 174.0720848538084 120
1738681153469 166.7610498251748 121
1738681153515 170.6427652723143 122
1738681153560 159.56279892598218 123
1738681153605 165.15830872703322 124
1738681153650 175.44916525277478 125
1738681153695 171.4188935560641 126
1738681153740 170.09844430894177 127
1738681153784 176.8512359812089 128
1738681153829 177.45176638670418 129
1738681153874 173.97161189498564 130
1738681153919 166.93641717082843 131
1738681153964 163.23781210923505 132
1738681154010 169.283503396052 133
1738681154055 154.3450447310596 134
1738681154100 143.1341160377183 135
1738681154145 172.52601827864547 136
1738681154189 190.77130394102184 137
1738681154234 161.29681588572575 138
1738681154279 146.53479221941365 139
1738681154323 153.7714667418427 140
1738681154369 167.75562108479278 141
1738681154413 176.25004105544758 142
1738681154458 183.48353393793917 143
1738681154503 194.3157492227361 144
1738681154549 168.3168013216272 145
1738681154594 187.0234735623647 146
1738681154639 162.2502286258093 147
1738681154684 168.28273325126918 148
1738681154729 179.5561801767494 149
1738681154774 169.9801880669439 150
1738681154819 150.27266678982423 151
1738681154863 155.57446245145792 152
1738681154908 156.4709788954482 153
1738681154953 154.0209617808639 154
1738681154998 150.77066511829457 155
1738681155044 164.5971493586755 156
1738681155091 158.43834544847422 157
1738681155135 176.8892578124154 158
1738681155180 170.53252095367534 159
1738681155225 170.24856786290664 160
1738681155270 148.37687615651382 161
1738681155314 176.2218351181183 162
1738681155359 170.33523104435864 163
1738681155404 161.9829101598502 164
1738681155449 156.31587170735298 165
1738681155494 199.893782730049 166
1738681155538 159.06002997929855 167
1738681155583 212.68818397613316 168
1738681155629 186.94414775541767 169
1738681155674 146.46294491918255 170
1738681155719 163.36599533116828 171
1738681155763 168.76598983205463 172
1738681155808 165.72975383960463 173
1738681155853 168.00072266736368 174
1738681155899 168.10299922443278 175
1738681155943 168.44974933927958 176
1738681155988 164.35716574919167 177
1738681156033 166.4571183932354 178
1738681156078 156.0500646293472 179
1738681156123 220.23711783878744 180
1738681156168 151.93770815299956 181
1738681156213 173.8724515345737 182
1738681156258 171.96201092313277 183
1738681156302 144.4954983234582 184
1738681156347 180.44180684321447 185
1738681156391 166.48076547316194 186
1738681156436 151.30432563188396 187
1738681156482 180.85167526102464 188
1738681156527 186.9215780157925 189
1738681156572 169.82849860298296 190
1738681156617 177.0015346040283 191
1738681156661 180.7665006566314 192
1738681156707 179.06687307791478 193
1738681156751 181.041453177854 194
1738681156796 171.13984015474801 195
1738681156841 106.20513463170784 196
1738681156886 165.62583730261906 197
1738681156931 157.4144262800441 198
1738681156976 185.09905875514687 199
1738681157021 171.92773435551075 200
1738681157066 181.9673759981567 201
1738681157111 153.3047051995202 202
1738681157156 160.9962945016716 203
1738681157200 178.9068411854753 204
1738681157246 167.4317114942828 205
1738681157290 149.8910576432164 206
1738681157335 168.62460167526237 207
1738681157380 166.70602370950425 208
1738681157425 127.31605445950073 209
1738681157470 157.36855385426165 210
1738681157515 175.75643561334866 211
1738681157559 182.37320158558927 212
1738681157605 168.57797831110474 213
1738681157650 187.12212016527897 214
1738681157695 153.98216046117193 215
1738681157740 168.6325798528024 216
1738681157785 151.04424959541223 217
1738681157829 150.33869997429215 218
1738681157874 168.37717112723678 219
1738681157919 208.2532302296072 220
1738681157963 137.48702285420262 221
1738681158007 168.72318561817886 222
1738681158052 161.11016744506364 223
1738681158097 176.00694989785964 224
1738681158142 177.0838387172725 225
1738681158188 175.8367644617872 226
1738681158233 176.0551278518178 227
1738681158277 182.01214210076967 228
1738681158323 166.9649975846486 229
1738681158368 175.77482168367328 230
1738681158413 174.16661879014063 231
1738681158458 165.1945401274899 232
1738681158502 158.35406758009532 233
1738681158547 176.63924757824773 234
1738681158592 188.03011849082333 235
1738681158637 169.70770525855974 236
1738681158682 177.11782173071626 237
1738681158727 199.96273176108042 238
1738681158772 167.85756125676272 239
1738681158818 144.52572203640958 240
1738681158862 170.98701430457416 241
1738681158907 156.4011648908056 242
1738681158952 168.14687594426584 243
1738681158997 165.02191549139292 244
1738681159042 164.650901537432 245
1738681159086 181.2038354395558 246
1738681159131 157.48973300204977 247
1738681159175 180.23126098178977 248
1738681159221 157.1884084230863 249
1738681159265 148.58346253456307 250
1738681159310 174.66657039251837 251
1738681159356 185.05992772305115 252
1738681159401 183.43947916417798 253
1738681159446 173.21632106436573 254
1738681159491 195.06187939236784 255
1738681159535 169.60887402102662 256
1738681159580 167.524976827907 257
1738681159625 179.62026934770503 258
1738681159670 181.0612099750384 259
1738681159715 168.43356737892276 260
1738681159759 157.61382200701019 261
1738681159805 165.05773280299815 262
1738681159850 177.98137630652363 263
1738681159896 163.44215829526004 264
1738681159940 166.4016615694836 265
1738681159985 153.6893096859098 266
1738681160030 204.35116831197394 267
1738681160075 224.08738156543185 268
1738681160120 156.4396674341772 269
1738681160165 186.22123609569763 270
1738681160210 232.8592337157071 271
1738681160255 160.45369916989114 272
1738681160300 180.03944458770513 273
1738681160345 168.56179261168126 274
1738681160389 180.94370009919078 275
1738681160435 136.40660975146693 276
1738681160480 169.27890848490858 277
1738681160525 168.17263053424466 278
1738681160570 166.86795271221428 279
1738681160615 174.01746408000272 280
1738681160660 196.82149028717015 281
1738681160705 191.6618280835259 282
1738681160749 180.29965261061332 283
1738681160793 220.527517855969 284
1738681160838 216.0104360282404 285
1738681160883 159.0928851028213 286
1738681160928 151.2141824482302 287
1738681160973 163.51401033166204 288
1738681161019 169.4940524983501 289
1738681161064 191.6526483418085 290
1738681161108 184.0141502041234 291
1738681161153 167.87742493048032 292
1738681161198 161.82708507044288 293
1738681161243 151.0082065380258 294
1738681161288 170.69412469995254 295
1738681161333 164.67929165275584 296
1738681161378 152.43541051843624 297
1738681161423 178.58594477031738 298
1738681161468 193.45919141838095 299
1738681161513 174.42772306523636 300
1738681161558 158.45520406437637 301
1738681161603 175.69470085174675 302
1738681161648 157.93517181695523 303
1738681161693 171.8882070842653 304
1738681161738 170.42444864503221 305
1738681161783 184.03714829255765 306
1738681161828 182.82876924218644 307
1738681161873 187.6778327878212 308
1738681161917 216.02225326339996 309
1738681161962 145.707762225909 310
1738681162007 175.2346020835067 311
1738681162052 141.9662894510501 312
1738681162098 158.02273150894902 313
1738681162142 168.99765165979912 314
1738681162187 172.32202480448086 315
1738681162231 167.74521523076098 316
1738681162276 189.6850954205471 317
1738681162321 167.50980053530407 318
1738681162366 132.47703133261416 319
1738681162410 144.95088902130547 320
1738681162455 180.5885676177361 321
1738681162500 159.05537902556281 322
1738681162545 168.15245976910964 323
1738681162590 166.91823406910856 324
1738681162635 179.84648982838382 325
1738681162681 176.60701499766031 326
1738681162726 174.74035465079174 327
1738681162771 193.45033901638948 328
1738681162816 168.42337738184915 329
1738681162861 160.57077443355058 330
1738681162906 158.99528385126172 331
1738681162950 162.61882814023983 332
1738681162995 187.10102822969068 333
1738681163040 171.8710865145105 334
1738681163085 195.6768450652265 335
1738681163129 165.44955631722473 336
1738681163175 160.05026932740336 337
1738681163220 161.5439531048416 338
1738681163265 171.84891627503643 339
1738681163310 172.39213035077233 340
1738681163355 172.10317996818205 341
1738681163400 170.0938491835371 342
1738681163444 173.9696783159572 343
1738681163489 154.2266343440853 344
1738681163534 170.1328564672326 345
1738681163579 147.50322260038956 346
1738681163623 174.72512891726788 347
1738681163669 164.08343426023146 348
1738681163714 180.37789303379003 349
1738681163759 169.35130504028768 350
1738681163803 166.0913304129678 351
1738681163848 173.27657015267647 352
1738681163893 156.37875165513768 353
1738681163938 162.20441875198244 354
1738681163983 172.09214454711758 355
1738681164028 168.14747628823542 356
1738681164073 165.81814756818562 357
1738681164118 164.7315841802565 358
1738681164162 176.50564833609673 359
1738681164207 157.1232267641958 360
1738681164253 167.9136034599621 361
1738681164298 171.53800942516193 362
1738681164343 148.56168745523257 363
1738681164387 150.73775246441406 364
1738681164432 161.25662702479852 365
1738681164477 166.39584515490625 366
1738681164522 127.59986251278288 367
1738681164567 166.71141181016205 368
1738681164612 192.11386349331178 369
1738681164656 175.14984700331738 370
1738681164701 174.7558958453863 371
1738681164747 159.26355046517565 372
1738681164792 152.9785412972435 373
1738681164837 167.0389638995309 374
1738681164883 141.36143586743714 375
1738681164928 164.83845905250493 376
1738681164973 169.80983292039923 377
1738681165021 182.15756539472076 378
1738681165071 163.582156053911 379
1738681165118 173.4954217945409 380
1738681165163 185.7892109191592 381
1738681165208 168.00363141259308 382
1738681165253 178.28777711455655 383
1738681165299 157.29866111243106 384
1738681165344 135.12457958812627 385
1738681165389 180.63104140899452 386
1738681165434 165.12263181156806 387
1738681165479 138.9488522545088 388
1738681165524 186.18114433229093 389
1738681165569 163.56135566254537 390
1738681165614 177.93248347093575 391
1738681165658 204.388405812438 392
1738681165703 178.4171971854882 393
1738681165748 185.2425983065897 394
1738681165793 178.1603501138517 395
1738681165839 195.57457630346516 396
1738681165885 172.70644037224199 397
1738681165930 176.91122214033928 398
1738681165975 154.5188860456833 399
1738681166020 177.94334548330085 400
1738681166065 165.72437003107285 401
1738681166110 151.15014604261734 402
1738681166155 144.27300261807412 403
1738681166201 167.0087537587096 404
1738681166245 184.7121052150626 405
1738681166290 161.84042395468632 406
1738681166335 173.21396422694434 407
1738681166381 176.08006529427135 408
1738681166426 157.88074535627138 409
1738681166471 179.32330453876625 410
1738681166516 174.23643372644872 411
1738681166561 238.7003808295835 412
1738681166605 166.65318797437985 413
1738681166650 167.98299410706954 414
1738681166695 164.29942850424206 415
1738681166740 173.71308391885512 416
1738681166785 160.57681758199996 417
1738681166830 153.80697245804512 418
1738681166875 179.97429066481521 419
1738681166920 169.7089631229031 420
1738681166965 156.29941139697456 421
1738681167010 135.53074275908713 422
1738681167055 161.6247609650135 423
1738681167100 168.3519672829433 424
1738681167144 149.22613134652104 425
1738681167189 168.3231511222193 426
1738681167234 179.01533269079133 427
1738681167279 169.98611863352875 428
1738681167324 203.4779813314262 429
1738681167370 157.63861562194052 430
1738681167415 163.82691339915002 431
1738681167461 143.90274682441947 432
1738681167506 142.2534381355693 433
1738681167551 161.72610904758176 434
1738681167595 175.0730159437926 435
1738681167640 182.25656353721644 436
1738681167685 171.4923421633655 437
1738681167730 172.19460361251004 438
1738681167775 174.15003176434234 439
1738681167820 150.7030050257721 440
1738681167865 177.9555038844899 441
1738681167910 171.8204133986968 442
1738681167955 195.9085784360222 443
1738681168001 159.004871124556 444
1738681168045 214.08539693813123 445
1738681168090 163.88294782901548 446
1738681168135 178.8841694272048 447
1738681168180 165.9709818665273 448
1738681168225 165.2975008982284 449
1738681168270 145.76385320618567 450
1738681168315 173.44437500530168 451
1738681168359 147.83943721869844 452
1738681168404 162.93954252711515 453
1738681168448 164.37781829324442 454
1738681168494 155.64977917556 455
1738681168539 160.45310502915228 456
1738681168584 159.41641621826767 457
1738681168629 179.09230709615002 458
1738681168674 145.2452583415654 459
1738681168718 160.53526413326225 460
1738681168763 169.59434474177723 461
1738681168808 159.389669248327 462
1738681168853 176.01686846513002 463
1738681168898 179.7061652753374 464
1738681168943 133.9790952515031 465
1738681168988 179.11963291520075 466
1738681169033 171.58840430129098 467
1738681169078 172.3326271844423 468
1738681169123 171.77433760314273 469
1738681169168 164.0774671994553 470
1738681169213 175.84835009758189 471
1738681169257 194.51076921471204 472
1738681169302 161.93449655018125 473
1738681169347 139.50686197764435 474
1738681169392 164.93570046350752 475
1738681169436 217.42237026513013 476
1738681169481 155.34237827519036 477
1738681169526 177.56045311705742 478
1738681169572 157.57711235093026 479
1738681169617 166.4306319264305 480
1738681169661 191.84395838096546 481
1738681169706 161.0714776400456 482
1738681169751 175.73121537611428 483
1738681169797 161.590132827815 484
1738681169842 175.96991596835366 485
1738681169887 171.17746036454963 486
1738681169932 161.74217088336061 487
1738681169977 161.25060161293624 488
1738681170022 163.45248065491032 489
1738681170067 150.12633514318946 490
1738681170112 156.098037427923 491
1738681170158 178.0197619053686 492
1738681170202 153.74359927101298 493
1738681170247 141.85117821995328 494
1738681170292 165.7058357714442 495
1738681170338 160.18250350040924 496
1738681170383 163.8787350345362 497
1738681170427 173.49560251257887 498
1738681170472 174.34061119757914 499
