1738680117492 174.57641129449118 0
1738680117499 163.1180860773336 1
1738680117506 162.95939775740618 2
1738680117513 178.69274189444647 3
1738680117519 168.42907802935122 4
1738680117526 176.70417431723956 5
1738680117532 174.58565574563877 6
1738680117538 171.7249146565214 7
1738680117544 165.76723028740847 8
1738680117550 179.56377173772356 9
1738680117557 165.97314413942894 10
1738680117563 171.40942520604952 11
1738680117569 169.39603778811986 12
1738680117575 172.56945645234254 13
1738680117582 172.9193482016208 14
1738680117588 169.2835546913207 15
1738680117594 166.52112358697067 16
1738680117600 169.99027259952965 17
1738680117607 167.7632573955513 18
1738680117613 169.63974960886907 19
1738680117619 173.6303432244647 20
1738680117625 164.61560321185604 21
1738680117632 173.6969209930231 22
1738680117638 169.73892302352465 23
1738680117645 166.1599635111492 24
1738680117651 171.8222831635803 25
1738680117658 160.120192114185 26
1738680117664 167.1048162624132 27
1738680117671 163.2981506809241 28
1738680117678 169.11464392737986 29
1738680117683 171.6923799087683 30
1738680117689 169.61501994558185 31
1738680117696 168.6355956141084 32
1738680117702 176.29313329892486 33
1738680117711 177.0101451753276 34
1738680117719 171.01626461593486 35
1738680117725 176.93104908420722 36
1738680117731 169.32228173698098 37
1738680117738 162.69169183690965 38
1738680117744 170.82081861368368 39
1738680117750 169.6364519086099 40
1738680117757 171.48561935911877 41
1738680117763 171.54310496258248 42
1738680117776 168.3126626227289 43
1738680117798 169.3762854993208 44
1738680117807 169.92398396417235 45
1738680117814 171.324792185625 46
1738680117821 165.35016802400744 47
1738680117829 171.0970813718142 48
1738680117838 171.99296865075706 49
1738680117844 175.0670754530209 50
1738680117851 169.4204101194737 51
1738680117857 171.51488841738555 52
1738680117864 171.2473844575639 53
1738680117871 170.8797211675204 54
1738680117877 166.63662941607666 55
1738680117884 168.9721609111096 56
1738680117890 169.61218608289326 57
1738680117897 171.16482669919066 58
1738680117903 167.24974903215156 59
1738680117909 171.68057349108648 60
1738680117915 167.91182910966702 61
1738680117921 170.21737620541745 62
1738680117927 174.1533086988584 63
1738680117933 168.0934400907381 64
1738680117938 173.20772384767156 65
1738680117944 167.48630869790253 66
1738680117951 169.14462828610695 67
1738680117957 170.484297878894 68
1738680117964 168.86071486324502 69
1738680117970 174.08668586120382 70
1738680117976 167.05495402032815 71
1738680117983 167.05034957250282 72
1738680117989 169.46930351339302 73
1738680117995 171.9221629578906 74
1738680118001 167.5729161531095 75
1738680118008 167.26716586500933 76
1738680118014 171.32564904291615 77
1738680118020 171.25872998028234 78
1738680118026 169.61461355583992 79
1738680118032 172.9861691134311 80
1738680118038 163.60692270368543 81
1738680118044 166.9436211575538 82
1738680118050 170.91343405200809 83
1738680118056 168.0569953871743 84
1738680118062 164.50503105311063 85
1738680118068 165.10695842644364 86
1738680118074 172.18659996453866 87
1738680118081 168.1122698169343 88
1738680118087 171.7147600024189 89
1738680118093 166.53252111420434 90
1738680118099 171.06091049309657 91
1738680118105 172.3282820121327 92
1738680118112 169.31824988241203 93
1738680118118 166.70900405260244 94
1738680118124 167.63968165943785 95
1738680118130 172.3213494252562 96
1738680118136 172.88887655848262 97
1738680118142 171.06359936695202 98
1738680118148 172.98435171130404 99
1738680118154 169.8987306686568 100
1738680118160 171.53057574284162 101
1738680118167 167.44147594407036 102
1738680118173 172.0733870788035 103
1738680118179 164.54145003851718 104
1738680118185 168.30902965278347 105
1738680118191 167.0511054101941 106
1738680118197 166.11648119197216 107
1738680118203 170.40456348562478 108
1738680118210 173.03272736736176 109
1738680118216 171.08305928894978 110
1738680118222 167.34698136039378 111
1738680118228 169.37647581458384 112
1738680118235 172.6345388797693 113
1738680118242 166.30363110959968 114
1738680118249 167.901289566315 115
1738680118255 171.48338305127737 116
1738680118262 173.6387765353011 117
1738680118268 167.33405398622656 118
