1738681050565 182.1413460490851 0
1738681050612 169.89830568632345 1
1738681050660 141.204904410049 2
1738681050707 150.6043695802589 3
1738681050755 150.88750017558786 4
1738681050800 162.89471833311362 5
1738681050844 144.52305681907742 6
1738681050888 156.63160923586145 7
1738681050932 165.84703694408577 8
1738681050976 194.27446363553804 9
1738681051020 146.76981748489354 10
1738681051063 162.716877401412 11
1738681051107 114.43276023493564 12
1738681051151 223.75560948102284 13
1738681051195 163.21789960545075 14
1738681051240 159.597233316872 15
1738681051286 125.94628340009999 16
1738681051330 158.23856517065562 17
1738681051375 174.48337808571767 18
1738681051419 109.50042302097448 19
1738681051463 177.23207603313202 20
1738681051506 209.64971706091418 21
1738681051550 190.27058516042555 22
1738681051593 134.368992071996 23
1738681051637 220.36845975373168 24
1738681051681 174.72230751121197 25
1738681051724 197.6007369891496 26
1738681051767 149.77391220878894 27
1738681051811 200.01246707810023 28
1738681051855 127.66655834000636 29
1738681051901 150.795174210608 30
1738681051945 173.9039197593018 31
1738681051989 237.48756771533942 32
1738681052032 188.3970198969057 33
1738681052076 87.51294556219996 34
1738681052119 147.8946070896181 35
1738681052163 207.52429136254904 36
1738681052207 143.3788125426247 37
1738681052251 161.50138621762846 38
1738681052294 168.02801290394282 39
1738681052338 176.27364944736166 40
1738681052382 171.7147508088561 41
1738681052426 88.18814700785042 42
1738681052469 175.33021462761002 43
1738681052513 182.23565080886206 44
1738681052557 344.4512449353685 45
1738681052603 186.4374454220102 46
1738681052648 116.2142629356773 47
1738681052692 170.64601887890572 48
1738681052735 187.74266416110044 49
1738681052780 174.63868016279375 50
1738681052823 170.17430753929665 51
1738681052867 185.00472486051555 52
1738681052910 189.97497993359096 53
1738681052954 189.8085718592752 54
1738681052998 169.7345963646384 55
1738681053041 189.10504678482638 56
1738681053085 160.90960780454725 57
1738681053129 150.71233045643916 58
1738681053173 200.18302665019675 59
1738681053217 116.00887165648022 60
1738681053261 207.57253908443715 61
1738681053305 191.81521897540358 62
1738681053348 180.3093237409764 63
1738681053395 89.88401233100952 64
1738681053438 322.6475929209216 65
1738681053481 184.21266571224814 66
1738681053524 126.09866358526475 67
1738681053569 158.41337678684553 68
1738681053612 147.91973753078054 69
1738681053656 428.53288105556436 70
1738681053700 143.95810376355064 71
1738681053744 157.97310885405565 72
1738681053788 178.8229088733981 73
1738681053832 143.5314850976657 74
1738681053875 192.16093516863342 75
1738681053919 153.800618912915 76
1738681053963 159.270706562611 77
1738681054007 330.75883047398577 78
1738681054051 137.81456684445803 79
1738681054094 221.43596491575914 80
1738681054138 202.37739535608662 81
1738681054181 168.40386301216628 82
1738681054225 186.56624261633567 83
1738681054269 187.21179925152103 84
1738681054312 188.75960152222262 85
1738681054357 273.7110079388886 86
1738681054401 182.87499248352674 87
1738681054446 157.0694899370998 88
1738681054489 116.39454591829956 89
1738681054533 130.9158513930932 90
1738681054576 143.5477179076567 91
1738681054620 153.10325327850532 92
1738681054663 164.6627598961487 93
1738681054707 181.5669384767449 94
1738681054751 142.63373541688534 95
1738681054795 184.48491968376212 96
1738681054839 243.51286739786366 97
1738681054883 168.5224463334367 98
1738681054927 157.34596881447027 99
1738681054972 83.6666758029281 100
1738681055016 140.41418325090365 101
1738681055060 187.38878318327843 102
1738681055104 176.889741158238 103
1738681055148 124.76752078662923 104
1738681055192 216.11698685631288 105
1738681055235 182.60315974526515 106
1738681055279 183.51740249116696 107
1738681055323 176.78662993273775 108
1738681055368 134.096816152924 109
1738681055412 151.90569886221326 110
1738681055456 102.21902655956607 111
1738681055500 217.83254076136876 112
1738681055544 101.27287054022307 113
1738681055588 163.7378266905997 114
1738681055631 175.44130736724992 115
1738681055675 139.83868186361784 116
1738681055719 209.9013789274536 117
1738681055762 189.08372964650272 118
1738681055806 131.76053254905702 119
1738681055851 167.62829068615977 120
1738681055895 233.00270718243402 121
1738681055938 162.19143549277325 122
1738681055981 159.22821429668718 123
1738681056025 176.21393617846803 124
1738681056069 137.35083528605824 125
1738681056113 93.75530878239532 126
1738681056157 199.14272491631135 127
1738681056201 145.29292701166736 128
1738681056245 198.88747672607118 129
1738681056288 138.9054349977437 130
1738681056332 171.55197718757492 131
1738681056377 204.44587723209466 132
1738681056421 192.25710040917656 133
1738681056464 219.94757458142425 134
1738681056508 168.97418127604027 135
1738681056552 151.64163617551625 136
1738681056597 128.8504615957551 137
1738681056640 137.13724374161953 138
1738681056684 185.87236304862617 139
1738681056727 240.70771513654154 140
1738681056771 193.77984525972562 141
1738681056814 185.5903078154592 142
1738681056858 119.072179472578 143
1738681056902 169.40929513679504 144
1738681056946 189.97612108600978 145
1738681056989 165.84198692579375 146
1738681057033 175.41188687153019 147
1738681057077 177.20810856908636 148
1738681057121 263.31965569123565 149
1738681057164 215.93123228817294 150
1738681057209 244.21414597214843 151
1738681057253 170.05463480828917 152
1738681057297 153.54801929448524 153
1738681057340 175.48194973317692 154
1738681057384 133.32470177581948 155
1738681057428 204.79181832884584 156
1738681057472 151.7732994293877 157
1738681057516 45.38847057116636 158
1738681057560 169.4726812419145 159
1738681057603 153.7133500311841 160
1738681057647 169.68391724018832 161
1738681057691 194.37210610602486 162
1738681057736 105.51761587434129 163
1738681057779 180.88498743604904 164
1738681057823 211.10614370974682 165
1738681057867 222.0796313653434 166
1738681057910 208.3132591813752 167
1738681057954 147.5816358116489 168
1738681057997 167.0215338405007 169
1738681058041 117.56701357481721 170
1738681058085 151.02584930657585 171
1738681058129 177.4013021946888 172
1738681058172 189.46298735671732 173
1738681058216 138.83667141809997 174
1738681058261 110.45591365075265 175
1738681058305 185.79580807553305 176
1738681058349 120.29899575819226 177
1738681058392 265.21482337898254 178
1738681058436 185.97526972975123 179
1738681058480 178.9012408545954 180
1738681058523 153.66553433355102 181
1738681058567 169.22269838799866 182
1738681058611 157.46962145516818 183
1738681058655 142.02980939648148 184
1738681058699 181.42947094587257 185
1738681058742 176.49506214336847 186
1738681058788 112.84591924735153 187
1738681058831 125.10147188682167 188
1738681058875 167.03073936716447 189
1738681058919 178.17449385511773 190
1738681058962 200.4838860660563 191
1738681059006 149.62608100291476 192
1738681059050 164.49641604046843 193
1738681059094 169.0207524557957 194
1738681059137 202.93566081831912 195
1738681059182 204.01336269759832 196
1738681059225 166.56245369518967 197
1738681059269 151.1311679997658 198
1738681059314 147.80625690280223 199
1738681059358 178.76733812969687 200
1738681059401 271.3538803070478 201
1738681059445 146.47359433388118 202
1738681059489 228.99395524665775 203
1738681059533 231.2073939227348 204
1738681059576 209.03886305225598 205
1738681059620 278.8312432869199 206
1738681059664 185.13316958405687 207
1738681059709 182.71732490144734 208
1738681059753 177.05521635270375 209
1738681059797 144.54717998634422 210
1738681059841 150.7698620833242 211
1738681059886 143.03329068240419 212
1738681059930 178.0159413669224 213
1738681059973 155.86758580297197 214
1738681060017 599.1167220508382 215
1738681060061 193.27012910718668 216
1738681060105 189.6467942597457 217
1738681060148 167.2582074826634 218
1738681060192 167.2627486849349 219
1738681060235 209.3447778037469 220
1738681060279 154.62883530550005 221
1738681060324 163.53715845976276 222
1738681060368 170.63958852275587 223
1738681060412 173.3203237974367 224
1738681060456 222.26527157132338 225
1738681060500 178.62824095645902 226
1738681060544 187.98128603021178 227
1738681060587 187.3092938742571 228
1738681060631 156.56413479917163 229
1738681060675 194.66024999384436 230
1738681060719 179.10615908012616 231
1738681060763 143.6021910468238 232
1738681060807 176.63372413134064 233
1738681060850 191.78723495338883 234
1738681060894 172.38321796214362 235
1738681060939 179.2308571390211 236
1738681060983 151.11497419977005 237
1738681061027 119.41457526957493 238
1738681061071 135.62313654242504 239
1738681061114 158.65074468540027 240
1738681061158 166.26025524907413 241
1738681061202 139.27403256715422 242
1738681061245 189.4318503311959 243
1738681061289 167.9441557677063 244
1738681061333 138.1200325650918 245
1738681061377 179.7258980247133 246
1738681061421 110.69986863951232 247
1738681061465 169.87220743612502 248
1738681061510 133.82674205271056 249
1738681061554 173.24440926178846 250
1738681061597 90.101792959955 251
1738681061641 213.68910418465708 252
1738681061685 172.33904380847233 253
1738681061728 205.15485975715643 254
1738681061772 139.22685097828887 255
1738681061816 158.5240468746174 256
1738681061860 118.3402818426579 257
1738681061903 144.03013455602905 258
1738681061947 147.58931492430472 259
1738681061992 244.53060536869626 260
1738681062036 174.2676880154166 261
1738681062080 158.32373715318417 262
1738681062123 150.40614546340515 263
1738681062167 214.47073569617106 264
1738681062211 218.0748220731739 265
1738681062255 146.59471757414443 266
1738681062299 151.9646846350396 267
1738681062343 190.73203937301096 268
1738681062388 183.43256156530285 269
1738681062432 181.54185295811158 270
1738681062475 219.22703625879348 271
1738681062520 178.5157409271165 272
1738681062564 201.7963471581825 273
1738681062608 173.6609120251781 274
1738681062652 249.10883217707672 275
1738681062696 313.8940562774675 276
1738681062740 159.38158993852358 277
1738681062784 313.63205469483785 278
1738681062827 162.9382141785488 279
1738681062871 145.21780316303526 280
1738681062915 168.66379136389173 281
1738681062959 173.23472698152023 282
1738681063003 130.01126681822612 283
1738681063049 188.41206108306028 284
1738681063093 141.84156843834768 285
1738681063137 129.63058614033915 286
1738681063181 172.06368825233903 287
1738681063225 119.47705391556136 288
1738681063269 116.78802434606415 289
1738681063313 119.41944458130499 290
1738681063357 220.00794734863103 291
1738681063401 154.07802393076216 292
1738681063444 224.25880766430845 293
1738681063488 127.91255499874485 294
1738681063532 133.23266531631364 295
1738681063576 125.35887901568356 296
1738681063621 181.54797729716083 297
1738681063664 183.32449561610852 298
1738681063708 143.17187775073086 299
1738681063751 193.9966105906082 300
1738681063795 158.76412473638487 301
1738681063838 161.68779836838894 302
1738681063882 176.9714449671746 303
1738681063926 166.391753141511 304
1738681063970 162.1370605206163 305
1738681064013 150.68904853470562 306
1738681064057 230.57465874026008 307
1738681064101 187.4485684965596 308
1738681064145 151.14344282706094 309
1738681064189 173.7560435635311 310
1738681064233 162.70477627915136 311
1738681064277 153.71192949276153 312
1738681064321 190.1970767795384 313
1738681064364 199.7579563294544 314
1738681064408 197.6077177038453 315
1738681064451 85.83661058818427 316
1738681064495 163.4705608133464 317
1738681064538 161.86698335995496 318
1738681064582 147.81150152862602 319
1738681064627 163.30971935728562 320
1738681064672 166.74739672811089 321
1738681064716 161.5122276861449 322
1738681064760 138.63629587426342 323
1738681064804 138.90964298947907 324
1738681064848 119.94050169063603 325
1738681064892 200.49187841421198 326
1738681064935 156.97593659197165 327
1738681064979 98.00313086523778 328
1738681065023 130.0817807948554 329
1738681065067 200.89145484508344 330
1738681065111 192.0418137878606 331
1738681065157 188.55890213336767 332
1738681065202 156.32014423609994 333
1738681065246 141.19244219300472 334
1738681065290 343.7389857725895 335
1738681065334 159.28188587331908 336
1738681065378 173.51032135863449 337
1738681065422 194.70985704111322 338
1738681065466 162.29358933982067 339
1738681065510 148.88241506072546 340
1738681065554 165.1636021056267 341
1738681065598 126.84759001846642 342
1738681065642 177.75473644244323 343
1738681065686 190.62990365441493 344
1738681065731 229.30829360104994 345
1738681065775 147.2287618456756 346
1738681065819 151.1965418480749 347
1738681065862 251.34040566487485 348
1738681065906 175.76615553463822 349
1738681065950 170.378999668616 350
1738681065993 183.41641884235509 351
1738681066038 105.08691773785091 352
1738681066081 156.03834820381553 353
1738681066126 147.1204161428442 354
1738681066170 163.65913634486253 355
1738681066213 163.53139514488663 356
1738681066258 215.4232530669159 357
1738681066302 200.08900800127384 358
1738681066345 167.14638706077403 359
1738681066389 153.43213837338345 360
1738681066432 159.31786972965583 361
1738681066476 182.13088552293493 362
1738681066519 147.6882265103939 363
1738681066563 342.9651776950984 364
1738681066607 175.03323591891154 365
1738681066650 163.0022577415727 366
1738681066694 118.0600582689176 367
1738681066738 197.20944758297105 368
1738681066782 123.68362252597495 369
1738681066826 217.5922048075131 370
1738681066870 246.12742873631424 371
1738681066913 137.64146509173875 372
1738681066957 168.65345095529545 373
1738681067001 175.7847263784035 374
1738681067045 128.46139938391465 375
1738681067088 219.8496360479536 376
1738681067132 180.21248113009287 377
1738681067175 157.08912968002548 378
1738681067219 185.04002312649442 379
1738681067263 156.0529315900301 380
1738681067307 170.87519129579317 381
1738681067351 188.29146926251963 382
1738681067395 134.1718616974426 383
1738681067439 197.5402234539526 384
1738681067484 89.4553943869363 385
1738681067528 224.70420032473734 386
1738681067572 180.73094693210896 387
1738681067616 181.75300302057204 388
1738681067660 163.34384729126683 389
1738681067704 96.75927172893914 390
1738681067748 162.7404733237603 391
1738681067792 180.89016228379091 392
1738681067835 189.27740277420625 393
1738681067880 91.91695892569318 394
1738681067924 179.52429475119794 395
1738681067968 182.35293712779966 396
1738681068011 221.88159992191524 397
1738681068055 205.39802030057004 398
1738681068098 189.23828183057037 399
1738681068142 142.81208175780452 400
1738681068186 153.46285881203616 401
1738681068230 157.0730022322663 402
1738681068274 180.0964027823679 403
1738681068319 165.12936450696284 404
1738681068362 206.07726981131597 405
1738681068407 183.04215968106868 406
1738681068451 182.93803874130504 407
1738681068494 206.47154462768557 408
1738681068538 179.4421339826373 409
1738681068582 164.98006844186352 410
1738681068626 203.28474933953305 411
1738681068669 138.72867451687048 412
1738681068713 133.86432746335763 413
1738681068757 191.19140654748506 414
1738681068801 90.59314391574499 415
1738681068845 162.87116266298526 416
1738681068889 206.19957947696227 417
1738681068934 238.746598162508 418
1738681068978 176.4916110761063 419
1738681069022 177.5264606744358 420
1738681069066 171.7736827910394 421
1738681069110 266.16007038478955 422
1738681069153 172.57393792795708 423
1738681069197 218.4333960930312 424
1738681069242 180.31524801145085 425
1738681069286 242.09100884736293 426
1738681069330 174.49690804634386 427
1738681069374 155.98728239091298 428
1738681069418 187.88071371180624 429
1738681069461 172.80821534917135 430
1738681069507 191.15129621881465 431
1738681069551 127.27011343174814 432
1738681069595 164.6387252461037 433
1738681069638 206.0700421929642 434
1738681069682 154.71780471152996 435
1738681069726 191.26217414367912 436
1738681069770 196.0094147836738 437
1738681069813 170.30685654980505 438
1738681069857 191.99234061899838 439
1738681069901 71.38659076841355 440
1738681069944 168.69219619674982 441
1738681069987 172.2856079344626 442
1738681070033 50.9707320445919 443
1738681070076 193.7591923147905 444
1738681070120 88.29542221973314 445
1738681070165 147.76742514481163 446
1738681070209 233.75721644427713 447
1738681070253 159.045641848485 448
1738681070297 189.82206042752253 449
1738681070341 148.5027854943819 450
1738681070385 127.37092545283963 451
1738681070428 149.11010129073355 452
1738681070472 183.9987968713215 453
1738681070516 175.22122538964157 454
1738681070561 126.93700881660482 455
1738681070604 217.95523772889567 456
1738681070648 151.12766147777202 457
1738681070692 129.4605382499529 458
1738681070736 142.96310817932243 459
1738681070782 150.8502309209608 460
1738681070825 174.533507404864 461
1738681070869 166.29552293438493 462
1738681070912 144.89842182086764 463
1738681070956 177.35120777851452 464
1738681071000 208.96434298250225 465
1738681071043 166.95161808895665 466
1738681071089 229.85284389696756 467
1738681071134 121.37095512725179 468
1738681071178 188.82979367253006 469
1738681071222 263.8014776561169 470
1738681071266 193.39820912138214 471
1738681071310 170.6501263167067 472
1738681071354 165.1721573129365 473
1738681071398 166.34918975861314 474
1738681071442 187.26674434293182 475
1738681071486 105.1545929335809 476
1738681071529 35.98603270823003 477
1738681071573 181.04180038889908 478
1738681071618 178.556846900805 479
1738681071662 161.67748009160096 480
1738681071706 168.88687561587034 481
1738681071750 187.94062728904086 482
1738681071793 39.123172328957885 483
1738681071837 127.80858406671022 484
1738681071881 147.76762131305733 485
1738681071924 161.09036804665027 486
1738681071968 158.9723645377643 487
1738681072012 196.9482495248651 488
1738681072057 158.80697828312586 489
1738681072107 169.72388336826353 490
1738681072157 183.73849224779954 491
1738681072205 184.09324470172746 492
1738681072253 160.8272030929504 493
1738681072301 196.15988833975095 494
1738681072348 158.8166109460379 495
1738681072396 134.83043765649433 496
1738681072444 224.7337354483145 497
1738681072491 124.29995029885897 498
1738681072539 59.711795368160274 499
