1738680776062 133.11629753695686 0
1738680776103 163.69878468527128 1
1738680776143 151.78164765449327 2
1738680776183 153.68643793582086 3
1738680776224 159.3072291515971 4
1738680776265 178.9248900529212 5
1738680776307 98.8314636970837 6
1738680776348 177.38936554416424 7
1738680776389 91.41778942131891 8
1738680776429 187.2632145272526 9
1738680776470 176.41064787834875 10
1738680776510 204.16835621937523 11
1738680776549 209.03107765821153 12
1738680776589 181.4892806482568 13
1738680776629 193.63568938348428 14
1738680776671 118.16149482233362 15
1738680776714 223.7542977791224 16
1738680776755 200.00274904086393 17
1738680776795 159.18306495440112 18
1738680776836 174.1596625511265 19
1738680776878 146.23118533826212 20
1738680776919 142.35641558106698 21
1738680776960 101.70043418635018 22
1738680777001 114.36555731414303 23
1738680777041 164.9874010657191 24
1738680777081 149.66253610671626 25
1738680777121 154.90101355395143 26
1738680777161 101.3691558997642 27
1738680777201 98.43496035130934 28
1738680777241 160.66591051088378 29
1738680777280 165.29887007769122 30
1738680777320 144.773596947984 31
1738680777360 144.4556874285674 32
1738680777400 149.4532888790717 33
1738680777440 151.3579639187051 34
1738680777479 190.25671959018948 35
1738680777521 157.02863350964972 36
1738680777562 278.5704814640917 37
1738680777602 197.83573591140117 38
1738680777641 177.34419489054372 39
1738680777681 108.65999525202535 40
1738680777721 139.6683811121193 41
1738680777761 217.77170258116675 42
1738680777802 157.8449120163565 43
1738680777841 239.73358665886192 44
1738680777881 165.86317899784956 45
1738680777922 114.70253394508421 46
1738680777961 165.5722886191214 47
1738680778001 164.74848505511275 48
1738680778041 173.79525570050436 49
1738680778082 149.58051890091704 50
1738680778122 113.98946092691182 51
1738680778161 159.6585360648131 52
1738680778201 211.61261893273644 53
1738680778241 214.5138938742683 54
1738680778281 75.04428198953937 55
1738680778321 195.26634100792467 56
1738680778360 146.06015760123879 57
1738680778400 70.79930323421969 58
1738680778440 170.66569567042234 59
1738680778481 179.165690557503 60
1738680778523 166.07754897608828 61
1738680778562 214.96599772852642 62
1738680778603 201.9617537713256 63
1738680778643 141.44814403904792 64
1738680778683 202.6228094632534 65
1738680778723 367.7531917605528 66
1738680778763 123.14954276339995 67
1738680778803 175.7722748990014 68
1738680778843 147.50752786651393 69
1738680778883 189.53660521806145 70
1738680778923 169.8958942485119 71
1738680778964 181.11266866617777 72
1738680779003 382.99709484416763 73
1738680779043 164.84568679521462 74
1738680779083 176.08202425659138 75
1738680779124 164.2036324042715 76
1738680779163 146.60264721079437 77
1738680779203 214.16365769757925 78
1738680779243 158.60493128811714 79
1738680779284 177.12240999535464 80
1738680779324 204.1074414169286 81
1738680779364 195.97211797834447 82
1738680779404 114.25061605625764 83
1738680779443 171.7191095424355 84
1738680779483 176.8445658961708 85
1738680779523 127.58973539804794 86
1738680779563 168.31910515471918 87
1738680779603 173.85651613296386 88
1738680779643 169.65580260683137 89
1738680779683 167.30997226928682 90
1738680779723 154.8115985824991 91
1738680779763 111.77750399777527 92
1738680779803 135.33582300425658 93
1738680779843 190.04101450182307 94
1738680779883 170.08121293064642 95
1738680779923 196.29944192835538 96
1738680779963 176.62930801954136 97
1738680780003 149.99326444353034 98
1738680780044 189.05367620297727 99
1738680780086 185.46282705295886 100
1738680780125 214.54136410115646 101
1738680780165 238.69155936442647 102
1738680780206 185.70648772463463 103
1738680780246 138.60886497119947 104
1738680780286 153.0336796475482 105
1738680780325 128.3824896293137 106
1738680780365 104.27500399892982 107
1738680780405 187.11775149717434 108
1738680780445 88.03388107899417 109
1738680780485 183.0303965435201 110
1738680780524 175.28266691644816 111
1738680780564 261.121458894904 112
1738680780604 141.35420099907876 113
1738680780644 252.63820329469607 114
1738680780683 202.38200686152433 115
1738680780724 171.38590161966678 116
1738680780765 90.45077244403782 117
1738680780805 162.22218301592395 118
1738680780844 181.26904203548833 119
1738680780884 184.58259925643875 120
1738680780924 200.5186536008704 121
1738680780964 194.1869971857284 122
1738680781004 213.67821477405363 123
1738680781044 138.90958008791387 124
1738680781084 161.5945086352533 125
1738680781123 159.41425673744115 126
1738680781163 179.8051647066066 127
1738680781203 176.96926659340892 128
1738680781243 168.90770417312396 129
1738680781283 136.77222177236933 130
1738680781323 178.18657699330063 131
1738680781363 161.9368201825004 132
1738680781403 181.05292253081316 133
1738680781443 133.10657642078306 134
1738680781482 184.89918004273315 135
1738680781522 198.79024299939815 136
1738680781562 196.35774768063362 137
1738680781602 178.9907457338593 138
1738680781642 174.90429776722803 139
1738680781682 182.29099706346275 140
1738680781721 281.24644889583453 141
1738680781761 164.7900629450357 142
1738680781802 152.10553604916834 143
1738680781842 181.6801509817614 144
1738680781882 213.35382254736777 145
1738680781922 178.01535186711757 146
1738680781963 137.12687924837962 147
1738680782002 86.06834743073752 148
1738680782041 213.8009064815149 149
1738680782081 279.4465313490399 150
1738680782121 178.19914426611192 151
1738680782161 167.07550067400817 152
1738680782201 161.87769819751853 153
1738680782241 164.9382361165564 154
1738680782281 150.67890921345742 155
1738680782322 177.9880922867794 156
1738680782362 163.48164115986611 157
1738680782401 136.8728118396945 158
1738680782441 151.04142280086566 159
1738680782481 164.02873296651217 160
1738680782521 283.4017436998538 161
1738680782562 194.75778748539702 162
1738680782601 210.69122273689217 163
1738680782641 165.65740964415983 164
1738680782681 147.2419315291424 165
1738680782721 205.14383833896218 166
1738680782762 181.7977022841919 167
1738680782803 79.80546238874052 168
1738680782844 201.61339486574624 169
1738680782883 158.07598757261079 170
1738680782923 179.06418217384254 171
1738680782963 162.298197804666 172
1738680783003 208.60800352383458 173
1738680783042 206.63277782596927 174
1738680783082 128.93222037306705 175
1738680783122 158.72352882135434 176
1738680783162 157.89173821422384 177
1738680783202 214.91495907746668 178
1738680783241 153.46979832730844 179
1738680783281 177.72743252479825 180
1738680783321 198.75170442530896 181
1738680783361 156.53365556115406 182
1738680783402 98.26982460388635 183
1738680783441 185.71740121591398 184
1738680783481 127.08354078412454 185
1738680783521 154.69241650210455 186
1738680783561 258.33057149420404 187
1738680783601 172.104152780068 188
1738680783640 107.10793529747588 189
1738680783680 153.1901982856733 190
1738680783720 163.50311000419464 191
1738680783760 223.56666297705883 192
1738680783800 166.68468802432895 193
1738680783840 156.71945313405752 194
1738680783880 130.63689651047673 195
1738680783922 252.76984160046143 196
1738680783962 167.27377542761639 197
1738680784002 181.1853988217275 198
1738680784041 167.91498964738628 199
1738680784081 213.0290286157258 200
1738680784121 132.63723470691724 201
1738680784161 172.41289668925634 202
1738680784201 372.05373685096504 203
1738680784240 73.93879841264425 204
1738680784280 135.61921521161509 205
1738680784320 144.49434013713326 206
1738680784360 186.75309003434046 207
1738680784400 151.65087464750553 208
1738680784440 122.19838479562311 209
1738680784479 177.518951404811 210
1738680784519 154.6079081398314 211
1738680784559 182.1996183242873 212
1738680784599 122.79821341344412 213
1738680784639 140.18424221269558 214
1738680784679 178.8294297326175 215
1738680784719 160.38557659631908 216
1738680784759 129.38102264695763 217
1738680784799 168.28178538554556 218
1738680784839 223.18285464202415 219
1738680784878 157.30923072709302 220
1738680784918 209.94027329844076 221
1738680784958 170.69558416474493 222
1738680784999 142.59380838678115 223
1738680785039 128.6846613102422 224
1738680785078 326.5944072137031 225
1738680785118 144.26615806759554 226
1738680785158 263.41723081869213 227
1738680785198 148.88970235095485 228
1738680785238 180.62681329617837 229
1738680785278 155.46857742001896 230
1738680785318 175.2344367968773 231
1738680785358 145.67465558039532 232
1738680785397 162.8813555303521 233
1738680785437 152.96483586094325 234
1738680785477 172.32878894232965 235
1738680785517 148.14599878916138 236
1738680785558 172.92979182727143 237
1738680785598 224.2119496979104 238
1738680785638 137.42312090306896 239
1738680785677 111.2208970361851 240
1738680785717 127.46455614953913 241
1738680785757 163.0459054443784 242
1738680785797 231.31416208305632 243
1738680785837 191.9444913994222 244
1738680785877 210.0469288312203 245
1738680785917 187.69616993833935 246
1738680785957 156.07183648999836 247
1738680785997 170.422219988943 248
1738680786036 193.22605302746655 249
1738680786078 152.8620492956379 250
1738680786117 154.50316327748754 251
1738680786157 204.26914738035046 252
1738680786197 155.78903143750696 253
1738680786237 127.76860808188059 254
1738680786276 263.7760200766246 255
1738680786316 116.0419684297232 256
1738680786356 182.12757491520475 257
1738680786396 125.13617137186239 258
1738680786436 165.99597241970298 259
1738680786476 196.09033435126244 260
1738680786516 130.3604298701157 261
1738680786556 231.08270809932338 262
1738680786597 308.7501774133377 263
1738680786637 169.71432898340697 264
1738680786677 267.4920395501401 265
1738680786717 266.14494558582317 266
1738680786756 156.97922493499334 267
1738680786796 156.658012202638 268
1738680786835 191.61926184286287 269
1738680786875 352.7399880313144 270
1738680786915 179.1645575439647 271
1738680786955 165.04892532792945 272
1738680786995 196.2877496121895 273
1738680787035 174.97399167947404 274
1738680787075 105.15035794492148 275
1738680787115 201.11615006344059 276
1738680787155 172.11621758953643 277
1738680787195 150.99499920353867 278
1738680787235 183.26661472320868 279
1738680787274 127.60455282079633 280
1738680787314 98.77945043612432 281
1738680787354 113.98787424767029 282
1738680787394 101.55262028972203 283
1738680787434 178.27207749946396 284
1738680787474 106.8899488185357 285
1738680787515 151.34604795370302 286
1738680787555 214.55316819205015 287
1738680787594 118.26881668117927 288
1738680787634 207.42449257167561 289
1738680787674 238.12685507010923 290
1738680787714 177.9503611653055 291
1738680787753 146.0889317039776 292
1738680787793 133.65925078864274 293
1738680787833 155.82597875283997 294
1738680787873 209.41438788376124 295
1738680787913 153.40543905275834 296
1738680787952 161.52798329389142 297
1738680787993 226.58502952161263 298
1738680788033 189.65343151859912 299
1738680788072 222.09474804951077 300
1738680788112 150.14729529602957 301
1738680788152 176.17137973592887 302
1738680788193 191.60095569632443 303
1738680788233 125.35325361379648 304
1738680788273 175.31503002437515 305
1738680788313 161.29971727233277 306
1738680788353 164.98475527007037 307
1738680788393 189.0956927620117 308
1738680788433 213.3373993858896 309
1738680788473 210.96754172021767 310
1738680788513 211.52605925062724 311
1738680788552 123.2599155107619 312
1738680788592 226.54450340098094 313
1738680788632 166.78177224049824 314
1738680788672 252.87182017410393 315
1738680788712 170.89145564094187 316
1738680788752 140.9209272815644 317
1738680788792 164.49654931946543 318
1738680788832 175.3194831631276 319
1738680788871 114.2771883571161 320
1738680788911 177.45613968489613 321
1738680788951 149.63812064935118 322
1738680788991 134.64457909840604 323
1738680789031 143.41285810951467 324
1738680789071 180.9037666177564 325
1738680789110 99.57275827266078 326
1738680789150 295.4578182356157 327
1738680789190 146.6564139739667 328
1738680789230 169.86717388797013 329
1738680789271 137.18300521558092 330
1738680789311 167.1687598046318 331
1738680789352 164.9927761163955 332
1738680789392 141.62891123825347 333
1738680789432 148.96795523782694 334
1738680789471 202.01348082528048 335
1738680789511 250.1615972621496 336
1738680789551 224.07284639694106 337
1738680789591 147.75517241120687 338
1738680789631 197.40104844048273 339
1738680789671 171.56745627656255 340
1738680789711 195.1233832359918 341
1738680789750 255.99285685275194 342
1738680789791 300.5548867476449 343
1738680789831 202.49314790234908 344
1738680789871 209.45021911289987 345
1738680789912 160.35588316872594 346
1738680789953 201.3328739666818 347
1738680789993 176.3645721421951 348
1738680790033 122.71739974597648 349
1738680790073 199.6169771157738 350
1738680790113 150.07886312088473 351
1738680790152 204.7364180291491 352
1738680790192 119.78080792414838 353
1738680790232 182.63277375487718 354
1738680790272 135.97307710765648 355
1738680790312 74.8244444639467 356
1738680790352 174.99088158019092 357
1738680790392 200.73923273895855 358
1738680790432 185.9052350722415 359
1738680790472 125.73746111923371 360
1738680790512 263.4382843701805 361
1738680790552 170.50188678139895 362
1738680790593 166.1089794961226 363
1738680790633 161.70966924936437 364
1738680790673 175.7892214418813 365
1738680790713 269.1865230830081 366
1738680790753 224.37654150984474 367
1738680790792 176.04144884727043 368
1738680790832 183.5150891379598 369
1738680790873 130.022462071023 370
1738680790913 173.52876025064506 371
1738680790953 296.70741969468565 372
1738680790993 195.36147333719046 373
1738680791035 162.48707463835322 374
1738680791075 81.31844652809205 375
1738680791115 208.15353335942956 376
1738680791155 155.4403938566348 377
1738680791194 175.97792805049548 378
1738680791235 297.85300479549045 379
1738680791274 251.05604926793717 380
1738680791314 172.31935001401902 381
1738680791354 91.1156324894016 382
1738680791395 171.35086289859572 383
1738680791436 171.8676289243115 384
1738680791476 159.9221405555988 385
1738680791516 131.55439377655404 386
1738680791555 203.1648875340531 387
1738680791595 199.52637829464152 388
1738680791635 62.46497781774777 389
1738680791675 212.79896908686135 390
1738680791716 295.9203559130332 391
1738680791756 172.79196266065514 392
1738680791796 96.77217596319105 393
1738680791835 130.6652949365809 394
1738680791875 180.83872133593695 395
1738680791915 180.2013943063695 396
1738680791955 204.38817986602905 397
1738680791995 106.03823380767557 398
1738680792035 190.54096191389428 399
1738680792074 115.87667816935976 400
1738680792114 213.79796658119017 401
1738680792154 150.40305034396127 402
1738680792194 121.42484577004898 403
1738680792233 81.02115157479764 404
1738680792273 177.8495214492172 405
1738680792314 169.6593194036656 406
1738680792354 121.13086924596236 407
1738680792394 174.91677776215482 408
1738680792434 162.0465162847849 409
1738680792475 120.80470442854364 410
1738680792515 136.64166422123125 411
1738680792554 88.40940575588027 412
1738680792594 173.29940130988575 413
1738680792634 196.13349626826115 414
1738680792674 126.68704071663446 415
1738680792713 207.18983294474614 416
1738680792753 140.7768884182562 417
1738680792793 116.95091849022275 418
1738680792833 120.09127161195751 419
1738680792872 160.69449350004246 420
1738680792912 133.26723095878864 421
1738680792952 152.73679374133374 422
1738680792992 176.90635017303168 423
1738680793033 181.6346388409924 424
1738680793073 142.3796164134022 425
1738680793113 229.07545225681113 426
1738680793152 219.98088417714354 427
1738680793192 169.20098589306704 428
1738680793231 101.93946859843965 429
1738680793271 185.17692600172867 430
1738680793311 165.24882726805396 431
1738680793350 154.3134600412648 432
1738680793390 151.5104872026315 433
1738680793430 119.12873757079552 434
1738680793470 131.37457034743045 435
1738680793510 131.3350678803683 436
1738680793550 175.5643839028466 437
1738680793590 201.48424459690585 438
1738680793630 187.95743245771067 439
1738680793670 99.7283205665749 440
1738680793710 141.35985927268476 441
1738680793750 174.046365179533 442
1738680793789 144.76278405328634 443
1738680793829 174.65917363062468 444
1738680793868 139.9020769399072 445
1738680793908 380.0115896364604 446
1738680793948 213.15128171436405 447
1738680793987 182.08006566942385 448
1738680794027 156.83746979263856 449
1738680794068 136.89837548573323 450
1738680794108 75.32256102645847 451
1738680794148 142.37632842091946 452
1738680794187 189.40158986945747 453
1738680794227 100.85077081582747 454
1738680794267 250.33253037586536 455
1738680794307 164.6446070002413 456
1738680794347 186.60867956448502 457
1738680794387 174.15972051228394 458
1738680794427 126.74994688157125 459
1738680794466 106.79704914518149 460
1738680794506 173.01912102634643 461
1738680794546 151.83447522844347 462
1738680794587 164.12296607467337 463
1738680794627 159.9817392653012 464
1738680794667 167.81663558280727 465
1738680794706 199.36425744844632 466
1738680794746 144.3278866736611 467
1738680794786 190.2876526477144 468
1738680794825 167.53287991688526 469
1738680794865 206.7533740627795 470
1738680794904 135.19335961043942 471
1738680794944 107.32271832522949 472
1738680794984 181.2396314898172 473
1738680795023 207.56072331807113 474
1738680795063 166.31075278749336 475
1738680795103 155.68246985729812 476
1738680795143 190.1324012127448 477
1738680795183 215.85135287959505 478
1738680795223 151.58778866523545 479
1738680795264 135.844620645615 480
1738680795304 194.46348973862177 481
1738680795343 158.29477139040387 482
1738680795383 180.79578148546778 483
1738680795423 229.214562995306 484
1738680795463 193.81028102361566 485
1738680795502 186.15513536333273 486
1738680795542 152.99938317928186 487
1738680795582 188.67467399725643 488
1738680795622 148.02561987981667 489
1738680795663 170.18635229210332 490
1738680795702 147.00149878116733 491
1738680795742 198.0069273525828 492
1738680795781 83.09055025464609 493
1738680795822 175.2257322090997 494
1738680795861 125.54920545846562 495
1738680795901 221.13772945119302 496
1738680795941 241.79579796675517 497
1738680795980 112.36902523456361 498
1738680796020 78.92688227427377 499
