1738823504708 159.19412602041166 0
1738823504725 152.63021568700808 1
1738823504746 143.71985233926986 2
1738823504769 135.25570909869296 3
1738823504805 138.80645693919365 4
1738823504825 120.2318752910712 5
1738823504849 121.98054311422858 6
1738823504873 114.72959003413594 7
1738823504904 111.02638688445883 8
1738823504928 120.12028464405634 9
1738823504951 135.91846721802494 10
1738823504974 96.82503444419478 11
1738823504994 114.85237628862191 12
1738823505019 115.89297644890267 13
1738823505038 104.85112817821371 14
1738823505053 98.22909013298761 15
1738823505068 95.87878744631178 16
1738823505086 127.28651035439391 17
1738823505104 103.27772879322403 18
1738823505120 98.7843776043196 19
1738823505137 104.52838187379379 20
1738823505154 86.49013341905928 21
1738823505169 88.2587503574701 22
1738823505192 88.14243312760031 23
1738823505207 100.69283106576111 24
1738823505239 86.76029880275078 25
1738823505268 90.47030311438782 26
1738823505289 90.74924501678733 27
1738823505316 93.55018380591203 28
1738823505336 99.90050263107777 29
1738823505356 116.33715775975978 30
1738823505376 76.92035554279828 31
1738823505400 97.38402946698791 32
1738823505425 87.21179037292139 33
1738823505445 91.24407054110158 34
1738823505463 88.63371559516911 35
1738823505487 94.5708925922778 36
1738823505512 100.6996958820621 37
1738823505535 91.18353886285553 38
1738823505554 102.91041423836553 39
1738823505572 75.29814769326593 40
1738823505589 84.7823609507977 41
1738823505611 74.24922028902895 42
1738823505629 75.22692728389502 43
1738823505675 77.91706327007266 44
1738823505741 85.89214299294561 45
1738823505814 79.02953565457591 46
1738823505842 86.14773416940922 47
1738823505870 89.64568676561977 48
1738823505889 94.32445917560665 49
1738823505910 91.91744845411006 50
1738823505932 94.96167320801942 51
1738823505947 71.50916986596702 52
1738823505972 82.86398666006274 53
1738823505999 82.54940141092959 54
1738823506026 76.47642703600349 55
1738823506048 74.22845934851887 56
1738823506069 86.02141443875405 57
1738823506095 87.69443854697475 58
1738823506125 67.78000528333095 59
1738823506145 87.23538469991799 60
1738823506209 82.8668315478226 61
1738823506274 78.95570028083222 62
1738823506291 66.40560051305714 63
1738823506333 78.57618830458343 64
1738823506354 71.59043605179595 65
1738823506394 81.42399902494417 66
1738823506481 84.82400318310798 67
1738823506504 88.84315196226066 68
1738823506596 73.8739041107478 69
1738823506692 69.15191766010966 70
1738823506755 87.89135549877194 71
1738823506811 117.65158453565301 72
1738823506886 82.18772799424946 73
1738823506955 76.1037450035921 74
1738823506993 66.63887914692228 75
1738823507015 72.49173733748297 76
1738823507032 76.89551890191534 77
1738823507046 67.79530862218192 78
1738823507063 62.70044954278109 79
1738823507077 73.59344626572373 80
1738823507095 68.39701464000461 81
1738823507114 76.54968950529768 82
1738823507130 81.37999364433539 83
1738823507149 74.08977999060973 84
1738823507191 82.49015545756708 85
1738823507211 63.401349333606724 86
1738823507233 73.29755106591669 87
1738823507257 73.2976206364926 88
1738823507283 65.29466923744029 89
1738823507322 56.97313346248593 90
1738823507344 69.31203960282632 91
1738823507368 71.0764063139836 92
1738823507390 54.151640099070846 93
1738823507409 57.6391433342439 94
1738823507435 68.36997249996523 95
1738823507460 73.72703227074707 96
1738823507480 78.67595362906444 97
1738823507500 73.85331812092326 98
1738823507524 55.09148048205834 99
1738823507540 78.56447309121049 100
1738823507569 74.40902926373602 101
1738823507616 83.01143417623656 102
1738823507639 113.03227569108923 103
1738823507664 61.906665673940886 104
1738823507694 103.21059772033382 105
1738823507739 69.5695204253846 106
1738823507795 70.14491253656647 107
1738823507816 60.1205188012109 108
1738823507854 74.65051187672864 109
1738823507871 60.947517320152734 110
1738823507889 69.59653733282485 111
1738823507916 67.88888722221708 112
1738823507936 58.10482491064294 113
1738823507955 53.34240869761401 114
1738823507977 71.45804082728141 115
1738823507994 63.354606361163 116
1738823508011 54.48446946305694 117
1738823508024 73.56420082700147 118
1738823508045 74.90376827443173 119
1738823508060 64.1371021590862 120
1738823508075 65.73210931679209 121
1738823508091 63.063032987502865 122
1738823508108 74.9270401469155 123
1738823508125 59.514760491632 124
1738823508146 62.095491683832726 125
1738823508166 71.14627374668635 126
1738823508196 76.42861820996497 127
1738823508242 67.15300601549932 128
1738823508262 56.67497141677325 129
1738823508283 75.3250372134542 130
1738823508308 82.05793907071966 131
1738823508327 60.82310838829623 132
1738823508352 60.610373400969465 133
1738823508371 62.76906274300756 134
1738823508398 63.69886408251705 135
1738823508430 65.24563407519229 136
1738823508445 61.81625475900809 137
1738823508461 91.78429241360703 138
1738823508478 59.50426605803113 139
1738823508494 57.78461086121989 140
1738823508509 63.930686692210145 141
1738823508528 77.36597588148287 142
1738823508558 51.929322594868985 143
1738823508580 61.213620653679875 144
1738823508606 63.88832777803962 145
1738823508630 63.45494415124795 146
1738823508659 58.30546413717298 147
1738823508674 60.61416699352244 148
1738823508689 55.251718435279926 149
1738823508707 65.95621025433434 150
1738823508723 57.32802169719229 151
1738823508742 73.68673232652353 152
1738823508760 52.07332664686485 153
1738823508775 57.66654458499359 154
1738823508798 59.057671401117986 155
1738823508828 64.69983016352244 156
1738823508854 73.20081435639248 157
1738823508879 52.68116936819458 158
1738823508904 46.134025657033845 159
1738823508924 54.63238639805354 160
1738823508947 66.39995905002198 161
1738823508971 48.10032689679033 162
1738823508991 61.82451816375815 163
1738823509020 57.345178905236686 164
1738823509042 62.37886934828594 165
1738823509060 56.307883477096695 166
1738823509081 60.203341721957614 167
1738823509104 66.13761412415057 168
1738823509125 72.88733976975188 169
1738823509146 61.04403661532444 170
1738823509169 58.4303993704419 171
1738823509190 55.42456032634987 172
1738823509209 67.4936690063365 173
1738823509225 53.93652917195548 174
1738823509245 60.71382166797212 175
1738823509279 47.081793189826456 176
1738823509308 53.12102590358148 177
1738823509330 49.26439554004015 178
1738823509359 51.228178450629485 179
1738823509377 59.866431665963 180
1738823509397 55.672137098631175 181
1738823509427 62.81851820184683 182
1738823509449 68.66433192000109 183
1738823509473 50.90276620469377 184
1738823509497 53.49674082533529 185
1738823509520 58.73073518542638 186
1738823509544 63.63326363576431 187
1738823509566 50.41618100746612 188
1738823509587 49.241372586026074 189
1738823509606 49.28639071924424 190
1738823509625 51.14489590135887 191
1738823509657 54.25894508555484 192
1738823509680 50.571493627963356 193
1738823509699 52.109346547892756 194
1738823509714 59.97340569147819 195
1738823509733 54.642610957634815 196
1738823509749 50.44193862448633 197
1738823509775 50.19150606145197 198
1738823509801 45.83362383669673 199
1738823509822 53.03126965385269 200
1738823509848 60.50110341468043 201
1738823509864 61.005733537418735 202
1738823509879 67.17412805302467 203
1738823509897 87.15937784527708 204
1738823509917 52.706874463776714 205
1738823509935 53.51765095643291 206
1738823509948 53.90046226205542 207
1738823509963 50.157159247424836 208
1738823509982 44.978566697974685 209
1738823510007 46.63519038276174 210
1738823510033 47.286582916119386 211
1738823510096 60.26258505124184 212
1738823510113 74.27930813106323 213
1738823510185 76.42136989758632 214
1738823510206 70.2306578435473 215
1738823510225 43.72503487479869 216
1738823510245 52.2664229548681 217
1738823510265 56.47798306007234 218
1738823510284 51.07973473054599 219
1738823510306 78.65386470992078 220
1738823510328 62.14323888055138 221
1738823510358 51.40640682723815 222
1738823510381 55.968618153492514 223
1738823510430 60.119796627603954 224
1738823510453 57.68988542458594 225
1738823510477 66.54429524846664 226
1738823510513 68.30145884450606 227
1738823510544 49.979174344181295 228
1738823510565 60.18029890391841 229
1738823510582 45.57567019018297 230
1738823510601 45.42570027886463 231
1738823510615 54.08642672129134 232
1738823510641 54.484159355492686 233
1738823510659 45.32116050450857 234
1738823510674 56.59916492792462 235
1738823510690 62.78803571650916 236
1738823510708 46.55243964377937 237
1738823510724 45.317155071707454 238
1738823510739 53.021697856301216 239
1738823510757 55.90044227793096 240
1738823510773 49.06649396975434 241
1738823510793 52.66943362950148 242
1738823510811 61.14543326966863 243
1738823510828 47.98842538624904 244
1738823510854 58.43195401585293 245
1738823510873 53.403845500429014 246
1738823510895 46.84045124301447 247
1738823510914 44.195980282886396 248
1738823510932 50.58197433950419 249
1738823510951 45.6735131986067 250
1738823510969 62.25470530871022 251
1738823510986 61.855618178421615 252
1738823511012 63.4211249452566 253
1738823511030 41.287500262955355 254
1738823511046 51.044717659583036 255
1738823511064 51.32034870448052 256
1738823511079 55.03904216031983 257
1738823511096 38.360922101661366 258
1738823511112 55.0519198231026 259
1738823511128 48.362410644925205 260
1738823511146 52.242023838146025 261
1738823511162 53.200042749165156 262
1738823511175 61.740760231530956 263
1738823511190 51.22746432690006 264
1738823511205 56.774271961302226 265
1738823511224 44.63302638169313 266
1738823511241 60.23182206180535 267
1738823511260 46.867587201286526 268
1738823511275 56.49433496483812 269
1738823511292 57.801915177975644 270
1738823511309 47.249617813664116 271
1738823511325 46.87720745535916 272
1738823511344 45.581671209469356 273
1738823511362 46.53005049042174 274
1738823511388 45.57680582126631 275
1738823511411 67.34332441474146 276
1738823511427 54.67391869136569 277
1738823511443 52.98473387088881 278
1738823511461 51.52497465090691 279
1738823511478 52.730633322450814 280
1738823511493 55.218403138882046 281
1738823511507 74.28315163000572 282
1738823511524 54.50327579930698 283
1738823511543 69.69462305064818 284
1738823511560 48.691094012615 285
1738823511575 53.16223655697267 286
1738823511594 46.17676255430424 287
1738823511614 45.75808456850103 288
1738823511633 38.96563392042001 289
1738823511658 46.547961541525 290
1738823511674 54.460142559343545 291
1738823511690 42.73562271437906 292
1738823511708 46.77746999835767 293
1738823511729 67.13975956520143 294
1738823511746 45.027879707943185 295
1738823511766 48.898395691335665 296
1738823511782 45.610897788607375 297
1738823511808 46.167861361814026 298
1738823511827 53.23107516722055 299
1738823511847 79.14736981844753 300
1738823511865 57.02050423716627 301
1738823511908 47.66606909294016 302
1738823511925 35.69600949233558 303
1738823511942 58.7198339145654 304
1738823511953 53.24701070848305 305
1738823511968 52.153782685784975 306
1738823511981 39.24519019805805 307
1738823511994 45.73138256935521 308
1738823512009 43.9649471848478 309
1738823512024 44.926841328078524 310
1738823512041 58.533318710231846 311
1738823512058 59.70287926358928 312
1738823512074 42.4387112807998 313
1738823512096 51.32920951077449 314
1738823512115 42.22473144961078 315
1738823512132 49.603802134669316 316
1738823512168 55.034493067134036 317
1738823512190 48.021967597659874 318
1738823512213 42.13040513774476 319
1738823512236 45.44948017584603 320
1738823512258 89.92083681318091 321
1738823512279 30.45841955591802 322
1738823512295 72.84747367995557 323
1738823512310 45.90331701850187 324
1738823512342 54.66440200873146 325
1738823512360 72.39669377746851 326
1738823512384 44.19536656798304 327
1738823512403 46.452604716182684 328
1738823512422 38.51166331126134 329
1738823512441 44.75073432086243 330
1738823512458 52.426039539215836 331
1738823512477 65.59480767734127 332
1738823512494 47.54686881246877 333
1738823512517 62.222855646802216 334
1738823512533 44.52182826811058 335
1738823512550 45.78406423705655 336
1738823512569 45.69165178011147 337
1738823512588 52.709212472172474 338
1738823512608 37.40673512474232 339
1738823512626 49.20097995949622 340
1738823512644 47.2819774274308 341
1738823512662 46.78399608838661 342
1738823512682 39.942772121271716 343
1738823512698 44.464451571371015 344
1738823512716 51.26061124998543 345
1738823512734 51.969027176294205 346
1738823512752 51.60728351394228 347
1738823512767 41.48070445774335 348
1738823512787 49.95709806487313 349
1738823512803 49.88798919689609 350
1738823512818 47.7744649947946 351
1738823512835 61.245032792940066 352
1738823512851 42.5403904971731 353
1738823512868 51.20482574013003 354
1738823512884 44.193127704297005 355
1738823512902 51.40249477114093 356
1738823512917 48.22397772552997 357
1738823512938 50.633678397048804 358
1738823512958 49.50527589595307 359
1738823512975 44.72957453884665 360
1738823512993 55.67317868891147 361
1738823513017 50.28774068458519 362
1738823513040 52.07987560151926 363
1738823513059 40.25288407503906 364
1738823513084 46.82845058238248 365
1738823513104 50.690547546667176 366
1738823513126 46.40966682184335 367
1738823513146 47.9784724073471 368
1738823513165 41.555927107615744 369
1738823513183 41.87016877455498 370
1738823513198 63.05459479068148 371
1738823513218 51.977734196578524 372
1738823513234 39.40143968879637 373
1738823513248 53.46920617615494 374
1738823513266 56.722495187521055 375
1738823513285 43.240653800211945 376
1738823513303 46.946749207477794 377
1738823513325 46.449786291375155 378
1738823513344 42.014082925437364 379
1738823513364 45.297449682636625 380
1738823513392 46.970245223762475 381
1738823513414 39.07525205246861 382
1738823513436 43.91811088002431 383
1738823513456 41.19695832117632 384
1738823513476 48.63985037305321 385
1738823513498 55.074097641984096 386
1738823513521 48.9914472548987 387
1738823513540 44.73857319551176 388
1738823513555 41.18275153252328 389
1738823513572 41.32597612223933 390
1738823513586 39.121167329716535 391
1738823513603 40.97866716412858 392
1738823513620 43.33832212009771 393
1738823513641 43.75914911135075 394
1738823513657 44.088828907404874 395
1738823513672 47.956199272181344 396
1738823513689 43.968564105949774 397
1738823513706 41.54864909191494 398
1738823513722 45.691787553479195 399
1738823513739 38.38639800542689 400
1738823513756 44.86750346318521 401
1738823513772 45.4764949401633 402
1738823513790 45.18617717889568 403
1738823513812 46.41782599002211 404
1738823513834 51.29932042943865 405
1738823513853 53.47059640300829 406
1738823513868 37.48352671325431 407
1738823513892 49.27648132085496 408
1738823513910 51.65807090103413 409
1738823513924 51.290064599108796 410
1738823513944 52.918346815890935 411
1738823513963 40.68712486041875 412
1738823513978 40.02267041124267 413
1738823513995 50.52083243947825 414
1738823514012 41.52325075476142 415
1738823514029 43.73755065443695 416
1738823514049 44.531328234108194 417
1738823514067 48.635482419335204 418
1738823514096 51.320459021328844 419
1738823514113 38.04876092433068 420
1738823514146 61.72299052958016 421
1738823514168 37.44034089102874 422
1738823514188 52.27707950230671 423
1738823514207 33.7732232603574 424
1738823514226 66.85231076489985 425
1738823514245 44.789943459077826 426
1738823514267 35.79798723169292 427
1738823514284 42.26181549189921 428
1738823514303 68.19555045448536 429
1738823514324 37.43643072993922 430
1738823514344 46.75982232654117 431
1738823514363 32.29999387820915 432
1738823514382 41.422254265516735 433
1738823514400 42.259979603976646 434
1738823514423 36.50176297800559 435
1738823514440 36.417572345071484 436
1738823514458 43.43952323716143 437
1738823514473 40.814611145091064 438
1738823514493 46.72981693120821 439
1738823514509 31.954291569911092 440
1738823514524 35.32155455650323 441
1738823514541 45.65623600014634 442
1738823514557 31.795716982858963 443
1738823514573 35.94365076120928 444
1738823514592 43.85086804333803 445
1738823514608 37.36494997806703 446
1738823514624 61.83587147717511 447
1738823514640 39.00635115535913 448
1738823514658 40.891345936876526 449
1738823514676 41.06172108496227 450
1738823514692 45.01408870007301 451
1738823514709 41.85961227666204 452
1738823514733 47.888523067593475 453
1738823514754 41.47626314484547 454
1738823514772 45.61347145873369 455
1738823514791 46.78690023194781 456
1738823514809 39.79454575539471 457
1738823514829 45.921200471065454 458
1738823514851 42.496742721337725 459
1738823514872 32.840894280072106 460
1738823514900 43.76651167706164 461
1738823514921 46.338184501234515 462
1738823514939 33.70431314627242 463
1738823514958 41.0731039004681 464
1738823514977 44.46090602676951 465
1738823514993 37.04219509479142 466
1738823515009 37.73491105082574 467
1738823515025 39.926209333084124 468
1738823515039 42.87677625495521 469
1738823515053 44.53168691878843 470
1738823515068 37.14449234632955 471
1738823515082 36.55465307106029 472
1738823515096 33.17624489506451 473
1738823515110 37.10759649369991 474
1738823515125 37.94608332412493 475
1738823515139 36.83528265777104 476
1738823515154 38.50519570281509 477
1738823515171 40.795884639041226 478
1738823515187 48.054146595058576 479
1738823515205 38.80213189646673 480
1738823515222 37.19279473002336 481
1738823515241 38.52057912826185 482
1738823515256 34.223499101212994 483
1738823515272 38.459002653974544 484
1738823515291 45.84901806808804 485
1738823515312 36.838130825324974 486
1738823515330 34.1303862197509 487
1738823515349 59.64837868458395 488
1738823515366 32.55452473531124 489
1738823515384 37.62767254171309 490
1738823515401 51.05967928902307 491
1738823515420 39.92413443819668 492
1738823515435 68.96593093613063 493
1738823515455 35.9995937740381 494
1738823515471 46.57473800141601 495
1738823515486 39.16358869788398 496
1738823515506 28.43909148457169 497
1738823515525 38.685834525427985 498
1738823515543 35.45101729319533 499
