1738823680568 20.242307054913308 0
1738823680637 0.23418667364090814 1
1738823680729 3.851449116407975 2
1738823680826 0.08033255914974091 3
1738823680893 4.386944531556159 4
1738823680970 5.65984852941521 5
1738823681066 1.2173016893843098 6
1738823681159 0.01628195576701051 7
1738823681213 0.17861237321497145 8
1738823681288 0.025499193321773077 9
1738823681366 0.07442210127057475 10
1738823681439 0.21177529418473418 11
1738823681512 0.0003508362647258786 12
1738823681576 0.00923162562255324 13
1738823681666 0.4193258939670549 14
1738823681740 0.3461032212677569 15
1738823681812 0.13217115410043956 16
1738823681889 0.052332789755803986 17
1738823681954 0.2238864880237537 18
1738823682028 0.05290913974515891 19
1738823682097 0.0010389233164820207 20
1738823682207 0.04267539564480227 21
1738823682272 0.005762593610523983 22
1738823682341 0.013623661582327033 23
1738823682419 0.03262225417808773 24
1738823682490 0.013239525675119889 25
1738823682564 0.003234933035414857 26
1738823682640 0.0032388395972007926 27
1738823682721 0.7182687552761421 28
1738823682779 0.37203540291659887 29
1738823682835 0.11014972963598288 30
1738823682904 0.06270736140610422 31
1738823682983 0.3007933175978655 32
1738823683061 0.0007954875153459859 33
1738823683128 0.0037753324761733756 34
1738823683213 0.033281880054799484 35
1738823683291 0.05158146271439178 36
1738823683370 0.011751483594214983 37
1738823683449 0.2864441355165562 38
1738823683524 0.06462053108730205 39
1738823683588 0.0019232160015626837 40
1738823683652 0.01641426009288909 41
1738823683728 0.06718022224970616 42
1738823683805 0.002354161247953654 43
1738823683880 0.011134948502632977 44
1738823683951 0.01131676350636635 45
1738823684027 0.004790546770442598 46
1738823684111 0.1254923676407473 47
1738823684184 0.0012982351782502026 48
1738823684255 0.13657378713562887 49
1738823684332 0.0020479095742862575 50
1738823684404 0.001981942414509897 51
1738823684473 0.07173738500005104 52
1738823684556 0.033511083260331274 53
1738823684624 0.0030683784897269843 54
1738823684714 0.1217608200279845 55
1738823684776 0.0326958307347497 56
1738823684850 0.010334109412501742 57
1738823684925 0.024913888729489235 58
1738823685006 0.14516156234556096 59
1738823685079 0.03693164328776317 60
1738823685160 1.6782862385445048 61
1738823685233 0.058114061626722315 62
1738823685296 0.032474509523910254 63
1738823685369 0.003699501597505857 64
1738823685443 0.04103781313229789 65
1738823685520 0.17278129138769208 66
1738823685585 0.0392482566772815 67
1738823685661 0.0013292259658704137 68
1738823685722 0.0004165104488035448 69
1738823685799 0.16074090275398642 70
1738823685874 0.133656935259168 71
1738823685950 0.02846474267755089 72
1738823686025 0.0008844169594484999 73
1738823686095 0.013654533351749739 74
1738823686175 0.25845238941367216 75
1738823686252 0.004442183131526591 76
1738823686326 0.1623489099089346 77
1738823686397 0.00048701133223536447 78
1738823686470 0.019267358252682384 79
1738823686546 0.03823580292039086 80
1738823686623 0.08964026013454265 81
1738823686682 0.012466397624372108 82
1738823686750 0.060849500937121846 83
1738823686821 0.000873850530557567 84
1738823686893 0.00047863634244384764 85
1738823686959 0.014146628190917264 86
1738823687012 0.04703627531073165 87
1738823687080 0.06180095787196871 88
1738823687148 0.024805967045277925 89
1738823687218 0.0009961269827729866 90
1738823687294 0.006742801305072811 91
1738823687370 0.001110296316670535 92
1738823687445 0.37717214055400067 93
1738823687517 0.020631698642190763 94
1738823687625 0.2238548503455892 95
1738823687706 0.10685485746562397 96
1738823687784 0.07768693435624738 97
1738823687862 0.15382435918379847 98
1738823687940 0.03549390293381786 99
1738823688020 0.08111135277769256 100
1738823688096 0.04573282662502589 101
1738823688168 0.1359915899705873 102
1738823688243 0.02399521120552122 103
1738823688328 0.0005389834843935232 104
1738823688396 1.2472955486797013e-05 105
1738823688496 0.42304015818584595 106
1738823688581 0.09325606936195859 107
1738823688659 0.36730361622092217 108
1738823688725 0.2503089546801911 109
1738823688800 0.12413903684676542 110
1738823688873 0.17370763380005472 111
1738823688961 0.04265961507018461 112
1738823689043 0.06514649075215866 113
1738823689121 0.007316065778091832 114
1738823689203 0.01136240396562376 115
1738823689294 0.0651478012998406 116
1738823689362 0.00267177528320789 117
1738823689430 0.031059319621464805 118
1738823689515 0.019845454247286374 119
1738823689584 0.03771868048164713 120
1738823689667 0.00014430738815429705 121
1738823689757 0.0016045822415508351 122
1738823689838 0.00015780138041800764 123
1738823689916 0.00808255664016035 124
1738823689990 0.049101013304694914 125
1738823690058 0.0017428611409852812 126
1738823690126 0.10171052849553482 127
1738823690213 0.005217452340160383 128
1738823690288 9.189490604688256e-07 129
1738823690356 0.02277880416085694 130
1738823690424 0.023084974519087514 131
1738823690496 0.0002064444281827394 132
1738823690575 0.00037003838206309264 133
1738823690647 0.06541650205482448 134
1738823690722 0.02568536603372871 135
1738823690809 0.726022903333094 136
1738823690889 0.08418594673186586 137
1738823690966 0.00839908541982593 138
1738823691043 0.038852217039662774 139
1738823691111 0.05355047235148581 140
1738823691184 0.04577150372399384 141
1738823691258 0.004192621876456281 142
1738823691324 0.05139335710436343 143
1738823691441 1.531880048617295 144
1738823691526 0.06505072104777218 145
1738823691605 0.06176558246774785 146
1738823691678 0.02325573887749321 147
1738823691756 0.039472092274163234 148
1738823691842 0.04032569357594843 149
1738823691926 0.014000859233645406 150
1738823692006 0.3030773928381735 151
1738823692088 0.0009468297278038989 152
1738823692158 0.011593227750732073 153
1738823692233 0.0694731001713175 154
1738823692313 0.01570876474849369 155
1738823692389 0.35443204654999133 156
1738823692466 0.02565607591429563 157
1738823692545 0.10010428753934243 158
1738823692621 0.008498794437085025 159
1738823692700 0.16917610322294468 160
1738823692767 0.05184139496849065 161
1738823692847 0.07003470465022435 162
1738823692923 0.6028395739851494 163
1738823693018 0.11669357746298437 164
1738823693091 0.4902817796838885 165
1738823693180 0.03450793589910719 166
1738823693264 0.0015793106454869796 167
1738823693348 0.08179979330884302 168
1738823693425 0.0014014825906886051 169
1738823693505 0.0005758367440997028 170
1738823693576 0.026347875722811512 171
1738823693655 0.0024037565864205523 172
1738823693731 0.002667281964540366 173
1738823693807 2.556848776650143e-05 174
1738823693874 0.03578415476989676 175
1738823693941 0.19221219823046642 176
1738823694007 0.0015873128103001625 177
1738823694075 0.07571849054399363 178
1738823694153 0.0016002953954083782 179
1738823694226 0.09580515312229607 180
1738823694301 0.05390430244930489 181
1738823694366 0.018526888659912234 182
1738823694444 0.5250901286247807 183
1738823694519 0.008863067099872904 184
1738823694593 0.07869958425462917 185
1738823694670 0.007044613910174804 186
1738823694737 0.0016226277193030362 187
1738823694819 0.2781808759382765 188
1738823694895 0.027329884299412747 189
1738823694973 0.15663652181417181 190
1738823695051 0.07421192665403326 191
1738823695130 0.24823621592083744 192
1738823695200 0.010933147916783617 193
1738823695272 0.0229420393609117 194
1738823695340 0.009375927640737153 195
1738823695427 0.04183095135385707 196
1738823695489 0.01385943179029079 197
1738823695570 0.0013426947000407224 198
1738823695640 0.04827340389604312 199
1738823695717 0.003960088269050468 200
1738823695801 0.19000398437672278 201
1738823695855 0.1785629445096706 202
1738823695924 0.08730332481847453 203
1738823695985 0.003534675878149277 204
1738823696056 4.7420513589399386e-05 205
1738823696121 0.17435998253605087 206
1738823696195 0.16545382068722778 207
1738823696279 0.0026576853521428287 208
1738823696346 0.0031816094006134254 209
1738823696428 0.016997931015503696 210
1738823696498 0.09748810069565093 211
1738823696573 0.27642692791491236 212
1738823696651 0.010095119526280316 213
1738823696724 0.0008053934859387782 214
1738823696786 0.06380034403899758 215
1738823696863 0.0352652178421876 216
1738823696940 0.002742514245716793 217
1738823697013 0.0378907698109836 218
1738823697090 0.006519875105063281 219
1738823697169 0.0921760609648342 220
1738823697249 0.02034263305069726 221
1738823697325 6.034845871207209e-05 222
1738823697401 0.001636257446168204 223
1738823697480 0.15501613547137347 224
1738823697546 0.11661634753622864 225
1738823697601 0.0004246482745947591 226
1738823697664 1.4453830027114374e-07 227
1738823697733 0.0018325723563412408 228
1738823697811 0.005777125436067674 229
1738823697875 2.450766397464969e-05 230
1738823697947 0.029321052920716174 231
1738823698013 0.16480125340906035 232
1738823698085 0.10178616512928637 233
1738823698154 0.18051558036491744 234
1738823698228 0.00680481807299319 235
1738823698302 0.023502451684908384 236
1738823698378 0.07469665953813757 237
1738823698443 0.07631573714043682 238
1738823698516 0.14482449734447042 239
1738823698603 0.32522593276472744 240
1738823698679 0.008712478666289488 241
1738823698760 0.2010230595864805 242
1738823698833 0.1644600997631167 243
1738823698895 0.011552415301347638 244
1738823698971 0.09874543349004691 245
1738823699045 0.012685761012472567 246
1738823699118 0.0028433970684426354 247
1738823699188 0.051561000429730226 248
1738823699263 0.31002679383466625 249
1738823699333 0.09926654310511095 250
1738823699408 0.0024018107015342156 251
1738823699476 0.020127551075039187 252
1738823699546 0.01296742379512635 253
1738823699617 0.07992437156306773 254
1738823699683 0.28812778312447157 255
1738823699753 0.0011523902016524405 256
1738823699831 0.14109882912153798 257
1738823699904 0.06026260334017619 258
1738823699988 0.0366602015114545 259
1738823700076 0.0076207945249204285 260
1738823700141 0.0019075134470731084 261
1738823700214 0.001870364703069114 262
1738823700287 0.01173389866937227 263
1738823700367 0.02543391743341746 264
1738823700449 0.03901065563987753 265
1738823700526 0.0020678620342102203 266
1738823700602 0.08143851346411818 267
1738823700682 0.04313024594142815 268
1738823700748 0.46210067255948567 269
1738823700813 0.0064504302635282175 270
1738823700892 0.037766779888356465 271
1738823700961 0.2614843910989556 272
1738823701034 0.016732046044983302 273
1738823701103 0.04150018967074344 274
1738823701187 0.14768368832647985 275
1738823701260 0.00972679046283941 276
1738823701328 0.03468952637313522 277
1738823701403 0.004256059053656455 278
1738823701479 0.06135808548166863 279
1738823701559 0.04743531595340382 280
1738823701641 0.0012912358445475811 281
1738823701713 0.11318940343350661 282
1738823701787 0.008399560022450707 283
1738823701866 0.0037668393177031014 284
1738823701942 0.1402295049082524 285
1738823702015 0.00810074680568954 286
1738823702091 0.15721998478465543 287
1738823702167 0.21948738898727496 288
1738823702243 0.05655350757307974 289
1738823702302 0.16237708641029386 290
1738823702368 0.12753025685328345 291
1738823702442 0.018068783005452563 292
1738823702510 0.0040362380336518774 293
1738823702592 0.01841253376619185 294
1738823702659 0.008558256919114118 295
1738823702730 0.014007522039754586 296
1738823702796 0.0060129630597566455 297
1738823702869 0.04013989665337337 298
1738823702942 0.02516068362862551 299
1738823703013 0.02534419070007076 300
1738823703076 0.023186793326759825 301
1738823703148 0.4410670481512812 302
1738823703224 6.339533972709789e-05 303
1738823703299 0.0068539591571349255 304
1738823703383 0.004353894821717092 305
1738823703459 0.23926494418620103 306
1738823703538 0.004673035694293368 307
1738823703609 0.02691460993133414 308
1738823703685 0.008225995225094354 309
1738823703764 0.10868313989557513 310
1738823703843 0.012037130422457394 311
1738823703919 0.00031583857461418255 312
1738823703995 0.15206762454287112 313
1738823704078 0.10551515077856365 314
1738823704159 0.01973169067406664 315
1738823704238 0.010332228592152694 316
1738823704309 0.17485602508123255 317
1738823704366 0.0650813062945289 318
1738823704452 0.005261729130135129 319
1738823704525 0.0005588481690439606 320
1738823704624 0.010389025296652721 321
1738823704724 0.04024304445841161 322
1738823704817 0.010307252242165011 323
1738823704887 0.5087346431661065 324
1738823704960 0.13915498150663222 325
1738823705048 0.00017382536568979158 326
1738823705113 0.013850476831813698 327
1738823705181 0.0013065916200256506 328
1738823705256 0.04119114365605042 329
1738823705324 0.026571126936372067 330
1738823705396 0.17011635325553612 331
1738823705475 0.024241846353429724 332
1738823705542 0.06284856493189489 333
1738823705613 0.012802638093670035 334
1738823705683 0.23296560585968248 335
1738823705742 0.004713458095805497 336
1738823705806 0.007655420532940118 337
1738823705861 0.003210866050732026 338
1738823705929 6.2865079251945e-05 339
1738823705990 0.0342252962617204 340
1738823706060 0.04271722444968731 341
1738823706161 0.00902749424255236 342
1738823706231 0.02021499087549416 343
1738823706295 0.013385646470217108 344
1738823706352 0.013068421301856387 345
1738823706433 5.204601502416326e-05 346
1738823706571 0.09830572075527207 347
1738823706638 0.025713649622339043 348
1738823706708 0.09888560573227377 349
1738823706794 0.000483314966020189 350
1738823706869 0.0109547737844451 351
1738823706943 0.058966945403284975 352
1738823707026 0.09570138973009018 353
1738823707094 0.023074401249256332 354
1738823707177 0.07133112897689653 355
1738823707244 0.013460581824352565 356
1738823707299 0.03289076779586101 357
1738823707377 0.0002868984273448268 358
1738823707449 0.046688382305406284 359
1738823707520 0.06143081378522427 360
1738823707584 0.07306379821813604 361
1738823707663 0.0632464995628422 362
1738823707734 0.00665625958139461 363
1738823707805 0.016461083188540462 364
1738823707872 0.0005995474061200872 365
1738823707939 0.06573109923020495 366
1738823708011 0.012538079325418831 367
1738823708078 0.04348937344618427 368
1738823708148 0.034888546700446645 369
1738823708227 0.006561578148242063 370
1738823708296 0.024920640423702796 371
1738823708369 0.2129939219123496 372
1738823708434 0.04699852636838277 373
1738823708504 0.08629790659268086 374
1738823708579 0.14404126723612767 375
1738823708651 0.011478225503845385 376
1738823708718 0.05461511619891146 377
1738823708788 0.0018068761670877542 378
1738823708861 8.068876579811798e-08 379
1738823708929 0.054627135415954035 380
1738823709003 0.0917339541805019 381
1738823709067 0.004364297683303056 382
1738823709132 0.21478400998509653 383
1738823709204 0.12723534281022314 384
1738823709280 0.012536395210081609 385
1738823709358 0.30206376442819377 386
1738823709428 0.0023127550531226483 387
1738823709504 0.0011305273756010347 388
1738823709570 0.059117793507101404 389
1738823709643 0.04266271029821256 390
1738823709706 0.09018860532208595 391
1738823709760 0.00016676052733532602 392
1738823709831 0.0019335448480641212 393
1738823709903 0.05978071278932587 394
1738823709974 0.2178646330918691 395
1738823710040 0.12091118797018702 396
1738823710098 0.20271482406564847 397
1738823710170 5.582192341245615e-07 398
1738823710239 0.14005655550799312 399
1738823710307 0.0007457017932763955 400
1738823710376 8.707333685984746e-05 401
1738823710453 0.16459401012830666 402
1738823710526 0.014325863381535655 403
1738823710607 0.025111051388536695 404
1738823710705 0.06040552414449463 405
1738823710785 0.00010384530156057089 406
1738823710862 0.011418651444045686 407
1738823710921 0.011014488222580205 408
1738823710988 0.004064655018014636 409
1738823711058 0.018446035528475027 410
1738823711127 0.004170924993806414 411
1738823711191 0.0010488272490723754 412
1738823711264 0.01981242426958905 413
1738823711337 0.04030502027038713 414
1738823711404 0.005153551602668367 415
1738823711482 0.027896364469252814 416
1738823711560 0.01525323257891333 417
1738823711629 0.07087187135303381 418
1738823711710 0.02183353952478664 419
1738823711784 5.296025639644475e-05 420
1738823711864 0.004134364687919218 421
1738823711943 0.1093869543181419 422
1738823712017 0.2750446078590165 423
1738823712084 0.07242923566072312 424
1738823712158 0.495041745136623 425
1738823712223 0.5087737337650319 426
1738823712290 0.19537955417364208 427
1738823712358 0.03252224561254186 428
1738823712423 0.07564743957490297 429
1738823712490 0.14667122094363952 430
1738823712551 0.055545716933909486 431
1738823712624 0.002347135108156513 432
1738823712695 0.030597894819443038 433
1738823712749 0.04698487336947011 434
1738823712812 0.009744330468215207 435
1738823712877 0.007452801227669272 436
1738823712948 0.001686822395856925 437
1738823713022 0.0012586207203346233 438
1738823713090 0.005557967312100076 439
1738823713156 0.014810351670092429 440
1738823713218 0.06290239197254853 441
1738823713291 0.05123944994587551 442
1738823713353 0.008041197586287822 443
1738823713414 2.855626681075967e-06 444
1738823713487 0.0001538852374477585 445
1738823713554 0.07965924550663936 446
1738823713626 0.04081566999960942 447
1738823713700 0.4406812891253369 448
1738823713773 0.03961112842354473 449
1738823713852 0.004586334960470252 450
1738823713930 0.08379237427601778 451
1738823714009 0.01990585465009542 452
1738823714090 0.16308463954389768 453
1738823714172 0.0005443781855206543 454
1738823714239 0.0457817042770341 455
1738823714306 0.2689838848627187 456
1738823714383 0.3555207001035961 457
1738823714455 0.05475142714189445 458
1738823714519 0.06732340331301488 459
1738823714584 0.48773684173938453 460
1738823714665 0.014718444521451553 461
1738823714742 0.00038780595881353374 462
1738823714814 0.02107461980787725 463
1738823714875 0.10239749816764708 464
1738823714928 0.6555275143306454 465
1738823714981 0.22576269989622572 466
1738823715051 0.0010377306755268178 467
1738823715124 0.04534690469099881 468
1738823715186 0.0012974959368540517 469
1738823715247 0.0680337019547277 470
1738823715315 0.08139999131218335 471
1738823715382 0.6711831181124369 472
1738823715445 0.012150928982455353 473
1738823715516 0.014579719059359883 474
1738823715581 0.005781182162268132 475
1738823715656 0.0015831535735375728 476
1738823715728 0.02108516595749102 477
1738823715807 0.026600020518072667 478
1738823715887 0.16096269118686557 479
1738823715958 0.006362995039741829 480
1738823716023 0.0071859062808968775 481
1738823716095 0.0673687940891015 482
1738823716174 0.04178538917794659 483
1738823716242 0.0006979011507131704 484
1738823716311 0.2299030154581181 485
1738823716380 0.023985952041186292 486
1738823716486 0.003052402436189677 487
1738823716647 1.4186288843603677e-05 488
1738823716719 0.010697402937200139 489
1738823716789 0.006524585276131933 490
1738823716866 0.18405467979831683 491
1738823716938 0.20274295647322224 492
1738823717004 0.017458539964495583 493
1738823717076 0.03210296005048171 494
1738823717145 0.07326556557733475 495
1738823717217 0.00012007706281242491 496
1738823717292 0.3876056044659061 497
1738823717367 0.007383766922508285 498
1738823717450 0.06774798745450365 499
