1738823391772 160.53118246306698 0
1738823391803 160.3426924760664 1
1738823391827 160.05730196927865 2
1738823391843 159.68587222960258 3
1738823391860 159.2385738223415 4
1738823391884 158.72487021810633 5
1738823391909 158.15351719822672 6
1738823391931 157.53257425813962 7
1738823391964 156.8694249440409 8
1738823391987 156.17080365065948 9
1738823392011 155.44282689759322 10
1738823392030 154.69102750521614 11
1738823392048 153.92039042300826 12
1738823392077 153.1353892352309 13
1738823392098 152.34002259122576 14
1738823392118 151.53784998865115 15
1738823392144 150.73202648474313 16
1738823392168 149.92533602908597 17
1738823392188 149.1202232063282 18
1738823392210 148.31882325290024 19
1738823392227 147.5229902715145 20
1738823392250 146.73432361391056 21
1738823392270 145.95419243834044 22
1738823392295 145.18375847563664 23
1738823392314 144.42399705802183 24
1738823392335 143.67571647945547 25
1738823392354 142.93957576639494 26
1738823392369 142.21610094430577 27
1738823392384 141.50569988884538 28
1738823392402 140.80867585199732 29
1738823392423 140.12523975305305 30
1738823392459 139.45552132265004 31
1738823392478 138.79957918540904 32
1738823392504 138.15740996334515 33
1738823392522 137.52895647837823 34
1738823392546 136.91411512810555 35
1738823392569 136.31274250466774 36
1738823392596 135.72466132214296 37
1738823392620 135.1496657135248 38
1738823392654 134.5875259540452 39
1738823392676 134.03799266343444 40
1738823392695 133.5008005357083 41
1738823392711 132.9756716412517 42
1738823392727 132.46231834235218 43
1738823392748 131.96044585992848 44
1738823392773 131.4697545260023 45
1738823392801 130.98994175347897 46
1738823392822 130.52070375202544 47
1738823392839 130.06173701625858 48
1738823392857 129.6127396100767 49
1738823392880 129.17341226876994 50
1738823392900 128.74345933852436 51
1738823392920 128.32258957107825 52
1738823392938 127.91051678958827 53
1738823392963 127.5069604402064 54
1738823392982 127.1116460424471 55
1738823392998 126.72430555012744 56
1738823393023 126.34467763348195 57
1738823393053 125.97250789198046 58
1738823393068 125.60754900640067 59
1738823393084 125.24956083782251 60
1738823393096 124.8983104804094 61
1738823393112 124.55357227411447 62
1738823393135 124.21512778279325 63
1738823393153 123.88276574261162 64
1738823393169 123.55628198510115 65
1738823393192 123.23547933873186 66
1738823393216 122.92016751243723 67
1738823393242 122.61016296413486 68
1738823393275 122.30528875693395 69
1738823393298 122.00537440540552 70
1738823393337 121.71025571400612 71
1738823393374 121.41977460949357 72
1738823393397 121.13377896894326 73
1738823393419 120.85212244477191 74
1738823393434 120.57466428799206 75
1738823393448 120.3012691707592 76
1738823393460 120.03180700912777 77
1738823393476 119.76615278680399 78
1738823393490 119.50418638056779 79
1738823393507 119.24579238793568 80
1738823393519 118.9908599575445 81
1738823393536 118.73928262265727 82
1738823393560 118.49095813812119 83
1738823393582 118.24578832104527 84
1738823393605 118.0036788954112 85
1738823393627 117.76453934078157 86
1738823393653 117.52828274522865 87
1738823393675 117.29482566256927 88
1738823393695 117.0640879739597 89
1738823393714 116.8359927538763 90
1738823393739 116.61046614048418 91
1738823393769 116.38743721037478 92
1738823393787 116.16683785763624 93
1738823393803 115.94860267720495 94
1738823393822 115.73266885243432 95
1738823393847 115.51897604680616 96
1738823393877 115.30746629970106 97
1738823393901 115.09808392613736 98
1738823393923 114.89077542038264 99
1738823393946 114.68548936333687 100
1738823393969 114.48217633358315 101
1738823393990 114.28078882199992 102
1738823394010 114.08128114982655 103
1738823394051 113.8836093900733 104
1738823394066 113.68773129216706 105
1738823394081 113.49360620972385 106
1738823394094 113.30119503134047 107
1738823394117 113.11046011429845 108
1738823394137 112.92136522107508 109
1738823394154 112.73387545855846 110
1738823394169 112.54795721986476 111
1738823394192 112.36357812865877 112
1738823394213 112.18070698588107 113
1738823394243 111.99931371878729 114
1738823394264 111.81936933220767 115
1738823394285 111.64084586193823 116
1738823394310 111.4637163301764 117
1738823394330 111.2879547029181 118
1738823394352 111.11353584923486 119
1738823394369 110.94043550235271 120
1738823394386 110.76863022245716 121
1738823394405 110.59809736115155 122
1738823394423 110.42881502749815 123
1738823394443 110.26076205557445 124
1738823394469 110.09391797347934 125
1738823394485 109.92826297372623 126
1738823394504 109.76377788496345 127
1738823394520 109.60044414496299 128
1738823394537 109.438243774823 129
1738823394556 109.27715935432943 130
1738823394569 109.11717399842694 131
1738823394597 108.95827133474855 132
1738823394612 108.80043548215772 133
1738823394627 108.64365103025774 134
1738823394643 108.48790301982444 135
1738823394656 108.33317692412166 136
1738823394670 108.17945863105899 137
1738823394690 108.02673442615477 138
1738823394714 107.87499097626664 139
1738823394735 107.72421531405645 140
1738823394757 107.57439482315499 141
1738823394776 107.42551722399541 142
1738823394802 107.27757056028487 143
1738823394823 107.13054318608503 144
1738823394843 106.98442375347405 145
1738823394863 106.83920120076318 146
1738823394888 106.69486474124291 147
1738823394910 106.55140385243425 148
1738823394928 106.40880826582186 149
1738823394948 106.26706795704754 150
1738823394976 106.12617313654222 151
1738823394995 105.98611424057681 152
1738823395018 105.84688192271263 153
1738823395039 105.7084670456327 154
1738823395055 105.57086067333702 155
1738823395072 105.43405406368436 156
1738823395089 105.2980386612652 157
1738823395111 105.16280609059032 158
1738823395129 105.0283481495806 159
1738823395146 104.89465680334392 160
1738823395163 104.76172417822636 161
1738823395179 104.62954255612482 162
1738823395199 104.49810436904885 163
1738823395219 104.36740219392063 164
1738823395240 104.23742874760177 165
1738823395263 104.1081768821367 166
1738823395278 103.9796395802026 167
1738823395296 103.85180995075632 168
1738823395318 103.72468122486936 169
1738823395339 103.59824675174211 170
1738823395362 103.47249999488912 171
1738823395378 103.3474345284879 172
1738823395398 103.22304403388286 173
1738823395415 103.09932229623848 174
1738823395433 102.9762632013338 175
1738823395455 102.85386073249224 176
1738823395486 102.73210896764057 177
1738823395508 102.61100207649093 178
1738823395528 102.49053431784044 179
1738823395547 102.37070003698273 180
1738823395568 102.25149366322681 181
1738823395584 102.1329097075177 182
1738823395599 102.01494276015481 183
1738823395617 101.89758748860308 184
1738823395636 101.78083863539318 185
1738823395652 101.66469101610612 186
1738823395667 101.5491395174391 187
1738823395685 101.43417909534828 188
1738823395709 101.31980477326546 189
1738823395729 101.20601164038509 190
1738823395748 101.09279485001842 191
1738823395769 100.98014961801196 192
1738823395785 100.86807122122708 193
1738823395803 100.75655499607814 194
1738823395820 100.64559633712662 195
1738823395840 100.53519069572847 196
1738823395863 100.4253335787327 197
1738823395887 100.31602054722828 198
1738823395909 100.207247215338 199
1738823395928 100.09900924905656 200
1738823395956 99.99130236513116 201
1738823395979 99.8841223299828 202
1738823396009 99.77746495866623 203
1738823396026 99.6713261138672 204
1738823396045 99.5657017049349 205
1738823396063 99.46058768694861 206
1738823396084 99.35598005981659 207
1738823396103 99.25187486740579 208
1738823396130 99.14826819670171 209
1738823396156 99.04515617699609 210
1738823396175 98.94253497910204 211
1738823396192 98.84040081459499 212
1738823396206 98.73874993507856 213
1738823396223 98.6375786314742 214
1738823396239 98.53688323333344 215
1738823396254 98.43666010817212 216
1738823396268 98.33690566082537 217
1738823396289 98.23761633282253 218
1738823396309 98.13878860178131 219
1738823396336 98.0404189808202 220
1738823396355 97.94250401798841 221
1738823396373 97.84504029571274 222
1738823396393 97.7480244302605 223
1738823396414 97.65145307121796 224
1738823396434 97.55532290098344 225
1738823396454 97.45963063427494 226
1738823396472 97.36437301765119 227
1738823396490 97.2695468290457 228
1738823396513 97.17514887731369 229
1738823396530 97.08117600179078 230
1738823396552 96.9876250718634 231
1738823396569 96.89449298655036 232
1738823396582 96.80177667409487 233
1738823396596 96.70947309156709 234
1738823396610 96.61757922447642 235
1738823396626 96.52609208639335 236
1738823396642 96.43500871858018 237
1738823396659 96.34432618963088 238
1738823396672 96.25404159511908 239
1738823396686 96.16415205725436 240
1738823396706 96.07465472454628 241
1738823396746 95.9855467714759 242
1738823396768 95.89682539817473 243
1738823396796 95.80848783011032 244
1738823396813 95.72053131777909 245
1738823396829 95.63295313640505 246
1738823396847 95.54575058564534 247
1738823396863 95.45892098930142 248
1738823396879 95.37246169503626 249
1738823396896 95.2863700740972 250
1738823396910 95.20064352104404 251
1738823396925 95.1152794534826 252
1738823396942 95.03027531180322 253
1738823396956 94.94562855892424 254
1738823396972 94.86133668004014 255
1738823396990 94.77739718237437 256
1738823397009 94.69380759493647 257
1738823397023 94.61056546828374 258
1738823397038 94.5276683742867 259
1738823397053 94.44511390589898 260
1738823397075 94.36289967693082 261
1738823397093 94.28102332182655 262
1738823397110 94.19948249544552 263
1738823397135 94.11827487284695 264
1738823397151 94.0373981490778 265
1738823397169 93.95685003896439 266
1738823397185 93.87662827690704 267
1738823397202 93.79673061667798 268
1738823397229 93.71715483122235 269
1738823397252 93.63789871246202 270
1738823397270 93.55896007110266 271
1738823397292 93.48033673644339 272
1738823397307 93.40202655618916 273
1738823397327 93.32402739626603 274
1738823397347 93.24633714063896 275
1738823397368 93.16895369113199 276
1738823397389 93.09187496725126 277
1738823397410 93.01509890601014 278
1738823397431 92.93862346175688 279
1738823397452 92.86244660600458 280
1738823397474 92.7865663272633 281
1738823397498 92.7109806308745 282
1738823397519 92.63568753884753 283
1738823397539 92.56068508969837 284
1738823397560 92.48597133829026 285
1738823397580 92.41154435567636 286
1738823397603 92.33740222894457 287
1738823397634 92.26354306106404 288
1738823397657 92.18996497073364 289
1738823397676 92.11666609223236 290
1738823397700 92.04364457527141 291
1738823397722 91.97089858484819 292
1738823397743 91.8984263011018 293
1738823397762 91.82622591917057 294
1738823397778 91.75429564905097 295
1738823397801 91.68263371545832 296
1738823397814 91.61123835768899 297
1738823397859 91.54010782948428 298
1738823397880 91.46924039889585 299
1738823397902 91.39863434815257 300
1738823397920 91.32828797352889 301
1738823397939 91.25819958521488 302
1738823397964 91.18836750718727 303
1738823397994 91.11879007708247 304
1738823398019 91.04946564607049 305
1738823398035 90.98039257873045 306
1738823398053 90.91156925292758 307
1738823398071 90.84299405969114 308
1738823398085 90.77466540309416 309
1738823398102 90.70658170013395 310
1738823398118 90.63874138061433 311
1738823398135 90.57114288702874 312
1738823398153 90.5037846744448 313
1738823398169 90.43666521039006 314
1738823398186 90.3697829747388 315
1738823398204 90.30313645960015 316
1738823398223 90.23672416920729 317
1738823398239 90.17054461980786 318
1738823398259 90.10459633955536 319
1738823398278 90.03887786840183 320
1738823398297 89.97338775799149 321
1738823398310 89.90812457155552 322
1738823398327 89.84308688380787 323
1738823398348 89.77827328084214 324
1738823398376 89.71368236002954 325
1738823398393 89.6493127299177 326
1738823398413 89.58516301013078 327
1738823398427 89.52123183127028 328
1738823398442 89.45751783481704 329
1738823398455 89.39401967303397 330
1738823398468 89.33073600887013 331
1738823398484 89.26766551586543 332
1738823398501 89.20480687805625 333
1738823398521 89.14215878988223 334
1738823398536 89.07971995609378 335
1738823398553 89.01748909166056 336
1738823398568 88.9554649216808 337
1738823398586 88.8936461812916 338
1738823398605 88.83203161557995 339
1738823398621 88.7706199794948 340
1738823398643 88.70941003775974 341
1738823398662 88.64840056478678 342
1738823398679 88.58759034459078 343
1738823398696 88.52697817070472 344
1738823398722 88.4665628460959 345
1738823398739 88.40634318308273 346
1738823398763 88.3463180032526 347
1738823398784 88.28648613738022 348
1738823398808 88.22684642534703 349
1738823398826 88.16739771606112 350
1738823398847 88.10813886737805 351
1738823398879 88.04906874602254 352
1738823398905 87.99018622751052 353
1738823398927 87.93149019607235 354
1738823398946 87.87297954457647 355
1738823398963 87.81465317445392 356
1738823398979 87.75650999562349 357
1738823398996 87.69854892641764 358
1738823399012 87.64076889350903 359
1738823399028 87.58316883183785 360
1738823399045 87.52574768453974 361
1738823399069 87.4685044028744 362
1738823399089 87.41143794615492 363
1738823399106 87.35454728167774 364
1738823399126 87.29783138465326 365
1738823399147 87.241289238137 366
1738823399164 87.1849198329617 367
1738823399185 87.12872216766962 368
1738823399203 87.07269524844591 369
1738823399219 87.0168380890522 370
1738823399235 86.9611497107612 371
1738823399257 86.90562914229153 372
1738823399278 86.8502754197434 373
1738823399295 86.79508758653482 374
1738823399313 86.7400646933384 375
1738823399336 86.68520579801871 376
1738823399353 86.6305099655703 377
1738823399386 86.57597626805608 378
1738823399405 86.52160378454661 379
1738823399425 86.46739160105965 380
1738823399440 86.41333881050036 381
1738823399458 86.3594445126022 382
1738823399476 86.30570781386807 383
1738823399497 86.25212782751235 384
1738823399525 86.19870367340309 385
1738823399543 86.14543447800511 386
1738823399563 86.09231937432334 387
1738823399580 86.03935750184681 388
1738823399598 85.98654800649314 389
1738823399619 85.93389004055348 390
1738823399642 85.88138276263808 391
1738823399667 85.82902533762224 392
1738823399688 85.77681693659272 393
1738823399709 85.72475673679487 394
1738823399730 85.67284392157994 395
1738823399751 85.62107768035314 396
1738823399780 85.56945720852192 397
1738823399808 85.51798170744499 398
1738823399823 85.46665038438165 399
1738823399836 85.4154624524415 400
1738823399852 85.36441713053482 401
1738823399873 85.3135136433232 402
1738823399903 85.26275122117089 403
1738823399917 85.21212910009623 404
1738823399934 85.16164652172378 405
1738823399963 85.11130273323684 406
1738823399996 85.06109698733033 407
1738823400055 85.01102854216421 408
1738823400087 84.96109666131719 409
1738823400104 84.91130061374095 410
1738823400123 84.86163967371479 411
1738823400168 84.81211312080062 412
1738823400187 84.76272023979843 413
1738823400206 84.71346032070204 414
1738823400227 84.66433265865544 415
1738823400253 84.6153365539094 416
1738823400274 84.56647131177841 417
1738823400302 84.51773624259827 418
1738823400325 84.46913066168375 419
1738823400387 84.42065388928673 420
1738823400426 84.37230525055499 421
1738823400462 84.32408407549086 422
1738823400496 84.27598969891075 423
1738823400518 84.2280214604047 424
1738823400540 84.18017870429648 425
1738823400552 84.13246077960393 426
1738823400570 84.08486703999976 427
1738823400586 84.0373968437727 428
1738823400636 83.99004955378877 429
1738823400651 83.94282453745333 430
1738823400668 83.89572116667311 431
1738823400688 83.84873881781867 432
1738823400723 83.80187687168728 433
1738823400745 83.75513471346608 434
1738823400776 83.70851173269557 435
1738823400796 83.66200732323338 436
1738823400826 83.61562088321847 437
1738823400863 83.56935181503563 438
1738823400883 83.52319952528016 439
1738823400905 83.47716342472307 440
1738823400926 83.43124292827648 441
1738823400944 83.38543745495923 442
1738823400968 83.33974642786312 443
1738823400990 83.29416927411903 444
1738823401023 83.24870542486374 445
1738823401046 83.20335431520672 446
1738823401069 83.1581153841975 447
1738823401089 83.11298807479304 448
1738823401106 83.06797183382567 449
1738823401131 83.02306611197112 450
1738823401156 82.97827036371699 451
1738823401180 82.93358404733128 452
1738823401203 82.88900662483152 453
1738823401225 82.84453756195381 454
1738823401247 82.80017632812248 455
1738823401265 82.75592239641972 456
1738823401286 82.71177524355579 457
1738823401306 82.66773434983914 458
1738823401325 82.62379919914707 459
1738823401347 82.57996927889668 460
1738823401368 82.5362440800157 461
1738823401389 82.49262309691414 462
1738823401412 82.44910582745563 463
1738823401438 82.40569177292944 464
1738823401458 82.36238043802251 465
1738823401472 82.31917133079193 466
1738823401487 82.27606396263735 467
1738823401504 82.23305784827393 468
1738823401519 82.19015250570544 469
1738823401536 82.14734745619756 470
1738823401553 82.10464222425144 471
1738823401577 82.0620363375774 472
1738823401598 82.01952932706918 473
1738823401618 81.97712072677795 474
1738823401642 81.93481007388694 475
1738823401663 81.89259690868612 476
1738823401686 81.85048077454704 477
1738823401712 81.80846121789814 478
1738823401745 81.76653778820004 479
1738823401761 81.72471003792108 480
1738823401789 81.6829775225132 481
1738823401806 81.64133980038788 482
1738823401829 81.59979643289256 483
1738823401853 81.55834698428677 484
1738823401868 81.51699102171906 485
1738823401886 81.47572811520371 486
1738823401906 81.43455783759778 487
1738823401924 81.3934797645784 488
1738823401947 81.35249347462026 489
1738823401972 81.31159854897322 490
1738823402001 81.27079457164015 491
1738823402039 81.23008112935503 492
1738823402053 81.1894578115611 493
1738823402078 81.1489242103894 494
1738823402096 81.1084799206373 495
1738823402112 81.06812453974732 496
1738823402129 81.02785766778618 497
1738823402147 80.9876789074239 498
1738823402164 80.94758786391323 499
