1738679346247 207.89678827909336 0
1738679346292 189.62074330510663 1
1738679346335 147.64825283367333 2
1738679346380 73.03705115422223 3
1738679346423 183.6502850348639 4
1738679346468 194.943680071526 5
1738679346529 247.09862430728532 6
1738679346575 158.08734041486633 7
1738679346620 160.14787042355835 8
1738679346664 148.67249544067568 9
1738679346709 172.32835184507817 10
1738679346754 140.10351549887238 11
1738679346797 175.43766923052263 12
1738679346841 177.6669819479076 13
1738679346884 213.73535746577917 14
1738679346928 195.03037614996137 15
1738679346973 178.1244642364829 16
1738679347018 152.8904872082053 17
1738679347062 211.99623986009274 18
1738679347107 216.94405684808493 19
1738679347151 537.4042321560453 20
1738679347195 170.99395297572553 21
1738679347238 130.22914707247253 22
1738679347284 185.08047102241014 23
1738679347327 196.5538888405014 24
1738679347371 187.95647078494173 25
1738679347415 234.64098388048322 26
1738679347458 187.19074260796367 27
1738679347503 79.39188542847573 28
1738679347547 160.30247691776563 29
1738679347591 158.69625086491325 30
1738679347635 128.56221317343233 31
1738679347679 179.1735872906317 32
1738679347722 194.5594211863659 33
1738679347767 127.01589431308577 34
1738679347810 280.26963702552945 35
1738679347853 172.56213435656764 36
1738679347896 128.05728810161534 37
1738679347939 198.5580146929365 38
1738679347982 194.04829117025784 39
1738679348026 125.03011235212618 40
1738679348071 152.48852565040252 41
1738679348115 219.8971856500801 42
1738679348158 180.25512131068322 43
1738679348202 97.54053592276327 44
1738679348246 190.928365529018 45
1738679348290 179.82233075130654 46
1738679348334 256.6922088247772 47
1738679348378 132.55346780840398 48
1738679348421 200.92634946572716 49
1738679348463 155.39112411607235 50
1738679348507 184.43153558669647 51
1738679348552 110.97784930977492 52
1738679348596 218.96656013066658 53
1738679348639 200.0824559475025 54
1738679348684 163.769650791981 55
1738679348728 154.90100386825426 56
1738679348772 170.97655167365016 57
1738679348816 171.40709790322586 58
1738679348863 258.389127008476 59
1738679348906 193.25905473282674 60
1738679348950 170.90386340933887 61
1738679348993 192.13355087283315 62
1738679349037 169.20868078268444 63
1738679349080 214.34813022840365 64
1738679349124 148.10945299893115 65
1738679349168 335.8157848788438 66
1738679349213 150.58781421099349 67
1738679349258 152.38931523072765 68
1738679349301 148.93420742222747 69
1738679349345 156.6632649725683 70
1738679349388 135.75397258051234 71
1738679349432 148.39893172242353 72
1738679349476 163.0691339859348 73
1738679349520 185.11130414075885 74
1738679349564 167.6149954495416 75
1738679349608 172.65869067156297 76
1738679349651 138.1535689830303 77
1738679349695 185.28833873023416 78
1738679349739 43.020456244723306 79
1738679349784 175.998142439842 80
1738679349827 103.5974925391342 81
1738679349871 172.13861242922113 82
1738679349916 177.1506658873584 83
1738679349960 90.97916579214156 84
1738679350003 193.614802285896 85
1738679350047 182.36041609030514 86
1738679350092 167.10536554228543 87
1738679350136 160.5515190413825 88
1738679350180 258.3198727392808 89
1738679350224 202.17357716742086 90
1738679350268 183.2747067431144 91
1738679350312 186.34412621142587 92
1738679350356 165.31939618044262 93
1738679350400 205.97194325132554 94
1738679350443 263.9682154962777 95
1738679350487 191.62709937340173 96
1738679350531 192.50259927450662 97
1738679350575 190.03380393781103 98
1738679350618 137.43135887442835 99
1738679350663 149.7118722197049 100
1738679350707 148.36204515172133 101
1738679350751 190.328738869719 102
1738679350796 159.6790195025404 103
1738679350840 118.68732395105015 104
1738679350883 186.42290148779412 105
1738679350928 161.93713678478102 106
1738679350973 157.9852028119567 107
1738679351017 153.0045571409496 108
1738679351063 159.0265375884816 109
1738679351107 301.88241658934606 110
1738679351151 166.65287208454356 111
1738679351195 161.48405446141544 112
1738679351239 271.97833260580074 113
1738679351283 172.65193571958284 114
1738679351327 169.56248060943506 115
1738679351374 124.35752521790403 116
1738679351417 134.33585962159674 117
1738679351461 187.02313728996285 118
1738679351505 180.71639669563444 119
1738679351547 169.07578726795856 120
1738679351591 116.38990570683748 121
1738679351634 187.36828210002264 122
1738679351678 150.70439826446577 123
1738679351722 243.4593687200068 124
1738679351766 138.15853172025615 125
1738679351810 144.2511559981195 126
1738679351853 146.5370180279232 127
1738679351898 166.01051131377184 128
1738679351942 142.2425309845474 129
1738679351986 151.14784203170353 130
1738679352030 126.4412852266885 131
1738679352074 168.28370824406252 132
1738679352118 162.24792474940554 133
1738679352163 162.7824018849741 134
1738679352207 207.538075334262 135
1738679352251 140.5594233935861 136
1738679352295 206.80388510767548 137
1738679352339 175.53520509774134 138
1738679352383 173.70059476902435 139
1738679352427 135.97222573265472 140
1738679352471 166.31848149421802 141
1738679352516 170.27458346765673 142
1738679352560 151.4944709196679 143
1738679352604 175.28485223196736 144
1738679352648 253.65359146780708 145
1738679352692 216.28777093106459 146
1738679352736 169.44947869747165 147
1738679352780 177.88614479780455 148
1738679352824 174.08539514312378 149
1738679352867 131.09089822155204 150
1738679352911 209.0954333843238 151
1738679352956 199.20003113308655 152
1738679353000 208.70945541481288 153
1738679353044 159.01525315520092 154
1738679353088 129.33677397323396 155
1738679353132 179.32251565515537 156
1738679353176 163.43039192382588 157
1738679353221 172.70906472387333 158
1738679353265 80.02822402198444 159
1738679353309 176.7962231288937 160
1738679353353 179.16019653297963 161
1738679353396 362.47055871380445 162
1738679353440 105.73799766326569 163
1738679353484 155.4883563619578 164
1738679353528 191.12588178448976 165
1738679353573 165.40058010524507 166
1738679353617 142.7920912278492 167
1738679353660 167.58424346370902 168
1738679353704 157.95405833611827 169
1738679353748 135.243288102989 170
1738679353792 163.30661555333788 171
1738679353836 115.93426639417606 172
1738679353880 119.96982412796238 173
1738679353924 316.74571108288933 174
1738679353969 140.4992909214517 175
1738679354013 188.26996486266276 176
1738679354057 70.91296148665435 177
1738679354101 147.5483354708405 178
1738679354145 118.5199846993671 179
1738679354190 139.46858398233869 180
1738679354233 213.85343512452204 181
1738679354277 208.0494590991652 182
1738679354320 154.58012492496823 183
1738679354364 130.9099094024228 184
1738679354408 171.6320002576937 185
1738679354451 195.70597414159548 186
1738679354495 170.73556115702704 187
1738679354538 165.62875672679274 188
1738679354582 188.12406972370644 189
1738679354626 201.74336894972268 190
1738679354669 214.46588671682173 191
1738679354713 210.16271643129653 192
1738679354757 153.68234287949664 193
1738679354800 172.94534808128282 194
1738679354844 146.8978885334603 195
1738679354888 134.56301027601748 196
1738679354932 81.47463732638202 197
1738679354976 178.88265921532692 198
1738679355019 141.0998312314516 199
1738679355064 146.09108319722412 200
1738679355108 185.37766223090358 201
1738679355151 253.9659457135325 202
1738679355195 143.25123154068856 203
1738679355239 160.03270495628647 204
1738679355283 246.08859092884845 205
1738679355326 179.7657593736093 206
1738679355369 200.77618326672518 207
1738679355413 143.9267691387939 208
1738679355457 133.30153941103129 209
1738679355501 167.74630355679622 210
1738679355545 173.82829458468257 211
1738679355589 176.53796521127123 212
1738679355633 156.8377600540406 213
1738679355676 157.10103345987122 214
1738679355720 245.6201879872422 215
1738679355765 156.45646314869379 216
1738679355809 181.46836770275493 217
1738679355853 154.83681048201294 218
1738679355896 193.18216743445564 219
1738679355940 151.9807132524281 220
1738679355984 156.3231334477965 221
1738679356028 186.06376462271828 222
1738679356073 186.83954472662273 223
1738679356116 273.36027424895184 224
1738679356160 199.5452120692697 225
1738679356204 65.11150451961304 226
1738679356248 253.34342460502083 227
1738679356292 190.13979870104103 228
1738679356336 151.00429472089658 229
1738679356380 170.75601875445992 230
1738679356423 220.76869434208763 231
1738679356467 213.50449029737644 232
1738679356511 217.7255165736685 233
1738679356555 133.33514620664474 234
1738679356599 177.51594584030119 235
1738679356643 144.9964150085633 236
1738679356686 161.29278704290215 237
1738679356731 256.17199941179837 238
1738679356775 169.86900500025052 239
1738679356818 196.94365505172263 240
1738679356861 234.39633773794648 241
1738679356906 161.40225154105508 242
1738679356950 137.80562190884868 243
1738679356994 149.24363580094024 244
1738679357038 229.72624699088908 245
1738679357082 146.592073990712 246
1738679357125 161.5124126063131 247
1738679357170 260.73495418771824 248
1738679357213 120.61997093435485 249
1738679357257 144.20797991811605 250
1738679357301 142.6790982686328 251
1738679357346 92.81356850168676 252
1738679357390 193.65566107905644 253
1738679357433 238.89376076048669 254
1738679357477 171.29555540239699 255
1738679357521 194.95624572772797 256
1738679357566 182.7224496850251 257
1738679357610 172.6300773050605 258
1738679357654 83.25491673936232 259
1738679357698 151.34423316921163 260
1738679357742 143.3019038648601 261
1738679357786 194.2168076202305 262
1738679357830 164.02357687026247 263
1738679357873 337.0751229716315 264
1738679357917 199.75775334206907 265
1738679357961 125.70875727864056 266
1738679358005 185.70560309907117 267
1738679358049 149.37745832948366 268
1738679358092 183.2410253330843 269
1738679358136 201.76372099700174 270
1738679358180 221.57477984856143 271
1738679358224 192.95876591454473 272
1738679358267 147.90771991577287 273
1738679358311 38.92109074381496 274
1738679358356 164.97747912978826 275
1738679358400 235.41914385618603 276
1738679358443 124.32925748372196 277
1738679358487 221.16405914609678 278
1738679358532 190.49775731806614 279
1738679358576 155.45117983865904 280
1738679358620 161.42569301312236 281
1738679358664 159.30684981444134 282
1738679358709 78.63973493984187 283
1738679358753 188.01918386738822 284
1738679358797 167.3838408333758 285
1738679358841 140.01801707295385 286
1738679358885 184.37640503439638 287
1738679358929 157.89332055787668 288
1738679358973 166.87012023082056 289
1738679359019 142.4033844239187 290
1738679359063 139.7500367877126 291
1738679359107 132.3955445399274 292
1738679359152 209.6320566015656 293
1738679359196 196.55330902660472 294
1738679359239 202.16482239449562 295
1738679359283 195.54394653613352 296
1738679359327 162.54606750003288 297
1738679359371 128.3033872200163 298
1738679359415 201.75377771239803 299
1738679359459 141.30981851838885 300
1738679359503 103.18615399620634 301
1738679359547 181.36242295464973 302
1738679359593 135.49604687891676 303
1738679359636 195.53618843453475 304
1738679359679 163.5855480174075 305
1738679359722 186.16854091335597 306
1738679359766 156.21503490005205 307
1738679359810 169.130298899224 308
1738679359854 164.5873249997189 309
1738679359897 245.69771978461353 310
1738679359941 111.44404365364383 311
1738679359984 166.84801104932288 312
1738679360028 141.67374451644775 313
1738679360072 156.20443890717553 314
1738679360116 168.1820348908079 315
1738679360160 188.39946993860852 316
1738679360204 129.07913501095103 317
1738679360247 167.19995192960636 318
1738679360292 199.6541757870543 319
1738679360337 182.74258182152218 320
1738679360381 182.16898203472869 321
1738679360425 161.81480590357427 322
1738679360469 206.51816392724643 323
1738679360514 361.5887961987442 324
1738679360558 128.93591644912803 325
1738679360602 189.69386262080803 326
1738679360646 162.7504911228127 327
1738679360690 135.2478457711143 328
1738679360733 221.91129122313404 329
1738679360777 153.53396405409416 330
1738679360821 163.05502348800323 331
1738679360865 146.92514324633237 332
1738679360909 128.10829754491124 333
1738679360953 168.22638509840388 334
1738679360997 194.3190358837968 335
1738679361041 175.04688180911936 336
1738679361086 195.1931481449907 337
1738679361131 179.72041145635666 338
1738679361179 213.1354764739102 339
1738679361224 156.29380888391378 340
1738679361268 137.29576051493217 341
1738679361312 237.92051191809463 342
1738679361356 151.04610336732617 343
1738679361399 195.27722440198664 344
1738679361443 102.2884520440974 345
1738679361487 136.4553277209984 346
1738679361531 215.4150599326028 347
1738679361575 94.4547285940654 348
1738679361618 175.65033851305782 349
1738679361662 184.26450919440308 350
1738679361706 147.63538672714841 351
1738679361749 223.36529416203885 352
1738679361794 177.40791090506946 353
1738679361837 130.28974208623632 354
1738679361881 232.04463025546053 355
1738679361925 158.53486916497351 356
1738679361969 204.209637559938 357
1738679362014 179.25898319636167 358
1738679362058 162.30457983925112 359
1738679362102 135.40688227286853 360
1738679362146 156.6456561411654 361
1738679362190 107.47562818192415 362
1738679362235 172.18972019493415 363
1738679362279 181.83898653913673 364
1738679362324 214.32954268517517 365
1738679362368 229.8975197815176 366
1738679362412 112.9434630014372 367
1738679362456 214.4256317142429 368
1738679362500 143.48340076385054 369
1738679362545 186.15943784174806 370
1738679362589 183.01738052798044 371
1738679362633 58.03130004275243 372
1738679362677 154.1981513762368 373
1738679362721 117.7881365504675 374
1738679362766 213.90860327818135 375
1738679362810 235.27266016637154 376
1738679362854 164.77448361180805 377
1738679362898 191.44361790014548 378
1738679362943 200.17714496872406 379
1738679362986 162.25874442437498 380
1738679363031 168.30917010796708 381
1738679363074 176.4734219706106 382
1738679363118 148.8784477454151 383
1738679363163 176.87806274566475 384
1738679363207 162.51137143890807 385
1738679363250 181.37760766263236 386
1738679363294 152.35291583192864 387
1738679363338 185.44234907233385 388
1738679363382 50.00723935730405 389
1738679363425 169.99392051736692 390
1738679363469 205.3367863755676 391
1738679363514 174.42387774334648 392
1738679363558 161.11448591288809 393
1738679363602 160.62014111530937 394
1738679363646 177.38468788023013 395
1738679363690 193.21096451481782 396
1738679363734 184.63639350192256 397
1738679363778 105.51940151226903 398
1738679363823 155.71855260767566 399
1738679363866 186.24145600520552 400
1738679363910 175.11326236238995 401
1738679363954 158.45889367104587 402
1738679363999 114.91475666402084 403
1738679364042 161.11797752974618 404
1738679364086 87.66406186769456 405
1738679364130 201.34149240065045 406
1738679364174 185.83454746424383 407
1738679364218 197.3067213640098 408
1738679364261 132.4822470366309 409
1738679364306 198.93475035139068 410
1738679364350 131.1744554717105 411
1738679364394 121.12631014018977 412
1738679364438 309.781792064009 413
1738679364482 160.29532667615675 414
1738679364527 220.44860203455343 415
1738679364571 133.39631999738577 416
1738679364615 189.13693706473535 417
1738679364659 158.86045288965272 418
1738679364702 94.65741294058373 419
1738679364746 132.77520679882068 420
1738679364789 143.73280274366147 421
1738679364833 152.8357039160214 422
1738679364877 213.27164671264833 423
1738679364921 154.5998587848375 424
1738679364966 159.8232503314245 425
1738679365010 192.67689327728996 426
1738679365054 295.4121808824949 427
1738679365098 166.29110891556667 428
1738679365141 189.6830246629377 429
1738679365186 151.43570858569515 430
1738679365230 285.73499006779053 431
1738679365274 167.73678603412552 432
1738679365319 196.0960003379508 433
1738679365363 170.93378333704953 434
1738679365407 146.85803584472717 435
1738679365452 178.71697332110625 436
1738679365496 116.38402066003006 437
1738679365540 172.01165889415688 438
1738679365584 163.3139319782392 439
1738679365628 169.82717233668097 440
1738679365672 202.6672906789883 441
1738679365717 184.6948322222518 442
1738679365761 109.24131062680243 443
1738679365805 197.00910708097894 444
1738679365850 144.44937105963 445
1738679365894 160.61088959951428 446
1738679365938 234.30665227569722 447
1738679365982 174.89228842317536 448
1738679366026 134.54643337192442 449
1738679366070 181.48920831146265 450
1738679366114 230.3928297982993 451
1738679366159 160.57403020272247 452
1738679366202 151.15801313718518 453
1738679366246 141.04905976780933 454
1738679366290 256.0624577897435 455
1738679366334 254.22589452648492 456
1738679366377 184.80697584186248 457
1738679366421 154.08070853793004 458
1738679366464 258.62968943948215 459
1738679366509 193.45214567608025 460
1738679366554 150.8598964645389 461
1738679366598 148.10309709131857 462
1738679366641 200.53975942399174 463
1738679366685 151.3914774641927 464
1738679366730 34.812490095676644 465
1738679366774 163.62796985355484 466
1738679366818 407.9017756404596 467
1738679366862 148.12258349149823 468
1738679366906 221.77259263134638 469
1738679366950 263.2172796760262 470
1738679366994 186.0790633337379 471
1738679367039 166.282023762509 472
1738679367083 227.1358337698771 473
1738679367127 201.77889105480466 474
1738679367171 200.14827105647126 475
1738679367216 110.90956660244852 476
1738679367259 229.2579930158044 477
1738679367303 150.55236923915015 478
1738679367348 203.00421170666363 479
1738679367391 253.81351004808144 480
1738679367435 274.046535955294 481
1738679367479 142.1322248269831 482
1738679367523 172.3572284409369 483
1738679367568 213.14024307200046 484
1738679367612 119.21267615440223 485
1738679367655 181.62170094818669 486
1738679367700 187.61368277790396 487
1738679367744 51.60092556956247 488
1738679367789 211.39892171750628 489
1738679367833 289.14529877672953 490
1738679367877 145.6798166972574 491
1738679367921 155.35892679074837 492
1738679367965 168.51464980118286 493
1738679368009 194.98565433758935 494
1738679368054 195.85172469899578 495
1738679368098 172.82826645004428 496
1738679368142 192.07274134213603 497
1738679368186 161.16242321100728 498
1738679368230 213.16046489804438 499
