1738680016258 174.66493130872027 0
1738680016299 163.09399493320805 1
1738680016339 176.1468296505759 2
1738680016379 165.85388387681405 3
1738680016420 145.85629173071595 4
1738680016463 138.16723492246342 5
1738680016507 154.93151451595122 6
1738680016549 166.38089061204863 7
1738680016592 194.41216190743074 8
1738680016632 174.26719396873818 9
1738680016673 159.00802397050248 10
1738680016713 136.45887396032833 11
1738680016753 177.85047195158592 12
1738680016794 172.16222377881735 13
1738680016834 174.05887046678248 14
1738680016875 157.1544685051678 15
1738680016914 172.22142905451366 16
1738680016954 156.26523042452604 17
1738680016996 162.3695821042325 18
1738680017037 200.02541568842148 19
1738680017079 199.3115688767791 20
1738680017119 174.7835717192511 21
1738680017159 207.5198173561568 22
1738680017199 165.99687540983936 23
1738680017238 176.8787878654845 24
1738680017278 181.1424281980523 25
