1738826034083 170.38993854613926 0
1738826034105 170.36671502565312 1
1738826034123 170.3398927377226 2
1738826034147 170.31000975011713 3
1738826034171 170.2775618716094 4
1738826034190 170.2430031105745 5
1738826034207 170.20674674705688 6
1738826034232 170.16916685589675 7
1738826034252 170.13060014959058 8
1738826034273 170.09134803538703 9
1738826034301 170.05167880251813 10
1738826034356 170.0118298731557 11
1738826034374 169.97201006525395 12
1738826034391 169.93240182740263 13
1738826034415 169.89316341559712 14
1738826034457 169.85453620880332 15
1738826034482 169.81661993924018 16
1738826034504 169.779497780516 17
1738826034523 169.74323801683315 18
1738826034540 169.70789559673366 19
1738826034562 169.6735135725503 20
1738826034583 169.64012442825953 21
1738826034602 169.60775129956613 22
1738826034619 169.57640909086302 23
1738826034636 169.546105494261 24
1738826034658 169.51684191623076 25
1738826034679 169.48861431757774 26
1738826034697 169.46141397252313 27
1738826034719 169.43522815261304 28
1738826034745 169.41004074105382 29
1738826034765 169.38583278288706 30
1738826034787 169.36258297619514 31
1738826034813 169.3402681092752 32
1738826034836 169.31886344845094 33
1738826034880 169.29834308090958 34
1738826034918 169.2786802166714 35
1738826034944 169.25984745351522 36
1738826034970 169.24181700840947 37
1738826035028 169.2246722570072 38
1738826035066 169.20836685884797 39
1738826035101 169.1928568504053 40
1738826035123 169.1781005327947 41
1738826035152 169.164058364006 42
1738826035186 169.15069285549689 43
1738826035267 169.13796847300156 44
1738826035291 169.12585154142096 45
1738826035322 169.11431015366924 46
1738826035356 169.1033140833588 47
1738826035397 169.09283470120772 48
1738826035431 169.0828448950585 49
1738826035457 169.07331899339744 50
1738826035489 169.06423269226485 51
1738826035520 169.05556298544874 52
1738826035545 169.04728809785237 53
1738826035568 169.03938742193 54
1738826035586 169.03184145708252 55
1738826035613 169.0246317519083 56
1738826035639 169.01774084920322 57
1738826035664 169.01115223360722 58
1738826035700 169.0048502817931 59
1738826035725 168.99882021509902 60
1738826035753 168.99304805450345 61
1738826035778 168.9875205778474 62
1738826035796 168.98222527920697 63
1738826035814 168.97715033032543 64
1738826035841 168.97228454401323 65
1738826035870 168.96761733942873 66
1738826035889 168.96313870915455 67
1738826035911 168.95883918798665 68
1738826035930 168.95470982335635 69
1738826035953 168.9507421473089 70
1738826035977 168.94692814996333 71
1738826036000 168.94326025438252 72
