1738680353181 166.46788167877364 0
1738680353189 166.3682277195643 1
1738680353196 171.63569516182045 2
1738680353203 170.43636859786565 3
1738680353210 166.79179417287014 4
1738680353217 168.9363462845575 5
1738680353224 175.29071271862537 6
1738680353232 172.56049642272328 7
1738680353238 170.48875287604056 8
1738680353246 169.53024286034798 9
1738680353252 168.93354513842726 10
1738680353259 170.3088545005681 11
1738680353265 167.68925344411258 12
1738680353272 171.95549859787496 13
1738680353278 169.53814646709975 14
1738680353285 166.75399758830466 15
1738680353291 166.48629276186963 16
1738680353297 168.87236235948177 17
1738680353304 170.65133298543603 18
1738680353311 166.75512013264418 19
1738680353319 169.35146221206338 20
1738680353327 174.14397054692608 21
1738680353335 170.85124097887268 22
1738680353347 168.6304875374358 23
1738680353355 170.48213329821183 24
1738680353363 162.34383198912295 25
1738680353371 165.97499295245953 26
1738680353378 167.61913966126338 27
1738680353385 175.3801717728439 28
1738680353392 174.63867635262332 29
1738680353400 167.6935621274484 30
1738680353408 172.4027779161146 31
1738680353415 168.12157321577774 32
1738680353422 167.0930105707991 33
1738680353429 168.1637505119302 34
1738680353436 166.32794272979848 35
1738680353443 172.40612685381336 36
1738680353450 175.0616931726199 37
1738680353457 166.93771936106037 38
1738680353464 169.79551453137344 39
1738680353472 171.0380646835201 40
1738680353479 165.7449056806266 41
1738680353487 170.78832836309613 42
1738680353494 167.78471873806205 43
1738680353502 168.59707842924433 44
1738680353508 170.09915573528423 45
1738680353516 166.00310652533125 46
1738680353523 170.87674781494366 47
1738680353529 167.77908695534163 48
1738680353537 168.2855868189991 49
1738680353543 169.66070409063988 50
1738680353550 169.59967097916956 51
1738680353556 167.86531661069222 52
1738680353563 168.10425316092523 53
