1738824940337 107.8150369697701 0
1738824940379 162.15806896424567 1
1738824940422 182.46653369218103 2
1738824940464 184.22132002863117 3
1738824940506 26.19555091007169 4
1738824940576 122.27850815395331 5
1738824940619 47.827500953206986 6
1738824940663 167.53840639555082 7
1738824940705 191.6586717121636 8
1738824940748 177.60096948445195 9
1738824940790 199.58422696421394 10
1738824940832 145.40196461044073 11
1738824940875 173.29218207768932 12
1738824940919 211.5651386093932 13
1738824940961 185.75649608868542 14
1738824941003 170.01849964228046 15
1738824941044 203.7092591140843 16
1738824941086 174.99612972936242 17
1738824941128 132.4461354631267 18
1738824941170 202.24193025595883 19
1738824941211 174.1712603896912 20
1738824941255 202.3580137924899 21
1738824941297 234.44160257384632 22
1738824941342 115.19141153872413 23
1738824941386 215.17912649148943 24
1738824941429 288.53768733083604 25
1738824941473 186.04355380686553 26
1738824941517 191.35085802881244 27
1738824941559 115.04223675193329 28
1738824941600 198.04948775819503 29
1738824941641 128.98059552040507 30
1738824941683 201.53923526788623 31
1738824941725 198.0618306132967 32
1738824941768 132.5273858389168 33
1738824941810 220.73368880088955 34
1738824941852 191.6145873003012 35
1738824941895 96.60813634436528 36
1738824941937 199.62993982914153 37
1738824941979 223.89989039916043 38
1738824942022 135.5067352389763 39
1738824942065 161.20660257774944 40
1738824942108 127.08360486702759 41
1738824942150 229.80579238072477 42
1738824942192 178.4208537310835 43
1738824942233 102.36488519439925 44
1738824942274 188.19170059259284 45
1738824942316 148.9577894523752 46
1738824942359 195.19056565432953 47
1738824942400 117.8830959100544 48
1738824942442 144.9678519825265 49
1738824942482 167.49352068938597 50
1738824942523 181.26216672251687 51
1738824942563 209.45790388948424 52
1738824942606 152.71219784888362 53
1738824942648 178.1829721937431 54
1738824942690 70.93732846619369 55
1738824942732 183.27651746810187 56
1738824942773 152.95215092804702 57
1738824942820 120.60100175914614 58
1738824942862 205.6381336128077 59
1738824942904 173.55392959344672 60
1738824942946 178.69513887481418 61
1738824942988 142.02835651923675 62
1738824943031 259.9203057340994 63
1738824943073 187.19034775918252 64
1738824943114 162.3478079711159 65
1738824943157 262.65791209015356 66
1738824943199 147.78187523976518 67
1738824943241 151.3526710745598 68
1738824943283 112.0402127142344 69
1738824943325 196.3370348281776 70
1738824943366 155.76239610000903 71
1738824943406 177.42431663750648 72
1738824943447 127.10783261174579 73
1738824943489 146.91570522195155 74
1738824943531 253.15515563707626 75
1738824943574 82.78416919938192 76
1738824943616 195.94207578543836 77
1738824943658 234.78301547148922 78
1738824943701 111.50359523649854 79
1738824943743 169.27168505236332 80
1738824943786 179.85450133662732 81
1738824943829 175.67293192878134 82
1738824943873 177.47586808436444 83
1738824943914 159.41107060901646 84
1738824943956 175.29221636236272 85
1738824943998 171.93277295391945 86
1738824944039 139.69552202953656 87
1738824944082 150.71916200549722 88
1738824944131 158.07270123551072 89
1738824944174 153.97524221269057 90
1738824944220 152.3838702029953 91
1738824944263 160.4061760917764 92
1738824944306 304.1343740437437 93
1738824944349 173.32152155490786 94
1738824944391 221.3118399303826 95
1738824944434 133.35940179337817 96
1738824944476 139.2867812533047 97
1738824944517 149.47937164297468 98
1738824944559 167.87614563347142 99
1738824944602 158.2555258350284 100
1738824944645 172.48592587336458 101
1738824944687 144.93547548913776 102
1738824944730 194.16941422504033 103
1738824944773 163.26895410731254 104
1738824944816 224.26379261786508 105
1738824944857 154.2034022258765 106
1738824944899 184.65134623751663 107
1738824944940 161.62648028127563 108
1738824944982 179.46763927569972 109
1738824945024 163.257053465135 110
1738824945066 205.98493051077403 111
1738824945108 219.56559179936608 112
1738824945150 186.43846756409826 113
1738824945193 113.8797302541188 114
1738824945236 232.91928677361747 115
1738824945279 121.52709031239065 116
1738824945321 162.4798901388945 117
1738824945362 289.05725044732725 118
1738824945405 162.01142278413712 119
1738824945447 202.05718433917903 120
1738824945489 171.669040697834 121
1738824945531 118.32910465412435 122
1738824945574 165.1861503995179 123
1738824945617 131.98713274435568 124
1738824945659 145.41671454374145 125
1738824945701 209.39821014806384 126
1738824945743 217.85575779924264 127
1738824945786 204.66673891150606 128
1738824945829 229.06546591490564 129
1738824945871 168.34546114044306 130
1738824945913 68.33718226777215 131
1738824945954 113.58725930145867 132
1738824945996 160.73978159064632 133
1738824946037 168.99128363652585 134
1738824946079 268.20716657150314 135
1738824946120 151.6605928469321 136
1738824946162 224.30707344388378 137
1738824946205 191.68800768985435 138
1738824946246 199.04488121239174 139
1738824946288 195.05432781162884 140
1738824946331 114.12248564604921 141
1738824946373 253.25444459958254 142
1738824946416 141.20187806716623 143
1738824946458 234.1738499939313 144
1738824946500 131.52375790202743 145
1738824946542 196.74937608768062 146
1738824946585 152.44270083672177 147
1738824946627 145.9283387451065 148
1738824946669 168.63020693275996 149
1738824946710 111.2417119290574 150
1738824946753 64.53296496912803 151
1738824946796 147.4934078787505 152
1738824946839 181.8867389182424 153
1738824946881 168.4136802808421 154
1738824946924 234.4541279983446 155
1738824946968 211.87844375512648 156
1738824947011 196.28780073976768 157
1738824947053 105.7927718038215 158
1738824947096 184.6424253184112 159
1738824947138 140.7090088979798 160
1738824947181 188.69930300811652 161
1738824947223 259.4935076809306 162
1738824947265 187.96578085272677 163
1738824947307 156.80339531258156 164
1738824947350 153.17739306316713 165
1738824947392 166.8453163824406 166
1738824947433 206.73760684271792 167
1738824947476 190.8858262294489 168
1738824947518 199.98744769938892 169
1738824947560 183.3219134261723 170
1738824947602 261.7428004262835 171
1738824947644 193.23641631297414 172
1738824947687 156.1997643719962 173
1738824947729 182.5267905683496 174
1738824947771 179.3820664387152 175
1738824947813 161.99246220116274 176
1738824947855 175.18391289284222 177
1738824947897 206.89584274293802 178
1738824947938 175.19740256294597 179
1738824947979 121.96081392702044 180
1738824948021 164.5738648514296 181
1738824948064 124.67852434408299 182
1738824948106 161.8035483470775 183
1738824948148 134.53982609854953 184
1738824948191 135.44667768144552 185
1738824948234 185.57669723534582 186
1738824948276 215.48312204150955 187
1738824948318 199.80505252599505 188
1738824948360 228.28902889503868 189
1738824948402 143.31204812350677 190
1738824948444 192.65961159617135 191
1738824948486 175.83955759113726 192
1738824948527 183.0872943704927 193
1738824948568 157.06410537905342 194
1738824948611 143.05881236661062 195
1738824948653 146.6530824485088 196
1738824948695 212.33362577313625 197
1738824948737 169.59050733886673 198
1738824948797 167.60929095726925 199
1738824948841 221.6863762997135 200
1738824948884 87.70201588667082 201
1738824948926 163.74883789761702 202
1738824948968 274.87798867476096 203
1738824949011 178.8329241603317 204
1738824949053 180.1012066977211 205
1738824949095 150.05803934415508 206
1738824949138 195.37508680511206 207
1738824949180 154.4549890148775 208
1738824949223 164.69063695032875 209
1738824949265 177.08910661100904 210
1738824949307 228.15542667810126 211
1738824949349 227.50829619513542 212
1738824949392 172.78517363630897 213
1738824949435 185.50071074974647 214
1738824949477 203.91379821259335 215
1738824949519 103.45094197722804 216
1738824949562 221.97402412367995 217
1738824949604 205.2345358232419 218
1738824949646 163.26064103261928 219
1738824949688 158.27505042664194 220
1738824949731 170.83086591046785 221
1738824949774 189.75452873510403 222
1738824949816 328.81645096110407 223
1738824949858 154.78806695291914 224
1738824949900 240.7169610988563 225
1738824949943 198.7956200618408 226
1738824949985 150.85709658921328 227
1738824950027 122.36428692884941 228
1738824950069 183.5596722748598 229
1738824950111 104.01556912096208 230
1738824950153 197.39958267117905 231
1738824950196 197.86769599860492 232
1738824950238 162.7272678721788 233
1738824950280 194.85256719611831 234
1738824950322 175.94202740386444 235
1738824950364 130.9218229999345 236
1738824950407 316.7759554520887 237
1738824950449 116.90796163161164 238
1738824950491 182.0355937845199 239
1738824950534 215.20576979931417 240
1738824950577 135.61585988485263 241
1738824950619 180.0543436249361 242
1738824950661 114.33801804734676 243
1738824950703 201.7030701740044 244
1738824950745 149.65478702559375 245
1738824950787 140.19896844633897 246
1738824950828 154.57193788469763 247
1738824950872 104.25581388804109 248
1738824950916 168.91755072191543 249
1738824950960 136.86073633940705 250
1738824951003 166.11950142257928 251
1738824951046 165.39306065543258 252
1738824951089 166.48868444603804 253
1738824951132 139.73437222345905 254
1738824951175 158.36481226337676 255
1738824951218 154.08575904559802 256
1738824951261 167.0787109366369 257
1738824951304 153.3976375284736 258
1738824951347 183.94984476154036 259
1738824951390 161.18049242655692 260
1738824951433 185.47054547430264 261
1738824951475 172.5085690092683 262
1738824951517 167.6633494168785 263
1738824951560 192.13172617177338 264
1738824951603 151.1046403889808 265
1738824951644 168.0296750515659 266
1738824951687 141.93202302990085 267
1738824951729 136.72937864611345 268
1738824951772 188.50966039598322 269
1738824951815 128.45437354835406 270
1738824951857 219.02484040168346 271
1738824951899 91.12131411732516 272
1738824951941 178.31097461766146 273
1738824951983 182.54207431769936 274
1738824952025 114.68315471933023 275
1738824952068 153.70287185896925 276
1738824952109 167.754106314244 277
1738824952151 133.64624850578184 278
1738824952193 194.16940137764934 279
1738824952235 132.0794646528736 280
1738824952277 82.72789372582228 281
1738824952319 115.79210153313032 282
1738824952362 148.32727539576584 283
1738824952404 180.72979995950303 284
1738824952446 157.32239024791548 285
1738824952488 222.80780520427072 286
1738824952530 193.54458093775585 287
1738824952572 176.44507361801524 288
1738824952614 209.34829653736713 289
1738824952656 144.09869116015517 290
1738824952698 191.1603690555872 291
1738824952759 321.89208803461077 292
1738824952809 168.00564895258302 293
1738824952852 191.3157379338383 294
1738824952894 128.17378299168854 295
1738824952936 166.5437508462811 296
1738824952978 119.52313481526937 297
1738824953020 161.47616827752285 298
1738824953062 204.22583185749153 299
1738824953104 157.7855131489669 300
1738824953146 170.51851332225047 301
1738824953188 233.9315702109587 302
1738824953229 161.9332701940033 303
1738824953271 225.16334322811346 304
1738824953313 178.83618406895104 305
1738824953355 149.8649820036571 306
1738824953397 116.30403817898099 307
1738824953439 171.0007872207619 308
1738824953481 451.5252845911289 309
1738824953523 184.68462684420408 310
1738824953565 180.3308360297427 311
1738824953608 237.22666668990476 312
1738824953650 161.3519183638115 313
1738824953693 203.88378709976098 314
1738824953734 236.27969260597212 315
1738824953776 76.23158031647552 316
1738824953818 218.95270606137123 317
1738824953860 172.88349336151484 318
1738824953902 149.06033691017421 319
1738824953944 200.4422303786899 320
1738824953986 158.82862583075362 321
1738824954029 153.6574095492146 322
1738824954071 114.77209803440758 323
1738824954113 229.58586699217184 324
1738824954155 171.37239036392953 325
1738824954197 161.8434483218102 326
1738824954239 149.99347178411207 327
1738824954282 142.15981571463448 328
1738824954325 153.39916041648053 329
1738824954367 187.520753538356 330
1738824954410 183.97439610640276 331
1738824954454 145.6855150472067 332
1738824954496 90.50450448984546 333
1738824954538 79.70459013494967 334
1738824954581 188.9516228793059 335
1738824954623 119.1321408138063 336
1738824954666 134.0674449258217 337
1738824954709 226.85203333018862 338
1738824954751 181.25334047719397 339
1738824954793 172.93140966265094 340
1738824954835 199.00746393515283 341
1738824954876 153.5015500987646 342
1738824954918 181.21475956077197 343
1738824954960 139.44810237879668 344
1738824955002 195.41752339305108 345
1738824955044 178.6223138144546 346
1738824955087 187.9234077546875 347
1738824955128 157.7828371688897 348
1738824955170 168.84105846793912 349
1738824955212 178.77081797254073 350
1738824955254 177.24906139051012 351
1738824955296 172.17440185229688 352
1738824955338 178.94560198077858 353
1738824955380 149.2309382570304 354
1738824955422 183.67275489164288 355
1738824955464 159.79520635869258 356
1738824955506 209.1288971226827 357
1738824955548 255.8666678816289 358
1738824955591 147.0519431709653 359
1738824955634 165.22714801226917 360
1738824955676 176.90299225009198 361
1738824955718 150.75697596629198 362
1738824955760 173.88298650496716 363
1738824955802 190.13629046051707 364
1738824955845 115.92632473413634 365
1738824955888 210.4715614942337 366
1738824955930 192.08183051587022 367
1738824955973 250.7548382561247 368
1738824956016 176.7815931818969 369
1738824956059 157.93600788798034 370
1738824956102 147.0039966211502 371
1738824956144 176.36866335568732 372
1738824956187 175.22041883595548 373
1738824956229 150.5392305393722 374
1738824956271 152.75337288978446 375
1738824956313 135.4243566280834 376
1738824956356 82.28866304577015 377
1738824956398 163.29653142610726 378
1738824956440 114.38932335699884 379
1738824956484 98.55166947606126 380
1738824956526 204.36544728295283 381
1738824956568 168.65047371954748 382
1738824956611 186.8337679251353 383
1738824956652 175.37830966403592 384
1738824956695 163.99080031608815 385
1738824956737 166.5746568837748 386
1738824956780 187.5259453480666 387
1738824956822 193.25124422704127 388
1738824956865 210.14780942718093 389
1738824956907 143.8803953006554 390
1738824956949 182.1682008375029 391
1738824956991 175.21848725900102 392
1738824957033 211.15359715365983 393
1738824957076 202.93493498650912 394
1738824957118 198.65748461721503 395
1738824957161 168.94046033592204 396
1738824957204 166.08933901954836 397
1738824957246 131.5825180443269 398
1738824957288 213.77359132926213 399
1738824957329 160.44462577406443 400
1738824957370 163.0470013452404 401
1738824957413 162.1108086152814 402
1738824957454 168.42854031448923 403
1738824957497 170.85712155985274 404
1738824957539 155.21128608477886 405
1738824957580 176.70817749472317 406
1738824957622 178.07373338847972 407
1738824957664 141.01671854959537 408
1738824957706 170.33841431965985 409
1738824957748 283.48364604694257 410
1738824957791 145.46354154263926 411
1738824957833 191.20621017175299 412
1738824957876 187.31693806450153 413
1738824957918 128.16699369338988 414
1738824957960 118.65964081602579 415
1738824958002 183.0982835155194 416
1738824958044 186.7207297319208 417
1738824958086 226.92559932733894 418
1738824958128 183.36756250564207 419
1738824958170 159.64534413652345 420
1738824958213 190.5474580556063 421
1738824958256 176.82345375069164 422
1738824958298 27.439357900517994 423
1738824958341 167.48589100399045 424
1738824958383 184.97802744109785 425
1738824958426 178.42434641619434 426
1738824958468 113.06117884275244 427
1738824958510 193.06281451121404 428
1738824958551 145.62640519970728 429
1738824958593 160.88819305713392 430
1738824958635 123.25588874665048 431
1738824958676 217.05571016434953 432
1738824958719 188.73838823947568 433
1738824958761 177.99705500779396 434
1738824958804 260.92481223328883 435
1738824958845 158.80906125607015 436
1738824958887 244.72626204291953 437
1738824958929 157.92023793273094 438
1738824958971 169.8311649535849 439
1738824959013 141.54303183412293 440
1738824959054 86.78327389973218 441
1738824959097 179.35921064185138 442
1738824959139 171.7429449851705 443
1738824959181 199.1105392464512 444
1738824959224 197.68224489012658 445
1738824959267 171.6852058533373 446
1738824959309 183.99238309430007 447
1738824959353 150.28940710344014 448
1738824959395 245.6829451205138 449
1738824959437 166.42585619771495 450
1738824959479 174.72778542288674 451
1738824959521 144.53394697088117 452
1738824959563 203.86219226246462 453
1738824959604 181.32712415573818 454
1738824959645 184.10064655943333 455
1738824959687 247.92726040391196 456
1738824959728 239.81699416630545 457
1738824959769 87.42395885044567 458
1738824959810 190.0088347326693 459
1738824959852 295.9053232788153 460
1738824959893 119.36806293178586 461
1738824959934 193.91014245626536 462
1738824959975 249.20622592541162 463
1738824960016 208.89651774751516 464
1738824960056 138.99399801291577 465
1738824960098 69.39813963290653 466
1738824960139 173.07837184770273 467
1738824960179 145.89168240334274 468
1738824960220 145.42390130255174 469
1738824960261 161.09603919542604 470
1738824960302 166.06562450394 471
1738824960344 197.6246255603548 472
1738824960385 182.06854331897776 473
1738824960426 165.9006055473669 474
1738824960467 206.6519323346673 475
1738824960508 146.56655875882043 476
1738824960549 159.49038896865807 477
1738824960591 101.9455552551222 478
1738824960633 176.87163254531876 479
1738824960675 137.0285034267653 480
1738824960719 173.98600480459083 481
1738824960761 140.97053165723207 482
1738824960803 169.86554900826357 483
1738824960844 189.22145914751297 484
1738824960886 146.5971123239269 485
1738824960928 117.47149725249685 486
1738824960972 178.42563588493127 487
1738824961014 165.98395830935746 488
1738824961056 144.64648577979852 489
1738824961098 157.3636726633134 490
1738824961141 137.56129243503537 491
1738824961182 166.32441962076683 492
1738824961225 131.0958584172783 493
1738824961266 150.67839928224052 494
1738824961308 176.88675915036748 495
1738824961350 173.32853816055245 496
1738824961393 161.22755287222898 497
1738824961435 167.23727961852717 498
1738824961477 179.63433727049383 499
