1738822674448 86.17807559300894 0
1738822674464 65.1883355380606 1
1738822674485 51.02613624588747 2
1738822674504 34.810134439508744 3
1738822674522 44.63649800360196 4
1738822674545 33.39561895776843 5
1738822674564 33.02948886974781 6
1738822674582 38.972054067234765 7
1738822674600 27.45782830889601 8
1738822674618 20.26251512558422 9
1738822674634 34.14457513271612 10
1738822674663 18.25165161184603 11
1738822674686 15.868868404155869 12
1738822674711 13.222947191894656 13
1738822674726 12.56546216685344 14
1738822674743 11.367186010410787 15
1738822674767 11.253530427150862 16
1738822674782 9.160717697287973 17
1738822674800 7.5763924149195505 18
1738822674821 7.904363590709806 19
1738822674850 6.196247443201716 20
1738822674877 6.196462271403198 21
1738822674895 5.659720636983896 22
1738822674915 4.611776784867699 23
1738822674933 3.807036397968152 24
1738822674953 3.4686098142107986 25
1738822674972 5.742689989036835 26
1738822674989 3.0275559238860343 27
1738822675014 4.7103481643841265 28
1738822675029 2.2712723913120207 29
1738822675043 2.413539125742184 30
1738822675058 2.971517119560036 31
1738822675073 2.052201222391229 32
1738822675089 2.0404686464740367 33
1738822675105 1.835102017536418 34
1738822675120 1.560067579224967 35
1738822675137 1.2841591287449667 36
1738822675155 1.102838825501159 37
1738822675180 1.1452969759614187 38
1738822675197 0.8395650234113198 39
1738822675218 1.1640446363087396 40
1738822675236 1.2720208253854683 41
1738822675260 0.7502980269011286 42
1738822675276 0.6261549858597594 43
1738822675295 0.9631649531966143 44
1738822675313 0.8613965906882539 45
1738822675334 0.5481694358208359 46
1738822675350 0.5569997066740433 47
1738822675369 0.6364572412762473 48
1738822675386 0.5750525206376611 49
1738822675399 0.5388281592132765 50
1738822675413 0.5563844936971605 51
1738822675433 0.5528272959617556 52
1738822675448 0.4501256387964349 53
1738822675464 0.34824374242065403 54
1738822675479 0.31372955911003464 55
1738822675494 0.3152061225325711 56
1738822675509 0.5097896023362363 57
1738822675522 0.598195806226527 58
1738822675541 0.3122002516954233 59
1738822675558 0.3110979655221506 60
1738822675573 0.2380196212077561 61
1738822675587 0.2529308212592898 62
1738822675607 0.27668018089799956 63
1738822675622 0.4239014887259724 64
1738822675637 0.40637833693715075 65
1738822675652 0.26350473153669984 66
1738822675666 0.2838637689954393 67
1738822675680 0.2784302869244234 68
1738822675694 0.30138892832315095 69
1738822675709 0.21538526191015311 70
1738822675727 0.3182166005673851 71
1738822675742 0.3781926153510312 72
1738822675766 0.20001909985339705 73
1738822675796 0.16262048454980368 74
1738822675816 0.15965764080336073 75
1738822675835 0.11875529872364102 76
1738822675855 0.12010695017975559 77
1738822675875 0.14758499072735806 78
1738822675898 0.1514881389419876 79
1738822675917 0.10116437597108296 80
1738822675936 0.10791671663141782 81
1738822675953 0.16027719871716448 82
1738822675978 0.18842250567346663 83
1738822676002 0.15323645377794487 84
1738822676023 0.12492659678064114 85
1738822676040 0.1621563519621876 86
1738822676058 0.11385979231439362 87
1738822676078 0.08875379443559626 88
1738822676097 0.10340754932295196 89
1738822676116 0.09883643282235216 90
1738822676131 0.13366877746486389 91
1738822676146 0.1725361907435712 92
1738822676162 0.1374736705102572 93
1738822676176 0.09049258205929696 94
1738822676193 0.12551597883442364 95
1738822676207 0.09733305795306944 96
1738822676222 0.09405159896003695 97
1738822676237 0.10675520053422616 98
1738822676255 0.14065021422679755 99
1738822676273 0.13064221129294354 100
1738822676287 0.09469711548777533 101
1738822676302 0.11987588419276182 102
1738822676319 0.06704574347941479 103
1738822676337 0.07649365827413898 104
1738822676353 0.12578490664665354 105
1738822676376 0.10121792056351507 106
1738822676391 0.10696551500391883 107
1738822676405 0.0874661603239928 108
1738822676419 0.08786561890767404 109
1738822676434 0.10296325751335811 110
1738822676452 0.08919764510147941 111
1738822676467 0.09134016564433241 112
1738822676481 0.11517548261320358 113
1738822676495 0.13347768825488715 114
1738822676509 0.10767913096835315 115
1738822676523 0.0992857831905478 116
1738822676544 0.16054619699148825 117
1738822676559 0.15168802722675254 118
1738822676576 0.0889122795905598 119
1738822676594 0.09467602951696363 120
1738822676608 0.06755123957556161 121
1738822676624 0.08098240323858077 122
1738822676643 0.07332526912534611 123
1738822676662 0.06771383187003613 124
1738822676682 0.09863228268589379 125
1738822676700 0.08664916467423475 126
1738822676723 0.09672818497099517 127
1738822676748 0.09386049023573331 128
1738822676769 0.0808937202952488 129
1738822676787 0.09408790377946684 130
1738822676806 0.09834836601912109 131
1738822676826 0.08279221818149662 132
1738822676843 0.10702226556032848 133
1738822676863 0.10023095393672578 134
1738822676885 0.10913259093589117 135
1738822676904 0.054206124537628186 136
1738822676926 0.053769323314246144 137
1738822676944 0.05765109017046235 138
1738822676959 0.09536197136513795 139
1738822676976 0.11147653613692662 140
1738822676991 0.1329663499659193 141
1738822677014 0.08501674089293079 142
1738822677031 0.09002374170862086 143
1738822677048 0.05300737012603957 144
1738822677065 0.10556641942036694 145
1738822677082 0.07471355221093763 146
1738822677098 0.07648683538912862 147
1738822677115 0.11850207014050741 148
1738822677135 0.05782217876010168 149
1738822677151 0.08065822470494387 150
1738822677165 0.08336646046389708 151
1738822677184 0.13419458149459196 152
1738822677203 0.07768721406697632 153
1738822677221 0.09299014750541598 154
1738822677244 0.08140409014040953 155
1738822677263 0.09312169744148768 156
1738822677286 0.06515195107525872 157
1738822677308 0.08107378894933659 158
1738822677337 0.09972657461812502 159
1738822677358 0.06424836778520146 160
1738822677383 0.12141300421056839 161
1738822677405 0.10105263553234253 162
1738822677421 0.06626436709992094 163
1738822677441 0.08442511028251722 164
1738822677464 0.07291407995959936 165
1738822677480 0.08332862592280948 166
1738822677499 0.08650932366827138 167
1738822677515 0.09219503759396724 168
1738822677533 0.05801373032669889 169
1738822677558 0.0760751714295726 170
1738822677594 0.07589151951293893 171
1738822677610 0.09560220322189365 172
1738822677624 0.09620545243080725 173
1738822677639 0.07461965101666337 174
1738822677655 0.05523038390957809 175
1738822677673 0.07437368240864362 176
1738822677691 0.09772383582370045 177
1738822677714 0.11143413003643517 178
1738822677728 0.08883744679527586 179
1738822677746 0.07778474653684216 180
1738822677763 0.06511003956784249 181
1738822677781 0.0953351139012467 182
1738822677800 0.07232647539434148 183
1738822677821 0.11297077426991507 184
1738822677836 0.08673050429054623 185
1738822677857 0.05707212758203998 186
1738822677880 0.085635794495888 187
1738822677898 0.10326725482408917 188
1738822677919 0.06826180051527482 189
1738822677936 0.09698346198147821 190
1738822677952 0.05945070223886672 191
1738822677969 0.0548780470518769 192
1738822677992 0.09580500801102172 193
1738822678012 0.09567516592101383 194
1738822678029 0.05021184012762194 195
1738822678048 0.07107562405977903 196
1738822678065 0.08387989080064157 197
1738822678083 0.08065892432846916 198
1738822678102 0.13292966368597245 199
1738822678123 0.08013943147259088 200
1738822678141 0.06081291171243058 201
1738822678160 0.07435622320081355 202
1738822678179 0.14095408100352835 203
1738822678194 0.06493807974617176 204
1738822678209 0.0611310535537102 205
1738822678228 0.09445799609701411 206
1738822678246 0.1004749290434016 207
1738822678266 0.09187221479934542 208
1738822678284 0.08650879896286633 209
1738822678303 0.07523732905440488 210
1738822678321 0.1457289484717259 211
1738822678337 0.09355557667640882 212
1738822678354 0.09702504845518195 213
1738822678373 0.06323914185128736 214
1738822678399 0.1307650852932217 215
1738822678422 0.04953227655527345 216
1738822678445 0.07202663365181275 217
1738822678464 0.07781713143956238 218
1738822678481 0.08647401799168239 219
1738822678497 0.10881117200119522 220
1738822678514 0.0841117940284288 221
1738822678529 0.13670225346499082 222
1738822678550 0.08291185923608456 223
1738822678570 0.1262985563124608 224
1738822678585 0.08537333032727507 225
1738822678601 0.06803366899372705 226
1738822678615 0.055711929865248776 227
1738822678640 0.07074945500753642 228
1738822678655 0.0881463149397788 229
1738822678672 0.08199451671358285 230
1738822678687 0.11461898407405854 231
1738822678713 0.14020179585325088 232
1738822678733 0.08105468145558714 233
1738822678749 0.09288887760824692 234
1738822678766 0.08174039549265047 235
1738822678784 0.06374384814766718 236
1738822678807 0.1325869309890081 237
1738822678828 0.06694025142509202 238
1738822678847 0.0898316566497646 239
1738822678874 0.07581752801751755 240
1738822678939 0.08909214643835338 241
1738822678962 0.10025994756165293 242
1738822678980 0.10394345505671261 243
1738822679000 0.09468253551546954 244
1738822679021 0.07213910233817701 245
1738822679042 0.12847614055362824 246
1738822679060 0.12354450068060965 247
1738822679077 0.07316646028211879 248
1738822679097 0.050427671526243015 249
1738822679118 0.1030621054800654 250
1738822679133 0.14567826619157706 251
1738822679147 0.1410284231127244 252
1738822679164 0.08036663575598822 253
1738822679185 0.09783632154070905 254
1738822679202 0.08519199489323802 255
1738822679225 0.10058736547907066 256
1738822679245 0.1032777932626729 257
1738822679265 0.07337460012145888 258
1738822679283 0.05663475223323918 259
1738822679302 0.09901348867884706 260
1738822679327 0.14353817125610596 261
1738822679346 0.0972763348640487 262
1738822679363 0.05314690331920357 263
1738822679383 0.13211074009495913 264
1738822679401 0.049106072111144414 265
1738822679415 0.06670662354198777 266
1738822679431 0.08636838727547635 267
1738822679447 0.08546462936174985 268
1738822679464 0.12235232547381693 269
1738822679480 0.08340844333416819 270
1738822679497 0.05689463090873518 271
1738822679515 0.14153699250129206 272
1738822679533 0.06713557766747401 273
1738822679553 0.11514376004056859 274
1738822679569 0.07240352776323124 275
1738822679585 0.15160051552139536 276
1738822679605 0.06287012854896411 277
1738822679622 0.06614903968526388 278
1738822679639 0.08794293961938919 279
1738822679653 0.06825052993764368 280
1738822679669 0.09441069314035878 281
1738822679683 0.07785451767395467 282
1738822679698 0.04404703034520566 283
1738822679714 0.1115419846995163 284
1738822679731 0.08979925205397042 285
1738822679747 0.07273917558390909 286
1738822679762 0.10098771602977952 287
1738822679778 0.10707433227315287 288
1738822679804 0.07917836874013118 289
1738822679825 0.10579461899864655 290
1738822679841 0.09639462044799592 291
1738822679862 0.10749329307516436 292
1738822679881 0.12546885825946677 293
1738822679896 0.09292164630197011 294
1738822679912 0.06692332048262684 295
1738822679931 0.07620298384195373 296
1738822679947 0.0728393441175775 297
1738822679963 0.11977059598433218 298
1738822679979 0.10194491002978079 299
1738822679993 0.12437546325984183 300
1738822680027 0.07530745562992568 301
1738822680047 0.09396972999357542 302
1738822680071 0.0637285367461302 303
1738822680121 0.09837728301372022 304
1738822680137 0.10988419205322737 305
1738822680153 0.060503460581441126 306
1738822680167 0.07675821991835226 307
1738822680183 0.08469836972389096 308
1738822680198 0.07801831123156798 309
1738822680213 0.09010250086354708 310
1738822680228 0.06527364698320759 311
1738822680243 0.12723232110839053 312
1738822680258 0.09034272242461708 313
1738822680273 0.08365591593321726 314
1738822680290 0.06918210457859784 315
1738822680305 0.09033096387732407 316
1738822680323 0.06516137707092003 317
1738822680338 0.10863524656932844 318
1738822680352 0.10097332790799494 319
1738822680367 0.0468358840884286 320
1738822680388 0.05423308034631311 321
1738822680406 0.07411104369895581 322
1738822680418 0.053916739994505726 323
1738822680436 0.07278555730128651 324
1738822680453 0.14113370802237193 325
1738822680474 0.08006622107090419 326
1738822680497 0.10777919892448 327
1738822680516 0.07382990182720206 328
1738822680532 0.06387190668147988 329
1738822680557 0.0843566615646519 330
1738822680578 0.11344663179257447 331
1738822680596 0.07871137883175845 332
1738822680614 0.058261627376644726 333
1738822680628 0.08583855496911857 334
1738822680646 0.10941224795477231 335
1738822680664 0.07225838196429564 336
1738822680678 0.08973416496833882 337
1738822680695 0.0824756479582032 338
1738822680711 0.07327560112944463 339
1738822680726 0.06670313933761057 340
1738822680741 0.09397013354477352 341
1738822680758 0.09575848772892835 342
1738822680776 0.10403266193899559 343
1738822680792 0.12063550602329895 344
1738822680808 0.12608374088835997 345
1738822680823 0.13947574456122763 346
1738822680869 0.06261169626940455 347
1738822680913 0.0706448861318409 348
1738822680938 0.055793720764793095 349
1738822680957 0.11041214335292754 350
1738822680975 0.12223894019526449 351
1738822680995 0.12553456965462692 352
1738822681008 0.07919972853118366 353
1738822681025 0.1342990777627221 354
1738822681040 0.09343957476118318 355
1738822681055 0.0968947414055157 356
1738822681071 0.10197734261722048 357
1738822681090 0.05808766450116089 358
1738822681105 0.15746947568531522 359
1738822681122 0.09871231811255102 360
1738822681143 0.03707672081100897 361
1738822681160 0.08783733175963951 362
1738822681175 0.07560175087039901 363
1738822681191 0.062315929827993215 364
1738822681212 0.14688940308223167 365
1738822681234 0.08895537039462668 366
1738822681248 0.10673143981437425 367
1738822681263 0.07988218690365848 368
1738822681278 0.11591704473808169 369
1738822681293 0.07095627714039017 370
1738822681308 0.07668948698380548 371
1738822681323 0.0809046729762311 372
1738822681341 0.10982272600330427 373
1738822681357 0.06466248146323114 374
1738822681373 0.0462080544037431 375
1738822681389 0.06733760233350063 376
1738822681406 0.08855521700173093 377
1738822681432 0.0777797425870042 378
1738822681446 0.097033768608492 379
1738822681464 0.15125904571542628 380
1738822681479 0.07026991473937791 381
1738822681496 0.12722803440130553 382
1738822681510 0.05098358394417849 383
1738822681524 0.07549551126173483 384
1738822681539 0.12047988827632614 385
1738822681554 0.0893382612620707 386
1738822681570 0.09909562130884819 387
1738822681584 0.12059767031850654 388
1738822681599 0.09274039823007513 389
1738822681618 0.08162366253625626 390
1738822681637 0.09379251185353868 391
1738822681655 0.063040484943259 392
1738822681676 0.08029979923158256 393
1738822681693 0.04917292350183167 394
1738822681714 0.08654623456234202 395
1738822681735 0.1005917309904837 396
1738822681754 0.08928271175497438 397
1738822681772 0.07628192166255206 398
1738822681794 0.10286182349489428 399
1738822681814 0.11460536657064369 400
1738822681848 0.11654136625612463 401
1738822681876 0.13094677972164637 402
1738822681895 0.19938766781573858 403
1738822681915 0.05770910698044368 404
1738822681936 0.08280051264880096 405
1738822681964 0.06842168867562033 406
1738822681982 0.0718464181638148 407
1738822682000 0.0899986411295022 408
1738822682018 0.09438860067514229 409
1738822682037 0.10941709064620245 410
1738822682056 0.06786260873588036 411
1738822682073 0.06789937518964681 412
1738822682096 0.0989366959780228 413
1738822682119 0.051554691669179545 414
1738822682138 0.09234439225535591 415
1738822682163 0.08374809943140314 416
1738822682179 0.08392291347096502 417
1738822682198 0.10272369966978026 418
1738822682221 0.08572924476998973 419
1738822682239 0.09441088386225373 420
1738822682257 0.031775441147960604 421
1738822682271 0.10308858176788437 422
1738822682288 0.08967023705147566 423
1738822682307 0.06875055582063032 424
1738822682322 0.09347598787859536 425
1738822682337 0.08203270064209142 426
1738822682352 0.08780229785886186 427
1738822682367 0.08283306290370128 428
1738822682388 0.06677334435030795 429
1738822682409 0.10209733751599974 430
1738822682426 0.07508448511099322 431
1738822682447 0.09776177737295642 432
1738822682467 0.08290539663521988 433
1738822682487 0.11853679493246372 434
1738822682503 0.06538991380914319 435
1738822682520 0.05027245404169145 436
1738822682536 0.09483696061851025 437
1738822682555 0.09118249702615425 438
1738822682572 0.05705172463104632 439
1738822682589 0.09958720181423356 440
1738822682608 0.07431646004757013 441
1738822682625 0.056319828629951114 442
1738822682642 0.07069699955824675 443
1738822682658 0.06406892503856035 444
1738822682674 0.08622842705017207 445
1738822682692 0.06601597923784171 446
1738822682705 0.09408551995149066 447
1738822682724 0.10966239890502495 448
1738822682745 0.0663371469937873 449
1738822682766 0.10056049687222297 450
1738822682782 0.07752729248220158 451
1738822682804 0.0718211947206154 452
1738822682822 0.13636242968327933 453
1738822682840 0.11233700756484898 454
1738822682858 0.059005238930398385 455
1738822682876 0.09601498827405279 456
1738822682891 0.04853364442694496 457
1738822682905 0.0787417951640241 458
1738822682920 0.07598224364320857 459
1738822682934 0.07918576295858784 460
1738822682951 0.07115724728448176 461
1738822682968 0.07625633322650596 462
1738822682990 0.0701377680133114 463
1738822683004 0.07664850538300975 464
1738822683020 0.06532786866876686 465
1738822683033 0.07137032622656692 466
1738822683047 0.09298486780085248 467
1738822683063 0.1430289065811156 468
1738822683078 0.08640604065557568 469
1738822683093 0.08026719620253644 470
1738822683107 0.09745082601184726 471
1738822683123 0.08053909564513066 472
1738822683147 0.07724029603496226 473
1738822683168 0.09358121370835856 474
1738822683188 0.13000093126840004 475
1738822683202 0.0702146394428123 476
1738822683223 0.04473661146289514 477
1738822683242 0.08420437414864082 478
1738822683265 0.08177336405198198 479
1738822683286 0.0546506138101412 480
1738822683310 0.05488330900793589 481
1738822683331 0.10239609530104286 482
1738822683349 0.11790615651376435 483
1738822683368 0.07563257672701544 484
1738822683391 0.08309157750503644 485
1738822683411 0.08275286255632257 486
1738822683433 0.13745811910565156 487
1738822683452 0.05703496307585573 488
1738822683471 0.12753378225710965 489
1738822683487 0.06924079292589842 490
1738822683506 0.09793526545734635 491
1738822683522 0.07263241169369178 492
1738822683540 0.09765016497125081 493
1738822683558 0.0853011384530389 494
1738822683583 0.1131739330917876 495
1738822683602 0.09983311131032194 496
1738822683627 0.13754284925132776 497
1738822683644 0.053843169574705946 498
1738822683658 0.0632867149085671 499
