1738677626550 168.18488451802995 0
1738677626577 168.0263557115219 1
1738677626598 167.86831454027887 2
1738677626617 167.7107592610084 3
1738677626633 167.55368813683933 4
1738677626650 167.39709943729832 5
1738677626667 167.24099143828585 6
1738677626684 167.08536242205278 7
1738677626700 166.9302106771768 8
1738677626721 166.77553449853875 9
1738677626742 166.62133218729954 10
1738677626756 166.4676020508766 11
1738677626770 166.3143424029209 12
1738677626784 166.1615515632936 13
1738677626799 166.00922785804326 14
1738677626814 165.85736961938284 15
1738677626836 165.70597518566657 16
1738677626857 165.55504290136764 17
1738677626875 165.40457111705504 18
1738677626893 165.25455818937132 19
1738677626908 165.10500248100993 20
1738677626927 164.95590236069268 21
1738677626941 164.80725620314755 22
1738677626953 164.65906238908636 23
1738677626967 164.51131930518258 24
1738677626981 164.3640253440492 25
1738677627000 164.21717890421664 26
1738677627014 164.0707783901111 27
1738677627028 163.9248222120323 28
1738677627041 163.779308786132 29
1738677627054 163.6342365343921 30
1738677627070 163.48960388460327 31
1738677627090 163.34540927034305 32
1738677627104 163.2016511309548 33
1738677627121 163.05832791152596 34
1738677627134 162.91543806286705 35
1738677627150 162.77298004149023 36
1738677627166 162.63095230958828 37
1738677627183 162.48935333501345 38
1738677627197 162.34818159125663 39
1738677627213 162.2074355574262 40
1738677627228 162.06711371822755 41
1738677627244 161.92721456394187 42
1738677627259 161.78773659040593 43
1738677627273 161.64867829899114 44
1738677627288 161.51003819658334 45
1738677627303 161.37181479556196 46
1738677627314 161.2340066137801 47
1738677627327 161.0966121745439 48
1738677627340 160.95963000659245 49
1738677627353 160.82305864407763 50
1738677627365 160.68689662654413 51
1738677627384 160.5511424989092 52
1738677627396 160.41579481144308 53
1738677627409 160.2808521197489 54
1738677627422 160.14631298474302 55
1738677627435 160.01217597263528 56
1738677627453 159.87843965490944 57
1738677627464 159.74510260830354 58
1738677627475 159.61216341479044 59
1738677627489 159.47962066155858 60
1738677627504 159.34747294099236 61
1738677627517 159.21571885065308 62
1738677627532 159.0843569932597 63
1738677627543 158.9533859766697 64
1738677627556 158.82280441386007 65
1738677627568 158.6926109229083 66
1738677627580 158.56280412697348 67
1738677627593 158.4333826542774 68
1738677627607 158.30434513808595 69
1738677627621 158.17569021669019 70
1738677627633 158.047416533388 71
1738677627646 157.91952273646527 72
1738677627659 157.79200747917747 73
1738677627673 157.66486941973142 74
1738677627686 157.53810722126667 75
1738677627700 157.41171955183728 76
1738677627715 157.2857050843938 77
1738677627727 157.16006249676485 78
1738677627741 157.0347904716393 79
1738677627755 156.90988769654786 80
1738677627772 156.78535286384573 81
1738677627793 156.6611846706941 82
1738677627806 156.53738181904276 83
1738677627820 156.4139430156121 84
1738677627832 156.2908669718757 85
1738677627847 156.16815240404233 86
1738677627859 156.04579803303875 87
1738677627873 155.92380258449208 88
1738677627887 155.80216478871233 89
1738677627901 155.68088338067517 90
1738677627912 155.55995710000448 91
1738677627926 155.43938469095525 92
1738677627942 155.31916490239644 93
1738677627957 155.19929648779365 94
1738677627971 155.07977820519244 95
1738677627985 154.960608817201 96
1738677627999 154.84178709097353 97
1738677628013 154.72331179819312 98
1738677628027 154.6051817150553 99
1738677628041 154.48739562225092 100
1738677628055 154.3699523049499 101
1738677628071 154.2528505527842 102
1738677628084 154.13608915983173 103
1738677628099 154.01966692459953 104
1738677628113 153.90358265000754 105
1738677628127 153.78783514337204 106
1738677628140 153.67242321638977 107
1738677628155 153.55734568512116 108
1738677628169 153.4426013699746 109
1738677628181 153.32818909569013 110
1738677628195 153.21410769132328 111
1738677628209 153.1003559902294 112
1738677628224 152.9869328300474 113
1738677628239 152.87383705268414 114
1738677628253 152.7610675042984 115
1738677628267 152.6486230352852 116
1738677628283 152.5365025002601 117
1738677628296 152.42470475804373 118
1738677628310 152.3132286716459 119
1738677628322 152.20207310825026 120
1738677628335 152.09123693919886 121
1738677628347 151.9807190399766 122
1738677628359 151.87051829019606 123
1738677628375 151.76063357358197 124
1738677628387 151.65106377795632 125
1738677628400 151.5418077952228 126
1738677628411 151.43286452135195 127
1738677628424 151.32423285636585 128
1738677628436 151.21591170432342 129
1738677628449 151.10789997330522 130
1738677628461 151.00019657539855 131
1738677628473 150.89280042668278 132
1738677628485 150.78571044721434 133
1738677628497 150.6789255610123 134
1738677628511 150.57244469604322 135
1738677628523 150.466266784207 136
1738677628535 150.36039076132198 137
1738677628547 150.25481556711054 138
1738677628560 150.14954014518477 139
1738677628574 150.04456344303176 140
1738677628587 149.93988441199951 141
1738677628599 149.83550200728249 142
1738677628611 149.73141518790737 143
1738677628623 149.62762291671896 144
1738677628637 149.52412416036603 145
1738677628650 149.420917889287 146
1738677628662 149.3180030776962 147
1738677628675 149.2153787035697 148
1738677628688 149.1130437486315 149
1738677628700 149.0109971983394 150
1738677628713 148.9092380418716 151
1738677628726 148.80776527211242 152
1738677628738 148.70657788563886 153
1738677628750 148.60567488270698 154
1738677628765 148.5050552672381 155
1738677628778 148.40471804680524 156
1738677628790 148.30466223261968 157
1738677628803 148.20488683951743 158
1738677628821 148.10539088594578 159
1738677628846 148.0061733939501 160
1738677628858 147.90723338916007 161
1738677628872 147.80856990077706 162
1738677628886 147.71018196156024 163
1738677628899 147.6120686078139 164
1738677628913 147.51422887937406 165
1738677628929 147.41666181959533 166
1738677628946 147.31936647533828 167
1738677628961 147.2223418969559 168
1738677628976 147.12558713828102 169
1738677628993 147.02910125661336 170
1738677629006 146.93288331270665 171
1738677629027 146.8369323707559 172
1738677629040 146.74124749838452 173
1738677629055 146.6458277666318 174
1738677629068 146.55067224994008 175
1738677629084 146.4557800261423 176
1738677629098 146.36115017644934 177
1738677629117 146.2667817854376 178
1738677629133 146.17267394103638 179
1738677629148 146.07882573451568 180
1738677629167 145.98523626047367 181
1738677629187 145.89190461682435 182
1738677629204 145.7988299047854 183
1738677629219 145.70601122886583 184
1738677629233 145.6134476968539 185
1738677629246 145.5211384198048 186
1738677629262 145.42908251202874 187
1738677629276 145.33727909107878 188
1738677629291 145.24572727773898 189
1738677629310 145.15442619601208 190
1738677629327 145.06337497310798 191
1738677629342 144.9725727394317 192
1738677629356 144.8820186285715 193
1738677629369 144.79171177728708 194
1738677629383 144.70165132549806 195
1738677629398 144.61183641627198 196
1738677629415 144.52226619581273 197
1738677629430 144.43293981344922 198
1738677629444 144.3438564216233 199
1738677629457 144.25501517587867 200
1738677629470 144.16641523484924 201
1738677629484 144.07805576024757 202
1738677629498 143.98993591685365 203
1738677629513 143.90205487250347 204
1738677629530 143.81441179807769 205
1738677629547 143.72700586749036 206
1738677629564 143.63983625767784 207
1738677629577 143.55290214858735 208
1738677629593 143.466202723166 209
1738677629608 143.3797371673496 210
1738677629623 143.2935046700517 211
1738677629637 143.20750442315247 212
1738677629654 143.12173562148774 213
1738677629669 143.03619746283812 214
1738677629682 142.95088914791793 215
1738677629695 142.86580988036454 216
1738677629707 142.78095886672745 217
1738677629720 142.69633531645746 218
1738677629733 142.6119384418961 219
1738677629746 142.5277674582647 220
1738677629762 142.4438215836539 221
1738677629778 142.3601000390129 222
1738677629791 142.27660204813915 223
1738677629805 142.19332683766743 224
1738677629820 142.11027363705955 225
1738677629838 142.02744167859385 226
1738677629853 141.9448301973549 227
1738677629868 141.86243843122284 228
1738677629884 141.7802656208633 229
1738677629897 141.69831100971695 230
1738677629910 141.61657384398922 231
1738677629925 141.53505337264014 232
1738677629941 141.45374884737407 233
1738677629955 141.37265952262968 234
1738677629975 141.29178465556953 235
1738677629992 141.2111235060704 236
1738677630008 141.1306753367129 237
1738677630028 141.05043941277162 238
1738677630045 140.97041500220516 239
1738677630060 140.89060137564616 240
1738677630076 140.81099780639136 241
1738677630092 140.73160357039183 242
1738677630116 140.65241794624308 243
1738677630132 140.5734402151754 244
1738677630148 140.49466966104387 245
1738677630166 140.41610557031885 246
1738677630181 140.33774723207625 247
1738677630202 140.25959393798786 248
1738677630214 140.18164498231175 249
1738677630226 140.10389966188265 250
1738677630240 140.02635727610263 251
1738677630252 139.94901712693124 252
1738677630264 139.87187851887637 253
1738677630276 139.7949407589847 254
1738677630288 139.7182031568322 255
1738677630300 139.64166502451502 256
1738677630315 139.56532567663987 257
1738677630328 139.48918443031496 258
1738677630344 139.4132406051406 259
1738677630366 139.3374935232001 260
1738677630383 139.2619425090505 261
1738677630396 139.1865868897134 262
1738677630413 139.1114259946659 263
1738677630426 139.03645915583155 264
1738677630440 138.96168570757112 265
1738677630455 138.8871049866738 266
1738677630471 138.81271633234806 267
1738677630485 138.7385190862128 268
1738677630503 138.66451259228836 269
1738677630521 138.5906961969877 270
1738677630536 138.5170692491074 271
1738677630550 138.44363109981913 272
1738677630569 138.37038110266053 273
1738677630582 138.29731861352664 274
1738677630596 138.22444299066126 275
1738677630610 138.15175359464797 276
1738677630625 138.07924978840182 277
1738677630639 138.00693093716046 278
1738677630656 137.93479640847562 279
1738677630669 137.86284557220463 280
1738677630687 137.79107780050168 281
1738677630703 137.71949246780963 282
1738677630717 137.64808895085127 283
1738677630733 137.57686662862096 284
1738677630750 137.50582488237634 285
1738677630763 137.43496309562988 286
1738677630780 137.3642806541405 287
1738677630798 137.29377694590525 288
1738677630814 137.22345136115115 289
1738677630832 137.15330329232685 290
1738677630845 137.08333213409443 291
1738677630863 137.01353728332123 292
1738677630881 136.94391813907166 293
1738677630900 136.87447410259907 294
1738677630915 136.8052045773377 295
1738677630928 136.7361089688946 296
1738677630943 136.6671866850416 297
1738677630959 136.59843713570723 298
1738677630972 136.52985973296884 299
1738677630984 136.4614538910446 300
1738677630997 136.39321902628564 301
1738677631011 136.32515455716805 302
1738677631023 136.25725990428512 303
1738677631037 136.1895344903395 304
1738677631050 136.12197774013535 305
1738677631064 136.05458908057062 306
1738677631078 135.98736794062927 307
1738677631092 135.92031375137358 308
1738677631106 135.85342594593644 309
1738677631121 135.78670395951377 310
1738677631136 135.72014722935674 311
1738677631154 135.6537551947643 312
1738677631169 135.58752729707558 313
1738677631183 135.52146297966235 314
1738677631200 135.45556168792146 315
1738677631213 135.38982286926736 316
1738677631227 135.32424597312468 317
1738677631242 135.2588304509208 318
1738677631257 135.19357575607847 319
1738677631272 135.1284813440083 320
1738677631291 135.06354667210144 321
1738677631306 134.99877119972248 322
1738677631322 134.93415438820188 323
1738677631334 134.86969570082886 324
1738677631351 134.80539460284405 325
1738677631364 134.74125056143237 326
1738677631379 134.67726304571582 327
1738677631394 134.61343152674633 328
1738677631409 134.54975547749845 329
1738677631422 134.4862343728626 330
1738677631435 134.42286768963766 331
1738677631453 134.35965490652404 332
1738677631467 134.29659550411668 333
1738677631482 134.23368896489796 334
1738677631495 134.17093477323087 335
1738677631512 134.10833241535187 336
1738677631526 134.0458813793641 337
1738677631540 133.98358115523047 338
1738677631553 133.92143123476666 339
1738677631572 133.85943111163448 340
1738677631588 133.79758028133486 341
1738677631610 133.73587824120116 342
1738677631624 133.67432449039237 343
1738677631638 133.6129185298863 344
1738677631661 133.55165986247295 345
1738677631676 133.4905479927478 346
1738677631689 133.42958242710506 347
1738677631702 133.36876267373117 348
1738677631716 133.30808824259793 349
1738677631729 133.2475586454562 350
1738677631742 133.18717339582912 351
1738677631755 133.12693200900557 352
1738677631768 133.06683400203377 353
1738677631782 133.00687889371474 354
1738677631797 132.9470662045956 355
1738677631812 132.88739545696353 356
1738677631828 132.82786617483893 357
1738677631843 132.76847788396933 358
1738677631857 132.70923011182282 359
1738677631872 132.65012238758172 360
1738677631887 132.59115424213638 361
1738677631901 132.5323252080786 362
1738677631914 132.47363481969563 363
1738677631932 132.4150826129638 364
1738677631948 132.35666812554217 365
1738677631962 132.29839089676645 366
1738677631982 132.24025046764282 367
1738677632000 132.18224638084155 368
1738677632014 132.12437818069117 369
1738677632029 132.06664541317204 370
1738677632048 132.00904762591048 371
1738677632061 131.95158436817252 372
1738677632073 131.89425519085793 373
1738677632086 131.83705964649425 374
1738677632100 131.77999728923055 375
1738677632113 131.7230676748317 376
1738677632128 131.66627036067226 377
1738677632141 131.6096049057305 378
1738677632158 131.55307087058264 379
1738677632174 131.49666781739674 380
1738677632190 131.440395309927 381
1738677632209 131.38425291350782 382
1738677632222 131.3282401950479 383
1738677632239 131.27235672302456 384
1738677632255 131.21660206747785 385
1738677632269 131.16097580000482 386
1738677632284 131.10547749375377 387
1738677632300 131.05010672341848 388
1738677632314 130.99486306523255 389
1738677632328 130.93974609696366 390
1738677632343 130.884755397908 391
1738677632359 130.82989054888452 392
1738677632377 130.77515113222935 393
1738677632391 130.72053673179022 394
1738677632405 130.6660469329208 395
1738677632419 130.61168132247528 396
1738677632436 130.55743948880266 397
1738677632451 130.50332102174136 398
1738677632466 130.44932551261365 399
1738677632480 130.3954525542202 400
1738677632493 130.34170174083465 401
1738677632506 130.28807266819808 402
1738677632522 130.23456493351367 403
1738677632535 130.18117813544126 404
1738677632551 130.12791187409206 405
1738677632567 130.07476575102316 406
1738677632581 130.02173936923222 407
1738677632596 129.9688323331523 408
1738677632616 129.91604424864633 409
1738677632637 129.863374723002 410
1738677632655 129.81082336492648 411
1738677632670 129.75838978454107 412
1738677632688 129.70607359337612 413
1738677632701 129.6538744043657 414
1738677632713 129.60179183184255 415
1738677632725 129.54982549153289 416
1738677632738 129.49797500055104 417
1738677632750 129.4462399773947 418
1738677632762 129.39462004193956 419
1738677632778 129.34311481543426 420
1738677632793 129.2917239204954 421
1738677632805 129.24044698110237 422
1738677632823 129.18928362259254 423
1738677632849 129.1382334716559 424
1738677632866 129.0872961563304 425
1738677632889 129.03647130599686 426
1738677632913 128.98575855137392 427
1738677632927 128.9351575245132 428
1738677632944 128.88466785879436 429
1738677632957 128.83428918892025 430
1738677632969 128.7840211509119 431
1738677632981 128.7338633821038 432
1738677632993 128.6838155211389 433
1738677633004 128.63387720796402 434
1738677633017 128.58404808382468 435
1738677633030 128.53432779126067 436
1738677633044 128.48471597410102 437
1738677633056 128.43521227745944 438
1738677633071 128.3858163477294 439
1738677633087 128.3365278325795 440
1738677633102 128.28734638094875 441
1738677633119 128.2382716430419 442
1738677633135 128.1893032703248 443
1738677633149 128.14044091551963 444
1738677633168 128.09168423260036 445
1738677633186 128.04303287678812 446
1738677633199 127.99448650454654 447
1738677633216 127.94604477357737 448
1738677633234 127.89770734281554 449
1738677633252 127.84947387242498 450
1738677633278 127.80134402379389 451
1738677633297 127.75331745953027 452
1738677633315 127.7053938434574 453
1738677633329 127.6575728406094 454
1738677633343 127.60985411722675 455
1738677633358 127.56223734075179 456
1738677633373 127.51472217982437 457
1738677633393 127.46730830427738 458
1738677633406 127.41999538513232 459
1738677633422 127.37278309459505 460
1738677633437 127.32567110605122 461
1738677633455 127.27865909406209 462
1738677633474 127.23174673436013 463
1738677633494 127.18493370384468 464
1738677633513 127.13821968057766 465
1738677633530 127.09160434377937 466
1738677633546 127.04508737382405 467
1738677633561 126.99866845223575 468
1738677633575 126.95234726168407 469
1738677633589 126.90612348597986 470
1738677633602 126.85999681007118 471
1738677633614 126.81396692003891 472
1738677633626 126.76803350309272 473
1738677633639 126.72219624756681 474
1738677633653 126.67645484291582 475
1738677633666 126.63080897971066 476
1738677633678 126.58525834963449 477
1738677633692 126.53980264547847 478
1738677633705 126.49444156113779 479
1738677633721 126.44917479160759 480
1738677633735 126.40400203297882 481
1738677633750 126.35892298243432 482
1738677633765 126.31393733824464 483
1738677633780 126.26904479976425 484
1738677633802 126.22424506742735 485
1738677633827 126.1795378427439 486
1738677633845 126.13492282829584 487
1738677633859 126.09039972773293 488
1738677633875 126.04596824576893 489
1738677633890 126.00162808817761 490
1738677633906 125.9573789617889 491
1738677633924 125.91322057448504 492
1738677633948 125.86915263519649 493
1738677633966 125.82517485389833 494
1738677633984 125.78128694160627 495
1738677634000 125.73748861037286 496
1738677634020 125.69377957328356 497
1738677634038 125.65015954445315 498
1738677634059 125.6066282390217 499
