1738680309528 169.4806387665546 0
1738680309544 169.47221841247818 1
1738680309560 169.462810891151 2
1738680309579 169.45256281716604 3
1738680309595 169.44160797769746 4
1738680309609 169.43006791710422 5
1738680309625 169.418052590302 6
1738680309647 169.40566105748246 7
1738680309664 169.3929821987218 8
1738680309679 169.38009543188133 9
1738680309697 169.36707142115623 10
1738680309712 169.35397276682903 11
1738680309729 169.3408546693636 12
1738680309762 169.32776556304134 13
1738680309781 169.31474771598735 14
1738680309798 169.3018377947338 15
1738680309828 169.28906739248305 16
1738680309869 169.27646352102064 17
1738680309888 169.26404906682262 18
1738680309904 169.2518432123519 19
1738680309922 169.23986182385553 20
1738680309942 169.22811780720517 21
1738680309962 169.21662143346546 22
1738680309980 169.20538063596166 23
1738680309998 169.1944012806544 24
1738680310014 169.18368741162763 25
1738680310030 169.17324147346724 26
1738680310045 169.1630645122579 27
1738680310067 169.15315635685877 28
1738680310087 169.14351578204344 29
1738680310108 169.1341406550066 30
1738680310123 169.1250280666512 31
1738680310138 169.11617444898314 32
1738680310153 169.10757567985024 33
1738680310168 169.0992271761759 34
1738680310184 169.09112397675347 35
1738680310202 169.08326081558482 36
1738680310217 169.07563218666982 37
1738680310234 169.06823240108002 38
1738680310251 169.06105563707857 39
1738680310267 169.05409598398592 40
1738680310291 169.04734748042807 41
1738680310311 169.04080414754827 42
1738680310333 169.03446001771042 43
1738680310349 169.0283091591747 44
1738680310370 169.02234569717967 45
1738680310386 169.0165638318254 46
1738680310402 169.01095785311443 47
1738680310419 169.00552215347093 48
1738680310436 169.0002512380298 49
1738680310452 168.99513973295532 50
1738680310467 168.99018239202562 51
