1738822498308 169.46928671508388 0
1738822498328 167.6567322128889 1
1738822498346 165.9044211441828 2
1738822498376 164.21009016000332 3
1738822498394 162.57156293010408 4
1738822498411 160.98674677996038 5
1738822498433 159.4536294579055 6
1738822498454 157.97027602736165 7
1738822498475 156.53482587932308 8
1738822498521 155.14548986043678 9
1738822498546 153.80054751220658 10
1738822498563 152.49834441701904 11
1738822498578 151.23728964685705 12
1738822498593 150.0158533107259 13
1738822498611 148.83256419697133 14
1738822498633 147.6860075068166 15
1738822498652 146.57482267558805 16
1738822498670 145.49770127823473 17
1738822498695 144.45338501587983 18
1738822498734 143.44066378026727 19
1738822498760 142.45837379308887 20
1738822498787 141.5053958172933 21
1738822498804 140.58065343759134 22
1738822498819 139.68311140747886 23
1738822498834 138.81177406020305 24
1738822498848 137.9656837811973 25
1738822498879 137.1439195396052 26
1738822498903 136.3455954766071 27
1738822498922 135.5698595483503 28
1738822498944 134.8158922213704 29
1738822498969 134.082905218471 30
1738822498988 133.37014031310989 31
1738822499017 132.67686817041402 32
1738822499039 132.00238723301854 33
1738822499063 131.34602264999535 34
1738822499089 130.707125247203 35
1738822499129 130.08507053745583 36
1738822499153 129.47925776897046 37
1738822499178 128.88910901060802 38
1738822499211 128.31406827248964 39
1738822499237 127.75360066061417 40
1738822499254 127.20719156416396 41
1738822499276 126.67434587423264 42
1738822499294 126.1545872327595 43
1738822499323 125.64745731050095 44
1738822499345 125.152515112916 45
1738822499362 124.66933631288497 46
1738822499383 124.19751260922337 47
1738822499397 123.73665110999268 48
1738822499411 123.28637373964837 49
1738822499433 122.84631666910286 50
1738822499450 122.41612976781654 51
1738822499466 121.99547607706484 52
1738822499481 121.58403130356118 53
1738822499497 121.18148333264924 54
1738822499513 120.78753176030607 55
1738822499529 120.40188744322926 56
1738822499546 120.02427206630793 57
1738822499563 119.65441772680462 58
1738822499591 119.29206653460241 59
1738822499606 118.93697022789465 60
1738822499630 118.58888980372045 61
1738822499649 118.24759516277157 62
1738822499674 117.912864767918 63
1738822499700 117.58448531592204 64
1738822499714 117.26225142183046 65
1738822499728 116.945965315554 66
1738822499743 116.63543655016316 67
1738822499756 116.33048172144667 68
1738822499769 116.03092419829699 69
1738822499783 115.73659386350427 70
1738822499798 115.4473268645557 71
1738822499815 115.16296537405358 72
1738822499832 114.88335735937973 73
1738822499848 114.60835636124895 74
1738822499864 114.33782128080723 75
1738822499889 114.07161617494464 76
1738822499916 113.80961005950489 77
1738822499939 113.55167672008616 78
1738822499969 113.2976945301398 79
1738822499995 113.04754627608425 80
1738822500092 112.80111898916347 81
1738822500109 112.55830378378833 82
1738822500129 112.31899570211085 83
1738822500156 112.08309356458987 84
1738822500174 111.85049982631666 85
1738822500190 111.62112043887775 86
1738822500206 111.39486471754067 87
1738822500226 111.17164521355691 88
1738822500244 110.95137759138451 89
1738822500270 110.73398051063934 90
1738822500285 110.5193755125932 91
1738822500305 110.30748691104202 92
1738822500323 110.09824168737605 93
1738822500340 109.89156938968898 94
1738822500358 109.68740203577003 95
1738822500389 109.48567401982932 96
1738822500429 109.28632202281148 97
1738822500448 109.0892849261594 98
1738822500464 108.89450372889456 99
1738822500476 108.70192146788588 100
1738822500491 108.51148314118352 101
1738822500505 108.32313563429963 102
1738822500518 108.13682764932204 103
1738822500532 107.95250963675116 104
1738822500548 107.77013372995516 105
1738822500561 107.58965368214245 106
1738822500574 107.4110248057535 107
1738822500587 107.23420391417937 108
1738822500601 107.05914926571657 109
1738822500616 106.8858205096719 110
1738822500629 106.71417863453453 111
1738822500643 106.5441859181351 112
1738822500657 106.37580587971547 113
1738822500672 106.20900323383489 114
1738822500687 106.04374384604232 115
1738822500703 105.87999469024602 116
1738822500718 105.71772380771529 117
1738822500735 105.55690026765141 118
1738822500749 105.39749412926697 119
1738822500763 105.23947640531539 120
1738822500778 105.08281902701489 121
1738822500793 104.92749481031288 122
1738822500810 104.77347742343916 123
1738822500832 104.62074135569812 124
1738822500846 104.46926188745216 125
1738822500875 104.3190150612507 126
1738822500920 104.16997765405974 127
1738822500972 104.0221271505507 128
1738822501030 103.87544171740673 129
1738822501079 103.72990017860761 130
1738822501119 103.58548199165571 131
1738822501166 103.44216722470641 132
1738822501208 103.29993653456823 133
1738822501227 103.1587711455393 134
1738822501247 103.01865282904767 135
1738822501264 102.8795638840647 136
1738822501281 102.74148711826179 137
1738822501300 102.60440582988151 138
1738822501318 102.46830379029602 139
1738822501333 102.33316522722598 140
1738822501350 102.19897480859476 141
1738822501375 102.06571762699339 142
1738822501392 101.93337918473269 143
1738822501409 101.80194537946015 144
1738822501426 101.67140249031957 145
1738822501445 101.54173716463305 146
1738822501465 101.41293640508454 147
1738822501512 101.28498755738646 148
1738822501526 101.1578782984102 149
1738822501542 101.03159662476283 150
1738822501559 100.90613084179321 151
1738822501580 100.78146955301057 152
1738822501599 100.65760164989976 153
1738822501627 100.53451630211835 154
1738822501646 100.41220294806041 155
1738822501665 100.2906512857732 156
1738822501680 100.16985126421321 157
1738822501694 100.04979307482829 158
1738822501711 99.9304671434537 159
1738822501725 99.81186412250993 160
1738822501742 99.69397488349048 161
1738822501756 99.57679050972888 162
1738822501772 99.46030228943398 163
1738822501786 99.34450170898342 164
1738822501803 99.22938044646507 165
1738822501838 99.11493036545751 166
1738822501856 99.0011435090398 167
1738822501876 98.8880120940222 168
1738822501899 98.77552850538913 169
1738822501913 98.66368529094659 170
1738822501926 98.55247515616567 171
1738822501939 98.44189095921537 172
1738822501953 98.33192570617682 173
1738822501967 98.22257254643254 174
1738822501980 98.11382476822374 175
1738822501993 98.00567579436918 176
1738822502009 97.89811917813996 177
1738822502022 97.7911485992835 178
1738822502035 97.6847578601919 179
1738822502049 97.57894088220822 180
1738822502062 97.47369170206659 181
1738822502076 97.36900446845998 182
1738822502094 97.26487343873141 183
1738822502123 97.16129297568371 184
1738822502145 97.05825754450339 185
1738822502184 96.95576170979434 186
1738822502192 96.85380013271698 187
1738822502201 96.75236756822908 188
1738822502220 96.65145886242439 189
1738822502237 96.55106894996533 190
1738822502250 96.451192851606 191
1738822502267 96.35182567180263 192
1738822502280 96.25296259640737 193
1738822502294 96.15459889044321 194
1738822502309 96.05672989595605 195
1738822502326 95.95935102994183 196
1738822502344 95.86245778234522 197
1738822502360 95.76604571412763 198
1738822502386 95.67011045540187 199
1738822502416 95.57464770363065 200
1738822502432 95.47965322188698 201
1738822502456 95.38512283717371 202
1738822502480 95.2910524388004 203
1738822502497 95.19743797681511 204
1738822502516 95.1042754604891 205
1738822502534 95.0115609568526 206
1738822502552 94.91929058927944 207
1738822502569 94.82746053611929 208
1738822502586 94.73606702937498 209
1738822502601 94.64510635342388 210
1738822502615 94.55457484378145 211
1738822502629 94.46446888590515 212
1738822502645 94.37478491403786 213
1738822502659 94.28551941008861 214
1738822502677 94.19666890254965 215
1738822502693 94.10822996544874 216
1738822502716 94.0201992173347 217
1738822502761 93.9325733202955 218
1738822502784 93.84534897900784 219
1738822502803 93.75852293981634 220
1738822502858 93.67209198984209 221
1738822502874 93.58605295611899 222
1738822502888 93.50040270475697 223
1738822502906 93.41513814013112 224
1738822502929 93.33025620409585 225
1738822502945 93.24575387522323 226
1738822502963 93.16162816806423 227
1738822502978 93.0778761324326 228
1738822502996 92.99449485271029 229
1738822503026 92.91148144717344 230
1738822503044 92.82883306733872 231
1738822503063 92.74654689732867 232
1738822503078 92.66462015325595 233
1738822503099 92.58305008262528 234
1738822503118 92.501833963753 235
1738822503140 92.4209691052031 236
1738822503159 92.34045284523941 237
1738822503176 92.26028255129351 238
1738822503190 92.18045561944744 239
1738822503205 92.10096947393085 240
1738822503218 92.02182156663234 241
1738822503233 91.94300937662419 242
1738822503253 91.86453040969987 243
1738822503267 91.78638219792447 244
1738822503283 91.70856229919697 245
1738822503303 91.6310682968243 246
1738822503323 91.55389779910675 247
1738822503340 91.47704843893416 248
1738822503359 91.40051787339286 249
1738822503380 91.32430378338248 250
1738822503397 91.24840387324285 251
1738822503414 91.17281587039031 252
1738822503435 91.09753752496312 253
1738822503459 91.02256660947586 254
1738822503477 90.94790091848232 255
1738822503499 90.87353826824665 256
1738822503517 90.79947649642266 257
1738822503544 90.72571346174067 258
1738822503566 90.6522470437019 259
1738822503584 90.57907514228033 260
1738822503600 90.50619567763117 261
1738822503616 90.43360658980636 262
1738822503648 90.36130583847658 263
1738822503664 90.28929140265967 264
1738822503684 90.21756128045497 265
1738822503701 90.14611348878387 266
1738822503719 90.07494606313593 267
1738822503745 90.0040570573206 268
1738822503765 89.93344454322445 269
1738822503780 89.86310661057351 270
1738822503796 89.79304136670073 271
1738822503809 89.72324693631825 272
1738822503826 89.65372146129461 273
1738822503843 89.58446310043631 274
1738822503856 89.51547002927427 275
1738822503872 89.44674043985398 276
1738822503887 89.37827254053053 277
1738822503906 89.31006455576724 278
1738822503925 89.2421147259384 279
1738822503939 89.17442130713599 280
1738822503952 89.10698257097984 281
1738822503966 89.03979680443165 282
1738822503979 88.97286230961245 283
1738822503992 88.90617740362336 284
1738822504005 88.83974041836984 285
1738822504020 88.77354970038904 286
1738822504038 88.70760361068031 287
1738822504056 88.64190052453871 288
1738822504072 88.57643883139163 289
1738822504086 88.51121693463804 290
1738822504100 88.44623325149074 291
1738822504113 88.38148621282124 292
1738822504126 88.31697426300725 293
1738822504139 88.25269585978286 294
1738822504150 88.1886494740911 295
1738822504165 88.12483358993899 296
1738822504182 88.0612467042551 297
1738822504201 87.99788732674907 298
1738822504221 87.93475397977375 299
1738822504238 87.87184519818945 300
1738822504259 87.8091595292301 301
1738822504276 87.74669553237186 302
1738822504293 87.68445177920334 303
1738822504308 87.62242685329842 304
1738822504322 87.56061935009018 305
1738822504335 87.49902787674749 306
1738822504349 87.43765105205303 307
1738822504377 87.37648750628315 308
1738822504390 87.31553588108957 309
1738822504402 87.25479482938286 310
1738822504425 87.19426301521732 311
1738822504439 87.13393911367785 312
1738822504453 87.07382181076814 313
1738822504468 87.01390980330063 314
1738822504484 86.95420179878785 315
1738822504503 86.89469651533526 316
1738822504520 86.8353926815357 317
1738822504538 86.7762890363652 318
1738822504556 86.71738432908005 319
1738822504574 86.65867731911547 320
1738822504590 86.60016677598543 321
1738822504609 86.54185147918393 322
1738822504629 86.48373021808746 323
1738822504639 86.42580179185882 324
1738822504659 86.36806500935207 325
1738822504675 86.31051868901875 326
1738822504687 86.2531616588153 327
1738822504700 86.19599275611161 328
1738822504718 86.13901082760069 329
1738822504731 86.08221472920954 330
1738822504749 86.0256033260111 331
1738822504765 85.96917549213707 332
1738822504778 85.91293011069223 333
1738822504792 85.85686607366931 334
1738822504806 85.80098228186519 335
1738822504820 85.74527764479797 336
1738822504836 85.68975108062511 337
1738822504852 85.63440151606244 338
1738822504867 85.57922788630418 339
1738822504880 85.52422913494382 340
1738822504903 85.46940421389611 341
1738822504918 85.41475208331963 342
1738822504938 85.36027171154049 343
1738822504958 85.30596207497685 344
1738822504974 85.2518221580643 345
1738822504987 85.19785095318193 346
1738822505006 85.14404746057951 347
1738822505023 85.09041068830517 348
1738822505049 85.03693965213421 349
1738822505062 84.98363337549829 350
1738822505084 84.93049088941588 351
1738822505100 84.87751123242303 352
1738822505113 84.82469345050522 353
1738822505126 84.77203659702971 354
1738822505138 84.71953973267878 355
1738822505152 84.6672019253836 356
1738822505168 84.61502225025886 357
1738822505183 84.56299978953813 358
1738822505204 84.51113363250971 359
1738822505226 84.45942287545343 360
1738822505240 84.40786662157794 361
1738822505256 84.3564639809587 362
1738822505273 84.3052140704767 363
1738822505288 84.2541160137575 364
1738822505304 84.20316894111157 365
1738822505315 84.15237198947436 366
1738822505328 84.10172430234778 367
1738822505342 84.0512250297418 368
1738822505359 84.00087332811682 369
1738822505372 83.95066836032669 370
1738822505385 83.90060929556212 371
1738822505398 83.8506953092948 372
1738822505412 83.8009255832222 373
1738822505425 83.7512993052125 374
1738822505438 83.70181566925069 375
1738822505495 83.6524738753846 376
1738822505509 83.60327312967198 377
1738822505527 83.55421264412772 378
1738822505544 83.50529163667181 379
1738822505562 83.4565093310778 380
1738822505578 83.40786495692174 381
1738822505597 83.35935774953147 382
1738822505613 83.31098694993676 383
1738822505629 83.26275180481967 384
1738822505646 83.21465156646536 385
1738822505660 83.16668549271365 386
1738822505676 83.1188528469108 387
1738822505688 83.07115289786182 388
1738822505703 83.02358491978346 389
1738822505722 82.97614819225716 390
1738822505739 82.9288420001831 391
1738822505757 82.8816656337341 392
1738822505771 82.83461838831046 393
1738822505785 82.78769956449473 394
1738822505799 82.74090846800745 395
1738822505812 82.69424440966293 396
1738822505824 82.64770670532556 397
1738822505836 82.60129467586658 398
1738822505849 82.5550076471213 399
1738822505862 82.50884494984652 400
1738822505876 82.46280591967867 401
1738822505894 82.41688989709209 402
1738822505907 82.37109622735774 403
1738822505921 82.32542426050244 404
1738822505936 82.27987335126848 405
1738822505955 82.23444285907333 406
1738822505974 82.18913214797016 407
1738822505987 82.14394058660837 408
1738822506004 82.09886754819469 409
1738822506021 82.05391241045464 410
1738822506041 82.00907455559421 411
1738822506056 81.96435337026206 412
1738822506073 81.919748245512 413
1738822506091 81.87525857676573 414
1738822506102 81.83088376377623 415
1738822506126 81.78662321059107 416
1738822506146 81.74247632551639 417
1738822506160 81.69844252108113 418
1738822506176 81.65452121400145 419
1738822506193 81.6107118251457 420
1738822506207 81.56701377949958 421
1738822506223 81.52342650613161 422
1738822506237 81.47994943815905 423
1738822506254 81.43658201271397 424
1738822506279 81.39332367090972 425
1738822506299 81.35017385780772 426
1738822506315 81.30713202238454 427
1738822506327 81.26419761749925 428
1738822506340 81.22137009986112 429
1738822506355 81.1786489299976 430
1738822506368 81.13603357222256 431
1738822506381 81.09352349460488 432
1738822506394 81.05111816893728 433
1738822506407 81.0088170707054 434
1738822506421 80.96661967905735 435
1738822506436 80.92452547677328 436
1738822506447 80.88253395023541 437
1738822506464 80.84064458939824 438
1738822506479 80.79885688775907 439
1738822506500 80.7571703423288 440
1738822506518 80.71558445360301 441
1738822506532 80.67409872553316 442
1738822506547 80.63271266549835 443
1738822506566 80.59142578427685 444
1738822506585 80.55023759601859 445
1738822506599 80.50914761821713 446
1738822506616 80.46815537168241 447
1738822506636 80.42726038051364 448
1738822506650 80.38646217207229 449
1738822506666 80.3457602769554 450
1738822506680 80.30515422896922 451
1738822506701 80.264643565103 452
1738822506725 80.22422782550292 453
1738822506740 80.18390655344658 454
1738822506758 80.14367929531724 455
1738822506773 80.10354560057881 456
1738822506792 80.0635050217506 457
1738822506807 80.02355711438267 458
1738822506823 79.9837014370311 459
1738822506837 79.94393755123372 460
1738822506855 79.90426502148591 461
1738822506878 79.86468341521665 462
1738822506893 79.82519230276485 463
1738822506908 79.7857912573558 464
1738822506924 79.74647985507784 465
1738822506938 79.70725767485935 466
1738822506951 79.66812429844578 467
1738822506964 79.62907931037704 468
1738822506981 79.59012229796497 469
1738822506995 79.55125285127102 470
1738822507007 79.51247056308428 471
1738822507021 79.47377502889954 472
1738822507036 79.43516584689549 473
1738822507050 79.3966426179134 474
1738822507063 79.35820494543576 475
1738822507076 79.31985243556505 476
1738822507088 79.28158469700293 477
1738822507103 79.24340134102944 478
1738822507116 79.20530198148246 479
1738822507129 79.16728623473732 480
1738822507142 79.12935371968653 481
1738822507156 79.09150405771994 482
1738822507168 79.05373687270468 483
1738822507183 79.01605179096558 484
1738822507206 78.97844844126573 485
1738822507228 78.94092645478706 486
1738822507246 78.90348546511127 487
1738822507263 78.86612510820072 488
1738822507279 78.82884502237974 489
1738822507304 78.7916448483159 490
1738822507329 78.75452422900156 491
1738822507350 78.71748280973551 492
1738822507367 78.68052023810479 493
1738822507384 78.64363616396675 494
1738822507402 78.60683023943109 495
1738822507418 78.5701021188423 496
1738822507433 78.53345145876199 497
1738822507452 78.49687791795162 498
1738822507468 78.46038115735514 499
