1738824208985 180.2734050202605 0
1738824209025 188.30656474562818 1
1738824209063 224.06450432276662 2
1738824209103 190.61266888224588 3
1738824209143 156.05268499928852 4
1738824209183 186.04247034926658 5
1738824209223 236.30127611232533 6
1738824209262 170.54053987001367 7
1738824209305 151.5607980346148 8
1738824209346 149.98619544209032 9
1738824209385 200.07508794597493 10
1738824209425 167.52861390293057 11
1738824209467 180.04732056800412 12
1738824209512 168.31248360503344 13
1738824209553 146.4828881383081 14
1738824209595 127.86963586835351 15
1738824209634 152.68078142685832 16
1738824209674 119.34671768731508 17
1738824209714 179.63758517163427 18
1738824209754 449.6500823222576 19
1738824209794 179.1697356308966 20
1738824209833 216.177090915643 21
1738824209873 175.76458478406877 22
1738824209912 174.85151217182363 23
1738824209952 204.0030946011446 24
1738824209991 190.30323570930085 25
1738824210030 111.22072949732451 26
1738824210069 59.571898460950194 27
1738824210108 162.2163473547519 28
1738824210147 167.63033004804112 29
1738824210186 134.74494458267438 30
1738824210225 139.58388058270407 31
1738824210264 172.75014143349978 32
1738824210304 216.40748670546049 33
1738824210343 140.17890135708848 34
1738824210382 142.74165221257556 35
1738824210421 128.60886590564206 36
1738824210460 164.86170797519267 37
1738824210498 188.4419027695961 38
1738824210538 175.49863217048815 39
1738824210576 150.73212726143225 40
1738824210615 192.77749396251355 41
1738824210654 161.06721086675282 42
1738824210693 166.45905350586088 43
1738824210732 193.60208785410774 44
1738824210771 176.52673174992358 45
1738824210808 157.47250432238454 46
1738824210847 179.937772940604 47
1738824210886 253.71091850109207 48
1738824210924 169.95770498241654 49
1738824210962 183.4347124657235 50
1738824211005 242.7363095972862 51
1738824211045 157.67089238886976 52
1738824211085 124.53616559761117 53
1738824211125 144.4745243065188 54
1738824211165 132.0049427230655 55
1738824211204 173.7857863916205 56
1738824211243 190.8534161359564 57
1738824211281 185.85528498005493 58
1738824211319 145.06093120139047 59
1738824211357 144.84182832315048 60
1738824211395 180.5703821452035 61
1738824211434 108.67373658026006 62
1738824211474 199.98566285152637 63
1738824211513 166.33049335041764 64
1738824211552 124.26624480843857 65
1738824211591 137.54878663233018 66
1738824211630 174.5719878158522 67
1738824211671 148.8682726586789 68
1738824211710 183.07365748392033 69
1738824211749 200.48532546094734 70
1738824211788 177.37336704034155 71
1738824211827 198.07944903674476 72
1738824211866 249.21811340699338 73
1738824211905 169.678068277458 74
1738824211944 188.75157496252487 75
1738824211982 159.51141683804005 76
1738824212021 200.28395417426592 77
1738824212059 134.6011509693519 78
1738824212097 124.28589060580151 79
1738824212137 83.75729214731001 80
1738824212176 169.08083853087612 81
1738824212216 161.37223748371076 82
1738824212255 129.71284327436422 83
1738824212293 240.7337080864694 84
1738824212333 161.86445073601087 85
1738824212372 185.7426442164204 86
1738824212411 207.37182846115965 87
1738824212450 105.94558644497964 88
1738824212489 159.46139832775452 89
1738824212528 90.88076486115314 90
1738824212567 158.03961391060312 91
1738824212606 163.26146244668882 92
1738824212646 141.63060451248342 93
1738824212685 120.94774191810299 94
1738824212724 215.54576511326374 95
1738824212762 118.1281030960125 96
1738824212801 189.06154239526342 97
1738824212839 213.5057242656259 98
1738824212877 128.95455374773616 99
1738824212916 130.36664792452652 100
1738824212954 168.17120006631808 101
1738824212993 142.1129882378453 102
1738824213032 128.82564587075555 103
1738824213070 166.96602230177447 104
1738824213109 208.79870903953602 105
1738824213148 160.15420940173968 106
1738824213188 122.95832127157925 107
1738824213225 138.08051732024896 108
1738824213264 304.6381182932799 109
1738824213303 190.85121651905916 110
1738824213341 183.56475469275753 111
1738824213380 181.40591349001176 112
1738824213419 189.03612854918305 113
1738824213458 189.7131517749806 114
1738824213501 221.48922980442137 115
1738824213541 214.13925100093874 116
1738824213580 262.2124585956747 117
1738824213618 244.94009470225745 118
1738824213656 163.704994724669 119
1738824213695 222.64906250597957 120
1738824213735 173.3546989425515 121
1738824213773 210.58715150426553 122
1738824213813 126.66231885086101 123
1738824213851 167.39402329980393 124
1738824213889 153.71639197401078 125
1738824213927 192.31159838868612 126
1738824213965 123.36286903801336 127
1738824214004 167.3223191480995 128
1738824214046 171.5057954708931 129
1738824214086 166.20710747011495 130
1738824214125 81.76445222222364 131
1738824214164 245.96592888772594 132
1738824214202 169.17575443671993 133
1738824214240 287.1806091752342 134
1738824214280 202.0740302345609 135
1738824214319 202.83410057180512 136
1738824214358 203.86997615629159 137
1738824214397 150.94007816710524 138
1738824214435 180.53211128869387 139
1738824214474 189.6463183592174 140
1738824214513 195.82645397901652 141
1738824214557 122.32260816080353 142
1738824214599 185.89763620379853 143
1738824214639 210.406555292212 144
1738824214679 152.5593174139959 145
1738824214718 179.21322685814954 146
1738824214756 197.73271716256048 147
1738824214794 146.50714103860656 148
1738824214833 240.70198594196398 149
1738824214870 161.9812249957685 150
1738824214909 73.10829352736242 151
1738824214948 186.55194703566363 152
1738824214988 155.97478064429646 153
1738824215028 165.5361756250238 154
1738824215065 146.80257028225145 155
1738824215103 171.10577811526278 156
1738824215142 166.27162318798133 157
1738824215180 124.0720204844531 158
1738824215218 168.32829742822847 159
1738824215258 181.17816483401543 160
1738824215299 160.8535223433655 161
1738824215339 170.2412152688052 162
1738824215378 132.84364472002918 163
1738824215416 172.28453338083017 164
1738824215457 157.37303778329942 165
1738824215496 290.76774092321745 166
1738824215536 196.52249734788955 167
1738824215575 124.05423432292972 168
1738824215614 155.14631908846155 169
1738824215653 103.05972628121465 170
1738824215693 82.08463344271824 171
1738824215732 173.0237024218528 172
1738824215771 178.77479588162757 173
1738824215810 302.2994416520994 174
1738824215849 160.11118225902084 175
1738824215888 171.56231441229096 176
1738824215927 156.32756222265263 177
1738824215966 126.78320903847143 178
1738824216004 103.10126403039085 179
1738824216044 127.9951956264741 180
1738824216083 190.37055057745616 181
1738824216122 148.16208686788298 182
1738824216166 184.00090875251644 183
1738824216207 195.15642138717536 184
1738824216249 243.388296459676 185
1738824216290 141.35792476925258 186
1738824216333 212.71812736618014 187
1738824216376 217.51810101979825 188
1738824216417 193.77209626384732 189
1738824216459 343.736157141105 190
1738824216501 93.61510124800795 191
1738824216545 137.94057335947235 192
1738824216588 136.2787988345636 193
1738824216630 193.00498314559982 194
1738824216673 210.1410794256305 195
1738824216717 149.51631934594138 196
1738824216759 110.75183145299255 197
1738824216801 186.77711309146872 198
1738824216842 82.37497039114689 199
1738824216882 205.87603652147666 200
1738824216921 170.3913283037156 201
1738824216960 155.15423184635938 202
1738824216998 194.3166958493543 203
1738824217037 186.26605314499758 204
1738824217075 197.96916453416196 205
1738824217113 157.61377219902295 206
1738824217152 133.2031362237999 207
1738824217191 144.69492704272545 208
1738824217230 142.83764849704528 209
1738824217269 180.06556353520136 210
1738824217307 180.4731975546629 211
1738824217346 159.90686448540612 212
1738824217385 124.31870312764799 213
1738824217424 104.14125388216755 214
1738824217463 139.74251050915527 215
1738824217502 144.1834058091508 216
1738824217541 108.94410908827503 217
1738824217580 238.49980315876962 218
1738824217618 198.23694275668302 219
1738824217657 179.00010248048886 220
1738824217695 165.70368110598116 221
1738824217734 81.63123483803034 222
1738824217772 165.7134340826475 223
1738824217811 180.26850678476666 224
1738824217856 136.91167622879277 225
1738824217899 66.27905248348453 226
1738824217941 369.3256706510697 227
1738824217981 80.5266621317177 228
1738824218021 163.30678680012736 229
1738824218062 240.32207040603146 230
1738824218102 170.08169700407865 231
1738824218141 161.0345659860058 232
1738824218185 165.42158559630917 233
1738824218224 176.27958454545723 234
1738824218262 120.29053517083845 235
1738824218301 161.88423554192158 236
1738824218339 140.1067818356981 237
1738824218378 194.09608731305866 238
1738824218415 203.38899656339305 239
1738824218453 167.2302171148228 240
1738824218493 143.8562679032278 241
1738824218531 178.13179470852626 242
1738824218568 203.62777681388908 243
1738824218607 163.49177571624395 244
1738824218646 160.55760272603277 245
1738824218684 127.34895732865016 246
1738824218723 194.57411557309445 247
1738824218762 179.0722514965818 248
1738824218801 179.38137515748525 249
1738824218840 185.83852335909984 250
1738824218878 143.76490807189646 251
1738824218917 305.7181933618698 252
1738824218956 77.73340653492924 253
1738824218994 188.82451779429692 254
1738824219032 197.43027682612464 255
1738824219071 109.0218871892281 256
1738824219109 201.96041995379403 257
1738824219150 61.691767890889366 258
1738824219190 199.66471958988646 259
1738824219229 466.9194292701896 260
1738824219269 180.24205049625226 261
1738824219307 165.36152465542074 262
1738824219347 153.39048701692974 263
1738824219387 92.96023781470264 264
1738824219426 145.36828337921352 265
1738824219465 154.43837362885535 266
1738824219503 171.92400449452495 267
1738824219542 119.96546864765374 268
1738824219581 116.00955047373256 269
1738824219622 174.15048202460804 270
1738824219661 136.86349918396786 271
1738824219700 162.2625980350323 272
1738824219739 157.16926040742203 273
1738824219779 131.35854564689166 274
1738824219818 101.84539619810218 275
1738824219856 175.98658013647628 276
1738824219895 176.61841299698247 277
1738824219933 200.668576054377 278
1738824219972 176.42899186383266 279
1738824220010 237.73728090174902 280
1738824220049 178.41286202669437 281
1738824220088 163.27753922782378 282
1738824220127 199.54028251618152 283
1738824220167 137.68466016354617 284
1738824220205 161.2483789822275 285
1738824220253 107.6765807823851 286
1738824220344 243.75934965871144 287
1738824220385 177.06109213119652 288
1738824220426 152.15915379429893 289
1738824220470 178.54768523118034 290
1738824220510 200.46181070106226 291
1738824220553 172.86677134169537 292
1738824220593 118.72330884201817 293
1738824220632 179.39107573424656 294
1738824220672 156.38229128736884 295
1738824220712 176.7405155447874 296
1738824220752 213.19643750206114 297
1738824220790 171.7914519883147 298
1738824220828 178.83689483240272 299
1738824220865 154.99363379014275 300
1738824220903 157.93885537556105 301
1738824220940 185.69923412832208 302
1738824220979 244.33482349715862 303
1738824221017 90.27546078955302 304
1738824221055 152.88019834368959 305
1738824221094 259.06359595648087 306
1738824221132 140.74205662496635 307
1738824221170 233.5399308926881 308
1738824221208 183.1897077673121 309
1738824221245 145.6509335863241 310
1738824221282 142.3626469943116 311
1738824221324 188.42268960638435 312
1738824221373 198.94600871434594 313
1738824221427 225.26545128357887 314
1738824221498 156.3115163332422 315
1738824221571 184.36557710366904 316
1738824221616 177.56281351688233 317
1738824221658 208.12347473304737 318
1738824221698 201.91830649863644 319
1738824221739 178.56712465887392 320
1738824221779 166.25547461744307 321
1738824221819 157.52951688730195 322
1738824221859 150.99256452097765 323
1738824221898 171.78351405455533 324
1738824221936 140.44979323213934 325
1738824221976 176.92528645605628 326
1738824222014 464.77340530734 327
1738824222053 90.46818889193068 328
1738824222091 135.0077396013257 329
1738824222130 244.39492212249556 330
1738824222175 156.1030690151609 331
1738824222215 156.758266328932 332
1738824222255 116.7271900897833 333
1738824222293 193.22479966941677 334
1738824222332 238.74325883300781 335
1738824222374 174.04275142567556 336
1738824222414 197.9351347829583 337
1738824222454 155.3440059813234 338
1738824222494 193.03116343041432 339
1738824222536 175.55381186270006 340
1738824222576 212.24238859021716 341
1738824222616 137.64248723989974 342
1738824222655 177.55179843288425 343
1738824222694 156.1114994158429 344
1738824222733 144.7383923716242 345
1738824222771 154.3905785587951 346
1738824222815 229.2236463644717 347
1738824222866 165.84978592743127 348
1738824222908 142.21567608149664 349
1738824222951 149.8919079912248 350
1738824222994 139.57943669152144 351
1738824223034 186.35108780586532 352
1738824223074 216.0163111636006 353
1738824223114 141.89712381447126 354
1738824223153 187.25065283771332 355
1738824223192 166.57657535913972 356
1738824223235 216.88936361955632 357
1738824223275 211.76726377623797 358
1738824223319 172.86856887959684 359
1738824223358 130.0294861818658 360
1738824223396 162.33177845872916 361
1738824223435 81.36917018022152 362
1738824223473 159.1140231116001 363
1738824223510 145.0598288349 364
1738824223549 187.40234617739515 365
1738824223588 180.70891446499826 366
1738824223626 139.76672784267996 367
1738824223664 299.72050784533184 368
1738824223703 187.7452189555396 369
1738824223741 162.21901592409947 370
1738824223781 185.37609244954447 371
1738824223819 171.35051115948465 372
1738824223859 187.8079612108669 373
1738824223899 183.52460971329344 374
1738824223938 207.13232723915888 375
1738824223977 154.83686587766374 376
1738824224015 195.98402974058888 377
1738824224056 184.4964137285781 378
1738824224097 201.3132654095935 379
1738824224141 193.1856310714839 380
1738824224180 184.27544936305276 381
1738824224222 163.7477078015889 382
1738824224261 153.6301375221207 383
1738824224300 127.01039750533043 384
1738824224339 175.43147164566298 385
1738824224377 153.2082379942014 386
1738824224416 179.16369591493552 387
1738824224454 160.39588482894803 388
1738824224494 162.93535208948452 389
1738824224536 299.73974583995886 390
1738824224578 176.86285605973376 391
1738824224617 143.5774843396115 392
1738824224656 230.34937032226762 393
1738824224695 111.37054618357021 394
1738824224733 113.04386732249526 395
1738824224775 134.3046010038202 396
1738824224815 177.98247051203222 397
1738824224852 179.3055978855027 398
1738824224889 173.65562329490834 399
1738824224926 69.99829754634122 400
1738824224964 143.39776089620568 401
1738824225003 184.36671171121887 402
1738824225040 151.98504530535857 403
1738824225078 160.48771711003383 404
1738824225117 182.43096832024762 405
1738824225157 174.1092908512565 406
1738824225196 228.59276308318732 407
1738824225235 318.1523173466854 408
1738824225274 140.72446890788368 409
1738824225312 167.91768042914805 410
1738824225351 160.94771337646424 411
1738824225390 169.72044739898368 412
1738824225433 144.73350140746203 413
1738824225477 190.75576888330178 414
1738824225517 167.95276316664794 415
1738824225555 176.05676924809032 416
1738824225594 177.08632575527946 417
1738824225632 148.0257714156543 418
1738824225672 151.58184457068188 419
1738824225710 171.753406302441 420
1738824225749 110.50166029097403 421
1738824225787 134.3273075787891 422
1738824225825 199.49333126880083 423
1738824225863 192.53834348291156 424
1738824225901 172.5336595933523 425
1738824225939 272.4534722207874 426
1738824225978 180.74383599933614 427
1738824226018 146.82190367035776 428
1738824226058 167.5247546939136 429
1738824226096 174.3559892174522 430
1738824226134 124.69454206728707 431
1738824226174 186.27553464663382 432
1738824226215 161.41633217227937 433
1738824226257 172.6550833548637 434
1738824226298 222.1993143780688 435
1738824226338 168.6266438041485 436
1738824226379 154.6670535866392 437
1738824226419 177.87135288875308 438
1738824226457 142.52208681026593 439
1738824226495 102.07791302691966 440
1738824226534 138.46479516656024 441
1738824226572 101.99232522774727 442
1738824226611 156.10714173905615 443
1738824226649 155.8338250884451 444
1738824226689 134.23943577895298 445
1738824226728 65.01684664525908 446
1738824226766 195.09326989436462 447
1738824226804 230.32324431820388 448
1738824226842 203.46092179299347 449
1738824226883 123.21193048983487 450
1738824226922 152.81961321307568 451
1738824226960 199.05312895345781 452
1738824226998 207.07115916060803 453
1738824227036 144.1581412173821 454
1738824227074 184.49321845654498 455
1738824227113 179.85994963340488 456
1738824227151 165.51992890657144 457
1738824227189 180.45020527740087 458
1738824227228 119.67686958438763 459
1738824227267 146.09670416024295 460
1738824227306 117.32798097713699 461
1738824227344 103.95687716578314 462
1738824227383 85.49505555467272 463
1738824227451 143.7497937601702 464
1738824227492 159.3970880249885 465
1738824227533 143.89355908058047 466
1738824227574 180.56241255672526 467
1738824227616 163.24497412727004 468
1738824227659 81.06421652623692 469
1738824227701 145.4884723683994 470
1738824227743 151.01075111188607 471
1738824227784 164.1109661485812 472
1738824227825 176.01962465993907 473
1738824227866 140.2409853398654 474
1738824227909 365.47803506595267 475
1738824227953 181.60669977903936 476
1738824227996 116.96226838177365 477
1738824228037 212.63604289822112 478
1738824228077 173.3693611014028 479
1738824228115 146.84442768714385 480
1738824228153 182.37173578997607 481
1738824228195 164.94980669114304 482
1738824228233 101.26199055589889 483
1738824228273 201.96472307472052 484
1738824228320 126.05869770313672 485
1738824228361 175.1250196187938 486
1738824228402 124.47475579762984 487
1738824228446 139.9908578797399 488
1738824228488 200.96063649933433 489
1738824228530 197.8096513142 490
1738824228571 137.8545249367469 491
1738824228643 63.782110014549446 492
1738824228709 163.16071022574127 493
1738824228750 208.69004861102889 494
1738824228792 143.69608636613583 495
1738824228832 164.14498640791905 496
1738824228871 158.32448665829213 497
1738824228911 185.84843017424694 498
1738824228951 196.3034873971213 499
