1738825794784 163.9167406137519 0
1738825794792 166.9033127116699 1
1738825794798 171.10231000306902 2
1738825794805 175.4213486322537 3
1738825794811 171.29703662406223 4
1738825794818 165.66733210095023 5
1738825794825 173.17324674856923 6
1738825794831 170.1693690753027 7
1738825794837 167.10740790543178 8
1738825794844 175.31412554840017 9
1738825794850 164.40874924335782 10
1738825794856 166.3836382400559 11
1738825794863 167.8711142590946 12
1738825794871 163.87241903109836 13
1738825794878 170.1866114209326 14
1738825794886 174.94031322658336 15
1738825794893 167.3765862272604 16
1738825794900 173.655879344284 17
1738825794908 172.8146683964676 18
1738825794916 170.06824967240476 19
1738825794923 168.6493395215684 20
1738825794929 171.17693012275922 21
1738825794935 167.54058089752252 22
1738825794942 171.24850208102137 23
1738825794950 169.37093180744674 24
1738825794957 167.17017772692577 25
1738825794964 165.24803863081732 26
1738825794971 169.20918587118388 27
1738825794977 172.48496562372864 28
1738825794984 171.00965574968433 29
1738825795017 168.50109466558436 30
1738825795035 165.5971631178797 31
1738825795043 167.95745441616705 32
1738825795051 177.1774895410149 33
1738825795058 172.15654547407033 34
1738825795065 169.98424139697448 35
1738825795072 169.23443089423486 36
1738825795079 173.54208263843415 37
1738825795085 169.126814601523 38
1738825795092 170.38300803230803 39
1738825795098 169.2975603617347 40
1738825795104 167.66318755719348 41
