1738679558369 168.99901952216075 0
1738679558385 168.99443113322 1
1738679558401 168.98995926256217 2
1738679558416 168.98560068918474 3
1738679558432 168.98135229018553 4
1738679558446 168.97721103744792 5
1738679558461 168.97317399444927 6
1738679558478 168.9692383131879 7
1738679558501 168.96540123122392 8
1738679558514 168.96166006882905 9
1738679558528 168.9580122262412 10
1738679558541 168.95445518102022 11
1738679558564 168.9509864854994 12
1738679558587 168.94760376433055 13
1738679558605 168.94430471211768 14
1738679558648 168.94108709113667 15
1738679558662 168.93794872913685 16
1738679558678 168.93488751722168 17
1738679558691 168.9319014078057 18
1738679558706 168.92898841264355 19
1738679558720 168.9261466009302 20
1738679558739 168.9233740974676 21
1738679558755 168.92066908089666 22
1738679558771 168.91802978199132 23
1738679558787 168.91545448201248 24
1738679558802 168.91294151111939 25
1738679558818 168.9104892468368 26
1738679558835 168.9080961125746 27
1738679558851 168.90576057619978 28
1738679558867 168.90348114865625 29
1738679558881 168.9012563826335 30
1738679558898 168.89908487127983 31
1738679558915 168.89696524696 32
1738679558931 168.89489618005487 33
1738679558945 168.89287637780208 34
1738679558961 168.89090458317523 35
1738679558981 168.88897957380146 36
1738679558996 168.887100160915 37
1738679559012 168.88526518834544 38
1738679559031 168.88347353154026 39
1738679559046 168.8817240966194 40
1738679559060 168.88001581946082 41
1738679559075 168.8783476648169 42
1738679559093 168.87671862545923 43
1738679559107 168.87512772135162 44
1738679559123 168.87357399884996 45
1738679559138 168.8720565299283 46
1738679559153 168.87057441142952 47
1738679559169 168.8691267643406 48
1738679559183 168.86771273309103 49
1738679559196 168.86633148487357 50
1738679559212 168.86498220898687 51
1738679559229 168.86366411619886 52
1738679559254 168.86237643813013 53
1738679559270 168.8611184266575 54
1738679559284 168.85988935333543 55
1738679559297 168.8586885088361 56
1738679559310 168.85751520240703 57
1738679559323 168.8563687613452 58
1738679559337 168.8552485304881 59
1738679559350 168.85415387171972 60
1738679559366 168.8530841634927 61
1738679559380 168.85203880036423 62
1738679559392 168.85101719254695 63
1738679559409 168.85001876547295 64
1738679559423 168.84904295937167 65
1738679559441 168.84808922885983 66
1738679559459 168.84715704254438 67
1738679559472 168.84624588263702 68
1738679559488 168.84535524458076 69
1738679559501 168.84448463668696 70
1738679559516 168.84363357978407 71
1738679559531 168.8428016068758 72
1738679559545 168.84198826281045 73
1738679559561 168.84119310395917 74
1738679559576 168.8404156979042 75
1738679559593 168.8396556231364 76
1738679559612 168.83891246876078 77
1738679559631 168.83818583421169 78
1738679559648 168.8374753289756 79
1738679559670 168.83678057232234 80
1738679559689 168.8361011930436 81
1738679559704 168.83543682919964 82
1738679559720 168.83478712787266 83
1738679559746 168.83415174492785 84
1738679559772 168.83353034478063 85
1738679559787 168.83292260017092 86
1738679559802 168.832328191944 87
1738679559823 168.83174680883707 88
1738679559849 168.83117814727214 89
1738679559867 168.83062191115508 90
1738679559882 168.8300778116795 91
1738679559898 168.82954556713693 92
1738679559913 168.82902490273204 93
1738679559928 168.82851555040273 94
1738679559943 168.8280172486457 95
1738679559959 168.82752974234657 96
1738679559975 168.8270527826148 97
1738679559990 168.82658612662306 98
1738679560001 168.82612953745118 99
1738679560018 168.82568278393444 100
1738679560059 168.82524564051565 101
1738679560076 168.8248178871018 102
1738679560092 168.82439930892414 103
1738679560109 168.82398969640246 104
1738679560126 168.82358884501275 105
1738679560142 168.82319655515863 106
1738679560159 168.82281263204626 107
1738679560173 168.82243688556252 108
1738679560191 168.82206913015642 109
1738679560205 168.8217091847241 110
1738679560223 168.82135687249635 111
1738679560239 168.82101202092934 112
1738679560258 168.8206744615987 113
1738679560274 168.82034403009558 114
1738679560293 168.82002056592637 115
1738679560307 168.81970391241438 116
1738679560329 168.81939391660444 117
1738679560351 168.81909042917007 118
