1738678196676 169.46928671508385 0
1738678196695 169.28664969603702 1
1738678196711 168.9407905131877 2
1738678196727 168.4501204891505 3
1738678196744 167.83195450015745 4
1738678196759 167.10245871067355 5
1738678196776 166.27663010339413 6
1738678196794 165.36830055536427 7
1738678196810 164.39015954694216 8
1738678196824 163.35379070140522 9
1738678196839 162.26971827531122 10
1738678196853 161.14746048375412 11
1738678196887 159.99558717609693 12
1738678196902 158.82177989826062 13
1738678196916 157.63289280543606 14
1738678196935 156.43501323949684 15
1738678196954 155.23352107132308 16
1738678196969 154.03314614054426 17
1738678196986 152.83802331295982 18
1738678197002 151.65174482674126 19
1738678197020 150.47740971884664 20
1738678197035 149.31767021824422 21
1738678197052 148.17477506701454 22
1738678197068 147.0506097879228 23
1738678197081 145.9467339607297 24
1738678197098 144.8644156019377 25
1738678197113 143.8046627660009 26
1738678197128 142.7682525020392 27
1738678197144 141.75575731027723 28
1738678197158 140.7675692479829 29
1738678197175 139.80392183661618 30
1738678197187 138.86490992103654 31
1738678197201 137.9505076286248 32
1738678197215 137.06058457160233 33
1738678197228 136.19492043011346 34
1738678197241 135.35321804713507 35
1738678197254 134.535115159273 36
1738678197269 133.7401948802195 37
1738678197282 132.96799504626398 38
1738678197297 132.21801652589642 39
1738678197326 131.489730588333 40
1738678197344 130.7825854187972 41
1738678197361 130.09601186166725 42
1738678197373 129.4294284661887 43
1738678197389 128.7822459033755 44
1738678197402 128.1538708169976 45
1738678197423 127.54370916618358 46
1738678197437 126.95116911215288 47
1738678197450 126.37566349692457 48
1738678197473 125.81661195752329 49
1738678197488 125.27344271519947 50
1738678197505 124.74559407549029 51
1738678197519 124.23251567155071 52
1738678197533 123.73366948006597 53
1738678197551 123.2485306361986 54
1738678197563 122.77658807141121 55
1738678197575 122.31734499561868 56
1738678197592 121.87031924294996 57
1738678197604 121.43504349841959 58
1738678197617 121.01106542101056 59
1738678197635 120.59794767703723 60
1738678197650 120.19526789617777 61
1738678197669 119.80261856122534 62
1738678197682 119.41960684139714 63
1738678197739 119.04585437794577 64
1738678197757 118.68099702983167 65
1738678197795 118.32468458632636 66
1738678197816 117.97658045261649 67
1738678197829 117.63636131375985 68
1738678197851 117.30371678169904 69
1738678197865 116.97834902946 70
1738678197881 116.65997241614373 71
1738678197904 116.34831310585612 72
1738678197919 116.04310868330666 73
1738678197938 115.74410776843644 74
1738678197952 115.45106963210736 75
1738678197968 115.1637638145902 76
1738678197982 114.88196974833046 77
1738678197998 114.60547638623804 78
1738678198015 114.33408183654375 79
1738678198030 114.06759300508467 80
1738678198045 113.80582524572029 81
1738678198062 113.54860201944194 82
1738678198089 113.29575456261479 83
1738678198126 113.04712156468307 84
1738678198141 112.80254885557616 85
1738678198154 112.56188910297054 86
1738678198168 112.32500151949189 87
1738678198182 112.09175157988022 88
1738678198198 111.86201074808828 89
1738678198210 111.63565621423855 90
1738678198224 111.41257064132587 91
1738678198237 111.19264192152059 92
1738678198250 110.9757629419002 93
1738678198266 110.76183135941545 94
1738678198281 110.55074938487873 95
1738678198297 110.34242357574827 96
1738678198310 110.13676463747036 97
1738678198330 109.93368723313377 98
1738678198348 109.7331098011838 99
1738678198366 109.53495438094059 100
1738678198382 109.33914644566343 101
1738678198396 109.14561474290272 102
1738678198410 108.95429114188205 103
1738678198427 108.76511048765514 104
1738678198444 108.578010461785 105
1738678198459 108.39293144929697 106
1738678198472 108.2098164116614 107
1738678198487 108.02861076556728 108
1738678198501 107.84926226725348 109
1738678198514 107.67172090217002 110
1738678198529 107.49593877974824 111
1738678198540 107.32187003306527 112
1738678198562 107.14947072319424 113
1738678198575 106.97869874803901 114
1738678198590 106.80951375545841 115
1738678198602 106.64187706049178 116
1738678198616 106.47575156650446 117
1738678198629 106.31110169007853 118
1738678198642 106.14789328948017 119
1738678198655 105.9860935965422 120
1738678198669 105.82567115180598 121
1738678198682 105.66659574277351 122
1738678198695 105.50883834512636 123
1738678198710 105.35237106677411 124
1738678198723 105.19716709460042 125
1738678198736 105.0432006437809 126
1738678198749 104.8904469095519 127
1738678198762 104.73888202131437 128
1738678198775 104.58848299896292 129
1738678198788 104.43922771133388 130
1738678198801 104.29109483667179 131
1738678198813 104.14406382501747 132
1738678198826 103.99811486242606 133
1738678198839 103.85322883692686 134
1738678198852 103.70938730614074 135
1738678198866 103.56657246647596 136
1738678198878 103.42476712382498 137
1738678198892 103.28395466569032 138
1738678198908 103.14411903466952 139
1738678198924 103.00524470323332 140
1738678198937 102.86731664973394 141
1738678198953 102.73032033558336 142
1738678198966 102.59424168354425 143
1738678198980 102.45906705707966 144
1738678198995 102.3247832407086 145
1738678199015 102.19137742131906 146
1738678199039 102.05883717039083 147
1738678199055 101.92715042708365 148
1738678199068 101.79630548214786 149
1738678199081 101.66629096261734 150
1738678199094 101.53709581724583 151
1738678199109 101.40870930265005 152
1738678199122 101.28112097012496 153
1738678199135 101.15432065309737 154
1738678199149 101.02829845518714 155
1738678199164 100.903044738845 156
1738678199176 100.77855011453933 157
1738678199189 100.65480543046402 158
1738678199205 100.53180176274212 159
1738678199221 100.40953040610025 160
1738678199236 100.28798286499101 161
1738678199252 100.16715084514063 162
1738678199265 100.04702624550104 163
1738678199281 99.92760115058653 164
1738678199295 99.80886782317538 165
1738678199309 99.69081869735888 166
1738678199323 99.57344637192047 167
1738678199338 99.45674360402813 168
1738678199353 99.34070330322531 169
1738678199368 99.22531852570474 170
1738678199383 99.11058246885192 171
1738678199397 98.99648846604431 172
1738678199413 98.88302998169387 173
1738678199430 98.77020060652083 174
1738678199446 98.6579940530474 175
1738678199460 98.54640415130001 176
1738678199472 98.43542484471065 177
1738678199486 98.32505018620671 178
1738678199498 98.2152743344802 179
1738678199510 98.10609155042795 180
1738678199521 97.99749619375355 181
1738678199533 97.88948271972382 182
1738678199544 97.78204567607183 183
1738678199556 97.67517970003914 184
1738678199570 97.56887951555079 185
1738678199587 97.46313993051614 186
1738678199601 97.35795583424978 187
1738678199622 97.25332219500612 188
1738678199639 97.1492340576226 189
1738678199653 97.04568654126587 190
1738678199666 96.94267483727592 191
1738678199681 96.84019420710376 192
1738678199696 96.73823998033745 193
1738678199712 96.6368075528128 194
1738678199728 96.5358923848041 195
1738678199743 96.43548999929162 196
1738678199758 96.33559598030125 197
1738678199768 96.23620597131382 198
1738678199784 96.1373156737399 199
1738678199800 96.03892084545745 200
1738678199821 95.94101729940895 201
1738678199835 95.84360090225537 202
1738678199849 95.7466675730842 203
1738678199861 95.6502132821688 204
1738678199874 95.55423404977695 205
1738678199887 95.45872594502585 206
1738678199900 95.36368508478165 207
1738678199914 95.26910763260135 208
1738678199928 95.17498979771493 209
1738678199940 95.08132783404594 210
1738678199956 94.9881180392687 211
1738678199972 94.8953567539004 212
1738678199988 94.80304036042645 213
1738678200021 94.71116528245751 214
1738678200041 94.61972798391682 215
1738678200059 94.52872496825617 216
1738678200076 94.4381527776996 217
1738678200092 94.34800799251323 218
1738678200105 94.25828723029998 219
1738678200118 94.16898714531843 220
1738678200132 94.08010442782415 221
1738678200145 93.9916358034331 222
1738678200157 93.90357803250559 223
1738678200171 93.81592790955015 224
1738678200184 93.72868226264626 225
1738678200201 93.6418379528854 226
1738678200215 93.5553918738291 227
1738678200231 93.46934095098376 228
1738678200247 93.38368214129123 229
1738678200263 93.29841243263436 230
1738678200278 93.21352884335717 231
1738678200294 93.12902842179885 232
1738678200311 93.04490824584084 233
1738678200323 92.96116542246682 234
1738678200336 92.8777970873346 235
1738678200349 92.79480040435982 236
1738678200363 92.7121725653107 237
1738678200376 92.62991078941336 238
1738678200389 92.54801232296766 239
1738678200401 92.46647443897258 240
1738678200413 92.38529443676106 241
1738678200426 92.30446964164402 242
1738678200440 92.22399740456291 243
1738678200456 92.14387510175054 244
1738678200470 92.0641001344001 245
1738678200483 91.98466992834177 246
1738678200498 91.90558193372657 247
1738678200512 91.8268336247175 248
1738678200527 91.74842249918747 249
1738678200542 91.67034607842385 250
1738678200557 91.59260190683906 251
1738678200571 91.51518755168775 252
1738678200588 91.43810060278938 253
1738678200604 91.36133867225675 254
1738678200619 91.28489939422988 255
1738678200633 91.20878042461514 256
1738678200648 91.13297944082953 257
1738678200664 91.05749414154975 258
1738678200680 90.9823222464662 259
1738678200702 90.90746149604126 260
1738678200723 90.83290965127226 261
1738678200738 90.75866449345868 262
1738678200756 90.68472382397324 263
1738678200770 90.61108546403743 264
1738678200787 90.53774725450049 265
1738678200802 90.46470705562236 266
1738678200817 90.39196274686034 267
1738678200830 90.319512226659 268
1738678200842 90.24735341224384 269
1738678200857 90.17548423941803 270
1738678200869 90.1039026623625 271
1738678200883 90.03260665343905 272
1738678200897 89.96159420299664 273
1738678200910 89.89086331918054 274
1738678200923 89.82041202774431 275
1738678200936 89.75023837186485 276
1738678200951 89.68034041195969 277
1738678200964 89.61071622550737 278
1738678200978 89.54136390687023 279
1738678200991 89.4722815671197 280
1738678201006 89.403467333864 281
1738678201021 89.3349193510784 282
1738678201039 89.26663577893758 283
1738678201053 89.19861479365062 284
1738678201069 89.13085458729769 285
1738678201083 89.0633533676694 286
1738678201097 88.99610935810799 287
1738678201110 88.92912079735076 288
1738678201125 88.86238593937537 289
1738678201141 88.79590305324724 290
1738678201158 88.72967042296888 291
1738678201173 88.66368634733097 292
1738678201187 88.59794913976557 293
1738678201201 88.5324571282009 294
1738678201217 88.46720865491811 295
1738678201234 88.40220207640954 296
1738678201252 88.337435763239 297
1738678201268 88.2729080999035 298
1738678201282 88.2086174846968 299
1738678201296 88.14456232957434 300
1738678201311 88.08074106002009 301
1738678201326 88.01715211491467 302
1738678201339 87.9537939464052 303
1738678201354 87.89066501977638 304
1738678201369 87.82776381332359 305
1738678201384 87.76508881822673 306
1738678201399 87.70263853842613 307
1738678201413 87.64041149049937 308
1738678201427 87.57840620353997 309
1738678201442 87.51662121903684 310
1738678201458 87.45505509075572 311
1738678201471 87.39370638462145 312
1738678201484 87.33257367860175 313
1738678201498 87.2716555625922 314
1738678201512 87.21095063830258 315
1738678201526 87.15045751914431 316
1738678201540 87.09017483011922 317
1738678201554 87.03010120770954 318
1738678201569 86.97023529976882 319
1738678201583 86.91057576541449 320
1738678201595 86.85112127492108 321
1738678201607 86.79187050961487 322
1738678201619 86.73282216176959 323
1738678201632 86.67397493450322 324
1738678201645 86.61532754167582 325
1738678201659 86.55687870778853 326
1738678201672 86.49862716788358 327
1738678201685 86.44057166744537 328
1738678201698 86.3827109623025 329
1738678201722 86.32504381853093 330
1738678201737 86.26756901235814 331
1738678201752 86.21028533006816 332
1738678201779 86.15319156790768 333
1738678201793 86.09628653199312 334
1738678201807 86.03956903821867 335
1738678201822 85.98303791216517 336
1738678201837 85.9266919890101 337
1738678201852 85.87053011343826 338
1738678201868 85.81455113955363 339
1738678201884 85.75875393079188 340
1738678201903 85.70313735983395 341
1738678201918 85.64770030852031 342
1738678201933 85.59244166776632 343
1738678201950 85.5373603374784 344
1738678201972 85.48245522647072 345
1738678201986 85.42772525238325 346
1738678202002 85.37316934160023 347
1738678202017 85.31878642916966 348
1738678202040 85.26457545872353 349
1738678202054 85.21053538239882 350
1738678202069 85.15666516075935 351
1738678202080 85.10296376271842 352
1738678202094 85.04943016546217 353
1738678202108 84.99606335437363 354
1738678202121 84.94286232295782 355
1738678202135 84.88982607276725 356
1738678202147 84.83695361332822 357
1738678202160 84.7842439620682 358
1738678202173 84.73169614424337 359
1738678202185 84.67930919286741 360
1738678202198 84.62708214864058 361
1738678202218 84.57501405987978 362
1738678202232 84.5231039824491 363
1738678202249 84.47135097969131 364
1738678202264 84.41975412235969 365
1738678202278 84.36831248855073 366
1738678202292 84.31702516363758 367
1738678202308 84.26589124020396 368
1738678202321 84.21490981797878 369
1738678202333 84.16408000377145 370
1738678202349 84.11340091140772 371
1738678202361 84.0628716616664 372
1738678202374 84.01249138221634 373
1738678202387 83.96225920755425 374
1738678202399 83.9121742789431 375
1738678202412 83.86223574435114 376
1738678202426 83.81244275839138 377
1738678202439 83.7627944822619 378
1738678202454 83.71329008368635 379
1738678202470 83.66392873685565 380
1738678202483 83.6147096223695 381
1738678202497 83.56563192717911 382
1738678202513 83.51669484453008 383
1738678202527 83.46789757390601 384
1738678202543 83.41923932097268 385
1738678202561 83.37071929752258 386
1738678202576 83.32233672142024 387
1738678202591 83.27409081654788 388
1738678202606 83.22598081275164 389
1738678202622 83.17800594578851 390
1738678202638 83.13016545727339 391
1738678202656 83.08245859462701 392
1738678202673 83.03488461102424 393
1738678202688 82.98744276534289 394
1738678202703 82.94013232211293 395
1738678202721 82.89295255146628 396
1738678202737 82.8459027290872 397
1738678202752 82.79898213616289 398
1738678202767 82.75219005933471 399
1738678202782 82.70552579064999 400
1738678202796 82.65898862751405 401
1738678202810 82.61257787264285 402
1738678202823 82.56629283401607 403
1738678202836 82.5201328248306 404
1738678202849 82.47409716345457 405
1738678202863 82.42818517338162 406
1738678202876 82.38239618318583 407
1738678202890 82.33672952647696 408
1738678202906 82.29118454185614 409
1738678202920 82.24576057287204 410
1738678202932 82.20045696797739 411
1738678202946 82.15527308048581 412
1738678202963 82.1102082685294 413
1738678202976 82.06526189501632 414
1738678202990 82.02043332758907 415
1738678203004 81.97572193858306 416
1738678203017 81.93112710498553 417
1738678203033 81.88664820839486 418
1738678203048 81.84228463498053 419
1738678203064 81.798035775443 420
1738678203080 81.75390102497434 421
1738678203094 81.70987978321914 422
1738678203107 81.66597145423569 423
1738678203122 81.6221754464576 424
1738678203140 81.57849117265592 425
1738678203156 81.53491804990131 426
1738678203173 81.49145549952682 427
1738678203191 81.44810294709099 428
1738678203205 81.40485982234117 429
1738678203218 81.3617255591774 430
1738678203232 81.31869959561634 431
1738678203244 81.2757813737558 432
1738678203257 81.2329703397396 433
1738678203271 81.19026594372245 434
1738678203284 81.1476676398356 435
1738678203297 81.10517488615247 436
1738678203309 81.06278714465479 437
1738678203327 81.02050388119898 438
1738678203342 80.9783245654829 439
1738678203355 80.93624867101285 440
1738678203370 80.89427567507087 441
1738678203384 80.85240505868255 442
1738678203398 80.81063630658475 443
1738678203412 80.76896890719412 444
1738678203425 80.7274023525754 445
1738678203441 80.68593613841041 446
1738678203454 80.6445697639672 447
1738678203468 80.60330273206944 448
1738678203481 80.56213454906612 449
1738678203494 80.52106472480158 450
1738678203506 80.48009277258575 451
1738678203518 80.4392182091648 452
1738678203531 80.39844055469192 453
1738678203544 80.35775933269836 454
1738678203561 80.31717407006494 455
1738678203574 80.27668429699357 456
1738678203588 80.23628954697926 457
1738678203601 80.19598935678225 458
1738678203615 80.15578326640039 459
1738678203629 80.11567081904191 460
1738678203644 80.07565156109833 461
1738678203658 80.03572504211765 462
1738678203671 79.99589081477778 463
1738678203686 79.9561484348603 464
1738678203700 79.91649746122424 465
1738678203718 79.87693745578045 466
1738678203732 79.83746798346587 467
1738678203748 79.7980886122183 468
1738678203770 79.75879891295111 469
1738678203785 79.7195984595286 470
1738678203799 79.68048682874117 471
1738678203812 79.64146360028099 472
1738678203827 79.60252835671771 473
1738678203839 79.56368068347469 474
1738678203851 79.52492016880497 475
1738678203864 79.48624640376795 476
1738678203878 79.44765898220608 477
1738678203890 79.40915750072159 478
1738678203903 79.3707415586538 479
1738678203918 79.33241075805634 480
1738678203931 79.2941647036747 481
1738678203944 79.25600300292396 482
1738678203960 79.21792526586685 483
1738678203974 79.17993110519173 484
1738678203987 79.142020136191 485
1738678204000 79.10419197673976 486
1738678204015 79.06644624727443 487
1738678204030 79.02878257077172 488
1738678204044 78.99120057272779 489
1738678204059 78.95369988113755 490
1738678204073 78.91628012647422 491
1738678204088 78.87894094166893 492
1738678204100 78.84168196209075 493
1738678204114 78.8045028255267 494
1738678204126 78.76740317216192 495
1738678204143 78.73038264456025 496
1738678204157 78.69344088764475 497
1738678204171 78.65657754867857 498
1738678204183 78.61979227724574 499
