1738679548782 169.4806387665546 0
1738679548827 169.4786991652121 1
1738679548868 169.47676630598633 2
1738679548894 169.47484016266645 3
1738679548926 169.47292070915012 4
1738679548975 169.47100791944325 5
1738679549056 169.46910176765934 6
1738679549089 169.4672022280191 7
1738679549120 169.4653092748499 8
1738679549143 169.46342288258535 9
1738679549160 169.46154302576502 10
1738679549180 169.45966967903377 11
1738679549194 169.45780281714121 12
1738679549211 169.45594241494166 13
1738679549226 169.45408844739327 14
1738679549243 169.45224088955788 15
1738679549258 169.45039971660026 16
1738679549275 169.44856490378805 17
1738679549290 169.44673642649104 18
1738679549306 169.44491426018078 19
