1738679418106 149.36766764737362 0
1738679418150 197.10915193625422 1
1738679418194 197.31861238451268 2
1738679418237 198.10881959513594 3
1738679418281 189.98300222078726 4
1738679418324 329.72594939604693 5
1738679418370 228.90995353897966 6
1738679418415 205.68177213360676 7
1738679418458 182.97758007920297 8
1738679418502 146.61024133701048 9
1738679418545 120.77468854536764 10
1738679418589 196.10564942074257 11
1738679418632 138.40046924683122 12
1738679418675 187.34885144390853 13
1738679418717 167.13057979852906 14
1738679418760 165.4109988568163 15
1738679418802 174.88927730015732 16
1738679418846 233.70258073166178 17
1738679418888 176.102205899696 18
1738679418932 159.25764585510157 19
1738679418975 139.26528295220024 20
1738679419019 162.6120047171013 21
1738679419062 161.3601184682549 22
1738679419106 179.88165811143168 23
1738679419149 168.90538057639182 24
1738679419192 180.88162226246413 25
1738679419236 141.89673385854258 26
1738679419279 274.418126063672 27
1738679419321 171.05630101087564 28
1738679419363 164.12275697754023 29
1738679419405 174.66624923205225 30
1738679419449 131.5469555313162 31
1738679419492 222.04025545415368 32
1738679419536 172.68638242816465 33
1738679419579 176.32327949300085 34
1738679419623 157.42743168180255 35
1738679419668 146.51909872199556 36
1738679419713 127.80477322962024 37
1738679419756 142.75958852538267 38
1738679419799 234.83237019419676 39
1738679419841 116.25218600651019 40
1738679419883 165.038876572088 41
1738679419926 87.43401964966422 42
1738679419970 189.70330593718512 43
1738679420013 241.52009507528132 44
1738679420057 193.937180280391 45
1738679420101 160.263067490768 46
1738679420144 326.1159027021425 47
1738679420187 153.8938028306309 48
1738679420231 196.427701874481 49
1738679420274 224.12210250070999 50
1738679420316 152.71005035000695 51
1738679420359 187.13269350742704 52
1738679420402 165.50141433905725 53
1738679420444 87.50771767091841 54
1738679420487 189.23882879482323 55
1738679420530 239.66441682890158 56
1738679420575 174.13257525855943 57
1738679420617 141.65982185023847 58
1738679420660 159.5372185852926 59
1738679420702 382.1866211511867 60
1738679420745 167.24742448445414 61
1738679420788 213.100947182248 62
1738679420831 135.15393098831592 63
1738679420874 155.95181483166255 64
1738679420918 98.2074298020016 65
1738679420961 146.30818075277512 66
1738679421004 187.98550932282964 67
1738679421048 139.26423520757126 68
1738679421091 164.11118754661473 69
1738679421134 142.96274313927367 70
1738679421178 217.04313443330273 71
1738679421221 184.48983654974396 72
1738679421266 68.42496576112319 73
1738679421312 202.25830923652796 74
1738679421357 191.48058882995787 75
1738679421401 127.90711933327711 76
1738679421445 198.44754246175611 77
1738679421487 224.11463067133357 78
1738679421531 191.92020635400613 79
1738679421574 140.55599982880383 80
1738679421618 182.8931428775752 81
1738679421661 201.11952874850743 82
1738679421704 175.76476347822356 83
1738679421748 127.16378189552543 84
1738679421791 80.09786591167158 85
1738679421834 162.6983252593852 86
1738679421878 186.26591801996548 87
1738679421921 170.37687381276075 88
1738679421965 195.85724153038893 89
1738679422008 191.33145853129741 90
1738679422052 168.39743644814732 91
1738679422095 182.45050796195633 92
1738679422139 192.63514776449625 93
1738679422181 166.90190539674978 94
1738679422224 171.2389999691241 95
1738679422267 200.21364504682438 96
1738679422310 145.52187957054585 97
1738679422353 235.35930452399933 98
1738679422397 141.9433643485088 99
1738679422441 121.50756239631458 100
1738679422484 155.38600070910493 101
1738679422527 166.38070171619322 102
1738679422570 238.94856209961762 103
1738679422614 162.38985860430245 104
1738679422657 132.51674944619066 105
1738679422699 205.77731030637645 106
1738679422742 172.03090643074648 107
1738679422784 186.19565985543065 108
1738679422827 172.17248626173713 109
1738679422870 115.91313981766095 110
1738679422912 96.91976841129429 111
1738679422955 265.91177520432757 112
1738679422999 154.97726747629434 113
1738679423042 158.30053369929954 114
1738679423085 224.84333374506733 115
1738679423129 155.20488412977795 116
1738679423173 142.27688434639376 117
1738679423216 151.8148021747565 118
1738679423259 168.80875101997597 119
1738679423302 178.31983557541338 120
1738679423346 198.24895706174428 121
1738679423389 268.0399093192993 122
1738679423434 211.66959580346196 123
1738679423477 236.63638424798097 124
1738679423520 124.81163660527514 125
1738679423563 174.76548081258957 126
1738679423606 221.68360689687725 127
1738679423649 168.17061870071274 128
1738679423692 155.56913991932157 129
1738679423736 185.7886356151318 130
1738679423779 172.05951710676092 131
1738679423823 142.5595948469214 132
1738679423866 182.05739057437032 133
1738679423909 166.94130627649972 134
1738679423953 206.32438675340808 135
1738679423997 198.57462366868097 136
1738679424041 139.17971691948057 137
1738679424083 180.89859501569182 138
1738679424126 203.0777247022585 139
1738679424170 190.95964992566024 140
1738679424214 127.28496452132703 141
1738679424257 160.5345224755408 142
1738679424300 201.00981345531522 143
1738679424344 264.4426512682945 144
1738679424388 170.78479696543982 145
1738679424431 100.46245284206685 146
1738679424474 169.77812650194676 147
1738679424516 299.079344464093 148
1738679424560 165.01063161484063 149
1738679424603 128.03275349718956 150
1738679424646 209.51752873087113 151
1738679424690 190.1678144740857 152
1738679424733 21.677681298314326 153
1738679424777 188.5504977889659 154
1738679424820 183.8179237572963 155
1738679424864 220.90672520926958 156
1738679424907 113.31421206779757 157
1738679424950 162.41988117314625 158
1738679424993 127.46464740564763 159
1738679425036 175.81932717001206 160
1738679425079 181.01618787060465 161
1738679425122 151.11541797356247 162
1738679425166 188.41908348494744 163
1738679425209 134.18540053684305 164
1738679425253 181.30643010712888 165
1738679425296 121.2161027003164 166
1738679425339 187.9216100341954 167
1738679425382 199.51686369153214 168
1738679425425 162.49551269685327 169
1738679425468 129.54249903556686 170
1738679425511 75.85545786929781 171
1738679425553 184.70552314964115 172
1738679425597 172.80636337402072 173
1738679425640 221.7833338866082 174
1738679425682 187.36327223267148 175
1738679425725 233.25420897794066 176
1738679425768 146.9209375613963 177
1738679425811 148.15083469667496 178
1738679425853 191.28404122146847 179
1738679425896 168.92683689952182 180
1738679425939 192.89579197524262 181
1738679425982 217.21970098661728 182
1738679426026 173.22630116232787 183
1738679426069 165.13340002495823 184
1738679426112 145.72893112284987 185
1738679426156 255.66263735110445 186
1738679426199 163.5778720310452 187
1738679426242 188.4287169756206 188
1738679426286 158.26328064394448 189
1738679426329 191.39234996259444 190
1738679426371 146.78192028546226 191
1738679426415 176.47877299226872 192
1738679426458 164.62502149786627 193
1738679426501 210.42686710384152 194
1738679426544 510.3134589189048 195
1738679426587 213.09572087199373 196
1738679426630 185.63303899012905 197
1738679426673 196.67768975646308 198
1738679426717 191.27104743328388 199
1738679426760 190.73761033241033 200
1738679426802 137.57588504165332 201
1738679426846 194.26966032077115 202
1738679426889 192.589674129927 203
1738679426932 149.7469562778454 204
1738679426976 171.61537617995 205
1738679427019 186.50304975377324 206
1738679427063 173.8752978699389 207
1738679427105 108.42309315951 208
1738679427149 204.41597580317227 209
1738679427192 106.57808107974725 210
1738679427235 151.98606615710818 211
1738679427278 135.60216641705617 212
1738679427321 170.58714539836387 213
1738679427365 205.52519423222043 214
1738679427408 309.01687308341553 215
1738679427451 167.96645622696286 216
1738679427494 255.05991269539768 217
1738679427537 163.996069898832 218
1738679427580 162.2549446389965 219
1738679427623 176.34732038664706 220
1738679427666 129.43194576576676 221
1738679427710 179.0575769004601 222
1738679427753 245.15282030617487 223
1738679427796 131.43132192922866 224
1738679427839 189.32887043595775 225
1738679427882 153.0657857586963 226
1738679427925 72.05953927393712 227
1738679427969 199.79876668005483 228
1738679428013 150.89664699568135 229
1738679428056 159.38232208257034 230
1738679428100 187.00171882335982 231
1738679428143 154.5752226823106 232
1738679428187 158.18747766687886 233
1738679428230 133.53679327120622 234
1738679428273 117.76706064893972 235
1738679428317 147.6221395160004 236
1738679428361 164.55574171281052 237
1738679428404 215.85134350883752 238
1738679428447 189.62559526203583 239
1738679428491 201.92618943562732 240
1738679428534 151.63898039273576 241
1738679428577 198.1946794471957 242
1738679428620 141.5773585729067 243
1738679428664 197.87737461125442 244
1738679428706 177.21012336860858 245
1738679428750 176.7950370072908 246
1738679428794 187.47256993981281 247
1738679428837 185.7206858912858 248
1738679428881 180.52041737626266 249
1738679428924 89.4843618930395 250
1738679428967 145.4194299330267 251
1738679429011 160.87535715399648 252
1738679429055 174.3762991565128 253
1738679429098 216.88581711963275 254
1738679429141 199.5490880277013 255
1738679429185 182.15399704511768 256
1738679429228 129.0442020618806 257
1738679429271 193.3974825111198 258
1738679429314 169.6661200484681 259
1738679429358 159.09497708160316 260
1738679429401 144.1506315912515 261
1738679429444 163.09493086185168 262
1738679429487 190.1636193233699 263
1738679429531 167.12608047700567 264
1738679429574 150.06169264196683 265
1738679429617 73.32386102942016 266
1738679429661 149.7299042028014 267
1738679429704 165.62551649517596 268
1738679429747 63.071211831300424 269
1738679429790 151.23240785594191 270
1738679429834 178.1231165085905 271
1738679429877 196.8241441794133 272
1738679429920 214.5702520666307 273
1738679429963 157.86029186409922 274
1738679430007 246.17155975727601 275
1738679430051 141.1445653817353 276
1738679430095 170.38175853360457 277
1738679430137 151.80769582133286 278
1738679430181 194.37081840689163 279
1738679430224 144.53991863702936 280
1738679430268 161.26297235850927 281
1738679430311 158.0921946436538 282
1738679430355 160.40965993338605 283
1738679430398 182.9731223727453 284
1738679430442 209.71144884894787 285
1738679430486 173.6400151543432 286
1738679430530 169.85595275098402 287
1738679430573 177.38677937346395 288
1738679430617 113.01866523590998 289
1738679430660 157.5047049534313 290
1738679430704 96.55666453011125 291
1738679430747 208.87841474576953 292
1738679430790 289.7858471658539 293
1738679430834 170.77011290692363 294
1738679430878 162.0038310909571 295
1738679430921 189.62834558305792 296
1738679430965 245.99002464953927 297
1738679431009 208.811014028639 298
1738679431053 138.75979076325723 299
1738679431097 160.11617907093932 300
1738679431140 218.78325707933698 301
1738679431183 66.70568267821014 302
1738679431226 245.27365697417812 303
1738679431270 77.76638981501043 304
1738679431313 141.2460649452775 305
1738679431356 157.80988879623087 306
1738679431400 94.00792552656853 307
1738679431443 180.4461292283494 308
1738679431487 174.01726738144276 309
1738679431530 121.89753597770809 310
1738679431574 169.75897110517184 311
1738679431617 173.32048094331492 312
1738679431661 100.26088190784016 313
1738679431704 159.4788573199984 314
1738679431747 158.95117234987023 315
1738679431790 178.98836314372855 316
1738679431834 181.0788605492039 317
1738679431878 177.3109233838861 318
1738679431922 180.84399723638367 319
1738679431966 159.36747817495691 320
1738679432010 161.68791551931264 321
1738679432054 175.64347338168085 322
1738679432098 145.06930373546433 323
1738679432141 220.13092858989825 324
1738679432185 176.05008981487495 325
1738679432228 162.24294557193022 326
1738679432272 171.58915160200308 327
1738679432315 189.4809864717465 328
1738679432360 165.91338973830946 329
1738679432404 204.85208392976156 330
1738679432447 181.43421002997775 331
1738679432491 196.72369537812486 332
1738679432534 147.56390510742798 333
1738679432577 209.97056927396093 334
1738679432621 182.56083315805597 335
1738679432664 311.730119868455 336
1738679432708 145.3552094130822 337
1738679432751 163.32823166091572 338
1738679432794 176.96088908915243 339
1738679432838 112.80050485116251 340
1738679432881 127.7727618123146 341
1738679432924 173.58901117345076 342
1738679432968 192.21203916919447 343
1738679433012 161.79129657017026 344
1738679433056 151.8255197480007 345
1738679433099 192.4925317663863 346
1738679433143 171.88689754416419 347
1738679433186 182.03477416451153 348
1738679433230 112.54605610688358 349
1738679433273 168.08056905862634 350
1738679433317 158.30316650975888 351
1738679433361 117.47164009859972 352
1738679433404 183.56602710394915 353
1738679433449 172.10096512755376 354
1738679433492 147.1849141339677 355
1738679433535 188.47849294406 356
1738679433579 170.27379954495046 357
1738679433623 155.09702729048158 358
1738679433667 216.7711005734839 359
1738679433710 118.34582724001946 360
1738679433753 163.12258647827997 361
1738679433797 194.99090016256 362
1738679433840 134.14113708341932 363
1738679433884 191.55224781191671 364
1738679433927 161.71107603063552 365
1738679433971 115.2946493722677 366
1738679434015 100.17713974475674 367
1738679434058 126.60791866650159 368
1738679434102 105.32821491074553 369
1738679434145 257.6050045790696 370
1738679434189 157.9981602230111 371
1738679434233 154.7426525030149 372
1738679434277 133.3100793238776 373
1738679434320 230.03117906471587 374
1738679434363 147.76833767473795 375
1738679434407 323.38713067641675 376
1738679434450 275.6732571633806 377
1738679434493 224.3980541089561 378
1738679434536 408.85024511300804 379
1738679434580 155.42129265726777 380
1738679434623 170.56889664391895 381
1738679434666 151.45614411028401 382
1738679434709 240.21971103199454 383
1738679434752 84.77146787007948 384
1738679434796 159.37781680182866 385
1738679434839 189.81671487145184 386
1738679434883 166.53591489981963 387
1738679434926 133.0850741965734 388
1738679434970 140.5603465902208 389
1738679435013 280.4704361595217 390
1738679435056 142.74121593541906 391
1738679435099 166.39754773966766 392
1738679435142 193.82254943333595 393
1738679435186 185.30267006175086 394
1738679435230 168.50508715947694 395
1738679435273 196.38553225213764 396
1738679435316 113.60700333970347 397
1738679435359 151.84726012636702 398
1738679435403 189.01223163763942 399
1738679435446 175.68917754367726 400
1738679435490 165.13115954779596 401
1738679435533 119.90859457352637 402
1738679435577 198.40999952527514 403
1738679435620 161.95756200820344 404
1738679435664 147.11056811591843 405
1738679435707 145.91575625993926 406
1738679435750 205.17527262612566 407
1738679435793 102.95224285655102 408
1738679435837 163.80191612206036 409
1738679435881 124.93454981915411 410
1738679435924 132.80404464201197 411
1738679435968 193.36404511669537 412
1738679436012 177.96585636009533 413
1738679436055 302.8938277273029 414
1738679436099 152.3347081366198 415
1738679436142 218.46161676910432 416
1738679436186 208.38943733159007 417
1738679436229 180.14073046037112 418
1738679436273 177.1136326891353 419
1738679436317 148.0572279304328 420
1738679436360 193.8112883158853 421
1738679436403 151.18819229804163 422
1738679436446 159.4575355141136 423
1738679436490 133.3679030392774 424
1738679436533 129.46550664324928 425
1738679436576 140.25639195863403 426
1738679436620 277.9802334269139 427
1738679436663 102.04746670017173 428
1738679436707 151.70310283693007 429
1738679436749 195.2625955457934 430
1738679436793 149.9457698713139 431
1738679436836 254.82966443858646 432
1738679436879 174.07573320588108 433
1738679436922 162.41753316869642 434
1738679436966 178.91108721531026 435
1738679437009 141.66899176904636 436
1738679437053 195.56398748616505 437
1738679437097 214.25024184727832 438
1738679437140 182.4781280991714 439
1738679437184 174.0849604030218 440
1738679437227 140.7129927210989 441
1738679437271 179.4879661314564 442
1738679437314 148.7472176796812 443
1738679437357 170.99111533725815 444
1738679437401 86.22546775716181 445
1738679437444 204.20059903135 446
1738679437488 170.51322768393328 447
1738679437531 191.42446965816998 448
1738679437574 187.5041016535337 449
1738679437618 127.05978736933291 450
1738679437661 189.32168198601642 451
1738679437705 118.02374964377118 452
1738679437748 140.30242989552053 453
1738679437792 207.057209052116 454
1738679437835 143.76910439733965 455
1738679437878 161.0118556440769 456
1738679437922 168.54982593163618 457
1738679437965 177.74851820899445 458
1738679438009 209.1527925336716 459
1738679438053 168.41583205740457 460
1738679438096 222.21897641138202 461
1738679438139 142.8034203253683 462
1738679438183 157.03208434226983 463
1738679438226 180.5964094640167 464
1738679438270 106.76963107247434 465
1738679438313 157.05391710396657 466
1738679438356 175.8787275155874 467
1738679438400 183.04835514002164 468
1738679438443 190.02533586253716 469
1738679438487 214.19246150046936 470
1738679438530 417.32892090121504 471
1738679438574 225.38435694855062 472
1738679438617 157.21223616931854 473
1738679438660 111.98345380747912 474
1738679438704 175.9982985892466 475
1738679438747 157.3765851993882 476
1738679438791 184.27777748111234 477
1738679438834 143.60606374455168 478
1738679438878 379.0234715992191 479
1738679438922 217.01436377483878 480
1738679438965 152.55648562667497 481
1738679439008 171.1598097298473 482
1738679439052 150.30019530018686 483
1738679439095 79.20595348843007 484
1738679439138 177.11714959467017 485
1738679439182 146.95599087957538 486
1738679439225 205.07990687286275 487
1738679439268 196.0260990044682 488
1738679439312 160.6686747373474 489
1738679439355 202.82117673886663 490
1738679439398 135.68981666842257 491
1738679439442 173.19111852325108 492
1738679439485 183.54719113770375 493
1738679439528 180.37498062065478 494
1738679439571 205.05677794292168 495
1738679439615 141.0914080049848 496
1738679439658 151.08505290043118 497
1738679439701 172.9239937142085 498
1738679439745 181.74209330719847 499
