1738678893136 50.21563389319455 0
1738678893235 114.76402308793907 1
1738678893330 42.74883136147397 2
1738678893451 17.912062080088802 3
1738678893525 12.940939951771012 4
1738678893591 33.04188453405584 5
1738678893666 89.14221298974711 6
1738678893740 5.365793375270415 7
1738678893855 19.84951766227064 8
1738678893924 0.14780919495587672 9
1738678894007 55.64481465665268 10
1738678894086 11.784108245185909 11
1738678894153 6.0952362872048275e-05 12
1738678894224 52.90223263460953 13
1738678894309 12.116452290722686 14
1738678894385 52.36020668300032 15
1738678894459 7.692808733063836 16
1738678894542 0.5825188425175731 17
1738678894616 13.441478074632242 18
1738678894687 27.60393398815337 19
1738678894750 46.309009378054284 20
1738678894852 39.091505131737435 21
1738678894910 3.574274703727037 22
1738678894983 3.0380565958392176 23
1738678895065 12.777518999519172 24
1738678895135 9.969128380923538 25
1738678895205 24.59952815861976 26
1738678895299 36.39673138036646 27
1738678895384 29.600831066045014 28
1738678895461 20.22225381877939 29
1738678895547 7.368203678382681 30
1738678895630 0.2009715032190007 31
1738678895702 0.030569873515396088 32
1738678895763 0.0007835449347255277 33
1738678895845 4.181962235217121 34
1738678895909 21.94706657060637 35
1738678895982 14.30192751846827 36
1738678896065 45.850644915626866 37
1738678896132 12.359782331622355 38
1738678896211 12.790166713949802 39
1738678896275 1.400666189650947 40
1738678896352 7.296685415077374 41
1738678896436 0.49411230852403015 42
1738678896503 0.09019702122165418 43
1738678896586 0.09971908135271786 44
1738678896656 0.28381272922404827 45
1738678896724 9.144384108877752 46
1738678896790 16.07591787630127 47
1738678896863 11.963490347961839 48
1738678896936 9.699333290329427 49
1738678897002 9.542855527450627 50
1738678897092 0.4137531360058999 51
1738678897168 0.4680791210864837 52
1738678897235 5.855479834470895 53
1738678897297 7.444024896618541 54
1738678897362 3.0344498268016364 55
1738678897447 3.5146452350551307 56
1738678897518 0.5099883169765044 57
1738678897599 0.7514033385655121 58
1738678897680 0.048362658511695335 59
1738678897763 0.03132918712419044 60
1738678897848 0.3113432398807048 61
1738678897923 0.07796893960937407 62
1738678897993 0.49980670876736893 63
1738678898107 2.0363266029919034 64
1738678898212 6.028421536990008 65
1738678898286 0.286943190237614 66
1738678898365 1.2034155691513617 67
1738678898447 5.829998310596801 68
1738678898520 0.24024650653416996 69
1738678898606 3.510071853763354 70
1738678898694 0.09880877202694031 71
1738678898799 0.2753998552601189 72
1738678898888 6.789464039249648 73
1738678898962 0.9781859423189436 74
1738678899029 0.011171908851055318 75
1738678899118 0.15523120542156718 76
1738678899208 4.728391811151103 77
1738678899280 0.6878514405356267 78
1738678899357 0.14120703757789382 79
1738678899429 0.05608611633331158 80
1738678899514 3.517183655756303 81
1738678899613 2.577929698388365 82
1738678899690 1.8563222711426666 83
1738678899763 0.8959251681249872 84
1738678899865 0.022329209012779988 85
1738678899930 1.5259609695735104 86
1738678900003 0.007961575419510062 87
1738678900088 1.1192784657463601 88
1738678900169 0.08934695376355047 89
1738678900240 3.561688539633273 90
1738678900312 0.2175887455676331 91
1738678900375 0.6684564295420661 92
1738678900444 2.2551090856696665 93
1738678900507 0.5967297453577787 94
1738678900593 0.11016229417703785 95
1738678900665 1.1351949857040398 96
1738678900726 0.356853246980252 97
1738678900786 0.7922907924437738 98
1738678900859 0.3984796267022531 99
1738678900928 0.06260435269554718 100
1738678900997 0.2528032902070191 101
1738678901070 0.31888082328263717 102
1738678901138 0.943404698197225 103
1738678901211 0.08415706939568955 104
1738678901292 0.0004291615904341594 105
1738678901353 0.011330481035471473 106
1738678901422 0.7024319806828074 107
1738678901491 0.2593363095109022 108
1738678901569 0.06222849821461945 109
1738678901638 0.21025184694066643 110
1738678901708 0.0032443284375899568 111
1738678901780 0.04954019725993787 112
1738678901844 0.26298117679448135 113
1738678901916 0.07495220316532317 114
1738678901985 0.01182557009933019 115
1738678902051 0.00013474143329799445 116
1738678902126 0.010049032836872125 117
1738678902194 0.019109278098720994 118
1738678902261 1.0796049494712858 119
1738678902345 0.29437949925980506 120
1738678902418 0.1829913681301454 121
1738678902489 0.13524279695168184 122
1738678902596 1.9687448987234153 123
1738678902659 0.040875045850714734 124
1738678902731 0.03703228280779103 125
1738678902799 0.026988849885160007 126
1738678902869 0.39601613377922984 127
1738678902941 0.1541622011743456 128
1738678903022 0.08094475391702527 129
1738678903092 0.24377740286679908 130
1738678903161 0.3590478010275133 131
1738678903218 0.03309234631694262 132
1738678903287 0.1266463509398204 133
1738678903352 0.4667526213423123 134
1738678903423 0.2911773724147563 135
1738678903490 0.04083101585462003 136
1738678903565 0.276413232494231 137
1738678903642 0.534637282291151 138
1738678903708 0.05021213053160409 139
1738678903778 0.08227956341012876 140
1738678903846 0.09155212605677314 141
1738678903918 0.035422263668328326 142
1738678903988 0.3350182740063319 143
1738678904057 0.003311582632734528 144
1738678904128 0.008559211805436341 145
1738678904189 0.08968377294494129 146
1738678904258 0.0006461263192051139 147
1738678904330 0.03068392997447183 148
1738678904396 0.016350673998578716 149
1738678904474 0.0007706946229117497 150
1738678904561 0.02819712356474322 151
1738678904637 0.0004485530545845798 152
1738678904711 0.0011720720895327006 153
1738678904784 0.08483710031347828 154
1738678904854 0.015019525710335373 155
1738678904922 0.04548919813853881 156
1738678904990 0.0019941771522500144 157
1738678905054 0.49269144277753824 158
1738678905127 0.055499871220167765 159
1738678905193 0.00033496162013818553 160
1738678905311 0.021942889963699752 161
1738678905387 0.052436868043685976 162
1738678905464 0.04074300625510059 163
1738678905531 0.13617878987413676 164
1738678905586 0.04514751471439944 165
1738678905757 0.14663372335757385 166
1738678905831 0.004851016408256978 167
1738678905901 0.0014108545562929497 168
1738678905971 0.6260164129714528 169
1738678906058 0.0041044194424287705 170
1738678906127 0.29024430362848275 171
1738678906198 0.0007681323411424323 172
1738678906268 0.0001929347310986083 173
1738678906338 0.0033218615971369763 174
1738678906404 0.0063715428824507245 175
1738678906460 1.6569223348326438 176
1738678906546 0.01277211345129344 177
1738678906631 0.17631972895760395 178
1738678906705 0.009406911182481801 179
1738678906778 0.06340542106629135 180
1738678906848 0.06508423275950709 181
1738678906935 0.12762649661705874 182
1738678906998 0.012910806656456452 183
1738678907068 0.08829358666941604 184
1738678907136 0.009836666322329766 185
1738678907198 0.5442552671352585 186
1738678907270 0.0012504570475989267 187
1738678907333 0.11745221712713731 188
1738678907389 0.000560959347798784 189
1738678907487 0.13556644762706463 190
1738678907567 0.2013365638797661 191
1738678907630 0.0816520333586344 192
1738678907713 0.010160741487440728 193
1738678907776 0.026440663691162332 194
1738678907841 0.0025392403076669743 195
1738678907926 0.01591858532006964 196
1738678908125 0.13646161903427098 197
1738678908227 0.011287632372939716 198
1738678908325 0.013800005924107824 199
1738678908421 0.002500854098899121 200
1738678908491 0.0736369433161099 201
1738678908570 0.4647764897222931 202
1738678908644 0.3618971693931575 203
1738678908715 0.0007259495566690974 204
1738678908786 0.006035781303666143 205
1738678908858 0.4108076301236949 206
1738678908936 0.0033034557173957967 207
1738678909001 0.2811956218423696 208
1738678909076 0.18587143245577037 209
1738678909154 0.08082772766383589 210
1738678909226 0.23774210306144597 211
1738678909293 0.05572021436068076 212
1738678909365 0.040953955254034786 213
1738678909439 0.3917207629383669 214
1738678909510 7.177121480420708e-05 215
1738678909608 0.0017866425805014056 216
1738678909703 0.08102663463280052 217
1738678909806 0.00618294343303911 218
1738678909880 0.1938728230549771 219
1738678909957 0.026616108973258047 220
1738678910021 0.021230995204227037 221
1738678910094 0.14050896670584906 222
1738678910173 0.013149951126299367 223
1738678910248 0.00010167571605910909 224
1738678910317 0.22128644797306127 225
1738678910386 0.03050597261989662 226
1738678910457 5.684328208887794e-07 227
1738678910531 0.006376975327721065 228
1738678910604 0.002184441707160445 229
1738678910662 0.1124255357108511 230
1738678910718 0.04612155047031811 231
1738678910784 0.01386829621850028 232
1738678910859 0.009659464350474432 233
1738678910925 0.04045267481318738 234
1738678910996 0.00043436137940974925 235
1738678911067 0.012248126078209156 236
1738678911143 0.06353817076435511 237
1738678911223 0.05155910495042115 238
1738678911290 0.10636563592027594 239
1738678911360 0.0841562311589268 240
1738678911416 0.23262929855660905 241
1738678911470 0.031075877021630186 242
1738678911646 0.000276427203624568 243
1738678911720 0.002171399986108093 244
1738678911794 0.06384669980906842 245
1738678911870 0.6963618463124382 246
1738678911946 0.009081434689115247 247
1738678912015 0.02039831005696059 248
1738678912089 0.08023455103247243 249
1738678912157 0.014465502793472492 250
1738678912233 0.04873918887940216 251
1738678912304 0.016435276963418385 252
1738678912376 0.02509213268356537 253
1738678912443 0.014983902387574459 254
1738678912522 0.0019498931998080684 255
1738678912595 0.0565683586847354 256
1738678912670 0.008417536695614132 257
1738678912740 0.42916435360014804 258
1738678912809 0.16591279508687756 259
1738678912863 0.1869884154602695 260
1738678912925 0.03993200816555869 261
1738678913001 0.012548307863494004 262
1738678913066 0.21641903374337054 263
1738678913146 0.0033516746725857018 264
1738678913225 0.0008982341424982508 265
1738678913306 0.3330255425511652 266
1738678913360 0.04877550579753798 267
1738678913434 0.018517107989802866 268
1738678913493 0.000618224127145272 269
1738678913559 0.04816513547618962 270
1738678913642 0.13572938276099294 271
1738678913710 0.009576272277020738 272
1738678913775 0.0014969392973494817 273
1738678913844 0.0018634478939896957 274
1738678913917 0.0035777399002398748 275
1738678913990 9.988316992581899e-05 276
1738678914100 9.986732465794068e-06 277
1738678914169 0.0003501319931977457 278
1738678914241 0.21210880996179848 279
1738678914308 0.08075962461413046 280
1738678914369 0.0008427238030331113 281
1738678914500 0.03315456784296514 282
1738678914571 0.01756991295532871 283
1738678914637 0.0020013834162419847 284
1738678914707 0.10182694588700465 285
1738678914785 0.11609011187383018 286
1738678914852 0.04903179549467032 287
1738678914924 0.01752078275510934 288
1738678915048 0.024872577798276563 289
1738678915131 0.1820830429084448 290
1738678915242 0.24847827929398306 291
1738678915309 0.027860908182724547 292
1738678915382 0.007430750822021549 293
1738678915456 0.05214968370764303 294
1738678915530 0.0069476364170325084 295
1738678915604 0.03574239787092207 296
1738678915669 0.002195618111475805 297
1738678915732 0.015678707783641808 298
1738678915799 0.40527453816630876 299
1738678915859 0.0006024432591303693 300
1738678915927 0.1877945345380054 301
1738678915994 0.0008677371896806784 302
1738678916064 0.0007801473691462316 303
1738678916116 0.11035804120921051 304
1738678916186 0.09719933917149501 305
1738678916250 0.10586431979976788 306
1738678916317 0.09367984378369822 307
1738678916390 0.007549282762633041 308
1738678916460 0.0012594279224763753 309
1738678916526 0.0067136419161469806 310
1738678916593 0.0038122542299110426 311
1738678916662 0.033364155957565644 312
1738678916729 0.29025609064098373 313
1738678916795 0.004002189432808151 314
1738678916859 0.14060608922398257 315
1738678916923 0.015720850708058728 316
1738678916989 0.0032141286687530778 317
1738678917061 0.003647014074026863 318
1738678917121 0.061267481438267636 319
1738678917186 0.0016074995616748328 320
1738678917250 0.023121794763741686 321
1738678917312 0.0834545395265926 322
1738678917379 0.03946518153600476 323
1738678917447 0.13619473579379224 324
1738678917513 0.00022953739540534007 325
1738678917576 0.010820306130616636 326
1738678917639 0.1070397202902708 327
1738678917704 0.39061144514169244 328
1738678917770 0.005538839507579209 329
1738678917842 0.10080989654700243 330
1738678917910 0.07518745415307483 331
1738678917978 0.01957574465411464 332
1738678918055 0.042134590560895344 333
1738678918119 0.05126348482535908 334
1738678918182 0.02777327362362892 335
1738678918256 0.000991238388143066 336
1738678918324 0.0019386055447222306 337
1738678918387 0.0020858089566921515 338
1738678918455 0.00031408615284527044 339
1738678918517 0.20998641836122905 340
1738678918577 0.045215100852109794 341
1738678918639 0.07928710636096632 342
1738678918714 0.31244930693580625 343
1738678918778 0.10489486718135108 344
1738678918849 0.029088971557148346 345
1738678918913 0.010832325453023152 346
1738678918983 0.21871521988188292 347
1738678919048 0.00011310285207815355 348
1738678919112 0.568440981267324 349
1738678919182 0.00642597955117416 350
1738678919246 0.002042090209369024 351
1738678919308 0.023053973998753478 352
1738678919360 0.5098125127476325 353
1738678919426 0.025893821412066212 354
1738678919495 0.021690532563706167 355
1738678919574 0.01840998970279958 356
1738678919636 0.35383639391219746 357
1738678919700 0.00748442394686341 358
1738678919758 0.04386227183156944 359
1738678919819 0.3116626230558723 360
1738678919885 0.010944140204121475 361
1738678919973 0.06326481753283827 362
1738678920032 0.0771480808441565 363
1738678920102 9.912996844667163e-05 364
1738678920188 0.058061689888522575 365
1738678920274 0.2752438317152999 366
1738678920336 0.14513411527381329 367
1738678920421 0.030045101140956113 368
1738678920491 0.005950668396839244 369
1738678920554 0.09686990618504393 370
1738678920619 0.005197384170187096 371
1738678920693 0.1802110211337002 372
1738678920756 0.002411546624872435 373
1738678920817 0.08599187125995111 374
1738678920878 0.09716973573499471 375
1738678920949 0.002330017538238088 376
1738678921011 0.06597656543016739 377
1738678921075 0.05437824173098226 378
1738678921125 0.0063805924876531835 379
1738678921187 0.009358771221779505 380
1738678921256 0.0015942581508529138 381
1738678921311 0.03558966923306191 382
1738678921369 0.02299206419014359 383
1738678921428 0.02561180646900454 384
1738678921493 0.005686209933663693 385
1738678921560 0.042215854300525976 386
1738678921619 0.1657432764510602 387
1738678921688 9.494668795547863e-05 388
1738678921759 0.0028078874398437645 389
1738678921816 0.0009444649217271127 390
1738678921875 0.0242533518252105 391
1738678921938 0.19373642388380546 392
1738678922001 0.18582227302064686 393
1738678922083 0.008916668163191395 394
1738678922152 0.01952962828202083 395
1738678922225 0.05885112835746275 396
1738678922294 0.017941533228281042 397
1738678922346 0.1300174918801084 398
1738678922411 0.001162011540071417 399
1738678922483 0.029892858939744398 400
1738678922548 0.0007807129944735353 401
1738678922613 0.0745933539537982 402
1738678922677 0.05161163231290792 403
1738678922739 0.4584596570687361 404
1738678922835 0.15096796561169834 405
1738678922895 0.033319972367498236 406
1738678922961 0.052649949328291784 407
1738678923035 0.004329117816142493 408
1738678923104 0.13738125168660728 409
1738678923175 0.1262522656693053 410
1738678923245 0.2229230767402964 411
1738678923332 0.04762601125117532 412
1738678923386 0.5545346426218113 413
1738678923451 0.09678076968369538 414
1738678923514 0.0069694157340837335 415
1738678923581 0.21410373955135228 416
1738678923651 0.0012006890568634983 417
1738678923718 0.0970424613969781 418
1738678923786 0.24379176327984428 419
1738678923849 0.08375625470207118 420
1738678923912 0.037038467388847696 421
1738678923985 0.043391409598670924 422
1738678924042 0.1872009483649795 423
1738678924102 0.07475048680473635 424
1738678924179 0.0058052159159481306 425
1738678924248 0.00196971430721112 426
1738678924319 0.27941803407108345 427
1738678924386 0.0453349657678795 428
1738678924453 0.26855986487952643 429
1738678924522 0.021588820031534398 430
1738678924595 0.0006301043312444919 431
1738678924655 0.06968084537204837 432
1738678924719 0.00012699472356454046 433
1738678924794 0.2040950474157081 434
1738678924864 1.2338212031586182e-06 435
1738678924929 0.0019958385334432486 436
1738678924999 0.265694600130789 437
1738678925067 0.09737363928857871 438
1738678925136 0.004337772958172616 439
1738678925213 0.044853841435839786 440
1738678925274 0.010976495221946334 441
1738678925342 0.04012717448682001 442
1738678925399 0.0005408640759599966 443
1738678925457 0.006888594075047456 444
1738678925521 0.16301075058016531 445
1738678925572 0.0032747521731224805 446
1738678925644 0.6871038703359947 447
1738678925728 3.991624670580033e-05 448
1738678925825 0.0727768534217224 449
1738678925876 0.012268637450935016 450
1738678925938 0.1502860867363934 451
1738678926006 0.3812658199982195 452
1738678926075 0.012000294300418081 453
1738678926155 0.02964252737197199 454
1738678926227 0.030312913903682757 455
1738678926306 0.028419408083191638 456
1738678926375 0.00046316959351292634 457
1738678926446 0.0166757569586148 458
1738678926515 0.03762437048833189 459
1738678926577 0.02956285208896725 460
1738678926653 0.2013287240815314 461
1738678926714 0.005962020349951568 462
1738678926776 0.012930685788568113 463
1738678926850 0.0014145942360450237 464
1738678926918 0.13489133852643329 465
1738678926983 0.02179966754832662 466
1738678927053 0.015729355930901696 467
1738678927121 0.005042771894254541 468
1738678927187 0.008651562184028289 469
1738678927258 0.15174171939575073 470
1738678927320 0.0032459104829448957 471
1738678927383 0.1674581242024358 472
1738678927443 0.024889612568686402 473
1738678927511 0.002228041122694003 474
1738678927585 0.0012085462596612472 475
1738678927667 0.010952483959376742 476
1738678927743 0.033896457394183746 477
1738678927817 0.007808362850997976 478
1738678927882 0.018866460065548384 479
1738678927948 0.03729069553633027 480
1738678928017 0.013688256049373309 481
1738678928082 0.01883954152284786 482
1738678928150 0.01608193621582628 483
1738678928226 0.35279675115605524 484
1738678928293 0.04736494590604945 485
1738678928359 0.0007399488074260627 486
1738678928419 0.01701953979687938 487
1738678928506 0.0478385945609307 488
1738678928559 0.01977528045221218 489
1738678928637 0.029839477981304444 490
1738678928704 0.08458538415682809 491
1738678928771 0.013420776708961928 492
1738678928835 0.16274201405731709 493
1738678928904 0.05106952741845047 494
1738678928967 0.0024497262530164135 495
1738678929031 0.010898380942343692 496
1738678929103 0.09695571677230586 497
1738678929166 0.22123348291099842 498
1738678929233 0.01829857794899671 499
