1738679249086 169.46928671508385 0
1738679249102 169.46666896613903 1
1738679249123 169.46214516299545 2
1738679249140 169.45593271652183 3
1738679249158 169.4482357032598 4
1738679249173 169.4392443936156 5
1738679249188 169.4291351171314 6
1738679249210 169.41807038784282 7
1738679249224 169.40619922675276 8
1738679249241 169.39365763015505 9
1738679249257 169.38056914228486 10
1738679249279 169.36704549887628 11
1738679249300 169.35318731492006 12
1738679249314 169.33908479547048 13
1738679249329 169.3248184529299 14
1738679249345 169.31045981800233 15
1738679249359 169.29607213458775 16
1738679249371 169.28171103140153 17
1738679249385 169.26742516513707 18
1738679249398 169.25325683163237 19
1738679249413 169.2392425428129 20
1738679249434 169.22541356822657 21
1738679249451 169.2117964408029 22
1738679249468 169.19841342710342 23
1738679249484 169.1852829628122 24
1738679249500 169.17242005457683 25
1738679249515 169.15983664956673 26
1738679249530 169.1475419742987 27
1738679249542 169.13554284439036 28
1738679249557 169.12384394696704 29
1738679249574 169.11244809746964 30
1738679249588 169.10135647260122 31
1738679249601 169.09056882111827 32
1738679249614 169.0800836541199 33
1738679249627 169.06989841642542 34
1738679249641 169.06000964055613 35
1738679249656 169.05041308475916 36
1738679249672 169.04110385642696 37
1738679249690 169.03207652218364 38
