1738825067547 183.11513110300322 0
1738825067589 202.50575473236546 1
1738825067630 81.44557068817745 2
1738825067670 160.936938804922 3
1738825067711 168.77258173902445 4
1738825067753 92.11778394016713 5
1738825067795 148.89837988446135 6
1738825067836 223.79704782779737 7
1738825067877 179.5492623051301 8
1738825067918 176.8069808694158 9
1738825067959 171.59613683112795 10
1738825068000 167.58160426538785 11
1738825068040 176.35088589725947 12
1738825068081 168.99324881717445 13
1738825068125 140.4587460425003 14
1738825068166 214.8077914482033 15
1738825068207 164.40244519746736 16
1738825068248 134.35162792505776 17
1738825068289 159.81697737132382 18
1738825068330 102.9865668536365 19
1738825068371 182.8405995589238 20
1738825068411 184.9440826731166 21
1738825068452 215.32422653329172 22
1738825068492 95.98783321408489 23
1738825068533 194.1852978866958 24
1738825068573 155.91179115563 25
1738825068614 230.95725178948697 26
1738825068654 182.39242920045595 27
1738825068695 176.4345050514958 28
1738825068737 103.27361641467319 29
1738825068779 187.82201892903984 30
1738825068821 182.1333145949828 31
1738825068863 174.55295998937626 32
1738825068904 172.4546994225211 33
1738825068944 139.72908855860985 34
1738825068985 218.82218298901205 35
1738825069026 155.12220961611183 36
1738825069066 141.02866603845118 37
1738825069106 252.3068495922132 38
1738825069147 153.77710713385625 39
1738825069187 195.8461954666036 40
1738825069227 349.3209532037951 41
1738825069268 126.5614043362439 42
1738825069309 150.21241964314962 43
1738825069349 191.73088644669582 44
1738825069390 165.09280683718777 45
1738825069431 190.3231188475225 46
1738825069472 143.95076360594027 47
1738825069513 205.62136297527877 48
1738825069554 175.87151077328704 49
1738825069594 165.0755695528507 50
1738825069635 175.5547955740168 51
1738825069675 155.57418952403924 52
1738825069716 226.56426220356653 53
1738825069757 71.7006587207823 54
1738825069798 466.9584871105167 55
1738825069839 225.77034589514275 56
1738825069879 174.1072242820476 57
1738825069920 199.31983123556958 58
1738825069961 155.60147189438908 59
1738825070002 172.46816753802867 60
1738825070043 223.60338201139746 61
1738825070086 176.07373425108509 62
1738825070129 153.73203618557042 63
1738825070171 241.92411922876002 64
1738825070212 119.74907356170104 65
1738825070254 348.66091446139177 66
1738825070295 152.0846829522523 67
1738825070336 164.6540773005952 68
1738825070377 215.75984964855326 69
1738825070418 161.2505610202351 70
1738825070459 197.07613690491524 71
1738825070499 109.32383977062024 72
1738825070540 138.0162504833626 73
1738825070581 178.36705405325438 74
1738825070621 164.21088316528596 75
1738825070662 228.44168028851993 76
1738825070702 171.2143375202193 77
1738825070746 186.88671101148276 78
1738825070789 136.61320732907683 79
1738825070830 146.83525335681986 80
1738825070871 127.47686835414419 81
1738825070911 199.6663695838611 82
1738825070951 130.90806595055744 83
1738825070991 167.2174968416983 84
1738825071036 217.98743268496023 85
1738825071078 194.27503285211756 86
1738825071119 146.17331620961187 87
1738825071160 167.941866765168 88
1738825071201 212.50816669243224 89
1738825071242 185.39421718003828 90
1738825071283 217.86750794547723 91
1738825071325 173.23269796565916 92
1738825071367 163.94828463976683 93
1738825071407 144.43624216718257 94
1738825071448 191.86589106032656 95
1738825071489 173.1160125352711 96
1738825071530 133.35045505565955 97
1738825071571 190.86994776045216 98
1738825071612 203.69109218410986 99
1738825071652 188.02290186581257 100
1738825071693 118.82454400398804 101
1738825071735 161.05778834161222 102
1738825071775 176.56428671378575 103
1738825071816 179.92299673444418 104
1738825071856 172.24447967909546 105
1738825071897 148.41648813255543 106
1738825071937 188.52256004344417 107
1738825071978 191.55243143953723 108
1738825072018 132.8664967277541 109
1738825072059 287.60296572146336 110
1738825072099 220.61168896743285 111
1738825072139 112.90154277336926 112
1738825072180 228.78537394714218 113
1738825072221 189.04188561797133 114
1738825072262 137.66119674394503 115
1738825072303 218.81179768739827 116
1738825072347 181.12360629435713 117
1738825072393 139.878090012386 118
1738825072440 117.89686051933027 119
1738825072483 171.1527726255699 120
1738825072526 156.61269757490538 121
1738825072567 134.47635746612164 122
1738825072607 161.78880022105338 123
1738825072648 148.65195391760875 124
1738825072688 178.4842953098105 125
1738825072729 165.70459451910483 126
1738825072770 172.58324771670866 127
1738825072811 118.08096043915062 128
1738825072851 183.45243877985138 129
1738825072892 161.88339729519834 130
1738825072934 147.4282945505206 131
1738825072975 203.6484565973818 132
1738825073015 166.4254353946202 133
1738825073056 129.06089896722108 134
1738825073097 159.4277473648916 135
1738825073138 160.13518727546813 136
1738825073178 135.225973035113 137
1738825073219 135.85754162404473 138
1738825073261 216.43405337149417 139
1738825073302 174.49396078289698 140
1738825073342 143.47884702824598 141
1738825073383 182.25509959493786 142
1738825073424 151.58411589791538 143
1738825073465 136.74179494031893 144
1738825073505 162.97759761457613 145
1738825073546 404.3402752184515 146
1738825073586 197.10835447315236 147
1738825073627 55.93400465209336 148
1738825073667 183.89342215070886 149
1738825073708 205.63103441184305 150
1738825073748 138.17341439757826 151
1738825073789 224.8414123550377 152
1738825073829 192.772432388742 153
1738825073870 175.38679794416066 154
1738825073911 188.1555955508564 155
1738825073951 161.73949731618646 156
1738825073991 165.69869321322093 157
1738825074032 209.10078809044174 158
1738825074072 187.7751703220673 159
1738825074113 129.40507237777157 160
1738825074153 153.78358940775055 161
1738825074194 170.02203104700357 162
1738825074235 141.11589336534584 163
1738825074275 185.97330514261918 164
1738825074316 85.28357883643311 165
1738825074356 332.9565962629664 166
1738825074397 161.6651704785716 167
1738825074438 224.95287123528166 168
1738825074479 156.21276295009852 169
1738825074519 129.8383854607119 170
1738825074560 51.995978429796 171
1738825074602 220.9579988863706 172
1738825074643 180.89661525415283 173
1738825074684 161.1476020439071 174
1738825074725 130.82262606189673 175
1738825074766 147.05459448348307 176
1738825074807 138.49116413217794 177
1738825074848 152.65041943616873 178
1738825074889 194.7933986592274 179
1738825074929 155.78647261273466 180
1738825074970 197.61986266639926 181
1738825075010 145.13478526185963 182
1738825075051 162.95965609627495 183
1738825075091 158.0615207105441 184
1738825075132 157.13400657338875 185
1738825075172 212.06699748555062 186
1738825075212 178.06601143477369 187
1738825075253 199.2269811411055 188
1738825075294 204.59602714779118 189
1738825075335 146.6480107375089 190
1738825075376 154.68280843859475 191
1738825075417 189.49034984021299 192
1738825075458 188.38737007783647 193
1738825075499 139.87410917040012 194
1738825075540 259.2300523812943 195
1738825075580 173.67782997062528 196
1738825075621 171.77783228563362 197
1738825075662 185.8609012168681 198
1738825075702 117.27979778734439 199
1738825075743 173.64634747024584 200
1738825075783 170.21527393131137 201
1738825075824 121.25285823667241 202
1738825075865 164.07017693818085 203
1738825075905 221.45145061856022 204
1738825075946 209.32438781968392 205
1738825075986 124.9595641305683 206
1738825076027 145.2168869796353 207
1738825076067 163.32536033272265 208
1738825076108 275.44274874933365 209
1738825076148 179.79087612334314 210
1738825076189 170.96875298673677 211
1738825076229 195.95133776476797 212
1738825076270 194.78654175948935 213
1738825076311 119.0146799323909 214
1738825076352 134.1642419622796 215
1738825076393 167.4660405793816 216
1738825076433 189.62268662858335 217
1738825076474 178.46480688816015 218
1738825076514 122.49150177211504 219
1738825076555 189.26537939215874 220
1738825076595 177.25293085834886 221
1738825076636 171.03556143578908 222
1738825076677 185.4978567464521 223
1738825076718 107.05277745036794 224
1738825076758 144.92825733572502 225
1738825076799 140.78572686597735 226
1738825076840 169.49419257850028 227
1738825076880 168.2647206048534 228
1738825076921 169.07293654235937 229
1738825076961 121.32854534314231 230
1738825077002 180.14392283060573 231
1738825077043 193.5381589313094 232
1738825077083 164.5777040467107 233
1738825077124 161.11214745358953 234
1738825077164 377.6530480577766 235
1738825077205 121.80867883214205 236
1738825077246 249.70792733995285 237
1738825077287 135.65812086449552 238
1738825077327 188.21640259762313 239
1738825077368 164.93213765776858 240
1738825077408 118.70675152556748 241
1738825077449 156.6272618452778 242
1738825077489 161.8097532949071 243
1738825077530 188.10281290214138 244
1738825077570 164.63602796845387 245
1738825077610 203.3392661335973 246
1738825077651 90.4943771603539 247
1738825077692 178.65205401824082 248
1738825077732 156.3000232557323 249
1738825077773 172.687038737551 250
1738825077814 128.99455016949136 251
1738825077855 234.94353506139313 252
1738825077896 175.6685953984622 253
1738825077936 158.25246194165362 254
1738825077977 160.61724745064177 255
1738825078017 185.10120977663564 256
1738825078058 130.03612264093485 257
1738825078098 174.4823870872315 258
1738825078138 158.6008258415024 259
1738825078179 191.23366464780372 260
1738825078220 189.71084184595503 261
1738825078261 80.25554887665311 262
1738825078303 123.0415413296993 263
1738825078343 170.31319078744903 264
1738825078384 160.954134865538 265
1738825078425 133.968835563321 266
1738825078465 175.50234339493207 267
1738825078506 103.70522202471663 268
1738825078547 156.80373037195486 269
1738825078587 181.3794275819174 270
1738825078628 171.8480118285977 271
1738825078668 174.2428952384837 272
1738825078709 149.4735418520479 273
1738825078749 132.56959437052757 274
1738825078790 140.39812529776822 275
1738825078832 140.09178174072758 276
1738825078873 185.2461513913958 277
1738825078914 144.2013564098021 278
1738825078955 36.32096903332513 279
1738825078995 220.24364847648565 280
1738825079036 192.82073974385088 281
1738825079076 154.46538274560467 282
1738825079117 196.07405506520283 283
1738825079158 134.00829877806075 284
1738825079198 169.4396039331214 285
1738825079239 143.1119198244694 286
1738825079279 133.2644441932702 287
1738825079320 160.86574737679197 288
1738825079360 181.41857439641024 289
1738825079400 184.09478043501633 290
1738825079441 220.60920812447455 291
1738825079482 69.86717334708217 292
1738825079522 243.58985264068306 293
1738825079563 158.8847336760035 294
1738825079603 81.74586585435057 295
1738825079644 84.785551890456 296
1738825079685 169.00330239186707 297
1738825079725 135.47202053142888 298
1738825079766 221.71304421859992 299
1738825079806 168.35123736847206 300
1738825079847 176.99996457627768 301
1738825079888 131.5018753851375 302
1738825079929 159.51868684078576 303
1738825079969 160.2502959246301 304
1738825080010 176.5263011550358 305
1738825080050 153.4177951846622 306
1738825080091 147.9412043937495 307
1738825080131 171.56006591227734 308
1738825080172 147.88949197918467 309
1738825080212 126.46692708496496 310
1738825080253 165.78755727939367 311
1738825080293 171.16510475747316 312
1738825080334 186.61017368313634 313
1738825080375 186.9819296388452 314
1738825080416 144.7970450509533 315
1738825080456 155.9291824237155 316
1738825080497 127.76158229219051 317
1738825080538 210.85235451057147 318
1738825080578 182.80584453254576 319
1738825080619 199.80385157988482 320
1738825080659 145.70489840703192 321
1738825080700 152.61077423738806 322
1738825080740 168.14046800175836 323
1738825080781 156.40917382670605 324
1738825080821 238.24129875379293 325
1738825080862 99.06267575382743 326
1738825080902 134.95095118511477 327
1738825080943 197.2300209416109 328
1738825080985 160.285512546497 329
1738825081026 203.35405254595543 330
1738825081067 163.47327266460076 331
1738825081107 181.517081774452 332
1738825081148 198.66943089821643 333
1738825081188 137.60285971956503 334
1738825081229 220.36472932932028 335
1738825081269 205.98880538485392 336
1738825081310 193.8520908687338 337
1738825081350 159.44256012300986 338
1738825081391 189.90659835936748 339
1738825081432 192.267730083825 340
1738825081472 167.69128033854324 341
1738825081513 116.12636503707502 342
1738825081554 176.22694303029235 343
1738825081595 193.6297472328058 344
1738825081635 158.75650020633034 345
1738825081677 192.35914838102713 346
1738825081717 119.73889095728417 347
1738825081761 149.17952241292753 348
1738825081839 189.3349814425103 349
1738825081883 192.43616568681034 350
1738825081924 163.1564825926934 351
1738825081966 82.72833869784756 352
1738825082007 205.7998982909999 353
1738825082051 354.281260346168 354
1738825082092 157.77645836263954 355
1738825082133 146.7076842574204 356
1738825082174 62.063945284708474 357
1738825082214 189.8229410364357 358
1738825082256 152.66318847490382 359
1738825082297 104.09616114619143 360
1738825082338 154.1132196849658 361
1738825082379 196.46141914514254 362
1738825082419 180.37212458901502 363
1738825082460 195.16705731740737 364
1738825082500 191.98075307465132 365
1738825082542 219.0506701570865 366
1738825082584 255.43314152815316 367
1738825082624 135.2470294644335 368
1738825082665 184.69872241769124 369
1738825082705 128.4154043697098 370
1738825082746 124.54330358310723 371
1738825082788 129.537139027364 372
1738825082828 110.0432728536203 373
1738825082869 207.10980374696442 374
1738825082909 164.2804941366915 375
1738825082950 205.08640897316388 376
1738825082991 135.05586879283902 377
1738825083032 53.072216497855436 378
1738825083074 148.46439332332528 379
1738825083115 168.38767627818527 380
1738825083155 272.40880383797867 381
1738825083196 173.03388453939877 382
1738825083237 156.1669714372232 383
1738825083280 190.6086381344368 384
1738825083321 210.24637574744625 385
1738825083362 187.16678342929524 386
1738825083403 169.2418235190916 387
1738825083443 133.2597607328021 388
1738825083484 157.14060292113723 389
1738825083524 166.44039438291114 390
1738825083565 171.66089697676654 391
1738825083605 141.47935086277928 392
1738825083646 103.08208514 393
1738825083686 205.99924411261694 394
1738825083727 209.98428289734784 395
1738825083767 159.06224870078248 396
1738825083809 145.17274318981498 397
1738825083850 158.48192816787716 398
1738825083892 126.0976994920964 399
1738825083932 166.84527065635848 400
1738825083972 170.648336394907 401
1738825084014 171.80752440496445 402
1738825084057 170.00298213389257 403
1738825084097 148.7602820166568 404
1738825084138 139.89994864110392 405
1738825084178 177.54595925113128 406
1738825084219 145.4992511632296 407
1738825084259 204.32640532205667 408
1738825084299 181.605727722177 409
1738825084340 160.46719872453292 410
1738825084381 189.04313000897056 411
1738825084421 39.26072719463393 412
1738825084462 168.68182380384332 413
1738825084503 157.56586805478645 414
1738825084544 182.4845124834364 415
1738825084585 165.22303730972973 416
1738825084626 175.9100995575405 417
1738825084666 127.14213403040723 418
1738825084707 169.97393707208207 419
1738825084748 225.49882373078498 420
1738825084789 150.26817196601934 421
1738825084829 176.5303715828128 422
1738825084869 95.80779547350606 423
1738825084910 231.27708028611835 424
1738825084951 173.86356544324937 425
1738825084991 257.7761194719567 426
1738825085032 211.75899649394037 427
1738825085072 208.20885390278352 428
1738825085112 199.52679779268698 429
1738825085153 132.007512033566 430
1738825085193 160.62125889959268 431
1738825085234 164.99045265217777 432
1738825085275 125.71466052761217 433
1738825085316 191.11215017816485 434
1738825085358 141.79607706720196 435
1738825085399 185.18082913431354 436
1738825085439 111.84198967915614 437
1738825085481 153.54330802411417 438
1738825085521 169.07026940280943 439
1738825085563 92.80284694085655 440
1738825085604 348.2024457814594 441
1738825085644 193.70335990768365 442
1738825085685 192.9987991150322 443
1738825085726 125.16111897766456 444
1738825085767 183.77481527948692 445
1738825085808 244.95330330148715 446
1738825085849 247.16246589850488 447
1738825085889 217.31806394413096 448
1738825085930 132.24273926948186 449
1738825085971 190.4500479736698 450
1738825086012 156.68092651946964 451
1738825086052 154.386001853401 452
1738825086093 194.20828000209957 453
1738825086133 136.99957525231557 454
1738825086175 190.20208739854112 455
1738825086216 148.51707514750308 456
1738825086256 166.35352428309608 457
1738825086297 185.0586597677004 458
1738825086337 154.70081056077157 459
1738825086378 225.22447767174174 460
1738825086419 155.53775419077326 461
1738825086459 183.3554885844012 462
1738825086500 181.498819421653 463
1738825086540 180.9085875322731 464
1738825086581 177.76517848518054 465
1738825086621 214.65271233248978 466
1738825086662 93.40125929427656 467
1738825086703 152.7801293681086 468
1738825086744 194.89174045844882 469
1738825086785 155.2169172328565 470
1738825086826 147.4923868308674 471
1738825086867 168.66221461155806 472
1738825086907 211.46522557618823 473
1738825086948 180.22652295464465 474
1738825086988 152.5429142285668 475
1738825087029 287.6178106614827 476
1738825087069 181.48636515462013 477
1738825087110 166.0487052624282 478
1738825087150 157.8413271573725 479
1738825087191 110.44565022724973 480
1738825087231 151.22511455529184 481
1738825087272 188.37921492247958 482
1738825087312 202.9875217384245 483
1738825087353 198.8950458766258 484
1738825087394 211.32816380990178 485
1738825087435 184.84765416980483 486
1738825087475 180.43611156497386 487
1738825087516 176.87744092968708 488
1738825087557 264.5469253251766 489
1738825087597 126.50807239389529 490
1738825087638 194.0872364083793 491
1738825087679 169.5588010745141 492
1738825087719 82.50438133031237 493
1738825087760 193.72443975691468 494
1738825087801 47.294776924764385 495
1738825087841 153.53562180626253 496
1738825087882 206.73658066832314 497
1738825087923 217.28892024093423 498
1738825087964 168.88867811063017 499
