1738824935830 175.5563401752966 0
1738824935837 171.27840099209598 1
1738824935844 167.97457121603082 2
1738824935850 170.93285926021494 3
1738824935856 167.835772942724 4
1738824935862 164.12280291909687 5
1738824935869 162.0523155193396 6
1738824935875 165.42486934750673 7
1738824935881 171.1781088789666 8
1738824935888 166.609228369219 9
1738824935894 165.52968003829844 10
1738824935900 167.00259235558053 11
1738824935907 170.48137353490608 12
1738824935913 174.5771948242388 13
1738824935920 168.27154016856434 14
1738824935927 166.40985267207333 15
1738824935933 164.8536485025326 16
1738824935940 170.13333036977 17
1738824935947 169.20120035455585 18
1738824935954 168.8979103773047 19
1738824935960 176.93013192909916 20
1738824935966 170.85473775899172 21
1738824935973 166.67654017862188 22
1738824935979 172.39900374644975 23
1738824935986 170.4222839800752 24
1738824935992 170.46080230282072 25
1738824935999 171.1429264311141 26
1738824936005 168.83084984220693 27
1738824936012 170.4014219399757 28
1738824936019 162.45081169176726 29
1738824936026 175.0909672015313 30
1738824936033 171.63100281807934 31
1738824936040 164.7085481724078 32
1738824936048 166.98266898558532 33
1738824936055 168.85921951365268 34
1738824936061 162.9979927602019 35
1738824936068 166.91419648937338 36
1738824936074 167.4056675191236 37
1738824936081 171.94266244431387 38
1738824936087 162.38641027580118 39
1738824936093 171.4348242003863 40
1738824936100 166.15112168401225 41
1738824936106 173.39902028139701 42
1738824936113 165.5038693859819 43
1738824936119 170.36845157842208 44
1738824936126 171.19589879564634 45
1738824936132 169.18888842011143 46
1738824936139 172.94217040597235 47
1738824936146 167.26238739368046 48
1738824936152 168.58526855093186 49
1738824936159 168.1051085200621 50
1738824936165 165.76894015720816 51
1738824936172 172.3648878039365 52
1738824936179 164.41136527415844 53
1738824936185 171.79210002566427 54
1738824936192 170.90647334673073 55
1738824936198 173.65298318574258 56
1738824936205 169.96831379711634 57
1738824936211 171.33117944013017 58
1738824936217 169.98977293987895 59
1738824936223 165.181718885475 60
1738824936230 167.3586541500422 61
1738824936236 169.44888376608966 62
1738824936243 168.22609017167656 63
1738824936250 170.16536233223337 64
1738824936256 171.361338558642 65
1738824936263 163.97462914763904 66
1738824936269 166.43042442889433 67
1738824936276 167.30577046628736 68
1738824936282 165.16448500859184 69
1738824936289 164.93554045418196 70
1738824936296 171.24461619821705 71
1738824936302 170.33576713994057 72
1738824936309 166.97139447711163 73
1738824936316 168.88627456006813 74
1738824936322 167.082043128927 75
1738824936328 173.22124424922683 76
1738824936334 172.0552599577537 77
1738824936341 171.81835537010164 78
1738824936348 167.89015345520338 79
1738824936354 168.55425650710026 80
1738824936361 166.9022415661232 81
1738824936367 168.26687205040054 82
1738824936374 169.91510477819392 83
1738824936380 173.79745419226086 84
1738824936387 165.89374452105218 85
1738824936393 169.98435380336045 86
1738824936400 172.48896384039188 87
1738824936407 169.2631353350541 88
1738824936413 166.09358199671564 89
1738824936419 171.53746739423678 90
1738824936426 164.5278196587509 91
1738824936432 167.98096678033502 92
1738824936439 166.99315713566216 93
1738824936445 166.2886459590858 94
1738824936452 171.21619731879224 95
1738824936458 169.61232082660882 96
1738824936465 167.9838212359598 97
