1738823917475 3.153361078846834 0
1738823917540 90.98566712151747 1
1738823917639 90.09411141089814 2
1738823917743 26.7449049366691 3
1738823917812 37.50499526602239 4
1738823917874 26.541732335035636 5
1738823917964 80.09587691764396 6
1738823918043 61.63553631122137 7
1738823918131 2.806562729680455 8
1738823918207 19.594489041015656 9
1738823918308 53.83370878404426 10
1738823918376 9.477123069927439 11
1738823918433 12.665464436239755 12
1738823918495 24.520186261619802 13
1738823918564 0.5922012050040218 14
1738823918642 11.921898537024592 15
1738823918715 34.43189101696556 16
1738823918793 46.743512338477814 17
1738823918865 38.62202803554013 18
1738823918936 38.83516628589541 19
1738823919005 62.2445034056261 20
1738823919080 24.092338548584326 21
1738823919158 0.11701625899915281 22
1738823919226 51.61647580270861 23
1738823919324 21.831254222377737 24
1738823919390 0.0008764990849498417 25
1738823919459 3.345426687492756 26
1738823919536 0.26224461842952995 27
1738823919599 5.524424080061902 28
1738823919674 12.36920370108542 29
1738823919758 1.5266513357914526 30
1738823919813 19.270516088831336 31
1738823919890 14.350074921609677 32
1738823919962 2.037965435679097 33
1738823920032 1.1199713066560089 34
1738823920105 11.474172152813258 35
1738823920178 14.680687475128126 36
1738823920239 3.632265662331546 37
1738823920307 15.865978573091502 38
1738823920380 5.416618483960584 39
1738823920456 19.442235908471847 40
1738823920522 8.367247475367188 41
1738823920598 12.956180465541614 42
1738823920675 0.9869823452921147 43
1738823920751 0.5124346177006966 44
1738823920816 12.021447471004757 45
1738823920890 0.13913138478201406 46
1738823920947 8.055310548851487 47
1738823921021 2.4156838245919134 48
1738823921103 8.142328754415118 49
1738823921171 0.6000072178219944 50
1738823921230 0.09577844714774102 51
1738823921306 12.06304068049225 52
1738823921375 2.7900280969625886 53
1738823921441 6.738585934932768 54
1738823921512 0.3068745730356749 55
1738823921586 2.928202905481288 56
1738823921664 32.845064257994494 57
1738823921734 3.6548778277889675 58
1738823921846 0.13210285710474723 59
1738823921935 0.274591111484072 60
1738823922016 0.18496201647566698 61
1738823922083 1.5658935760248855 62
1738823922152 1.16679439185211 63
1738823922234 1.3711474877525824 64
1738823922307 0.708705588870769 65
1738823922394 0.23681453264305133 66
1738823922469 2.46600632476489 67
1738823922553 0.07786981775780967 68
1738823922669 1.5854931568818795 69
1738823922738 0.049659794173238396 70
1738823922811 1.4961155473004741 71
1738823922883 0.6806004635961503 72
1738823922934 1.0617157481464248 73
1738823923014 0.44366675739870093 74
1738823923114 0.3957429282959689 75
1738823923187 1.9890699344826692 76
1738823923262 0.31759637271489205 77
1738823923340 1.3158596562680678 78
1738823923479 0.015533596901210001 79
1738823923566 1.3609441279415428 80
1738823923647 13.71035520839651 81
1738823923723 0.007412566616042476 82
1738823923801 0.645246412658616 83
1738823923882 0.3192317185883464 84
1738823923965 1.3286538799787615 85
1738823924041 0.36108092624643146 86
1738823924115 1.8998391800037795 87
1738823924190 0.0703134453622786 88
1738823924262 0.004480391426629012 89
1738823924332 3.244425314623494 90
1738823924411 1.7222830267993139 91
1738823924485 0.005271463859690808 92
1738823924562 0.0032048480678230867 93
1738823924639 0.9148522322141811 94
1738823924720 0.33660546056100127 95
1738823924798 0.025004637175348114 96
1738823924883 0.4223731313639608 97
1738823924962 0.8891557571553469 98
1738823925032 1.331518978087288 99
1738823925102 0.954228553589423 100
1738823925173 0.14571322463925376 101
1738823925231 0.04133405213822478 102
1738823925296 0.0026294525957940304 103
1738823925362 0.07179013201835421 104
1738823925434 0.11738237604975675 105
1738823925510 0.016069324283589738 106
1738823925595 1.848084707949058 107
1738823925673 0.11738368322148776 108
1738823925746 0.10800879868877043 109
1738823925844 0.059474167692415376 110
1738823925925 0.10312766718097911 111
1738823926000 0.4328517271991552 112
1738823926075 0.6647255256920537 113
1738823926158 0.030110615057418254 114
1738823926244 0.12947415619951258 115
1738823926309 0.05689008695813696 116
1738823926391 0.15545698517542805 117
1738823926460 0.8546964530530397 118
1738823926533 0.08066109449257776 119
1738823926614 0.018666160058600192 120
1738823926688 0.00018061855155459885 121
1738823926758 0.13951535020263142 122
1738823926824 0.529943757754758 123
1738823926894 0.015685518418902093 124
1738823926969 1.7771602874747057 125
1738823927058 0.0019003373805805495 126
1738823927140 0.07142952174805357 127
1738823927201 0.04859609756140756 128
1738823927263 0.7558969563024981 129
1738823927330 0.004706758663215795 130
1738823927401 0.00015798400270047327 131
1738823927469 0.0005199533739918441 132
1738823927539 0.00956850649663714 133
1738823927624 1.4720218932349305 134
1738823927696 0.28728352946031505 135
1738823927768 0.17706025840104636 136
1738823927835 0.7479372814483612 137
1738823927940 0.6221506393355997 138
1738823928014 0.2027459766246455 139
1738823928089 0.2972361042625303 140
1738823928163 0.059670510637565025 141
1738823928238 0.23725661672506984 142
1738823928313 0.2596246476036502 143
1738823928391 0.011333283222428455 144
1738823928449 0.3355790803300942 145
1738823928519 0.0745081904004106 146
1738823928590 0.0022858739632891827 147
1738823928668 0.03615758058582358 148
1738823928745 0.0028095360280938728 149
1738823928835 0.424690210050488 150
1738823928926 0.11679290721051747 151
1738823929002 0.03770525744492843 152
1738823929072 0.031929309422543496 153
1738823929148 0.059347418990576654 154
1738823929223 1.0424510040390864 155
1738823929297 0.0391225596309006 156
1738823929370 0.0880420869388731 157
1738823929446 0.19338886392955712 158
1738823929513 0.0062867489252504275 159
1738823929589 0.013981583286947225 160
1738823929669 0.06163083768389305 161
1738823929745 4.580909932672581e-05 162
1738823929818 0.006330889543234855 163
1738823929882 0.0052534267908717885 164
1738823929954 0.11447015148245544 165
1738823930042 0.25297441104586016 166
1738823930123 0.00702990705075782 167
1738823930206 0.022120349917830264 168
1738823930290 0.2682752139785835 169
1738823930370 0.06084048590165948 170
1738823930433 0.03281248190642159 171
1738823930507 0.2794815383182297 172
1738823930583 0.015561699602630251 173
1738823930656 0.01424598417674921 174
1738823930735 0.06558117291225679 175
1738823930816 0.06277102301085674 176
1738823930888 0.035750329448273194 177
1738823930951 0.3988984349766881 178
1738823931014 0.05912108116481483 179
1738823931071 0.00775001783866575 180
1738823931139 0.024370374565953527 181
1738823931209 0.06290569109861813 182
1738823931283 0.17973369460854305 183
1738823931347 0.1147945699317681 184
1738823931420 0.09551405979989035 185
1738823931500 0.45376833901993524 186
1738823931643 0.1774810832634931 187
1738823931724 0.0030921155723583733 188
1738823931812 0.01396209980010696 189
1738823931883 0.02060357667861577 190
1738823931958 0.0551920754834638 191
1738823932073 2.40875903084049e-05 192
1738823932139 0.14930843298893023 193
1738823932195 0.006424935417911661 194
1738823932267 0.0013692012667403902 195
1738823932338 0.1815890444398121 196
1738823932413 0.019705132589775232 197
1738823932478 0.029882671368058406 198
1738823932543 0.0025932751994704327 199
1738823932614 0.10598512869936301 200
1738823932681 0.1458701930653081 201
1738823932751 0.07608087204512597 202
1738823932827 0.0065541391296430876 203
1738823932897 0.13124185421677878 204
1738823932950 0.19344727103166504 205
1738823933025 0.017656771501871227 206
1738823933098 0.00787864461311761 207
1738823933169 0.0695341569009922 208
1738823933247 0.23972316620265655 209
1738823933326 0.09869807225475767 210
1738823933401 0.0012468229013515633 211
1738823933477 0.11355087751810593 212
1738823933545 0.024742613656626982 213
1738823933620 0.08331203192045286 214
1738823933694 0.00546474913598197 215
1738823933769 0.0005267399756360917 216
1738823933849 0.08178406984281256 217
1738823933920 0.08962899291444763 218
1738823933990 0.014763056453338832 219
1738823934056 0.08110795113418896 220
1738823934119 0.006227481207289695 221
1738823934190 0.16724464284263027 222
1738823934269 0.07613229016229699 223
1738823934346 0.0024478108555479254 224
1738823934419 0.10822637705272949 225
1738823934492 0.008842208290114976 226
1738823934562 0.00015929801168772185 227
1738823934627 0.0009117884888820409 228
1738823934697 0.006804307614087452 229
1738823934775 0.0005079226926510651 230
1738823934829 0.20906486877377556 231
1738823934900 0.006024387799042633 232
1738823934969 0.0050060208714244785 233
1738823935052 0.002537129850087857 234
1738823935133 1.0468451742884717 235
1738823935212 0.0012645989939468886 236
1738823935291 0.07705935246140513 237
1738823935363 0.014284910629980458 238
1738823935439 0.16466754836135009 239
1738823935513 0.23430351853449916 240
1738823935581 0.020319389591732 241
1738823935650 0.0028639312301396436 242
1738823935726 0.03482526212880085 243
1738823935791 0.3421270144389539 244
1738823935867 0.00306351704834131 245
1738823935941 0.0020787876546471498 246
1738823936016 0.17760969946016003 247
1738823936099 0.03270824769279401 248
1738823936172 0.006043403914139013 249
1738823936250 0.01633912153895193 250
1738823936322 0.08417986834496695 251
1738823936417 0.42311124057224175 252
1738823936478 0.0028721173165194096 253
1738823936547 0.46607126752429096 254
1738823936618 0.08003082297750344 255
1738823936692 0.006352203530332306 256
1738823936766 0.01475781226908107 257
1738823936846 0.027970133504609106 258
1738823936910 0.0002990205032549404 259
1738823936982 0.0627899588953263 260
1738823937059 0.09826829381531745 261
1738823937141 0.05754208624401495 262
1738823937211 0.4357262129104128 263
1738823937285 0.09433377256455687 264
1738823937346 0.23185484370278842 265
1738823937418 0.002869893789365678 266
1738823937492 0.08444517987766295 267
1738823937564 0.0066657228671903514 268
1738823937638 0.19562945824324793 269
1738823937702 0.006632501003671609 270
1738823937780 0.014929048844940725 271
1738823937856 0.3695012757710003 272
1738823937926 0.005490919126197085 273
1738823937996 0.0025534902477978277 274
1738823938061 0.022643075690484352 275
1738823938133 0.4096386680906667 276
1738823938207 3.2203311914650544e-05 277
1738823938286 0.006053587352685727 278
1738823938369 0.006306021706914843 279
1738823938451 0.05344792587493371 280
1738823938519 0.20721861811755535 281
