1738680859977 201.23598821086657 0
1738680860018 148.47894935833847 1
1738680860059 164.08358329518308 2
1738680860098 169.714816956809 3
1738680860139 170.43046616837887 4
1738680860179 166.24530927515087 5
1738680860219 188.91679849982552 6
1738680860258 161.0148724860682 7
1738680860297 168.48444721240193 8
1738680860336 173.72563226696636 9
1738680860376 169.99527125073317 10
1738680860415 164.18654977418555 11
1738680860454 172.26322322510902 12
1738680860493 137.52772298628946 13
1738680860532 168.6729344220259 14
1738680860573 157.94315807099937 15
1738680860613 178.61814856615317 16
1738680860653 172.80970628350616 17
1738680860693 174.01231478776003 18
1738680860732 168.02032969596857 19
