1738679051421 170.2588066826373 0
1738679051427 169.03441985587483 1
1738679051433 167.40208875903497 2
1738679051440 165.52547431647753 3
1738679051446 169.5263632698052 4
1738679051452 165.6288384569025 5
1738679051458 167.0075202560426 6
1738679051466 168.2473095883094 7
1738679051472 168.34605167701443 8
1738679051478 167.2654503385836 9
1738679051484 168.90860714200832 10
1738679051490 170.45842479764445 11
1738679051496 168.06956023441967 12
1738679051502 171.4351097739559 13
1738679051508 170.9228757584431 14
1738679051515 168.24349673547124 15
1738679051520 168.71294754302656 16
1738679051526 167.72992732206754 17
1738679051532 168.89385933746908 18
1738679051538 169.36570348630804 19
1738679051544 167.16386127459947 20
1738679051550 171.76102605582443 21
1738679051556 169.46693633923988 22
1738679051562 168.50075745515647 23
1738679051568 166.95690547387062 24
1738679051574 168.48120038857758 25
1738679051580 167.47028059372255 26
1738679051585 169.3347731154116 27
1738679051591 169.06046832445585 28
1738679051597 168.2129516093915 29
1738679051603 169.5944633668384 30
1738679051609 169.045557069141 31
1738679051615 168.64644822258808 32
1738679051620 168.57622892763416 33
1738679051626 172.80730371180354 34
1738679051632 169.4153976180873 35
1738679051638 166.10886803907195 36
1738679051644 167.79424948143816 37
1738679051650 170.1978859070149 38
1738679051657 168.9431645806854 39
1738679051663 165.6775964337212 40
1738679051670 168.5435121966598 41
1738679051676 171.06567770659692 42
1738679051683 169.87270300761406 43
1738679051689 169.9430665669144 44
1738679051695 169.29819399247071 45
1738679051701 170.52514793165292 46
1738679051708 170.91407269536472 47
1738679051714 167.2831546817424 48
1738679051721 168.86965538725167 49
1738679051727 167.35607301326078 50
1738679051733 171.5791875993455 51
1738679051739 169.45893371856127 52
1738679051745 168.8459331184562 53
1738679051750 167.80069317106407 54
1738679051756 171.04631840068603 55
1738679051761 169.68413276773995 56
1738679051767 168.96689496275118 57
1738679051772 170.67426153089957 58
1738679051779 168.04098903486923 59
1738679051784 167.9371659159881 60
1738679051790 170.79220002338005 61
1738679051795 168.3574399116648 62
1738679051802 169.21260512212515 63
1738679051808 169.4569047169582 64
1738679051814 168.8148081989266 65
1738679051819 172.5308584721129 66
1738679051825 166.53948720697304 67
1738679051830 169.78379140751778 68
1738679051836 170.31946536204939 69
1738679051842 166.3687339262949 70
1738679051848 168.5429273490295 71
1738679051853 168.39766597848572 72
1738679051859 168.42376621461347 73
1738679051864 168.1463438821152 74
1738679051870 168.11336588977645 75
1738679051875 168.49389107803617 76
1738679051881 169.09356139991766 77
1738679051887 166.3160395859625 78
1738679051894 168.57735395634052 79
1738679051900 168.93439545194357 80
1738679051907 167.59221009253548 81
1738679051914 166.28524429709935 82
1738679051919 168.31552271738414 83
1738679051925 169.8419706835712 84
1738679051931 167.09397539272604 85
1738679051937 168.16510153748035 86
1738679051943 170.35569255300922 87
1738679051948 167.73797928709652 88
1738679051954 169.63159147967855 89
1738679051961 168.9542657185822 90
1738679051967 169.86529819363247 91
1738679051973 170.18258875100358 92
1738679051979 167.9361545960018 93
1738679051985 168.45122189632764 94
1738679051991 170.78414060160026 95
1738679051996 168.31336432248028 96
1738679052002 168.08025003923666 97
1738679052009 167.859108507077 98
1738679052016 168.7660023583615 99
1738679052022 167.33533132300644 100
1738679052028 169.64944638781907 101
1738679052034 166.35392624774786 102
1738679052039 165.35658704401715 103
1738679052046 165.7582647871856 104
1738679052051 167.28099334062463 105
