1738824921097 164.8143490154238 0
1738824921104 168.48868895248285 1
1738824921111 167.5293847855262 2
1738824921118 169.99941462800697 3
1738824921125 169.34372010293896 4
1738824921131 169.24728079865716 5
1738824921138 164.8777625020577 6
1738824921144 164.6593198223601 7
1738824921151 170.54588367532656 8
1738824921157 173.52816794140227 9
1738824921164 163.2415539674449 10
1738824921171 168.16289521426063 11
1738824921178 166.9845550031123 12
1738824921184 171.31150093670453 13
1738824921191 170.46553510007155 14
1738824921198 166.00766024827172 15
1738824921204 172.96368456508182 16
1738824921210 171.33456990546182 17
1738824921217 171.45428819162223 18
1738824921224 167.10971069606592 19
1738824921231 170.747509761112 20
1738824921238 173.7268929514292 21
1738824921245 169.87730101675032 22
1738824921251 168.79930380960903 23
1738824921258 168.9097539793465 24
1738824921264 169.8522366806906 25
1738824921271 168.4434048342087 26
1738824921277 169.43071835728034 27
1738824921284 167.17590066022777 28
1738824921291 167.82383286513917 29
1738824921298 169.5063574600647 30
1738824921305 169.48251035687278 31
1738824921314 171.2548101750814 32
1738824921321 172.46204507346988 33
1738824921328 169.3307065762803 34
1738824921335 167.79941201799886 35
1738824921341 170.36095441526993 36
1738824921348 171.49947481920046 37
1738824921355 169.35868932092993 38
1738824921361 167.84166977181306 39
1738824921368 169.19995555851386 40
1738824921374 165.51221854857758 41
1738824921380 168.99800763070093 42
