1738825138313 169.46928671508385 0
1738825138339 169.44333499653618 1
1738825138355 169.4183663760166 2
1738825138373 169.39434124746816 3
1738825138396 169.37122163642536 4
1738825138420 169.34897113226882 5
1738825138444 169.32755482330174 6
1738825138488 169.30693923452884 7
1738825138511 169.2870922680262 8
1738825138531 169.26798314579355 9
1738825138548 169.24958235498534 10
1738825138569 169.2318615954221 11
1738825138585 169.2147937292865 12
1738825138601 169.1983527329134 13
1738825138616 169.18251365058586 14
1738825138633 169.167252550255 15
1738825138649 169.15254648110212 16
1738825138666 169.13837343286667 17
1738825138681 169.1247122968671 18
1738825138709 169.11154282864328 19
1738825138729 169.0988456121534 20
1738825138745 169.0866020254601 21
1738825138762 169.07479420784455 22
1738825138776 169.0634050282881 23
1738825138796 169.05241805526495 24
1738825138811 169.0418175277917 25
1738825138825 169.0315883276802 26
1738825138840 169.02171595294453 27
1738825138854 169.01218649231438 28
1738825138875 169.00298660080696 29
1738825138890 168.99410347631562 30
