1738680838306 155.8643586864546 0
1738680838347 160.44757453639983 1
1738680838387 175.195004173272 2
1738680838427 167.61592373747592 3
1738680838467 171.27042556653214 4
1738680838509 172.37244475154006 5
1738680838554 154.54346294017225 6
1738680838596 193.47160929635587 7
1738680838636 177.2904974096616 8
1738680838677 174.53334884608824 9
1738680838717 176.0735747988971 10
1738680838758 207.1882090578568 11
1738680838798 179.89039346199363 12
1738680838838 164.14101749298476 13
1738680838879 180.07798056184578 14
1738680838921 187.47344875966536 15
1738680838961 172.85063800707331 16
1738680839001 159.19769706987134 17
1738680839041 182.1169311556201 18
1738680839081 217.822287882324 19
1738680839121 171.82938998619153 20
1738680839161 167.34657566216967 21
1738680839201 192.1655586481335 22
1738680839242 180.031707531789 23
1738680839283 147.3435769582245 24
1738680839323 170.74042334360163 25
1738680839363 156.03301957301764 26
1738680839403 165.77167354330686 27
1738680839443 162.40985327913376 28
1738680839484 173.06566631683572 29
1738680839526 168.3700944878585 30
1738680839567 195.53770160011086 31
1738680839607 172.4444648177881 32
1738680839647 186.6278400425321 33
1738680839687 161.54731080213702 34
1738680839727 183.26841567397233 35
1738680839767 176.80681991279909 36
1738680839807 164.5066707415916 37
1738680839847 155.73513551846594 38
1738680839888 157.74125407533475 39
1738680839928 148.32524877322624 40
1738680839967 161.33859188638797 41
1738680840007 180.43961422934993 42
1738680840047 170.60976683734972 43
1738680840087 167.14422350002724 44
1738680840127 167.80990110702746 45
1738680840167 171.64711924696022 46
1738680840206 173.47563908596823 47
1738680840246 172.79988277440026 48
1738680840286 172.75011953862335 49
1738680840326 143.35179876669685 50
1738680840366 168.87942063745135 51
1738680840406 171.65804278455423 52
1738680840445 149.8523464784656 53
1738680840485 173.61261724959053 54
1738680840525 167.34079794628246 55
1738680840564 168.52948682321374 56
1738680840604 238.57834406855565 57
1738680840645 168.25826335615054 58
1738680840686 137.30721079813864 59
1738680840727 213.25278192458066 60
1738680840768 172.50197705708894 61
1738680840810 161.30189082923204 62
1738680840851 165.59546033334516 63
1738680840890 179.35791390810093 64
1738680840929 189.18414207604152 65
1738680840970 166.23281402919528 66
1738680841009 182.96215963568199 67
1738680841049 179.05421082025197 68
1738680841089 181.97887218743006 69
1738680841129 172.63559471589895 70
1738680841169 189.73783875502946 71
1738680841208 174.99522086079753 72
1738680841248 185.27642325880305 73
1738680841288 159.08532104743273 74
1738680841328 215.3116986853089 75
1738680841368 226.2197742069355 76
1738680841409 160.83083123909518 77
1738680841448 181.41855868800295 78
1738680841488 163.95563540122572 79
1738680841527 165.47071050843746 80
1738680841567 186.83141040139355 81
1738680841607 154.34647537565635 82
1738680841647 163.25736186607745 83
1738680841687 114.07566656284912 84
1738680841727 161.71993567621053 85
1738680841767 175.81515658829034 86
1738680841807 174.40694154481167 87
1738680841847 166.846641170951 88
1738680841886 159.33794547067146 89
1738680841927 158.72035321641692 90
1738680841967 167.15010078536181 91
1738680842006 152.0738743128329 92
1738680842046 149.103778200588 93
1738680842086 172.5546752234309 94
1738680842126 170.88373425076938 95
1738680842165 182.30384121320793 96
1738680842205 172.11115707506184 97
1738680842246 147.528376371294 98
1738680842286 179.8983612859951 99
1738680842326 173.18719418936624 100
1738680842366 176.14249280458338 101
1738680842406 154.10563639009501 102
1738680842447 169.40537626801702 103
1738680842486 185.47266563264 104
1738680842526 168.95027565311034 105
1738680842566 166.0744821420243 106
1738680842606 158.27487679746548 107
1738680842645 189.76431265856883 108
1738680842685 177.0234221277431 109
1738680842725 162.53756363633778 110
1738680842765 159.85676662787156 111
1738680842805 167.05355640212443 112
1738680842846 144.171159572816 113
1738680842887 199.4385850193596 114
1738680842928 159.73731142044718 115
1738680842968 175.95529928885884 116
1738680843008 155.4085406247202 117
1738680843048 196.40248058606522 118
1738680843088 189.0940170566866 119
1738680843136 183.3916433971245 120
1738680843178 162.12844467704494 121
1738680843218 180.97922058164298 122
1738680843257 168.14808049848767 123
1738680843297 200.35774241438332 124
1738680843336 169.0347557694473 125
1738680843376 158.33446970090168 126
1738680843416 161.9743084790552 127
1738680843457 151.3779998502309 128
1738680843496 163.75798822264622 129
1738680843537 155.02401609552953 130
1738680843577 169.07420770296866 131
1738680843617 218.62575653728283 132
1738680843659 149.3915344646396 133
1738680843700 210.04026752542768 134
1738680843740 144.10249384773044 135
1738680843779 173.91435194742036 136
1738680843819 165.9291012631136 137
1738680843859 161.116370969208 138
1738680843899 164.4712944797227 139
1738680843939 153.92402471505414 140
1738680843978 159.50369928340285 141
1738680844019 173.39431032743758 142
1738680844059 167.52235755169616 143
1738680844099 180.6438968269457 144
1738680844138 176.28273022026718 145
1738680844178 168.9269155578732 146
1738680844218 164.66676888450783 147
1738680844258 157.85995647673127 148
1738680844297 172.00600822615147 149
1738680844337 149.49678937058238 150
1738680844377 181.07735796339279 151
1738680844417 197.84579045961556 152
1738680844458 178.03889618630546 153
1738680844498 158.72548655098063 154
1738680844540 156.98980060354688 155
1738680844587 162.39449138404333 156
1738680844628 178.0000361081907 157
1738680844669 167.37364136819448 158
1738680844709 149.5991296309194 159
1738680844749 153.82155608541123 160
1738680844789 175.351713117757 161
1738680844830 165.21920861850822 162
1738680844870 155.05810363379283 163
1738680844911 173.312556739282 164
1738680844952 171.5530859413301 165
1738680844992 162.41886518639208 166
1738680845032 191.37437836294535 167
1738680845071 160.9103587893103 168
1738680845112 150.45866609648803 169
1738680845152 154.99129748384934 170
1738680845192 179.67855076231078 171
1738680845232 170.07494412617942 172
1738680845271 170.63224746684836 173
1738680845311 178.52706242569823 174
1738680845351 154.86902860825091 175
1738680845393 172.19221883987393 176
1738680845433 170.4371109458523 177
1738680845472 168.79808795373935 178
1738680845513 160.44218037528518 179
1738680845552 157.60209650680125 180
1738680845592 149.0596892469497 181
1738680845632 164.0117949438192 182
1738680845672 249.949081778596 183
1738680845712 171.1740504629293 184
1738680845753 184.6153397061312 185
1738680845793 175.3890360665528 186
1738680845832 165.95531608648395 187
1738680845872 179.81059167913617 188
1738680845912 152.08682789563818 189
1738680845952 170.46497363278226 190
1738680845994 172.53146569089935 191
1738680846034 179.44914376105726 192
1738680846074 174.67373347896194 193
1738680846114 176.77098060551035 194
1738680846154 170.20018847699052 195
1738680846195 142.02250731632222 196
1738680846235 164.96565425932997 197
1738680846275 182.27529281242025 198
1738680846315 180.01614469034755 199
1738680846355 184.53037084622326 200
1738680846395 181.6066628144656 201
1738680846434 210.05620171809383 202
1738680846474 154.8016905304322 203
1738680846514 174.43190602808056 204
1738680846554 151.47417155628278 205
1738680846601 194.3919214814089 206
1738680846648 159.8266433526502 207
1738680846690 171.79636653115915 208
1738680846732 173.5119460982044 209
1738680846772 168.923655818245 210
1738680846813 150.9812855074609 211
1738680846852 171.3330233792934 212
1738680846893 183.4919323373754 213
1738680846934 165.21156632771914 214
1738680846975 153.28489857549252 215
1738680847014 140.63567040190566 216
1738680847054 167.3027780784062 217
1738680847094 170.40279436522698 218
1738680847134 164.48053881585628 219
1738680847174 160.98337530238334 220
1738680847214 181.03657115573432 221
1738680847254 145.57291438579765 222
1738680847294 200.42290640207946 223
1738680847334 154.7921824500448 224
1738680847374 175.98738110347483 225
1738680847414 154.7155219335679 226
1738680847454 206.68986321122995 227
1738680847493 163.8336202536668 228
1738680847533 160.37803570991963 229
1738680847574 162.98658545233113 230
1738680847614 162.43047323417593 231
1738680847653 179.2487362134371 232
1738680847693 178.9020437139668 233
1738680847733 139.58913934781535 234
1738680847773 155.95605684215127 235
1738680847814 157.08453344801487 236
1738680847853 159.62967053941134 237
1738680847893 172.11698283635425 238
1738680847933 169.51005409718402 239
1738680847972 180.8479093020143 240
1738680848012 160.64842400304636 241
1738680848052 176.94467622167198 242
1738680848092 162.64147132375197 243
1738680848132 165.6079080441506 244
1738680848172 154.71645564438452 245
1738680848212 179.8768317195992 246
1738680848251 181.91982547556833 247
1738680848291 169.3111554346061 248
1738680848332 172.59644454657257 249
1738680848372 155.06209377092074 250
1738680848412 169.07701673164834 251
1738680848452 164.38228025644324 252
1738680848492 170.72838349826065 253
1738680848531 145.34552998728122 254
1738680848572 168.78910791167422 255
1738680848611 165.84115774182015 256
1738680848651 170.84141136321713 257
1738680848691 178.5880798421627 258
1738680848730 186.69283518226217 259
1738680848770 172.97362728738628 260
1738680848810 146.6865657146528 261
1738680848850 167.89128984313214 262
1738680848890 184.23998768614342 263
1738680848930 172.145620627863 264
1738680848970 178.54474107338524 265
1738680849010 173.2505052250319 266
1738680849050 165.1680422941535 267
1738680849090 168.75515790956013 268
1738680849130 163.40531425591578 269
1738680849169 163.27961287269795 270
1738680849210 174.03819422297687 271
1738680849249 149.32059572111532 272
1738680849289 172.979216408342 273
1738680849329 162.11741465583668 274
1738680849369 145.34246663606976 275
1738680849409 167.8852264713592 276
1738680849449 153.33242581328474 277
1738680849489 160.16148016228212 278
1738680849529 166.60678975901445 279
1738680849568 162.26495673126237 280
1738680849608 184.78039587092547 281
1738680849648 155.8194239491517 282
1738680849688 173.46929161534763 283
1738680849728 188.97322303262814 284
1738680849767 181.3505989134789 285
1738680849807 179.79119190706405 286
1738680849847 186.47802806887532 287
1738680849887 166.79048649977358 288
1738680849927 156.4437367510542 289
1738680849967 163.9345483126986 290
1738680850008 170.43873995231314 291
1738680850049 176.78214990836196 292
1738680850089 205.5842162586119 293
1738680850130 196.6052329012302 294
1738680850170 169.53640882010686 295
1738680850210 180.3612587270056 296
1738680850249 154.8973020224142 297
1738680850289 174.58906064048364 298
1738680850329 174.53426356338846 299
1738680850369 170.32616235005966 300
1738680850409 172.8603891108236 301
1738680850449 183.05512520277276 302
1738680850489 181.70630051507914 303
1738680850529 167.48449367009562 304
1738680850569 160.96845383206337 305
1738680850609 167.62145472604908 306
1738680850649 147.81582181364644 307
1738680850689 161.81665599183683 308
1738680850729 175.32259999362347 309
1738680850769 176.338325253017 310
1738680850809 205.4061347825988 311
1738680850849 147.08858664901297 312
1738680850889 185.85243888986747 313
1738680850928 179.6593712814028 314
1738680850968 218.0226403090486 315
1738680851008 158.13585388859667 316
1738680851052 157.79273641400798 317
1738680851093 158.25244283645245 318
1738680851133 197.6175813358496 319
1738680851173 177.70605254594096 320
1738680851213 147.95785052657433 321
1738680851253 172.17328303112794 322
1738680851292 171.63506213046827 323
1738680851332 171.46765519232522 324
1738680851372 162.54224455781588 325
1738680851412 142.35975919220306 326
1738680851452 148.29803809925644 327
1738680851491 168.90237094313815 328
1738680851532 92.52963178246414 329
1738680851572 162.86125715990033 330
1738680851612 147.3839277611054 331
1738680851651 181.89625533129623 332
1738680851691 170.8282049091503 333
1738680851731 200.24444595883924 334
1738680851771 185.7532967242999 335
1738680851811 149.64430445408416 336
1738680851851 175.34084200800962 337
1738680851891 171.45049805100194 338
1738680851930 171.07490709292983 339
1738680851970 180.8569691113014 340
1738680852010 156.16652564978148 341
1738680852050 169.41098739081315 342
1738680852090 213.48251369644487 343
1738680852129 177.09930702532188 344
1738680852169 197.0371303801332 345
1738680852209 165.8535163903751 346
1738680852249 172.66723383612262 347
1738680852288 176.36242184385 348
1738680852329 196.80225069397025 349
1738680852369 159.3337873267507 350
1738680852408 149.43759304627656 351
1738680852448 154.6976219324327 352
1738680852488 169.01535790609367 353
1738680852528 158.49466554891933 354
1738680852568 171.08200274338603 355
1738680852608 162.8960110362319 356
1738680852647 200.1454986521876 357
1738680852687 160.46198129100196 358
1738680852727 193.30488081076254 359
1738680852767 171.91211729507384 360
1738680852806 186.19049583889276 361
1738680852846 150.36394552743258 362
1738680852886 178.9658870604408 363
1738680852925 198.2835411361307 364
1738680852965 167.05801528042522 365
1738680853004 173.23103416888438 366
1738680853045 217.18232591655774 367
1738680853085 192.42928629081715 368
1738680853126 187.59298285981308 369
1738680853166 176.42269170935975 370
1738680853205 162.10165061896555 371
1738680853245 151.8872686167129 372
1738680853285 150.5080980542844 373
1738680853325 162.09089209490577 374
1738680853365 178.08936530488603 375
1738680853404 179.25311792215157 376
1738680853444 180.79358522345854 377
1738680853485 173.7055198672011 378
1738680853525 157.24777450254703 379
1738680853564 175.29576190902927 380
1738680853604 168.77216798289714 381
1738680853644 181.40981874209427 382
1738680853684 187.2932765720572 383
1738680853724 169.28864274619713 384
1738680853764 175.20973089021828 385
1738680853804 165.79980455301106 386
1738680853844 168.147486640429 387
1738680853884 161.7017245292533 388
1738680853924 189.7290450359711 389
1738680853964 169.08873014808358 390
1738680854003 150.9711387060258 391
1738680854043 164.79559004003056 392
1738680854083 167.64379674372066 393
1738680854123 174.98911854983731 394
1738680854164 171.2759849913158 395
1738680854204 174.3768807993292 396
1738680854244 164.56966184172433 397
1738680854284 164.50318465234074 398
1738680854324 159.30553424078062 399
1738680854364 176.73325000223323 400
1738680854404 180.51288572509128 401
1738680854443 227.24301881306133 402
1738680854483 173.35807980436147 403
1738680854523 172.4102954339185 404
1738680854563 162.09615149289417 405
1738680854603 157.89164206680468 406
1738680854644 153.2378819394134 407
1738680854684 215.3524171353029 408
1738680854724 165.8842208230054 409
1738680854764 189.01763553420852 410
1738680854804 167.68168272794196 411
1738680854844 155.03412809422946 412
1738680854884 153.56961725720498 413
1738680854924 186.76054990255176 414
1738680854964 157.04874338292797 415
1738680855004 171.52851948210008 416
1738680855043 204.75413649893045 417
1738680855083 150.66934526059617 418
1738680855123 186.29755597817547 419
1738680855163 167.29046159748327 420
1738680855203 157.56781401249128 421
1738680855243 160.2506796672885 422
1738680855284 149.9182119229269 423
1738680855324 168.38391123304314 424
1738680855364 163.28492406649204 425
1738680855403 175.52112006941326 426
1738680855443 166.79587034745026 427
1738680855483 158.6381086356674 428
1738680855523 206.73774271899882 429
1738680855562 162.32870215999927 430
1738680855602 163.53107251384256 431
1738680855642 130.7534594648585 432
1738680855682 166.51725564299534 433
1738680855722 175.61974190650324 434
1738680855762 162.55716184068478 435
1738680855802 169.80682580109087 436
1738680855842 165.7528776516142 437
1738680855881 173.43070292665536 438
1738680855921 197.5204086295202 439
1738680855961 183.49505065335578 440
1738680856001 180.50619349469537 441
1738680856040 165.14725632627392 442
1738680856080 166.5020041024067 443
1738680856120 179.52449388783054 444
1738680856159 169.99369791351344 445
1738680856202 167.38974214050793 446
1738680856241 198.94421627219225 447
1738680856281 170.96004158308935 448
1738680856322 174.17971389234464 449
1738680856362 165.23397636662347 450
1738680856402 177.2836694253747 451
1738680856442 131.68376507498692 452
1738680856482 171.76282878555872 453
1738680856522 164.4904270692267 454
1738680856562 167.31575054035847 455
1738680856602 153.7888778739771 456
1738680856642 184.32921740603217 457
1738680856682 168.3046910604158 458
1738680856721 147.4835134686659 459
1738680856761 164.53124789508422 460
1738680856801 185.4535254716913 461
1738680856841 184.61062256619786 462
1738680856881 184.9841592617874 463
1738680856921 166.90732326928423 464
1738680856961 178.58081269983361 465
1738680857000 180.82461362952202 466
1738680857040 159.78134442378268 467
1738680857080 158.7442017344822 468
1738680857120 173.30361174592264 469
1738680857159 174.87572415296773 470
1738680857200 159.54231817401867 471
1738680857239 190.98342151788174 472
1738680857279 174.16926006639935 473
1738680857319 180.87932925088847 474
1738680857359 168.59996137128644 475
1738680857400 166.50884094868266 476
1738680857439 165.2036258603329 477
1738680857479 142.74270853939723 478
1738680857519 168.6336979237047 479
1738680857558 158.44560018204677 480
1738680857598 179.27452090739587 481
1738680857638 174.72242496671848 482
1738680857678 169.43216816011576 483
1738680857717 178.68636345268786 484
1738680857757 155.38604664910358 485
1738680857797 158.38077603190658 486
1738680857837 138.19128969014326 487
1738680857877 175.10264952136004 488
1738680857917 176.25462334563477 489
1738680857957 185.5207972293132 490
1738680857997 157.48353987110374 491
1738680858036 133.3008083606336 492
1738680858076 166.98905010594783 493
1738680858116 158.98665100630436 494
1738680858155 158.27522571953543 495
1738680858194 170.65418567656468 496
1738680858234 150.09599121581456 497
1738680858274 164.01641471100936 498
1738680858313 168.67693625256763 499
