1738677498193 169.31213782154168 0
1738677498219 167.47341094804742 1
1738677498231 165.7002354112734 2
1738677498247 163.98995825619724 3
1738677498260 162.3400363991995 4
1738677498275 160.74803205494243 5
1738677498297 159.21160835381514 6
1738677498319 157.72852514200247 7
1738677498342 156.29663495656487 8
1738677498368 154.9138791682347 9
1738677498399 153.57828428493787 10
1738677498424 152.28795840934148 11
1738677498449 151.04108784400802 12
1738677498464 149.83593383800178 13
1738677498481 148.67082946905415 14
1738677498500 147.54417665563474 15
1738677498513 146.4544432935159 16
1738677498532 145.4001605116399 17
1738677498549 144.37992004231742 18
1738677498564 143.39237170099094 19
1738677498585 142.4362209709968 20
1738677498607 141.51022668894942 21
1738677498634 140.6131988265535 22
1738677498658 139.74399636482556 23
1738677498682 138.9015252568724 24
1738677498711 138.08473647553646 25
1738677498731 137.29262414236976 26
1738677498751 136.52422373454797 27
1738677498776 135.77861036647454 28
1738677498807 135.05489714296374 29
1738677498839 134.3522335810175 30
1738677498860 133.6698040973387 31
1738677498885 133.00682655884015 32
1738677498910 132.36255089352414 33
1738677498935 131.73625775921613 34
1738677498956 131.1272572677422 35
1738677498988 130.5348877622386 36
1738677499009 129.95851464537932 37
1738677499030 129.39752925640008 38
1738677499042 128.8513477948845 39
1738677499057 128.31941028936376 40
1738677499078 127.80117960886255 41
1738677499098 127.29614051560098 42
1738677499122 126.80379875713749 43
1738677499141 126.32368019630934 44
1738677499159 125.85532997739512 45
1738677499187 125.3983117269902 46
1738677499219 124.95220678814809 47
1738677499237 124.51661348640194 48
1738677499252 124.09114642633715 49
1738677499271 123.67543581744248 50
1738677499287 123.26912682801937 51
1738677499302 122.87187896598002 52
1738677499318 122.48336548541441 53
1738677499335 122.10327281785189 54
1738677499355 121.73130002718864 55
1738677499375 121.36715828729487 56
1738677499404 121.01057038135667 57
1738677499423 120.66127022204692 58
1738677499441 120.31900239165768 59
1738677499459 119.98352170136154 60
1738677499478 119.65459276880614 61
1738677499491 119.33198961327676 62
1738677499505 119.0154952676962 63
1738677499519 118.70490140675933 64
1738677499534 118.40000799053121 65
1738677499553 118.10062292286365 66
1738677499572 117.80656172401342 67
1738677499589 117.51764721687029 68
1738677499609 117.23370922622786 69
1738677499628 116.95458429055415 70
1738677499647 116.68011538574073 71
1738677499667 116.41015166033206 72
1738677499685 116.14454818175629 73
1738677499702 115.88316569309953 74
1738677499716 115.62587037998448 75
1738677499732 115.37253364713234 76
1738677499746 115.12303190420498 77
1738677499759 114.87724636054051 78
1738677499777 114.63506282841216 79
1738677499824 114.3963715344554 80
1738677499966 114.1610669389231 81
1738677499985 113.92904756244265 82
1738677500019 113.70021581996306 83
1738677500047 113.47447786159194 84
1738677500067 113.25174342003615 85
1738677500083 113.03192566437086 86
1738677500097 112.81494105987333 87
1738677500111 112.60070923366942 88
1738677500130 112.38915284595018 89
1738677500146 112.18019746652737 90
1738677500160 111.97377145650496 91
1738677500176 111.76980585485407 92
1738677500193 111.56823426968703 93
1738677500212 111.36899277403528 94
1738677500228 111.17201980594315 95
1738677500254 110.97725607269831 96
1738677500278 110.78464445902664 97
1738677500301 110.59412993908636 98
1738677500325 110.40565949210362 99
1738677500347 110.21918202149772 100
1738677500363 110.03464827735102 101
1738677500386 109.85201078208424 102
1738677500408 109.67122375920381 103
1738677500426 109.49224306499354 104
1738677500443 109.31502612302805 105
1738677500460 109.13953186139067 106
1738677500477 108.96572065248327 107
1738677500497 108.79355425532032 108
1738677500513 108.6229957602037 109
1738677500532 108.45400953567933 110
1738677500549 108.2865611776811 111
1738677500566 108.12061746077046 112
1738677500579 107.95614629138511 113
1738677500594 107.79311666301325 114
1738677500693 107.63149861321293 115
1738677500916 107.47126318240032 116
1738677501005 107.31238237433325 117
1738677501034 107.15482911821921 118
1738677501057 106.99857723238097 119
1738677501083 106.84360138941443 120
1738677501100 106.6898770827775 121
1738677501115 106.53738059474955 122
1738677501146 106.38608896570572 123
1738677501161 106.23597996465037 124
1738677501176 106.08703206095814 125
1738677501193 105.93922439727231 126
1738677501212 105.79253676351213 127
1738677501229 105.64694957194358 128
1738677501244 105.50244383326903 129
1738677501259 105.35900113369372 130
1738677501275 105.21660361292862 131
1738677501291 105.07523394309057 132
1738677501309 104.93487530846275 133
1738677501328 104.79551138607965 134
1738677501342 104.65712632710255 135
1738677501366 104.51970473895246 136
1738677501382 104.38323166816932 137
1738677501399 104.24769258396753 138
1738677501416 104.1130733624586 139
1738677501441 103.97936027151346 140
1738677501478 103.8465399562381 141
1738677501518 103.71459942503702 142
1738677501543 103.58352603624007 143
1738677501556 103.45330748526945 144
1738677501580 103.32393179232463 145
1738677501608 103.19538729056372 146
1738677501621 103.06766261476058 147
1738677501636 102.94074669041828 148
1738677501651 102.81462872331986 149
1738677501663 102.68929818949843 150
1738677501678 102.5647448256094 151
1738677501695 102.44095861968775 152
1738677501714 102.31792980227516 153
1738677501728 102.19564883790125 154
1738677501739 102.0741064169043 155
1738677501752 101.95329344757796 156
1738677501763 101.8332010486298 157
1738677501777 101.71382054193947 158
1738677501804 101.59514344560374 159
1738677501817 101.4771614672569 160
1738677501848 101.35986649765476 161
1738677501884 101.24325060451214 162
1738677501900 101.12730602658254 163
1738677501933 101.01202516797066 164
1738677501959 100.89740059266806 165
1738677501969 100.78342501930263 166
1738677501976 100.67009131609346 167
1738677501989 100.5573924960021 168
1738677502002 100.44532171207287 169
1738677502063 100.33387225295381 170
1738677502111 100.22303753859144 171
1738677502148 100.11281111609175 172
1738677502161 100.00318665574089 173
1738677502174 99.89415794717912 174
1738677502189 99.78571889572129 175
1738677502204 99.67786351881844 176
1738677502227 99.57058594265449 177
1738677502255 99.46388039887243 178
1738677502276 99.35774122142479 179
1738677502291 99.25216284354369 180
1738677502305 99.1471397948248 181
1738677502317 99.04266669842156 182
1738677502330 98.93873826834438 183
1738677502344 98.83534930686099 184
1738677502356 98.73249470199369 185
1738677502368 98.6301694251096 186
1738677502381 98.52836852860032 187
1738677502394 98.42708714364693 188
1738677502407 98.32632047806739 189
1738677502421 98.22606381424274 190
1738677502434 98.12631250711895 191
1738677502447 98.0270619822815 192
1738677502460 97.92830773409959 193
1738677502474 97.83004532393717 194
1738677502488 97.73227037842852 195
1738677502505 97.63497858781513 196
1738677502530 97.53816570434192 197
1738677502691 97.44182754071039 198
1738677502714 97.34595996858602 199
1738677502739 97.25055891715843 200
1738677502755 97.15562037175155 201
1738677502767 97.06114037248211 202
1738677502804 96.96711501296465 203
1738677502898 96.873540439061 204
1738677502944 96.78041284767241 205
1738677502965 96.687728485573 206
1738677502999 96.5954836482824 207
1738677503014 96.50367467897661 208
1738677503040 96.41229796743502 209
1738677503061 96.32134994902252 210
1738677503075 96.23082710370528 211
1738677503089 96.14072595509876 212
1738677503106 96.0510430695468 213
1738677503151 95.96177505523053 214
1738677503167 95.87291856130608 215
1738677503182 95.78447027706959 216
1738677503204 95.69642693114909 217
1738677503217 95.60878529072149 218
1738677503232 95.52154216075432 219
1738677503248 95.43469438327098 220
1738677503312 95.34823883663859 221
1738677503383 95.2621724348776 222
1738677503399 95.17649212699257 223
1738677503414 95.09119489632289 224
1738677503430 95.00627775991295 225
1738677503446 94.92173776790106 226
1738677503462 94.8375720029263 227
1738677503477 94.75377757955256 228
1738677503492 94.67035164370952 229
1738677503508 94.58729137214921 230
1738677503528 94.5045939719184 231
1738677503544 94.42225667984553 232
1738677503560 94.34027676204234 233
1738677503609 94.25865151341877 234
1738677503625 94.17737825721164 235
1738677503642 94.09645434452567 236
1738677503657 94.01587715388726 237
1738677503690 93.93564409080979 238
1738677503765 93.8557525873705 239
1738677503781 93.7762001017986 240
1738677503827 93.69698411807363 241
1738677503867 93.61810214553441 242
1738677503908 93.53955171849778 243
1738677503934 93.46133039588692 244
1738677503982 93.38343576086875 245
1738677504000 93.30586542050045 246
1738677504017 93.2286170053844 247
1738677504034 93.1516881693314 248
1738677504051 93.07507658903211 249
1738677504074 92.99877996373584 250
1738677504088 92.92279601493718 251
1738677504100 92.84712248606958 252
1738677504120 92.77175714220606 253
1738677504145 92.69669776976656 254
1738677504161 92.62194217623187 255
1738677504176 92.54748818986371 256
1738677504190 92.47333365943116 257
1738677504214 92.39947645394271 258
1738677504236 92.32591446238415 259
1738677504256 92.25264559346198 260
1738677504270 92.1796677753521 261
1738677504285 92.10697895545368 262
1738677504313 92.03457710014808 263
1738677504336 91.96246019456255 264
1738677504350 91.89062624233873 265
1738677504363 91.81907326540542 266
1738677504376 91.74779930375634 267
1738677504390 91.6768024152314 268
1738677504405 91.60608067530286 269
1738677504419 91.53563217686492 270
1738677504442 91.4654550300276 271
1738677504459 91.39554736191415 272
1738677504478 91.32590731646252 273
1738677504490 91.25653305422976 274
1738677504502 91.18742275220065 275
1738677504516 91.11857460359899 276
1738677504530 91.04998681770275 277
1738677504585 90.98165761966199 278
1738677504651 90.91358525032012 279
1738677504670 90.84576796603798 280
1738677504742 90.77820403852107 281
1738677504840 90.71089175464934 282
1738677504992 90.64382941631007 283
1738677505068 90.57701534023323 284
1738677505231 90.51044785782949 285
1738677505374 90.44412531503087 286
1738677505528 90.37804607213386 287
1738677505636 90.3122085036449 288
1738677505711 90.24661099812832 289
1738677505736 90.18125195805652 290
1738677505749 90.11612979966243 291
1738677505763 90.05124295279423 292
1738677505777 89.98658986077207 293
1738677505807 89.92216898024702 294
1738677505834 89.85797878106193 295
1738677505849 89.79401774611452 296
1738677505869 89.73028437122207 297
1738677505888 89.66677716498832 298
1738677505907 89.60349464867217 299
1738677505923 89.540435356058 300
1738677505948 89.47759783332802 301
1738677505966 89.41498063893624 302
1738677505985 89.3525823434841 303
1738677506029 89.29040152959796 304
1738677506073 89.22843679180792 305
1738677506088 89.16668673642847 306
1738677506100 89.10514998144073 307
1738677506114 89.04382515637595 308
1738677506132 88.9827109022008 309
1738677506146 88.92180587120397 310
1738677506163 88.8611087268843 311
1738677506179 88.80061814384015 312
1738677506195 88.74033280766051 313
1738677506213 88.68025141481698 314
1738677506233 88.6203726725575 315
1738677506246 88.56069529880115 316
1738677506262 88.50121802203445 317
1738677506274 88.44193958120853 318
1738677506287 88.38285872563806 319
1738677506310 88.32397421490086 320
1738677506333 88.26528481873919 321
1738677506351 88.20678931696186 322
1738677506366 88.14848649934758 323
1738677506379 88.09037516554959 324
1738677506400 88.03245412500121 325
1738677506414 87.97472219682258 326
1738677506428 87.91717820972842 327
1738677506442 87.85982100193695 328
1738677506457 87.80264942107976 329
1738677506473 87.74566232411264 330
1738677506496 87.6888585772276 331
1738677506513 87.63223705576578 332
1738677506541 87.5757966441313 333
1738677506584 87.51953623570603 334
1738677506611 87.46345473276551 335
1738677506640 87.40755104639567 336
1738677506691 87.35182409641035 337
1738677506706 87.29627281126992 338
1738677506729 87.24089612800067 339
1738677506741 87.18569299211516 340
1738677506754 87.13066235753338 341
1738677506767 87.07580318650473 342
1738677506784 87.0211144495309 343
1738677506800 86.96659512528952 344
1738677506813 86.91224420055873 345
1738677506826 86.85806067014244 346
1738677506842 86.80404353679636 347
1738677506855 86.75019181115502 348
1738677506873 86.6965045116593 349
1738677506887 86.64298066448485 350
1738677506911 86.58961930347128 351
1738677506952 86.53641947005201 352
1738677506977 86.48338021318499 353
1738677506992 86.43050058928394 354
1738677507006 86.37777966215045 355
1738677507025 86.32521650290677 356
1738677507050 86.27281018992922 357
1738677507066 86.2205598087823 358
1738677507080 86.1684644521536 359
1738677507095 86.11652321978924 360
1738677507110 86.06473521842996 361
1738677507145 86.01309956174786 362
1738677507163 85.96161537028408 363
1738677507178 85.91028177138655 364
1738677507198 85.85909789914888 365
1738677507211 85.80806289434962 366
1738677507223 85.75717590439214 367
1738677507235 85.7064360832453 368
1738677507249 85.65584259138429 369
1738677507270 85.60539459573263 370
1738677507284 85.55509126960438 371
1738677507296 85.50493179264683 372
1738677507308 85.45491535078428 373
1738677507321 85.40504113616173 374
1738677507338 85.35530834708955 375
1738677507351 85.30571618798865 376
1738677507383 85.2562638693361 377
1738677507411 85.20695060761119 378
1738677507426 85.15777562524234 379
1738677507450 85.1087381505542 380
1738677507466 85.0598374177155 381
1738677507488 85.0110726666873 382
1738677507507 84.96244314317167 383
1738677507523 84.91394809856118 384
1738677507537 84.86558678988847 385
1738677507551 84.81735847977666 386
1738677507567 84.76926243639002 387
1738677507583 84.72129793338527 388
1738677507598 84.67346424986323 389
1738677507612 84.62576067032101 390
1738677507655 84.57818648460467 391
1738677507702 84.53074098786237 392
1738677507731 84.4834234804978 393
1738677507746 84.43623326812418 394
1738677507762 84.38916966151898 395
1738677507776 84.34223197657836 396
1738677507791 84.29541953427294 397
1738677507809 84.24873166060318 398
1738677507830 84.2021676865558 399
1738677507853 84.15572694806032 400
1738677507891 84.10940878594596 401
1738677507911 84.06321254589926 402
1738677507925 84.01713757842172 403
1738677507952 83.9711832387882 404
1738677507982 83.9253488870054 405
1738677508034 83.87963388777105 406
1738677508054 83.8340376104332 407
1738677508068 83.78855942895012 408
1738677508106 83.74319872185043 409
1738677508115 83.69795487219366 410
1738677508131 83.65282726753136 411
1738677508137 83.60781529986812 412
1738677508157 83.56291836562347 413
1738677508173 83.51813586559392 414
1738677508181 83.47346720491528 415
1738677508189 83.42891179302545 416
1738677508208 83.38446904362758 417
1738677508223 83.34013837465336 418
1738677508235 83.29591920822718 419
1738677508245 83.25181097062982 420
1738677508266 83.20781309226335 421
1738677508280 83.16392500761567 422
1738677508297 83.1201461552258 423
1738677508311 83.07647597764932 424
1738677508326 83.03291392142418 425
1738677508338 82.98945943703679 426
1738677508353 82.94611197888848 427
1738677508366 82.90287100526236 428
1738677508379 82.85973597829019 429
1738677508393 82.8167063639199 430
1738677508407 82.77378163188328 431
1738677508422 82.73096125566386 432
1738677508435 82.68824471246526 433
1738677508452 82.64563148317977 434
1738677508463 82.60312105235721 435
1738677508478 82.56071290817412 436
1738677508491 82.51840654240316 437
1738677508513 82.47620145038285 438
1738677508528 82.43409713098764 439
1738677508542 82.39209308659812 440
1738677508556 82.3501888230717 441
1738677508573 82.30838384971335 442
1738677508587 82.2666776792468 443
1738677508601 82.22506982778579 444
1738677508616 82.18355981480588 445
1738677508634 82.14214716311625 446
1738677508646 82.10083139883196 447
1738677508660 82.05961205134618 448
1738677508672 82.01848865330318 449
1738677508686 81.97746074057098 450
1738677508700 81.93652785221467 451
1738677508713 81.89568953046985 452
1738677508727 81.85494532071621 453
1738677508740 81.8142947714516 454
1738677508753 81.77373743426602 455
1738677508766 81.73327286381615 456
1738677508779 81.69290061779989 457
1738677508791 81.65262025693123 458
1738677508804 81.61243134491545 459
1738677508817 81.57233344842435 460
1738677508829 81.53232613707172 461
1738677508842 81.49240898338937 462
1738677508856 81.45258156280286 463
1738677508868 81.41284345360783 464
1738677508881 81.37319423694647 465
1738677508893 81.33363349678407 466
1738677508906 81.29416081988597 467
1738677508919 81.25477579579456 468
1738677508932 81.21547801680666 469
1738677508944 81.17626707795087 470
1738677508961 81.13714257696539 471
1738677508978 81.09810411427586 472
1738677508994 81.05915129297345 473
1738677509010 81.02028371879317 474
1738677509026 80.98150100009242 475
1738677509039 80.94280274782955 476
1738677509052 80.90418857554283 477
1738677509078 80.86565809932962 478
1738677509093 80.82721093782538 479
1738677509106 80.78884671218336 480
1738677509124 80.7505650460541 481
1738677509138 80.71236556556539 482
1738677509155 80.67424789930205 483
1738677509170 80.63621167828637 484
1738677509185 80.59825653595831 485
1738677509199 80.56038210815605 486
1738677509214 80.52258803309681 487
1738677509229 80.48487395135766 488
1738677509242 80.44723950585656 489
1738677509255 80.40968434183365 490
1738677509270 80.37220810683264 491
1738677509283 80.3348104506824 492
1738677509296 80.2974910254786 493
1738677509312 80.26024948556574 494
1738677509325 80.22308548751911 495
1738677509341 80.18599869012706 496
1738677509356 80.14898875437339 497
1738677509374 80.11205534341983 498
1738677509391 80.07519812258879 499
