1738824670010 160.81415337351126 0
1738824670049 161.01210038716397 1
1738824670088 188.5757667678305 2
1738824670129 170.2919395032772 3
1738824670168 152.19050712585104 4
1738824670206 199.81466761860796 5
1738824670244 150.46188553562104 6
1738824670282 221.34121733960447 7
1738824670321 231.95743689965332 8
1738824670359 181.1013803414827 9
1738824670397 173.51655742837133 10
1738824670435 217.1324584962664 11
1738824670473 127.86271169514012 12
1738824670512 242.5381855131966 13
1738824670549 218.5713461812089 14
1738824670587 200.97626044533516 15
1738824670625 97.71804291740365 16
1738824670663 125.25081084644789 17
1738824670702 111.34457817364034 18
1738824670739 156.78256808009527 19
1738824670776 228.2740630688817 20
1738824670814 194.67206532216437 21
1738824670851 142.58905329676074 22
1738824670889 204.31130994639972 23
1738824670927 169.24771632203823 24
1738824670965 190.7674682447904 25
1738824671003 163.95729228172172 26
1738824671040 148.951948005849 27
1738824671078 155.8959288219236 28
1738824671116 185.8827732969844 29
1738824671154 167.81521147393286 30
1738824671192 195.41014795295067 31
1738824671230 190.05488380036186 32
1738824671268 218.63290940621403 33
1738824671307 105.15942571199741 34
1738824671345 186.06678852859076 35
1738824671382 166.6084029646479 36
1738824671420 203.7995537700105 37
1738824671458 156.982356666839 38
1738824671496 200.48926948871133 39
1738824671535 203.69382869131147 40
1738824671573 225.66965127835337 41
1738824671613 194.90230753729927 42
1738824671654 225.12305983222035 43
1738824671693 170.1240897482669 44
1738824671733 211.7802322034737 45
1738824671773 175.9991464429195 46
1738824671814 211.31071885975237 47
1738824671855 167.6675949606458 48
1738824671895 149.64229390802396 49
1738824671935 83.15015853291948 50
1738824671976 163.37530128685341 51
1738824672015 181.79580918733134 52
1738824672053 174.77855011046287 53
1738824672092 164.669980609657 54
1738824672130 175.86462004437277 55
1738824672168 143.8699407657935 56
1738824672206 105.02712351449787 57
1738824672245 166.3663277142372 58
1738824672282 183.60568138846182 59
1738824672319 158.81683172055088 60
1738824672355 176.9547048298417 61
1738824672395 167.81057424190453 62
1738824672438 123.21515802600408 63
1738824672479 184.2725759113978 64
1738824672519 125.18100684746835 65
1738824672564 177.2213286019071 66
1738824672606 155.80103745434135 67
1738824672645 167.7107660249551 68
1738824672694 93.03386510533927 69
1738824672732 274.25559512254716 70
1738824672770 130.38450859757 71
1738824672808 179.0698898654011 72
1738824672845 175.44881270693787 73
1738824672887 107.78377807761962 74
1738824672928 159.89835300628383 75
1738824672968 155.4595461364839 76
1738824673009 207.9198602761023 77
1738824673047 138.3272858283841 78
1738824673086 228.9822088833975 79
1738824673124 157.19855750444867 80
1738824673163 152.43958147681252 81
1738824673204 204.4785600122507 82
1738824673245 182.3456705248036 83
1738824673284 241.1545709146005 84
1738824673322 163.8064430743734 85
1738824673360 168.90968011096237 86
1738824673397 142.65149187974478 87
1738824673435 276.82196251846557 88
1738824673472 374.9239554126578 89
1738824673510 171.17350574027472 90
1738824673548 168.06241698155424 91
1738824673586 189.4919565026394 92
1738824673624 154.59160589607544 93
1738824673662 91.79496150342433 94
1738824673699 198.51370586666243 95
1738824673738 143.07309970268625 96
1738824673777 160.52388459683934 97
1738824673815 170.16998520733304 98
1738824673856 172.51964536493034 99
1738824673896 100.59374403512419 100
1738824673935 150.4074594322235 101
1738824673973 88.17278653589972 102
1738824674038 175.89272593516122 103
1738824674080 150.88385062195562 104
1738824674121 175.18587378879093 105
1738824674160 179.25318533121657 106
1738824674201 123.60481968866964 107
1738824674240 124.32716614399672 108
1738824674280 129.8565868404525 109
1738824674319 126.70803604734223 110
1738824674358 173.91512667405524 111
1738824674395 151.76829280995707 112
1738824674433 125.55435899788925 113
1738824674471 203.41881953734614 114
1738824674510 161.91121128722185 115
1738824674548 173.82045828065495 116
1738824674586 286.2599829716961 117
1738824674623 126.70602389586007 118
1738824674660 201.1333299917546 119
1738824674720 133.0809337294011 120
1738824674760 160.7904620176576 121
1738824674799 191.54511134750908 122
1738824674837 129.72587465998902 123
1738824674875 161.9298425490403 124
1738824674914 199.25292059567948 125
1738824674952 134.96089183077606 126
1738824674989 137.2019033521426 127
1738824675026 184.17868020190937 128
1738824675063 189.61231236440116 129
1738824675101 177.45765204249344 130
1738824675139 187.1169882180525 131
1738824675176 202.38071422946678 132
1738824675217 163.65298092405368 133
1738824675270 139.31737737470542 134
1738824675330 504.65693220271385 135
1738824675370 104.43445752328867 136
1738824675409 127.78118617460653 137
1738824675450 101.0329689361758 138
1738824675490 153.4889477812906 139
1738824675530 154.53957392915825 140
1738824675570 169.70981944477947 141
1738824675608 101.06122875947035 142
1738824675647 126.08403397629283 143
1738824675685 154.37436991599148 144
1738824675724 164.9345755028095 145
1738824675762 183.68250000683173 146
1738824675803 166.93548819506694 147
1738824675842 222.223718620333 148
1738824675881 202.24865474305832 149
1738824675919 162.1022197811269 150
1738824675957 150.52970230015785 151
1738824675996 133.13440425477262 152
