1738824026301 171.04619676359002 0
1738824026307 167.35255250729506 1
1738824026313 165.85496114382886 2
1738824026319 174.39215787810036 3
1738824026325 170.24778736961306 4
1738824026331 165.081474530639 5
1738824026336 169.20830026563746 6
1738824026342 167.71016087796815 7
1738824026348 170.67615595773725 8
1738824026354 168.62667125387384 9
1738824026360 165.9561217779795 10
1738824026366 169.29219658245486 11
1738824026371 168.51931598100208 12
1738824026377 168.97001333569165 13
1738824026383 171.0577830707418 14
1738824026388 166.77534433137296 15
1738824026394 170.46616989653842 16
1738824026400 169.70399229532785 17
1738824026407 167.49112858779003 18
1738824026413 166.98323846022436 19
1738824026419 171.79536875312402 20
1738824026425 169.2467193516471 21
1738824026431 170.72127373291883 22
1738824026437 169.32814230137478 23
1738824026443 171.3907553453145 24
1738824026449 169.77190214872468 25
1738824026455 170.3311332706849 26
1738824026461 168.983831450268 27
1738824026467 166.65147886775964 28
1738824026474 170.50967614748538 29
