1738680039678 166.90288199821438 0
1738680039719 166.02197673059885 1
1738680039760 183.96937389082083 2
1738680039800 144.9643665508209 3
1738680039843 173.79021049300627 4
1738680039901 197.75889849638781 5
1738680039947 170.00938206060454 6
1738680039990 174.25245126604028 7
1738680040033 177.96892000580212 8
1738680040074 172.65421373481487 9
1738680040115 171.77755975685832 10
1738680040156 176.8979984969898 11
1738680040195 196.73492365921987 12
1738680040235 160.11045590244908 13
1738680040275 142.76450679580586 14
1738680040315 152.5880226750488 15
1738680040355 176.14120806620053 16
1738680040394 156.4742509413124 17
1738680040434 168.17080944730785 18
1738680040474 172.2425106129058 19
1738680040514 172.84297615879512 20
1738680040554 177.92776762876088 21
