1738679370029 176.55766442713832 0
1738679370074 165.64552527226436 1
1738679370118 174.896841879033 2
1738679370162 214.49089230214864 3
1738679370208 237.44093696073801 4
1738679370254 228.507522000884 5
1738679370301 136.65583789254586 6
1738679370345 198.91713021958097 7
1738679370390 132.7072954608168 8
1738679370435 166.93431481985093 9
1738679370479 85.37106475570931 10
1738679370525 127.92317476897068 11
1738679370569 183.7528495570904 12
1738679370613 168.83931741349738 13
1738679370658 138.09507663877528 14
1738679370703 129.2736945829949 15
1738679370747 189.98494933034496 16
1738679370791 145.1464884012254 17
1738679370834 174.61203414972584 18
1738679370878 179.01871053475918 19
1738679370923 176.51477313662429 20
1738679370967 144.51914089733123 21
1738679371011 153.1127299104748 22
1738679371055 156.0356738216001 23
1738679371100 162.5715427469467 24
1738679371144 151.98187668473582 25
1738679371188 187.76826435207036 26
1738679371232 201.68611577041239 27
1738679371277 313.91268708857154 28
1738679371321 181.85456100846824 29
1738679371365 131.11194493803913 30
1738679371408 201.8477451174339 31
1738679371452 138.71301085561763 32
1738679371496 180.42659675151657 33
1738679371540 181.86914308792154 34
1738679371584 164.74506689975038 35
1738679371628 158.54695666115805 36
1738679371671 155.9333977988231 37
1738679371715 176.63253090735796 38
1738679371760 167.21364817350832 39
1738679371804 157.74631657253497 40
1738679371846 154.43896230037046 41
1738679371889 170.51577963193725 42
1738679371933 176.38778061695976 43
1738679371977 159.03405636674293 44
1738679372022 174.13872202346238 45
1738679372065 114.56659242819754 46
1738679372110 165.87088963417375 47
1738679372155 164.2667929060257 48
1738679372198 165.18843517921698 49
1738679372243 164.09830244508578 50
1738679372288 146.4526855182538 51
1738679372331 223.41273672633076 52
1738679372374 111.76390077870623 53
1738679372418 179.2579992863128 54
1738679372462 147.6433110886989 55
1738679372505 159.26000712424567 56
1738679372550 337.2883175909011 57
1738679372594 106.46224744070707 58
1738679372638 206.7228387772038 59
1738679372682 223.62532361840965 60
1738679372725 169.82100319822376 61
1738679372769 132.30457576555662 62
1738679372813 321.8656663990236 63
1738679372857 163.57151733638477 64
1738679372901 205.87508042991453 65
1738679372945 219.8469059467538 66
1738679372989 254.89594825915464 67
1738679373033 176.7049826741434 68
1738679373078 180.54721213676808 69
1738679373122 144.95196468812975 70
1738679373166 140.84414084810132 71
1738679373210 192.5596788360666 72
1738679373254 190.02178863553704 73
1738679373297 127.81509596977028 74
1738679373342 204.8307653659486 75
1738679373386 169.88905295185256 76
1738679373430 209.43218969474927 77
1738679373474 180.78564883403303 78
1738679373518 154.49853020935672 79
1738679373563 178.86399793563973 80
1738679373607 124.22014369229238 81
1738679373651 53.686518216572345 82
1738679373696 165.19333577307944 83
1738679373739 230.02388216723685 84
1738679373784 139.48172868830667 85
1738679373828 177.4447304252016 86
1738679373872 145.895070501483 87
1738679373916 175.3543814460588 88
1738679373961 180.10013102989382 89
1738679374005 192.8983074023 90
1738679374050 167.0764712978035 91
1738679374093 191.40261010867724 92
1738679374138 123.09216515785485 93
1738679374182 131.45210658215316 94
1738679374227 113.96764154740771 95
1738679374270 161.26305754440958 96
1738679374314 175.5053686144633 97
1738679374359 204.0285756118989 98
1738679374404 141.00686969672088 99
1738679374448 174.02521615696446 100
1738679374493 181.84398555081398 101
1738679374538 178.00381677801147 102
1738679374588 35.62530572584076 103
1738679374634 246.15700390076256 104
1738679374680 170.69026140884165 105
1738679374724 205.12424144894612 106
1738679374769 150.31449889307228 107
1738679374813 155.8390795221681 108
1738679374856 178.91280360780019 109
1738679374899 148.4864577887483 110
1738679374943 159.942906422677 111
1738679374988 302.8010641330735 112
1738679375032 149.77046913145566 113
1738679375077 90.92906720824134 114
1738679375121 214.3257321827004 115
1738679375165 142.51554433814036 116
1738679375209 159.26801972623932 117
1738679375254 116.70515986395701 118
1738679375297 145.32267067973183 119
1738679375341 144.4623312897465 120
1738679375385 179.89824963640098 121
1738679375430 146.75903804598548 122
1738679375474 198.83929295325063 123
1738679375518 172.52585755150795 124
1738679375563 155.49997246946253 125
1738679375607 183.61445928722938 126
1738679375651 165.2367395741377 127
1738679375695 155.37542305689738 128
1738679375740 179.52073845560287 129
1738679375784 208.51293325764163 130
1738679375829 236.9893796099377 131
1738679375873 132.74289050930128 132
1738679375917 223.9565028624789 133
1738679375961 174.3201192896139 134
1738679376006 165.90162063866995 135
1738679376050 183.46878654129011 136
1738679376096 168.72878276765914 137
1738679376140 175.4188153846315 138
1738679376184 118.02177349079854 139
1738679376229 108.51875199263456 140
1738679376274 209.2279440539011 141
1738679376318 196.38967145931437 142
1738679376363 182.58674936455313 143
1738679376407 409.519953715328 144
1738679376451 106.73881109429975 145
1738679376495 203.71768274561572 146
1738679376539 240.52012673487124 147
1738679376584 67.12936988689877 148
1738679376637 192.54032598900184 149
1738679376685 128.66730825464975 150
1738679376733 200.69445098444785 151
1738679376779 84.28208686160902 152
1738679376825 300.8790796940297 153
1738679376870 157.13889799760832 154
1738679376916 184.43863148078228 155
1738679376961 147.5054732967293 156
1738679377005 145.0797486613916 157
1738679377050 98.3408758727488 158
1738679377095 250.9388682565535 159
1738679377138 135.86441893748508 160
1738679377184 165.7756832543572 161
1738679377228 193.95090152548036 162
1738679377273 159.17981041533113 163
1738679377317 205.89424415902693 164
1738679377362 146.85544337682435 165
1738679377406 196.3288090180472 166
1738679377451 104.8185423894339 167
1738679377495 258.75772443667677 168
1738679377540 124.60867779501103 169
1738679377584 182.91018296336847 170
1738679377628 138.45478581985054 171
1738679377672 165.89761464216397 172
1738679377715 161.94259198957306 173
1738679377760 116.1249435122475 174
1738679377805 172.69652801895054 175
1738679377849 139.69926921870663 176
1738679377893 86.20583258572286 177
1738679377936 170.8656326367848 178
1738679377981 202.02532705976944 179
1738679378026 148.4792287083625 180
1738679378071 187.05353741544343 181
1738679378114 189.90237329073233 182
1738679378159 84.41377205083707 183
1738679378203 157.86840670299372 184
1738679378248 191.69006543575972 185
1738679378292 191.28279749282297 186
1738679378335 154.8757138838725 187
1738679378380 168.44569415271872 188
1738679378424 257.0515726977912 189
1738679378469 84.4253387999422 190
1738679378514 179.9655390293394 191
1738679378558 181.57777772919977 192
1738679378602 197.125016884569 193
1738679378646 184.98324690550987 194
1738679378691 167.37672157609123 195
1738679378735 183.51543197024978 196
1738679378780 165.19142735466713 197
1738679378825 184.9785100424864 198
1738679378869 237.97404721981562 199
1738679378913 143.5627360253691 200
1738679378958 79.7933921070614 201
1738679379001 181.99568945897323 202
1738679379046 208.42646463859265 203
1738679379090 250.51320130497217 204
1738679379134 121.85893594966039 205
1738679379179 125.77046522004161 206
1738679379223 161.17731931323905 207
1738679379267 130.99784071330112 208
1738679379311 134.78384262183886 209
1738679379355 205.02541664487623 210
1738679379401 219.93840563719726 211
1738679379446 159.04572937416629 212
1738679379490 146.64411728441897 213
1738679379534 171.41618895213895 214
1738679379579 146.6679803877585 215
1738679379624 151.30906206924132 216
1738679379667 161.63231445995265 217
1738679379711 170.50253445740435 218
1738679379756 122.59823014253304 219
1738679379801 162.5616085092888 220
1738679379845 180.3829300893523 221
1738679379890 223.77054019820127 222
1738679379934 180.1836513605952 223
1738679379978 164.63918027950606 224
1738679380023 148.81350699515596 225
1738679380068 182.97812708835644 226
1738679380112 166.03584410781184 227
1738679380157 156.8965425417928 228
1738679380201 164.52065846299848 229
1738679380246 138.60638830176325 230
1738679380290 181.56803046048438 231
1738679380334 126.6703546762886 232
1738679380379 221.91280301615527 233
1738679380424 195.95742848401918 234
1738679380468 143.2301598214516 235
1738679380512 145.7047764273181 236
1738679380557 52.62012032382278 237
1738679380601 145.53050343810037 238
1738679380646 116.12836972763641 239
1738679380690 268.5912264029466 240
1738679380735 167.059033146797 241
1738679380780 219.893308639517 242
1738679380824 133.89642752196988 243
1738679380868 475.9833652719786 244
1738679380912 180.86190721661237 245
1738679380956 146.31505059803294 246
1738679381000 181.43435916233125 247
1738679381045 149.94882294800777 248
1738679381089 200.11648151622882 249
1738679381134 132.92920993490554 250
1738679381178 189.03490512603457 251
1738679381223 163.58223845167865 252
1738679381267 159.53007567316283 253
1738679381311 200.85134060707358 254
1738679381355 144.57885053066857 255
1738679381399 198.57270164290225 256
1738679381444 141.52183837334746 257
1738679381489 198.50770637226188 258
1738679381533 190.93466639832593 259
1738679381578 160.6381902706016 260
1738679381623 196.88825492661508 261
1738679381667 139.12319559638732 262
1738679381712 142.1318799351139 263
1738679381756 131.32299953626858 264
1738679381801 187.1056121991378 265
1738679381845 174.95247571336296 266
1738679381889 144.26794971760538 267
1738679381934 152.55260898034248 268
1738679381979 185.85632142802825 269
1738679382024 227.43129366287806 270
1738679382068 222.10913284686825 271
1738679382112 153.9553581655002 272
1738679382156 211.37412422328723 273
1738679382201 213.9215088333051 274
1738679382246 139.31548968394034 275
1738679382290 150.70225437969947 276
1738679382334 171.1043623249447 277
1738679382379 133.52660261521993 278
1738679382424 158.04024112268146 279
1738679382468 144.37412335193133 280
1738679382513 218.86500076084275 281
1738679382556 300.7529760336958 282
1738679382600 361.41707652648927 283
1738679382645 226.88153119371768 284
1738679382690 175.85490546345451 285
1738679382733 155.59085837142763 286
1738679382778 204.5139030439017 287
1738679382823 85.99209875987268 288
1738679382868 108.01458484093975 289
1738679382912 341.1590099205964 290
1738679382956 175.32585998462665 291
1738679382999 138.16155683704142 292
1738679383044 202.37004258844013 293
1738679383088 137.60186161574876 294
1738679383132 174.6941644216009 295
1738679383176 166.5081293524132 296
1738679383220 18.771336672002317 297
1738679383264 159.3803285403192 298
1738679383308 174.3947167040855 299
1738679383352 196.40530579578785 300
1738679383396 219.21990798507812 301
1738679383441 187.24181642618916 302
1738679383485 156.94717650091619 303
1738679383529 174.69953940381555 304
1738679383574 183.71063521082849 305
1738679383618 142.1987703394866 306
1738679383661 159.10755799810926 307
1738679383704 155.1548116240726 308
1738679383748 127.2406846154091 309
1738679383792 195.0317055753548 310
1738679383836 201.9250127032834 311
1738679383879 127.00733217140991 312
1738679383923 211.5634127099761 313
1738679383968 112.00059431982832 314
1738679384013 170.11491142092942 315
1738679384058 185.9523547684445 316
1738679384102 158.5294604463152 317
1738679384146 427.23482006559715 318
1738679384191 174.96458510105907 319
1738679384235 191.49948498260983 320
1738679384280 188.7703535751241 321
1738679384323 193.0033784560694 322
1738679384368 174.83475692974775 323
1738679384412 195.64663394523393 324
1738679384457 225.41970063629427 325
1738679384502 195.3354439410732 326
1738679384546 152.59548224987736 327
1738679384591 186.2600418724842 328
1738679384636 163.14169721148755 329
1738679384681 233.997054963655 330
1738679384725 187.6513838748485 331
1738679384770 170.25720445617577 332
1738679384814 187.21129293719508 333
1738679384859 136.96381337019992 334
1738679384903 150.89975938821044 335
1738679384947 237.1642227795112 336
1738679384991 110.28909830484702 337
1738679385036 172.7521907811816 338
1738679385080 137.89929288001971 339
1738679385124 148.17198019218156 340
1738679385168 166.98848893388515 341
1738679385213 161.2033882164682 342
1738679385258 168.52494214572855 343
1738679385302 149.4796539608449 344
1738679385346 299.6532486932898 345
1738679385391 202.05394060934563 346
1738679385435 123.17149240752633 347
1738679385480 126.49147118816198 348
1738679385524 96.04781825112447 349
1738679385569 150.8211049039026 350
1738679385614 168.80996587102257 351
1738679385658 145.7465121114325 352
1738679385703 156.7533251288957 353
1738679385747 183.20183241655462 354
1738679385791 216.57094608340265 355
1738679385835 218.07321986124393 356
1738679385879 164.55066117930824 357
1738679385923 187.58657397868836 358
1738679385966 192.24697461945132 359
1738679386011 152.63805625819168 360
1738679386056 168.97020237914185 361
1738679386101 176.13466514499748 362
1738679386144 179.55669996667325 363
1738679386189 140.1595539483211 364
1738679386233 150.1597180729731 365
1738679386278 169.1859680664989 366
1738679386322 180.8319018904935 367
1738679386366 160.09949584555662 368
1738679386411 247.19311756771685 369
1738679386455 578.3382929731886 370
1738679386499 375.08393833236795 371
1738679386543 186.18028727915438 372
1738679386588 131.25492235295027 373
1738679386632 146.61929683318255 374
1738679386676 156.0888440140504 375
1738679386720 87.58528639933911 376
1738679386764 131.4125312017751 377
1738679386809 192.97278713740099 378
1738679386854 283.4246305032488 379
1738679386899 137.1380779772967 380
1738679386943 218.1529466614808 381
1738679386987 176.80027712474833 382
1738679387032 149.8729311192198 383
1738679387077 171.5314288352379 384
1738679387120 136.65106756119124 385
1738679387165 170.56414384671814 386
1738679387210 177.89841584178515 387
1738679387254 114.60930064178517 388
1738679387298 156.12036042407925 389
1738679387342 134.15390434860512 390
1738679387387 122.47390221043662 391
1738679387431 147.8561767957282 392
1738679387474 93.00056789045769 393
1738679387519 189.0023937441621 394
1738679387563 143.41339879705876 395
1738679387607 194.72734130233053 396
1738679387652 265.08882495957755 397
1738679387697 140.04784456213497 398
1738679387740 85.694932572096 399
1738679387785 164.64110786579724 400
1738679387829 130.9575943183952 401
1738679387874 227.19584319609464 402
1738679387918 142.9502825927789 403
1738679387962 165.50110236125934 404
1738679388006 171.188175804094 405
1738679388051 158.48746053538412 406
1738679388095 161.72841824751464 407
1738679388139 121.93425089066392 408
1738679388184 162.05521795329975 409
1738679388228 157.55770719694854 410
1738679388272 170.70150824985384 411
1738679388317 196.66129414061206 412
1738679388361 175.20287157685243 413
1738679388405 176.77646834871734 414
1738679388450 162.7673177103702 415
1738679388494 162.26462800405562 416
1738679388539 109.48829479703815 417
1738679388584 142.31973167799038 418
1738679388628 168.50881198547017 419
1738679388672 150.82710123755987 420
1738679388717 190.76948048974313 421
1738679388760 161.4027062530988 422
1738679388805 181.9177452354263 423
1738679388850 169.75995726568937 424
1738679388894 184.5204172291043 425
1738679388938 115.77673182849084 426
1738679388982 207.57468416465568 427
1738679389027 132.52937930905034 428
1738679389072 180.62230864977684 429
1738679389117 151.03504072442777 430
1738679389161 223.7454443211564 431
1738679389205 132.92728550134808 432
1738679389249 121.62103235860194 433
1738679389293 159.58748448529545 434
1738679389338 214.39648739826296 435
1738679389382 141.8625777730205 436
1738679389427 144.0291076180929 437
1738679389471 155.41710298585775 438
1738679389515 150.4044783756535 439
1738679389559 130.42131239129444 440
1738679389603 168.10431509676167 441
1738679389648 169.93986148521597 442
1738679389692 173.62467380930238 443
1738679389736 147.77250659821794 444
1738679389781 169.6859273805182 445
1738679389825 274.8293251990745 446
1738679389869 284.7762963956269 447
1738679389914 120.63451134441542 448
1738679389958 292.0729768116563 449
1738679390002 174.90688302942013 450
1738679390047 166.89784918394295 451
1738679390092 160.9257596051357 452
1738679390136 156.84747602850697 453
1738679390180 153.24671692599787 454
1738679390224 173.60336564711136 455
1738679390269 164.92298099854187 456
1738679390313 145.2031543851121 457
1738679390358 167.36671756540565 458
1738679390402 250.6170686266375 459
1738679390446 178.9233391199246 460
1738679390490 172.91991031213158 461
1738679390535 195.35603794390934 462
1738679390579 179.05366741112653 463
1738679390624 221.64126058469864 464
1738679390668 152.82603350014486 465
1738679390712 135.47083985237174 466
1738679390756 92.15297828855515 467
1738679390800 178.81357831808603 468
1738679390844 229.37007300867768 469
1738679390888 183.59186150147815 470
1738679390932 186.9787608670884 471
1738679390976 61.82694083090164 472
1738679391021 128.74487957655455 473
1738679391066 185.09572670366765 474
1738679391111 145.67554618973895 475
1738679391155 182.20015887658727 476
1738679391199 113.70596222336141 477
1738679391247 175.93273388747585 478
1738679391293 167.74393933683626 479
1738679391338 155.10755331156594 480
1738679391382 177.35491714652042 481
1738679391427 179.4888999013698 482
1738679391472 272.1287612423798 483
1738679391516 188.23589443784172 484
1738679391560 170.22388097687679 485
1738679391605 147.08219568474584 486
1738679391649 182.62517380723142 487
1738679391693 126.88854889386404 488
1738679391737 94.71930252266483 489
1738679391782 187.68191959331386 490
1738679391827 113.04207210929462 491
1738679391871 147.68513314599164 492
1738679391915 146.33502674055367 493
1738679391960 211.2232202383325 494
1738679392004 159.76175662193825 495
1738679392049 178.77409321670123 496
1738679392094 279.7298779569521 497
1738679392142 138.32640097412815 498
1738679392190 231.11715357832253 499
