1738824274971 169.4806387665546 0
1738824275008 169.47374217992757 1
1738824275045 169.4660320578177 2
1738824275067 169.4576226174389 3
1738824275086 169.44861802608423 4
1738824275107 169.43911294518722 5
1738824275122 169.42919310226483 6
1738824275136 169.41893587460794 7
1738824275151 169.40841087232283 8
1738824275173 169.3976805113531 9
1738824275192 169.38680056955033 10
1738824275210 169.37582072081818 11
1738824275226 169.36478504391508 12
1738824275242 169.3537325037352 13
1738824275258 169.34269740385847 14
1738824275277 169.33170980991375 15
1738824275298 169.32079594387895 16
1738824275322 169.30997854987697 17
1738824275343 169.29927723234877 18
1738824275366 169.28870876771535 19
1738824275390 169.27828739079612 20
1738824275416 169.268025057351 21
1738824275460 169.2579316841656 22
1738824275489 169.24801536811844 23
1738824275509 169.23828258565777 24
1738824275529 169.22873837408838 25
1738824275545 169.21938649602217 26
1738824275558 169.21022958829218 27
1738824275572 169.20126929656664 28
1738824275586 169.19250639683327 29
1738824275602 169.18394090485322 30
1738824275616 169.17557217461626 31
1738824275635 169.16739898675624 32
1738824275651 169.15941962782054 33
1738824275667 169.15163196121958 34
1738824275686 169.14403349062044 35
1738824275706 169.1366214164871 36
1738824275735 169.1293926864151 37
1738824275754 169.12234403985298 38
1738824275786 169.11547204775363 39
1738824275806 169.10877314765239 40
1738824275832 169.1022436746243 41
1738824275850 169.0958798885338 42
1738824275876 169.08967799795175 43
1738824275901 169.08363418108218 44
1738824275922 169.07774460400688 45
1738824275944 169.07200543653067 46
1738824275965 169.06641286587967 47
1738824275987 169.0609631084839 48
1738824276007 169.05565242005164 49
1738824276036 169.0504771041231 50
1738824276053 169.04543351927276 51
