1738679441450 198.028102797653 0
1738679441495 225.98672685056337 1
1738679441540 232.62462736401332 2
1738679441584 167.98222664147062 3
1738679441627 133.24368363926592 4
1738679441671 104.92124331045585 5
1738679441717 134.0626675506212 6
1738679441779 186.35205349016465 7
1738679441824 214.6979077603773 8
1738679441868 219.9358303335179 9
1738679441912 170.19001526985866 10
1738679441956 203.55185996154634 11
1738679442001 161.62708144439142 12
1738679442045 239.51104687388442 13
1738679442089 219.74941734984594 14
1738679442133 95.9927574216873 15
1738679442177 171.84968801098975 16
1738679442221 110.50493669155478 17
1738679442265 187.1384028385455 18
1738679442309 64.23364862957762 19
1738679442352 192.301035978764 20
1738679442395 156.2544850902912 21
1738679442439 187.3447964898451 22
1738679442484 206.420714294967 23
1738679442528 170.66357470493918 24
1738679442572 171.35840973586048 25
1738679442616 120.60626553461599 26
1738679442660 168.97564608865832 27
1738679442704 175.68321010903216 28
1738679442748 133.05419024647065 29
1738679442791 172.63058944422247 30
1738679442835 109.35428895649994 31
1738679442878 183.02368089475814 32
1738679442921 280.0470455416247 33
1738679442964 199.0305368782221 34
1738679443009 113.76885906728326 35
1738679443053 178.71634997604025 36
1738679443097 233.43508023941035 37
1738679443142 126.591425662972 38
1738679443185 149.61476936009907 39
1738679443229 206.65938563538637 40
1738679443273 137.93675971600285 41
1738679443316 161.15156933151763 42
1738679443359 76.70325225123476 43
1738679443402 101.48216375229207 44
1738679443445 151.10499965385247 45
1738679443487 91.88955075338919 46
1738679443530 198.76369610057094 47
1738679443574 203.08450163653217 48
1738679443618 189.81248822623837 49
1738679443662 229.6810346574527 50
1738679443705 198.95456290132864 51
1738679443749 204.26466884329375 52
1738679443796 150.63506522355968 53
1738679443839 214.36436553539878 54
1738679443882 226.98656952761704 55
1738679443924 182.43478566418165 56
1738679443969 159.6310399595122 57
1738679444013 225.5032315601299 58
1738679444057 147.57310608694812 59
1738679444101 227.78872949359717 60
1738679444144 496.5123031820869 61
1738679444187 135.1201183150063 62
1738679444230 151.24624008296715 63
1738679444275 152.99052395477656 64
1738679444320 162.5767774328952 65
1738679444364 162.3259803837431 66
1738679444408 198.55823561628964 67
1738679444452 181.30612279802816 68
1738679444496 328.32124463283515 69
1738679444539 234.66486854781982 70
1738679444583 168.25336485286326 71
1738679444627 143.8058838178131 72
1738679444671 239.5959827101003 73
1738679444715 135.70004133536645 74
1738679444759 89.31689154042802 75
1738679444803 201.34561998903314 76
1738679444847 150.65753385466618 77
1738679444891 100.69992347773469 78
1738679444935 227.32914773464594 79
1738679444979 174.94868360545604 80
1738679445023 144.42699047681032 81
1738679445068 125.15599372813189 82
1738679445113 59.65843456971964 83
1738679445157 120.31131145491707 84
1738679445201 167.0126995580081 85
1738679445245 145.43943360768293 86
1738679445289 176.68722982323814 87
1738679445333 200.5208542617318 88
1738679445378 178.3787218453643 89
1738679445421 202.0818889773735 90
1738679445466 233.60565294261292 91
1738679445510 186.70850850690115 92
1738679445554 189.6622245757636 93
1738679445598 149.19281419255537 94
1738679445642 154.17867886122346 95
1738679445686 167.24488632797508 96
1738679445729 190.93315295544645 97
1738679445773 138.37482336713566 98
1738679445816 177.72698564079866 99
1738679445860 202.87013691620297 100
1738679445905 138.34370262583366 101
1738679445948 180.0143496611161 102
1738679445992 290.27164645918606 103
1738679446036 183.50758380500213 104
1738679446081 166.94803505757866 105
1738679446125 176.3708493273049 106
1738679446169 72.09339044307126 107
1738679446213 129.62182795703347 108
1738679446257 149.42230146763458 109
1738679446301 178.64328701328282 110
1738679446345 124.23018412831746 111
1738679446387 167.4119850296446 112
1738679446430 211.31619027155494 113
1738679446474 187.23421184571146 114
1738679446517 221.2072140563814 115
1738679446561 158.3720247957 116
1738679446605 168.85511573474997 117
1738679446648 150.00769132903707 118
1738679446692 157.40238051004627 119
1738679446736 184.92178588540375 120
1738679446779 223.71974906135077 121
1738679446823 225.4079157898635 122
1738679446867 131.30971935062948 123
1738679446911 195.93357008971802 124
1738679446955 134.01140296864236 125
1738679446998 184.95328177476966 126
1738679447042 180.48379136788537 127
1738679447086 171.13943222724515 128
1738679447130 126.40264759626119 129
1738679447174 205.49147620512292 130
1738679447218 155.12580701412173 131
1738679447262 161.45739711698025 132
1738679447307 179.64560041447334 133
1738679447351 192.33827712178783 134
1738679447395 159.656019864341 135
1738679447439 160.76133025330466 136
1738679447483 123.97787793942283 137
1738679447527 120.99185692676902 138
1738679447571 157.08878304298202 139
1738679447616 190.08453275998372 140
1738679447660 191.88876288825662 141
1738679447704 155.85729837449747 142
1738679447748 109.96139895261831 143
1738679447792 157.83374827048402 144
1738679447836 139.50655492674233 145
1738679447880 249.39152498103272 146
1738679447923 146.4549682931202 147
1738679447967 132.85856720163 148
1738679448011 181.44324633560532 149
1738679448055 190.70462447021967 150
1738679448099 161.15588493388472 151
1738679448143 193.09750570197713 152
1738679448188 130.44719126885693 153
1738679448232 139.21887331513997 154
1738679448276 148.06260948301912 155
1738679448320 160.13963689322583 156
1738679448364 176.49480701686264 157
1738679448408 134.9713048131856 158
1738679448452 253.66930803155904 159
1738679448496 154.4279461153483 160
1738679448541 200.02757773881117 161
1738679448585 167.53886554493732 162
1738679448628 249.9334085490721 163
1738679448672 132.90865181066698 164
1738679448716 146.34725121861757 165
1738679448760 193.0742867017227 166
1738679448805 156.19962990774678 167
1738679448848 131.86026165343952 168
1738679448892 199.6608795802226 169
1738679448937 98.19833462546231 170
1738679448981 182.52705619700455 171
1738679449025 178.71152860593438 172
1738679449069 177.01814540522864 173
1738679449113 146.68935460004465 174
1738679449157 171.3276142495573 175
1738679449201 213.8091017051526 176
1738679449245 90.71217167613396 177
1738679449290 170.49362797729378 178
1738679449334 206.7133181083145 179
1738679449378 192.6711535356271 180
1738679449422 150.3883963774301 181
1738679449466 179.63266905812745 182
1738679449510 86.80346225466123 183
1738679449554 233.1431754007631 184
1738679449598 188.8428094142353 185
1738679449642 162.24089125682798 186
1738679449687 198.3402731043475 187
1738679449731 192.23944499128817 188
1738679449775 141.49579138914694 189
1738679449818 175.60992979691613 190
1738679449862 183.56993356691936 191
1738679449906 179.67584632976158 192
1738679449950 156.394236605242 193
1738679449995 182.64690149719382 194
1738679450038 188.72782793562163 195
1738679450082 155.46752093922524 196
1738679450126 240.96589797773692 197
1738679450171 175.02817308394867 198
1738679450214 70.57347657787773 199
1738679450259 164.14234004077403 200
1738679450303 167.5398738939822 201
1738679450347 191.42645254662096 202
1738679450392 165.05952000203797 203
1738679450436 131.59638641764553 204
1738679450480 160.71369278102492 205
1738679450525 269.21554000657414 206
1738679450568 192.26755978060996 207
1738679450612 190.82506567875438 208
1738679450656 143.16075114634097 209
1738679450699 158.7229233772929 210
1738679450742 166.8275484321653 211
1738679450784 234.89577219091447 212
1738679450828 204.12563029449728 213
1738679450872 200.72487394597604 214
1738679450917 97.7039233844846 215
1738679450961 187.17295218220784 216
1738679451005 149.0589899579571 217
1738679451049 181.01704650914928 218
1738679451093 200.54564772947293 219
1738679451138 154.60699540273419 220
1738679451182 183.30036086368045 221
1738679451225 188.52666212430242 222
1738679451269 157.0969838744205 223
1738679451313 143.15124007681652 224
1738679451360 202.92886370668535 225
1738679451405 179.30982186249716 226
1738679451450 145.37219914661765 227
1738679451494 109.10081685234128 228
1738679451539 161.60971812786616 229
1738679451583 218.87486641951486 230
1738679451627 144.36901382214072 231
1738679451670 204.84318518243313 232
1738679451715 145.30942810831797 233
1738679451759 192.8097691862158 234
1738679451803 142.97784362008628 235
1738679451847 180.11211232581428 236
1738679451891 178.35622072481698 237
1738679451935 138.07364375078205 238
1738679451979 160.50877085687398 239
1738679452023 138.37165451762422 240
1738679452067 161.23742040269684 241
1738679452116 179.2973286216285 242
1738679452162 325.64810289448775 243
1738679452207 124.17142608507275 244
1738679452253 154.18985521042063 245
1738679452298 177.02418475529606 246
1738679452343 185.18082755194098 247
1738679452389 192.48585532750215 248
1738679452433 105.56366154662135 249
1738679452480 66.80852659434748 250
1738679452525 127.21755502127522 251
1738679452571 168.49668749692572 252
1738679452617 182.98760865543306 253
1738679452662 211.36273200719094 254
1738679452708 137.3185448262228 255
1738679452754 176.042550166356 256
1738679452800 202.24805579020364 257
1738679452844 166.0762021800019 258
1738679452888 173.84983766429218 259
1738679452933 170.4935808000218 260
1738679452977 152.3000860668389 261
1738679453021 106.41797280098304 262
1738679453066 143.56363768400718 263
1738679453110 204.4298757664079 264
1738679453154 151.19303937436962 265
1738679453198 164.79805174374474 266
1738679453242 176.89981885027018 267
1738679453286 172.45363737514128 268
1738679453330 135.66869864305826 269
1738679453374 193.61809753594028 270
1738679453418 178.0246166723478 271
1738679453462 253.19118683587672 272
1738679453506 190.1708786677644 273
1738679453550 192.73202383313713 274
1738679453594 137.65034368985005 275
1738679453638 224.69744064657635 276
1738679453683 189.5907757275747 277
1738679453727 156.42815419842594 278
1738679453770 134.89640065033024 279
1738679453814 164.03378753472117 280
1738679453858 200.95936322784783 281
1738679453902 193.6327987991978 282
1738679453946 122.0210658000182 283
1738679453990 137.75274097295897 284
1738679454035 200.8351474372052 285
1738679454079 210.39341913366013 286
1738679454123 178.46495971168133 287
1738679454168 125.21163169553358 288
1738679454212 160.35552699947985 289
1738679454256 170.87498350724374 290
1738679454300 152.52896770857916 291
1738679454345 197.61259273315795 292
1738679454388 147.5122055926505 293
1738679454432 191.34816091367188 294
1738679454476 198.59382657621157 295
1738679454521 182.21943389295507 296
1738679454565 207.17135155476294 297
1738679454609 178.6303230974376 298
1738679454653 141.8480545362443 299
1738679454697 165.30091130106067 300
1738679454740 259.4393023368663 301
1738679454785 145.0362634718404 302
1738679454828 199.76821102094527 303
1738679454872 194.641361775815 304
1738679454916 124.91051504045318 305
1738679454960 166.09912716122318 306
1738679455006 161.40251202285188 307
1738679455051 130.3278172098604 308
1738679455096 176.8678770206051 309
1738679455140 129.84702772331462 310
1738679455184 191.1441340236173 311
1738679455228 276.49572613103226 312
1738679455272 178.3967883368666 313
1738679455316 190.86270531216252 314
1738679455361 192.83701667335475 315
1738679455405 134.63050049597112 316
1738679455449 214.05974238847372 317
1738679455493 115.99365231011066 318
1738679455537 108.11922305738881 319
1738679455581 176.96394936825666 320
1738679455626 172.27916590924366 321
1738679455670 205.63507301111275 322
1738679455714 183.21046682667023 323
1738679455758 134.52875324967704 324
1738679455802 167.43439607636213 325
1738679455845 159.97771333252572 326
1738679455889 161.03960637659102 327
1738679455934 167.34033760405498 328
1738679455979 77.75714294633966 329
1738679456023 107.70233643419606 330
1738679456067 108.06390577514078 331
1738679456112 165.28220919022098 332
1738679456155 166.10379378077488 333
1738679456198 153.814803249656 334
1738679456242 160.1214811733013 335
1738679456286 294.9081737754291 336
1738679456330 174.36771158993034 337
1738679456374 113.46961105361005 338
1738679456418 247.93591483975203 339
1738679456461 174.7836239505383 340
1738679456505 145.9972326024441 341
1738679456550 146.12264946393594 342
1738679456594 263.558030733014 343
1738679456637 199.39512997569796 344
1738679456680 151.61183267751414 345
1738679456724 162.51282416287108 346
1738679456767 146.7846692028036 347
1738679456811 147.92752705858607 348
1738679456853 93.27018529652686 349
1738679456897 189.94945976414473 350
1738679456941 45.2819774218418 351
1738679456985 152.29331457803227 352
1738679457029 188.54274086572605 353
1738679457074 180.8347676158413 354
1738679457118 132.41332194902213 355
1738679457162 206.8087441403075 356
1738679457206 91.39517224490633 357
1738679457250 168.59309274608458 358
1738679457294 132.00443978827974 359
1738679457339 153.32372551157707 360
1738679457382 285.5691637333284 361
1738679457426 182.19356161971598 362
1738679457470 213.87456815154903 363
1738679457514 138.51020641453366 364
1738679457559 77.94117092616997 365
1738679457603 221.31241310267092 366
1738679457647 175.96375170038905 367
1738679457690 193.00973165181173 368
1738679457733 167.97203397293183 369
1738679457775 146.59001223575538 370
1738679457818 174.6291089286023 371
1738679457861 219.8864661937228 372
1738679457903 135.83368438778558 373
1738679457945 166.14374451507524 374
1738679457988 184.73928424953945 375
1738679458031 169.51658610715035 376
1738679458075 174.41376361414203 377
1738679458118 130.02691767169688 378
1738679458161 156.75670650371438 379
1738679458204 189.6593068942857 380
1738679458247 344.310126342856 381
1738679458290 181.51084576536553 382
1738679458333 152.108061074574 383
1738679458376 192.83415884822836 384
1738679458419 218.96538882332285 385
1738679458463 116.62910654859606 386
1738679458506 211.45386548615775 387
1738679458549 166.93392504160204 388
1738679458592 139.446415972273 389
1738679458637 162.68946932884342 390
1738679458680 157.64248802052253 391
1738679458723 164.38841137132297 392
1738679458766 137.50474959978308 393
1738679458808 242.55207014765296 394
1738679458851 143.17762285913048 395
1738679458893 134.78535072139346 396
1738679458938 175.7339719606256 397
1738679458984 195.66904664106275 398
1738679459028 91.3214601567637 399
1738679459071 196.14667934567808 400
1738679459114 153.16351989398282 401
1738679459158 190.16368970948236 402
1738679459203 169.99303021758982 403
1738679459246 208.80899810789057 404
1738679459290 196.11169843584753 405
1738679459334 142.624400081938 406
1738679459378 167.67206354057305 407
1738679459422 192.20741146748696 408
1738679459466 235.56491444625297 409
1738679459510 171.46459439810445 410
1738679459554 200.87919478086843 411
1738679459598 150.80078105925875 412
1738679459641 156.1549747969304 413
1738679459685 180.66055631254258 414
1738679459729 175.2760515503342 415
1738679459773 194.8833629604112 416
1738679459817 190.11413125167283 417
1738679459860 223.4196460294369 418
1738679459904 143.90901825935796 419
1738679459948 172.2427997440427 420
1738679459992 180.80674894014558 421
1738679460037 144.90447950519666 422
1738679460081 176.39455327383578 423
1738679460126 182.74629607844702 424
1738679460169 178.46100105705415 425
1738679460213 185.20633236568824 426
1738679460257 342.40901452767775 427
1738679460301 202.2188363063233 428
1738679460345 182.6131258461753 429
1738679460389 174.20082167390694 430
1738679460434 196.55284968772924 431
1738679460477 117.11132525728698 432
1738679460519 78.69859838367948 433
1738679460563 92.27945826782124 434
1738679460606 158.86382204822914 435
1738679460649 163.6980184734666 436
1738679460691 183.20930505067528 437
1738679460734 164.7415127370586 438
1738679460776 95.14015279824781 439
1738679460819 181.16020083917982 440
1738679460861 146.39119665625657 441
1738679460903 335.0045969570649 442
1738679460946 180.31055243848974 443
1738679460987 172.92061029958427 444
1738679461029 74.7927700890375 445
1738679461071 173.00308154373573 446
1738679461112 179.21218488349723 447
1738679461154 183.6400462185226 448
1738679461196 202.98760537194494 449
1738679461239 194.47220741186248 450
1738679461283 197.40646416559053 451
1738679461326 142.22332849246519 452
1738679461368 110.31264547788038 453
1738679461411 146.9877913684882 454
1738679461454 171.70233976287415 455
1738679461497 227.34866042849453 456
1738679461539 266.65804346093233 457
1738679461581 323.31802472343065 458
1738679461624 168.48528279414535 459
1738679461667 271.65932315486845 460
1738679461710 169.29044171535207 461
1738679461753 180.10239516100765 462
1738679461796 184.25942332753473 463
1738679461838 164.74567496603044 464
1738679461882 166.22756905782646 465
1738679461925 87.0257402763169 466
1738679461969 176.51147720883696 467
1738679462014 198.8552824433755 468
1738679462058 139.90411781095634 469
1738679462101 111.65033217020589 470
1738679462144 176.6743029163451 471
1738679462187 193.85449788031045 472
1738679462230 195.58584331603072 473
1738679462273 186.92417839736535 474
1738679462316 216.3486225572001 475
1738679462359 186.00653154695618 476
1738679462402 164.9207195596712 477
1738679462446 187.94703321006364 478
1738679462490 81.28191847264529 479
1738679462533 85.1808399822684 480
1738679462576 312.4201362396922 481
1738679462619 329.920145648173 482
1738679462662 189.22431536523257 483
1738679462707 168.83338907265266 484
1738679462751 150.74549484914814 485
1738679462795 179.64108712278585 486
1738679462839 318.1725822891073 487
1738679462883 154.33317983660965 488
1738679462927 145.805548693289 489
1738679462970 104.69411287209932 490
1738679463015 247.73477384587372 491
1738679463058 186.04207054083204 492
1738679463103 219.43618062936213 493
1738679463147 155.24203634068678 494
1738679463191 179.2599667348193 495
1738679463236 150.78826290006947 496
1738679463280 209.3039555114522 497
1738679463324 172.940894986285 498
1738679463368 30.972713076043178 499
