1738825198208 169.31365540647977 0
1738825198215 167.8575564471498 1
1738825198222 167.35048129949354 2
1738825198229 169.74355248116353 3
1738825198237 171.68490386499025 4
1738825198243 170.4604973056709 5
1738825198250 167.62256825595514 6
1738825198257 167.84046372893178 7
1738825198263 167.89625897274016 8
1738825198271 170.20873163073392 9
1738825198277 168.92025367801205 10
1738825198283 171.4037503511666 11
1738825198290 171.19647381475295 12
1738825198297 169.70133647765073 13
1738825198303 171.21215072562396 14
1738825198310 165.73806845651316 15
1738825198316 168.8749043314159 16
1738825198323 168.5663745733627 17
1738825198329 166.60735933415688 18
1738825198335 169.70348367155412 19
1738825198342 166.8360835347572 20
1738825198348 168.4428064980409 21
1738825198354 171.0194595871411 22
1738825198360 166.94115790386496 23
1738825198366 170.24410950647822 24
1738825198372 169.2735172362581 25
1738825198379 169.5493739955596 26
1738825198385 167.6303291563928 27
1738825198392 168.53379342351985 28
1738825198402 170.45646817370454 29
1738825198409 172.17491846896786 30
1738825198415 170.10153718072365 31
1738825198422 169.78890480387173 32
1738825198429 166.7834664775944 33
1738825198435 164.92346333685057 34
1738825198441 170.86605363062222 35
1738825198448 165.86645096058643 36
1738825198454 166.2870500256981 37
1738825198460 167.5545003743962 38
1738825198466 167.7852800157025 39
1738825198473 170.1478002587529 40
1738825198479 172.44900355301777 41
1738825198485 166.1697579135675 42
1738825198491 167.90093565997094 43
1738825198498 165.68350766469828 44
1738825198504 168.7742664786068 45
1738825198511 169.03181868728626 46
1738825198517 171.11171706752646 47
1738825198523 169.54646978786954 48
1738825198529 168.24696298132866 49
1738825198536 167.43208034582102 50
1738825198543 166.49875623655478 51
1738825198549 168.94212581209612 52
1738825198555 169.8699032450746 53
1738825198561 167.28011752389483 54
1738825198567 168.35603496127925 55
1738825198573 168.63454202218696 56
1738825198580 168.5579417819025 57
1738825198586 167.08844589136328 58
1738825198592 166.1399884576439 59
1738825198599 167.76655624976988 60
1738825198605 168.1206477247847 61
1738825198612 171.88887178034489 62
1738825198618 168.99468755751604 63
1738825198624 169.0470159335281 64
1738825198630 169.79179652477592 65
1738825198636 167.97828395841321 66
1738825198641 168.34630695011893 67
1738825198647 169.77519525098606 68
1738825198653 169.07799222543935 69
1738825198660 172.18996487639433 70
1738825198666 170.10680884897937 71
1738825198672 169.6290628438443 72
1738825198678 169.36140527245047 73
1738825198684 169.22963684869674 74
1738825198691 169.60012375656714 75
1738825198697 171.34635094770073 76
1738825198703 167.71340264080908 77
1738825198709 169.2273507143554 78
1738825198715 169.7246339830897 79
1738825198720 171.9564166544872 80
