1738822815779 171.22888407488708 0
1738822815796 163.9225513829601 1
1738822815818 151.7945727576843 2
1738822815837 137.9201887036681 3
1738822815858 137.3266577031167 4
1738822815874 131.6907376153506 5
1738822815890 120.0679676780831 6
1738822815909 135.21842690003572 7
1738822815927 129.0802597212886 8
1738822815948 115.16858293839181 9
1738822815966 111.41303019558575 10
1738822815991 114.72389644459095 11
1738822816023 100.16201142513378 12
1738822816045 103.2848650753362 13
1738822816065 103.65661997653949 14
1738822816093 112.89217126187866 15
1738822816110 112.87395377443181 16
1738822816127 115.34433523540585 17
1738822816145 103.84544494092081 18
1738822816165 89.04070873845693 19
1738822816184 89.30682906228675 20
1738822816203 90.86634202452034 21
1738822816227 100.95281142709014 22
1738822816255 92.03569266351415 23
1738822816276 73.0260508511538 24
1738822816294 87.6341335733746 25
1738822816309 92.0241744919691 26
1738822816323 99.43469224477744 27
1738822816343 89.17846522266467 28
1738822816361 85.64544934168734 29
1738822816379 101.79643520707208 30
1738822816396 95.68000671457554 31
1738822816416 89.43162540369268 32
1738822816438 90.39489456082528 33
1738822816455 85.32906439252316 34
1738822816469 80.38823234262058 35
1738822816486 98.51758095713024 36
1738822816504 89.80894599511612 37
1738822816519 88.32327835633758 38
1738822816536 99.3299428690189 39
1738822816554 89.5753729346852 40
1738822816576 83.71842094006412 41
1738822816604 81.3857527672557 42
1738822816628 81.24324471183722 43
1738822816650 72.53127780545879 44
1738822816666 74.30369219985418 45
1738822816685 79.97288525067165 46
1738822816700 78.14570875921879 47
1738822816715 66.9218672057557 48
1738822816728 91.66410090684155 49
1738822816743 84.75004570368107 50
1738822816759 111.63017775358618 51
1738822816782 89.3409831214088 52
1738822816798 72.06538373021844 53
1738822816816 75.84451622276933 54
1738822816836 80.21735980243834 55
1738822816854 84.72585823734984 56
1738822816874 77.95641664778793 57
1738822816891 77.435565471791 58
1738822816908 89.3041760463146 59
1738822816927 74.72808249283095 60
1738822816944 75.17408222647167 61
1738822816959 79.86638135208864 62
1738822816975 91.21663626715237 63
1738822816991 84.38610347840913 64
1738822817009 83.80771246638977 65
1738822817026 67.16569916079554 66
1738822817044 67.42700749819163 67
1738822817062 80.36368521420087 68
1738822817081 70.96466629920182 69
1738822817095 117.38665464302109 70
1738822817112 81.0145740496671 71
1738822817125 93.36744466379892 72
1738822817141 70.14143746018644 73
1738822817160 64.41958077213647 74
1738822817178 88.78578521649713 75
1738822817193 64.65659282078809 76
1738822817209 68.59815422331192 77
1738822817225 72.81619442587274 78
1738822817240 86.51426181548278 79
1738822817256 65.78837234381794 80
1738822817270 76.81137055834212 81
1738822817285 77.09178105795664 82
1738822817300 65.66464448365177 83
1738822817315 80.80203783869092 84
1738822817331 74.48146486456778 85
1738822817350 75.67540668739738 86
1738822817369 78.8285065645842 87
1738822817389 77.74663204199847 88
1738822817404 99.96010200424391 89
1738822817429 81.12923299125674 90
1738822817444 70.60711584591778 91
1738822817462 71.01630195338214 92
1738822817478 94.11599966640709 93
1738822817495 69.86558068682768 94
1738822817510 69.88210718444282 95
1738822817526 78.47212712046613 96
1738822817543 73.34733573178114 97
1738822817560 62.71192788407045 98
1738822817579 75.70618371006694 99
1738822817597 73.73351105028952 100
1738822817617 73.72948862873922 101
1738822817639 70.0335936379089 102
1738822817659 77.50352163942397 103
1738822817679 67.22833731820975 104
1738822817696 73.68964639949426 105
1738822817712 60.52322408415229 106
1738822817727 90.80289243189293 107
1738822817745 63.616625732077715 108
1738822817768 58.02088497574672 109
1738822817786 80.407469367143 110
1738822817808 57.99590130536831 111
1738822817832 69.64767447964792 112
1738822817849 70.47679426194503 113
1738822817865 67.13908058676164 114
1738822817884 55.72050790108121 115
1738822817906 59.43753322257433 116
1738822817923 78.50425367222275 117
1738822817939 66.2012446260064 118
1738822817956 69.95408898839727 119
1738822817972 73.79420384632759 120
1738822817989 53.447806775766345 121
1738822818009 72.80350714420341 122
1738822818026 64.1022892027747 123
1738822818048 61.10495566706537 124
1738822818064 80.2998703914655 125
1738822818079 53.90119156615935 126
1738822818095 65.68157740931281 127
1738822818111 91.86005318845174 128
1738822818128 82.59050335432987 129
1738822818146 76.2444208256939 130
1738822818161 66.15879581165854 131
1738822818175 71.26242555121011 132
1738822818193 62.95336128516586 133
1738822818213 92.03510936773571 134
1738822818231 59.440816260501244 135
1738822818254 75.55537604985588 136
1738822818279 72.80755368418727 137
1738822818299 71.03797030386997 138
1738822818321 54.50589086876369 139
1738822818340 60.4030612751992 140
1738822818358 67.83254732066337 141
1738822818378 55.3862617024142 142
1738822818396 56.61438394235929 143
1738822818413 52.39596401768227 144
1738822818434 58.95582986197579 145
1738822818453 63.50888244260028 146
1738822818480 66.50266799619622 147
1738822818497 60.99815204918733 148
1738822818515 73.24055444250963 149
1738822818531 54.48497681877125 150
1738822818548 61.61202226409829 151
1738822818572 63.19509863606305 152
1738822818591 57.760231748831295 153
1738822818611 54.788458711069424 154
1738822818631 86.52189648839426 155
1738822818654 52.94580609454953 156
1738822818670 55.130099720486854 157
1738822818688 77.82514951504956 158
1738822818705 114.49296617628549 159
1738822818725 62.52482187744706 160
1738822818742 54.425671277033665 161
1738822818775 66.30719054647338 162
1738822818793 81.3130947595731 163
1738822818811 46.9903797379544 164
1738822818834 57.46254028636632 165
1738822818850 61.34248855870548 166
1738822818865 57.427122457436475 167
1738822818880 59.102184570113394 168
1738822818898 62.83422358322602 169
1738822818914 55.24292169941034 170
1738822818929 54.41021278226038 171
1738822818947 49.980886222189255 172
1738822818965 56.6840440761286 173
1738822818980 65.11245026364162 174
1738822818997 51.06428854137249 175
1738822819017 62.32949657361615 176
1738822819037 63.44222303372193 177
1738822819058 47.17741019972976 178
1738822819075 47.263302740575725 179
1738822819093 52.22045744432654 180
1738822819111 85.15464065408288 181
1738822819129 46.88916534377662 182
1738822819143 65.68163094295673 183
1738822819161 54.09100032395271 184
1738822819183 45.271564047841295 185
1738822819203 47.8442603671411 186
1738822819218 63.70775809407191 187
1738822819239 54.25269848815663 188
1738822819257 75.78851520339042 189
1738822819279 51.648966597714264 190
1738822819294 72.34505792115434 191
1738822819313 65.82811825799796 192
1738822819330 56.29778906563704 193
1738822819344 53.28156024932051 194
1738822819358 68.85561063942691 195
1738822819376 58.097670281806316 196
1738822819391 71.3536386214493 197
1738822819407 53.04604294460722 198
1738822819423 57.37995320753607 199
1738822819439 58.18503424488692 200
1738822819457 71.92221546502769 201
1738822819474 62.22595657606798 202
1738822819490 53.75396829735705 203
1738822819509 56.18218573435974 204
1738822819524 65.34046034485293 205
1738822819542 56.232197376150054 206
1738822819563 58.592257182761166 207
1738822819577 61.88351874541414 208
1738822819593 49.80600955160141 209
1738822819607 59.57256240901695 210
1738822819632 46.0471142191466 211
1738822819653 54.27408122065026 212
1738822819669 64.16055262079661 213
1738822819695 61.62459029376374 214
1738822819714 47.359088207699614 215
1738822819737 62.42845188557912 216
1738822819761 51.611649122133606 217
1738822819779 70.9119388868979 218
1738822819799 99.89217229443753 219
1738822819817 61.01001946622061 220
1738822819835 70.52993667489837 221
1738822819858 70.56315502878935 222
1738822819882 59.3407900702915 223
1738822819900 51.88128748413537 224
1738822819925 61.32282273196806 225
1738822819944 61.22634629233656 226
1738822819959 46.42450659932731 227
1738822819983 50.00214373331859 228
1738822820003 55.32744775313057 229
1738822820022 54.99035573773676 230
1738822820041 57.216807313202715 231
1738822820061 53.5128703024521 232
1738822820087 44.98839929233805 233
1738822820108 84.67960958449571 234
1738822820131 50.98029254016674 235
1738822820148 50.84231747479335 236
1738822820167 55.38201967906268 237
1738822820186 62.67799231668402 238
1738822820206 67.19325348280503 239
1738822820224 46.01692397165395 240
1738822820247 54.35737658841036 241
1738822820272 50.75516388976383 242
1738822820293 58.17522493956486 243
1738822820311 55.429673960414895 244
1738822820331 52.79110453092344 245
1738822820349 53.055397320613615 246
1738822820368 53.54511635661508 247
1738822820386 60.433490331107045 248
1738822820405 49.63587324890681 249
1738822820448 52.10332115584422 250
1738822820464 52.41119304227448 251
1738822820483 51.80537864973904 252
1738822820501 57.951069210467395 253
1738822820521 53.22311734283529 254
1738822820539 57.53934398871027 255
1738822820557 51.64391771430764 256
1738822820585 59.79057641946332 257
1738822820603 52.77819082243983 258
1738822820628 34.5725928586017 259
1738822820646 78.14244738348633 260
1738822820669 60.20910137554039 261
1738822820688 58.836510966415716 262
1738822820707 49.56068624300021 263
1738822820728 52.927236217545925 264
1738822820751 43.82690344337535 265
1738822820770 58.932855351353204 266
1738822820787 49.06539211352181 267
1738822820807 102.56112496592532 268
1738822820825 44.65316229258828 269
1738822820844 62.300527654359335 270
1738822820860 49.585254328339744 271
1738822820877 49.45830067955792 272
1738822820900 54.35433227112314 273
1738822820926 65.38928571295818 274
1738822820940 51.02467555925872 275
1738822820957 42.09103727878959 276
1738822820976 59.1810744990473 277
1738822820993 41.82005545662264 278
1738822821011 57.626165987593815 279
1738822821029 61.13932494893187 280
1738822821046 52.76709823793655 281
1738822821058 46.77165529239347 282
1738822821078 53.18541396944043 283
1738822821093 56.50962243996499 284
1738822821107 43.82002513446431 285
1738822821125 47.37710595550064 286
1738822821139 61.28910211775415 287
1738822821153 53.248250280485074 288
1738822821168 82.29644336062778 289
1738822821185 64.25728572771469 290
1738822821201 52.02531577776351 291
1738822821225 61.758830056266 292
1738822821242 53.27313429115664 293
1738822821266 50.413415213542365 294
1738822821284 55.91884191031308 295
1738822821298 54.54614011461804 296
1738822821323 40.89287778666446 297
1738822821341 45.83673709430849 298
1738822821358 51.99062234085129 299
1738822821374 51.81346075032042 300
1738822821393 43.13908682617203 301
1738822821409 46.2990615534451 302
1738822821463 48.40406099405803 303
1738822821480 53.20465156332997 304
1738822821498 33.25114832914969 305
1738822821518 46.855106741820194 306
1738822821536 45.29254794510676 307
1738822821555 37.89327799592371 308
1738822821573 51.07477633485837 309
1738822821601 52.164414710569794 310
1738822821622 42.64474886439301 311
1738822821646 44.245088017971604 312
1738822821670 41.42641242043769 313
1738822821685 59.3557477212539 314
1738822821705 76.07743445505754 315
1738822821719 46.49687150786496 316
1738822821734 46.80704839842041 317
1738822821749 68.76460462410138 318
1738822821765 52.89611112595243 319
1738822821781 49.50927717513888 320
1738822821796 51.62369519318202 321
1738822821813 46.948897889582966 322
1738822821830 52.520112849109466 323
1738822821853 44.036675829631506 324
1738822821869 58.59005092679392 325
1738822821886 64.44483449559222 326
1738822821902 43.47045684598438 327
1738822821921 70.7273499220272 328
1738822821939 58.900826936972614 329
1738822821959 47.058180454276396 330
1738822821977 55.90512239203639 331
1738822821996 57.32185165618595 332
1738822822025 33.76771969087946 333
1738822822048 52.43417610584626 334
1738822822077 61.22338620251503 335
1738822822097 40.11989188330861 336
1738822822117 37.530114449903856 337
1738822822136 44.73214294953432 338
1738822822151 55.763578017798565 339
1738822822168 53.50637827871416 340
1738822822186 44.19230529035125 341
1738822822202 54.57870010728991 342
1738822822221 46.40589388469087 343
1738822822236 43.618977263787436 344
1738822822256 65.42955648935258 345
1738822822270 66.05874690414335 346
1738822822288 46.37113680776072 347
1738822822302 52.87414020311035 348
1738822822318 41.44802441960379 349
1738822822335 48.25119968145981 350
1738822822353 68.60959955000033 351
1738822822374 47.42803552913316 352
1738822822394 37.74289843688648 353
1738822822418 72.34929726555771 354
1738822822435 43.40071499814623 355
1738822822459 42.99596004291543 356
1738822822481 49.094502352102516 357
1738822822499 42.23863133802091 358
1738822822524 41.83258664594774 359
1738822822546 56.25438153248623 360
1738822822566 32.11053046900322 361
1738822822589 51.8419402959581 362
1738822822612 49.99320473052422 363
1738822822633 70.75692869534984 364
1738822822652 54.344537402999855 365
1738822822674 43.31043777335688 366
1738822822691 46.909020901845935 367
1738822822715 60.94181037138767 368
1738822822739 42.69619893169168 369
1738822822761 48.233445935887765 370
1738822822776 47.5405063650267 371
1738822822794 43.977517605471974 372
1738822822813 42.10076120216387 373
1738822822831 42.28325247723096 374
1738822822848 38.59787725989943 375
1738822822864 35.90915958532513 376
1738822822882 46.8018401007769 377
1738822822903 37.16451214942519 378
1738822822921 40.08752709198871 379
1738822822938 37.42936703444289 380
1738822822962 43.78098040541667 381
1738822822980 58.117830264101485 382
1738822822997 52.100119019997386 383
1738822823016 45.924493711134616 384
1738822823035 43.69501809923011 385
1738822823066 47.24240726266842 386
1738822823089 54.734861187569905 387
1738822823105 74.41241104332768 388
1738822823126 40.98149798856224 389
1738822823146 44.53582152397573 390
1738822823164 44.8007072315284 391
1738822823182 49.78285832136062 392
1738822823202 38.918539797969835 393
1738822823223 61.66397713612794 394
1738822823241 38.03457522658219 395
1738822823266 46.79597786274752 396
1738822823282 43.13320765884884 397
1738822823304 43.50720575062262 398
1738822823323 45.150996128276795 399
1738822823343 40.248241494766255 400
1738822823361 53.649378228417035 401
1738822823381 51.87435879655932 402
1738822823398 48.48383163557242 403
1738822823419 51.33450222559325 404
1738822823438 42.081800677274295 405
1738822823459 57.35602738997846 406
1738822823477 36.001074482790806 407
1738822823494 37.92570494443218 408
1738822823510 53.66867295488287 409
1738822823531 53.15391197784624 410
1738822823547 36.98437217278716 411
1738822823566 41.80483142018665 412
1738822823585 50.87930702813745 413
1738822823602 42.1562595880188 414
1738822823619 45.06769487044812 415
1738822823636 59.63995805724411 416
1738822823659 40.404063157761975 417
1738822823677 47.31551713412523 418
1738822823697 40.81065433001975 419
1738822823716 44.174825689389 420
1738822823731 46.98076046916712 421
1738822823750 60.343466520274205 422
1738822823772 31.768891953876818 423
1738822823797 40.08256817106574 424
1738822823818 36.16781389491685 425
1738822823838 46.202748964291004 426
1738822823852 45.5795553055756 427
1738822823867 41.73045113516603 428
1738822823883 36.17712075390566 429
1738822823900 47.72813595050962 430
1738822823917 62.67096940186018 431
1738822823932 26.070532025923157 432
1738822823951 55.01939992348258 433
1738822823970 51.46158964697126 434
1738822823987 38.47114531581685 435
1738822824004 32.779660674646586 436
1738822824021 43.61259331851335 437
1738822824038 36.61026373996493 438
1738822824060 41.12971098744657 439
1738822824078 42.6687369807652 440
1738822824096 37.263436855118925 441
1738822824118 43.7201136380434 442
1738822824141 46.53381622475661 443
1738822824160 34.96759227486992 444
1738822824176 30.43095278050856 445
1738822824193 37.5028650847602 446
1738822824215 36.87129759224722 447
1738822824232 40.71004379061355 448
1738822824258 28.110156529503396 449
1738822824279 35.67592851327025 450
1738822824299 50.98897277947244 451
1738822824313 45.94996044976947 452
1738822824328 32.37111916550061 453
1738822824344 36.65980135506304 454
1738822824362 45.19527889109334 455
1738822824376 40.032981194059936 456
1738822824392 44.58267915857919 457
1738822824407 48.37640902161173 458
1738822824421 35.04648645870619 459
1738822824436 59.92130031587209 460
1738822824458 33.28542652157178 461
1738822824486 34.94757922334855 462
1738822824511 41.604186422101954 463
1738822824529 36.8986780465453 464
1738822824548 36.60483329194446 465
1738822824563 40.06991863908241 466
1738822824582 58.3700789887153 467
1738822824606 35.16663402224608 468
1738822824624 43.00454860226537 469
1738822824642 35.011159361326406 470
1738822824659 42.5863226940885 471
1738822824672 42.3266202179049 472
1738822824688 33.41961242933498 473
1738822824703 45.27428702184668 474
1738822824718 39.15484139508589 475
1738822824735 34.182259699539365 476
1738822824748 42.69395626423752 477
1738822824763 38.21048874237533 478
1738822824779 37.318598793365574 479
1738822824797 39.34712529537052 480
1738822824812 40.42615255101266 481
1738822824828 33.63477678657176 482
1738822824846 34.20566424324485 483
1738822824863 39.89178056754554 484
1738822824880 33.490257705272306 485
1738822824898 63.541786881664144 486
1738822824918 36.91684347039696 487
1738822824934 31.936970749857466 488
1738822824949 69.50785761034169 489
1738822824963 43.82206511671775 490
1738822824978 36.662658246825906 491
1738822824994 46.80111015059777 492
1738822825008 45.29934999259399 493
1738822825021 31.381752220302094 494
1738822825037 46.789859000284984 495
1738822825052 45.12004375960691 496
1738822825066 35.45979062135602 497
1738822825084 39.49612917922955 498
1738822825101 38.44908458164034 499
