1738677520294 169.46928671508385 0
1738677520310 169.28664969603702 1
1738677520326 169.10462554286397 2
1738677520341 168.9232119317822 3
1738677520356 168.7424065480237 4
1738677520368 168.56220708580014 5
1738677520381 168.38261124826758 6
1738677520394 168.20361674749182 7
1738677520406 168.02522130441352 8
1738677520420 167.8474226488136 9
1738677520432 167.67021851927885 10
1738677520444 167.49360666316753 11
1738677520457 167.31758483657526 12
1738677520470 167.14215080430083 13
1738677520483 166.96730233981222 14
1738677520496 166.79303722521317 15
1738677520510 166.61935325120893 16
1738677520525 166.44624821707325 17
1738677520538 166.27371993061473 18
1738677520551 166.10176620814346 19
1738677520564 165.93038487443806 20
1738677520578 165.7595737627126 21
1738677520592 165.58933071458367 22
1738677520605 165.41965358003762 23
1738677520620 165.25054021739797 24
1738677520633 165.081988493293 25
1738677520647 164.9139962826231 26
1738677520661 164.74656146852868 27
1738677520677 164.5796819423583 28
1738677520690 164.41335560363603 29
1738677520704 164.2475803600303 30
1738677520719 164.08235412732162 31
1738677520734 163.91767482937115 32
1738677520746 163.75354039808934 33
1738677520759 163.58994877340416 34
1738677520770 163.4268979032303 35
1738677520782 163.26438574343766 36
1738677520794 163.10241025782065 37
1738677520806 162.9409694180669 38
1738677520820 162.78006120372703 39
1738677520831 162.61968360218344 40
1738677520844 162.45983460862013 41
1738677520858 162.30051222599218 42
1738677520869 162.14171446499543 43
1738677520888 161.98343934403644 44
1738677520899 161.82568488920214 45
1738677520916 161.6684491342302 46
1738677520941 161.51173012047917 47
1738677520960 161.35552589689843 48
1738677520975 161.19983451999906 49
1738677520990 161.04465405382408 50
1738677521005 160.8899825699191 51
1738677521020 160.7358181473033 52
1738677521036 160.58215887243992 53
1738677521050 160.4290028392076 54
1738677521064 160.2763481488713 55
1738677521086 160.12419291005347 56
1738677521100 159.9725352387055 57
1738677521112 159.82137325807906 58
1738677521132 159.67070509869765 59
1738677521154 159.5205288983283 60
1738677521171 159.37084280195327 61
1738677521188 159.22164496174196 62
1738677521203 159.07293353702295 63
1738677521217 158.924706694256 64
1738677521232 158.77696260700424 65
1738677521244 158.6296994559066 66
1738677521265 158.48291542865022 67
1738677521279 158.33660871994275 68
1738677521293 158.19077753148528 69
1738677521306 158.0454200719449 70
1738677521321 157.90053455692765 71
1738677521337 157.75611920895142 72
1738677521351 157.6121722574189 73
1738677521366 157.4686919385911 74
1738677521381 157.32567649556006 75
1738677521396 157.18312417822287 76
1738677521409 157.04103324325456 77
1738677521423 156.89940195408207 78
1738677521435 156.75822858085778 79
1738677521450 156.6175114004333 80
1738677521464 156.4772486963335 81
1738677521479 156.33743875873017 82
1738677521493 156.19807988441647 83
1738677521507 156.05917037678088 84
1738677521520 155.92070854578182 85
1738677521534 155.78269270792148 86
1738677521548 155.64512118622093 87
1738677521563 155.5079923101943 88
1738677521577 155.37130441582363 89
1738677521590 155.2350558455336 90
1738677521604 155.09924494816664 91
1738677521618 154.96387007895748 92
1738677521633 154.82892959950877 93
1738677521648 154.69442187776573 94
1738677521660 154.56034528799185 95
1738677521674 154.42669821074415 96
1738677521687 154.2934790328484 97
1738677521701 154.16068614737515 98
1738677521715 154.02831795361496 99
1738677521729 153.89637285705447 100
1738677521742 153.76484926935197 101
1738677521757 153.6337456083137 102
1738677521770 153.50306029786955 103
1738677521784 153.37279176804938 104
1738677521797 153.2429384549593 105
1738677521811 153.11349880075778 106
1738677521825 152.9844712536322 107
1738677521839 152.8558542677754 108
1738677521853 152.72764630336218 109
1738677521867 152.59984582652606 110
1738677521881 152.47245130933607 111
1738677521895 152.34546122977335 112
1738677521909 152.21887407170863 113
1738677521927 152.09268832487885 114
1738677521943 151.96690248486448 115
1738677521960 151.84151505306664 116
1738677521973 151.71652453668452 117
1738677521988 151.5919294486928 118
1738677522002 151.46772830781913 119
1738677522016 151.34391963852153 120
1738677522034 151.22050197096638 121
1738677522049 151.0974738410058 122
1738677522063 150.97483379015605 123
1738677522078 150.85258036557482 124
1738677522092 150.73071212003958 125
1738677522106 150.60922761192577 126
1738677522126 150.4881254051848 127
1738677522139 150.3674040693224 128
1738677522151 150.24706217937688 129
1738677522165 150.12709831589783 130
1738677522183 150.0075110649243 131
1738677522195 149.8882990179637 132
1738677522207 149.7694607719704 133
1738677522221 149.65099492932436 134
1738677522235 149.53290009781026 135
1738677522248 149.4151748905962 136
1738677522259 149.29781792621287 137
1738677522272 149.18082782853264 138
1738677522284 149.06420322674867 139
1738677522296 148.9479427553543 140
1738677522310 148.8320450541222 141
1738677522323 148.71650876808414 142
1738677522336 148.60133254751003 143
1738677522350 148.48651504788802 144
1738677522364 148.37205492990384 145
1738677522378 148.2579508594206 146
1738677522394 148.1442015074586 147
1738677522410 148.03080555017547 148
1738677522425 147.91776166884586 149
1738677522440 147.80506854984165 150
1738677522455 147.69272488461212 151
1738677522469 147.58072936966397 152
1738677522482 147.46908070654194 153
1738677522493 147.35777760180892 154
1738677522505 147.24681876702647 155
1738677522518 147.13620291873545 156
1738677522529 147.02592877843642 157
1738677522541 146.91599507257055 158
1738677522553 146.80640053250028 159
1738677522564 146.69714389448995 160
1738677522577 146.58822389968714 161
1738677522590 146.47963929410318 162
1738677522605 146.3713888285945 163
1738677522622 146.26347125884368 164
1738677522637 146.15588534534064 165
1738677522652 146.048629853364 166
1738677522667 145.9417035529621 167
1738677522682 145.83510521893498 168
1738677522697 145.72883363081536 169
1738677522715 145.6228875728504 170
1738677522730 145.5172658339834 171
1738677522745 145.41196720783546 172
1738677522760 145.3069904926872 173
1738677522773 145.20233449146065 174
1738677522786 145.09799801170118 175
1738677522799 144.99397986555957 176
1738677522813 144.89027886977388 177
1738677522826 144.78689384565172 178
1738677522840 144.68382361905253 179
1738677522854 144.58106702036957 180
1738677522869 144.47862288451262 181
1738677522884 144.37649005089008 182
1738677522895 144.27466736339156 183
1738677522907 144.17315367037057 184
1738677522920 144.07194782462687 185
1738677522931 143.9710486833894 186
1738677522944 143.87045510829887 187
1738677522956 143.77016596539065 188
1738677522970 143.6701801250775 189
1738677522983 143.57049646213292 190
1738677523001 143.4711138556736 191
1738677523015 143.37203118914303 192
1738677523029 143.27324735029433 193
1738677523043 143.17476123117356 194
1738677523060 143.07657172810303 195
1738677523081 142.97867774166457 196
1738677523098 142.88107817668308 197
1738677523121 142.78377194220982 198
1738677523138 142.68675795150614 199
1738677523151 142.5900351220269 200
1738677523166 142.4936023754043 201
1738677523217 142.3974586374315 202
1738677523235 142.30160283804653 203
1738677523247 142.20603391131598 204
1738677523257 142.11075079541908 205
1738677523269 142.01575243263167 206
1738677523282 141.92103776931015 207
1738677523292 141.82660575587568 208
1738677523300 141.73245534679822 209
1738677523311 141.63858550058103 210
1738677523323 141.5449951797447 211
1738677523336 141.45168335081155 212
1738677523348 141.35864898429023 213
1738677523361 141.26589105466002 214
1738677523373 141.17340854035538 215
1738677523385 141.0812004237506 216
1738677523398 140.98926569114454 217
1738677523410 140.8976033327451 218
1738677523421 140.8062123426543 219
1738677523434 140.71509171885293 220
1738677523447 140.62424046318546 221
1738677523461 140.53365758134507 222
1738677523475 140.44334208285858 223
1738677523495 140.35329298107166 224
1738677523510 140.26350929313375 225
1738677523524 140.1739900399835 226
1738677523538 140.08473424633377 227
1738677523553 139.99574094065713 228
1738677523567 139.9070091551711 229
1738677523583 139.81853792582365 230
1738677523599 139.7303262922787 231
1738677523617 139.64237329790146 232
1738677523630 139.55467798974428 233
1738677523642 139.46723941853207 234
1738677523656 139.38005663864817 235
1738677523671 139.2931287081201 236
1738677523687 139.2064546886052 237
1738677523701 139.12003364537662 238
1738677523716 139.03386464730937 239
1738677523730 138.94794676686604 240
1738677523744 138.862279080083 241
1738677523759 138.7768606665565 242
1738677523774 138.69169060942866 243
1738677523791 138.6067679953739 244
1738677523805 138.5220919145849 245
1738677523819 138.43766146075924 246
1738677523833 138.35347573108547 247
1738677523850 138.26953382622963 248
1738677523864 138.18583485032175 249
1738677523879 138.10237791094235 250
1738677523896 138.01916211910896 251
1738677523911 137.93618658926275 252
1738677523935 137.8534504392553 253
1738677523951 137.77095279033517 254
1738677523966 137.68869276713482 255
1738677523978 137.60666949765738 256
1738677523995 137.5248821132635 257
1738677524009 137.44332974865827 258
1738677524025 137.36201154187836 259
1738677524040 137.28092663427887 260
1738677524054 137.20007417052048 261
1738677524068 137.11945329855658 262
1738677524086 137.0390631696205 263
1738677524103 136.9589029382127 264
1738677524125 136.87897176208799 265
1738677524137 136.79926880224303 266
1738677524150 136.7197932229036 267
1738677524163 136.64054419151202 268
1738677524176 136.56152087871462 269
1738677524189 136.48272245834949 270
1738677524202 136.40414810743366 271
1738677524218 136.32579700615108 272
1738677524232 136.2476683378402 273
1738677524245 136.16976128898156 274
1738677524260 136.09207504918575 275
1738677524277 136.0146088111811 276
1738677524292 135.93736177080157 277
1738677524307 135.86033312697475 278
1738677524323 135.78352208170972 279
1738677524337 135.70692784008511 280
1738677524354 135.63054961023715 281
1738677524366 135.5543866033477 282
1738677524383 135.47843803363256 283
1738677524398 135.40270311832953 284
1738677524414 135.32718107768665 285
1738677524430 135.25187113495062 286
1738677524447 135.17677251635493 287
1738677524460 135.10188445110845 288
1738677524474 135.02720617138365 289
1738677524487 134.95273691230526 290
1738677524499 134.8784759119386 291
1738677524511 134.80442241127835 292
1738677524523 134.73057565423693 293
1738677524540 134.65693488763333 294
1738677524557 134.58349936118162 295
1738677524572 134.51026832747993 296
1738677524584 134.43724104199896 297
1738677524597 134.36441676307103 298
1738677524612 134.29179475187883 299
1738677524626 134.21937427244427 300
1738677524639 134.14715459161758 301
1738677524656 134.0751349790663 302
1738677524670 134.00331470726417 303
1738677524686 133.93169305148032 304
1738677524700 133.86026928976847 305
1738677524712 133.78904270295587 306
1738677524726 133.71801257463272 307
1738677524741 133.6471781911414 308
1738677524754 133.57653884156562 309
1738677524769 133.50609381771991 310
1738677524784 133.43584241413896 311
1738677524799 133.36578392806692 312
1738677524816 133.29591765944707 313
1738677524832 133.22624291091114 314
1738677524845 133.1567589877689 315
1738677524864 133.0874651979979 316
1738677524876 133.01836085223277 317
1738677524890 132.9494452637552 318
1738677524903 132.8807177484835 319
1738677524920 132.8121776249623 320
1738677524933 132.7438242143525 321
1738677524945 132.67565684042088 322
1738677524959 132.60767482953017 323
1738677524975 132.5398775106288 324
1738677524989 132.4722642152409 325
1738677525003 132.40483427745633 326
1738677525018 132.3375870339206 327
1738677525036 132.27052182382505 328
1738677525052 132.20363798889684 329
1738677525066 132.13693487338915 330
1738677525084 132.07041182407133 331
1738677525102 132.0040681902192 332
1738677525122 131.937903323605 333
1738677525135 131.87191657848825 334
1738677525151 131.80610731160547 335
1738677525169 131.74047488216092 336
1738677525181 131.67501865181686 337
1738677525194 131.60973798468405 338
1738677525206 131.54463224731225 339
1738677525220 131.47970080868063 340
1738677525235 131.4149430401884 341
1738677525249 131.35035831564542 342
1738677525264 131.28594601126278 343
1738677525278 131.2217055056434 344
1738677525292 131.15763617977296 345
1738677525307 131.09373741701037 346
1738677525320 131.03000860307867 347
1738677525334 130.96644912605586 348
1738677525348 130.90305837636566 349
1738677525362 130.83983574676844 350
1738677525381 130.77678063235217 351
1738677525396 130.71389243052334 352
1738677525410 130.65117054099784 353
1738677525425 130.58861436579218 354
1738677525440 130.5262233092144 355
1738677525455 130.46399677785521 356
1738677525469 130.4019341805791 357
1738677525488 130.34003492851556 358
1738677525505 130.2782984350502 359
1738677525525 130.21672411581594 360
1738677525541 130.1553113886844 361
1738677525557 130.09405967375713 362
1738677525572 130.032968393357 363
1738677525588 129.97203697201942 364
1738677525602 129.91126483648384 365
1738677525617 129.85065141568526 366
1738677525638 129.7901961407455 367
1738677525658 129.72989844496493 368
1738677525673 129.66975776381372 369
1738677525686 129.60977353492373 370
1738677525699 129.54994519807985 371
1738677525717 129.49027219521176 372
1738677525733 129.43075397038555 373
1738677525748 129.3713899697954 374
1738677525761 129.31217964175536 375
1738677525777 129.25312243669111 376
1738677525791 129.19421780713168 377
1738677525807 129.13546520770137 378
1738677525829 129.0768640951115 379
1738677525844 129.0184139281524 380
1738677525862 128.9601141676853 381
1738677525877 128.90196427663423 382
1738677525893 128.8439637199781 383
1738677525944 128.7861119647426 384
1738677525964 128.72840847999228 385
1738677525981 128.67085273682278 386
1738677525999 128.61344420835272 387
1738677526018 128.55618236971586 388
1738677526033 128.4990666980535 389
1738677526046 128.44209667250635 390
1738677526062 128.38527177420704 391
1738677526075 128.32859148627222 392
1738677526089 128.2720552937949 393
1738677526103 128.21566268383674 394
1738677526124 128.15941314542047 395
1738677526147 128.10330616952226 396
1738677526166 128.04734124906395 397
1738677526179 127.99151787890585 398
1738677526192 127.93583555583878 399
1738677526205 127.88029377857694 400
1738677526220 127.82489204775024 401
1738677526235 127.76962986589682 402
1738677526248 127.71450673745586 403
1738677526263 127.65952216875996 404
1738677526279 127.60467566802785 405
1738677526292 127.54996674535715 406
1738677526306 127.495394912717 407
1738677526320 127.44095968394075 408
1738677526335 127.3866605747188 409
1738677526347 127.33249710259135 410
1738677526361 127.27846878694122 411
1738677526375 127.22457514898666 412
1738677526389 127.17081571177425 413
1738677526403 127.11719000017185 414
1738677526416 127.06369754086141 415
1738677526430 127.010337862332 416
1738677526445 126.95711049487275 417
1738677526460 126.90401497056597 418
1738677526474 126.85105082328002 419
1738677526489 126.79821758866244 420
1738677526501 126.74551480413314 421
1738677526516 126.69294200887728 422
1738677526528 126.64049874383875 423
1738677526540 126.58818455171294 424
1738677526552 126.53599897694035 425
1738677526565 126.48394156569947 426
1738677526578 126.43201186590022 427
1738677526590 126.38020942717716 428
1738677526603 126.32853380088285 429
1738677526616 126.2769845400811 430
1738677526634 126.22556119954035 431
1738677526646 126.1742633357271 432
1738677526659 126.12309050679923 433
1738677526670 126.07204227259953 434
1738677526682 126.02111819464908 435
1738677526699 125.97031783614077 436
1738677526711 125.91964076193278 437
1738677526724 125.86908653854215 438
1738677526736 125.81865473413832 439
1738677526751 125.7683449185367 440
1738677526769 125.71815666319232 441
1738677526783 125.66808954119341 442
1738677526799 125.61814312725511 443
1738677526812 125.56831699771313 444
1738677526827 125.51861073051742 445
1738677526843 125.46902390522601 446
1738677526856 125.41955610299863 447
1738677526871 125.37020690659061 448
1738677526884 125.32097590034662 449
1738677526899 125.27186267019451 450
1738677526913 125.22286680363916 451
1738677526928 125.17398788975639 452
1738677526950 125.12522551918681 453
1738677526972 125.07657928412985 454
1738677526990 125.02804877833753 455
1738677527003 124.97963359710863 456
1738677527016 124.93133333728251 457
1738677527030 124.88314759723329 458
1738677527045 124.83507597686378 459
1738677527057 124.78711807759957 460
1738677527070 124.73927350238316 461
1738677527082 124.69154185566804 462
1738677527094 124.64392274341282 463
1738677527107 124.59641577307539 464
1738677527128 124.54902055360716 465
1738677527144 124.50173669544716 466
1738677527163 124.45456381051633 467
1738677527178 124.40750151221178 468
1738677527192 124.36054941540107 469
1738677527207 124.31370713641637 470
1738677527222 124.26697429304899 471
1738677527236 124.22035050454355 472
1738677527251 124.17383539159242 473
1738677527268 124.12742857633006 474
1738677527286 124.08112968232751 475
1738677527301 124.03493833458664 476
1738677527316 123.98885415953481 477
1738677527340 123.94287678501918 478
1738677527361 123.89700584030129 479
1738677527385 123.85124095605153 480
1738677527410 123.80558176434369 481
1738677527435 123.76002789864948 482
1738677527454 123.71457899383321 483
1738677527492 123.66923468614623 484
1738677527505 123.62399461322168 485
1738677527526 123.57885841406909 486
1738677527542 123.53382572906898 487
1738677527556 123.48889619996763 488
1738677527571 123.44406946987176 489
1738677527587 123.39934518324326 490
1738677527600 123.3547229858938 491
1738677527612 123.3102025249798 492
1738677527626 123.26578344899713 493
1738677527641 123.22146540777585 494
1738677527660 123.1772480524751 495
1738677527674 123.13313103557797 496
1738677527693 123.0891140108863 497
1738677527707 123.04519663351554 498
1738677527721 123.00137855988984 499
