1738679062528 162.07948260876418 0
1738679062535 167.98652671051568 1
1738679062542 166.17502629818924 2
1738679062548 168.4783367636655 3
1738679062555 165.2722227686149 4
1738679062561 173.89881884172647 5
1738679062567 169.0395325327527 6
1738679062573 174.5548411303811 7
1738679062579 167.5481431915741 8
1738679062586 170.32758830055565 9
1738679062592 164.63854988509257 10
1738679062597 164.28439203469 11
1738679062603 165.35396999052517 12
1738679062610 174.99995743292848 13
1738679062616 171.58917212166062 14
1738679062622 168.57953865097343 15
1738679062628 169.3911563273848 16
1738679062634 170.08025600104102 17
1738679062640 175.2036011183015 18
1738679062646 164.59416335235443 19
1738679062653 169.33989385056148 20
1738679062659 165.3186132284033 21
1738679062665 169.57693349058337 22
1738679062671 171.7295890836381 23
1738679062676 164.44998016335765 24
1738679062682 170.711017315774 25
1738679062688 166.27891349201292 26
1738679062694 172.27648005646728 27
1738679062700 168.66024143570678 28
1738679062707 172.18065727304892 29
1738679062713 168.6801322842044 30
1738679062720 170.85810293850636 31
1738679062726 167.313794977721 32
1738679062733 169.87223593269596 33
1738679062740 174.83428937378739 34
1738679062746 168.6713710595016 35
1738679062752 170.75567861828029 36
1738679062759 173.36444549671216 37
1738679062765 165.06156145765942 38
1738679062772 165.40594805758505 39
1738679062779 171.40237442605604 40
1738679062786 169.8945810612874 41
1738679062792 174.9321038442285 42
1738679062799 170.870765558164 43
1738679062805 170.98611568964378 44
1738679062811 174.00917510053324 45
1738679062817 167.75000813426095 46
1738679062823 165.40448220867066 47
1738679062829 167.28429043744433 48
1738679062834 170.86193966144754 49
1738679062841 170.50301699292888 50
1738679062847 171.83988665751215 51
1738679062853 171.46938844209245 52
1738679062859 172.24436234485185 53
1738679062865 171.12046976449835 54
1738679062871 173.11876677613026 55
1738679062877 171.38581278735757 56
1738679062883 166.0379138344677 57
1738679062889 174.76715442548664 58
1738679062895 170.32305748605333 59
1738679062900 171.06966540169807 60
1738679062906 170.70674880702904 61
1738679062912 166.950805523962 62
1738679062918 166.0278027424392 63
1738679062925 167.81736192193122 64
1738679062931 167.35308979496622 65
1738679062939 173.30538787166915 66
1738679062946 166.67490635889067 67
1738679062953 170.61385052781702 68
1738679062959 171.58352099977373 69
1738679062966 170.2455418550847 70
1738679062972 168.31611102036 71
1738679062978 164.45815214168528 72
1738679062987 171.3506559393244 73
1738679062994 165.53604388494415 74
1738679063000 164.481844186125 75
1738679063006 167.1638531650707 76
1738679063013 175.8050556214023 77
1738679063022 167.92674999346866 78
1738679063029 170.25727351695707 79
1738679063035 164.88662012230614 80
1738679063042 165.46767331425448 81
1738679063049 171.39992163298322 82
1738679063055 170.94699957486495 83
1738679063062 169.61472876727262 84
1738679063068 169.9682714771852 85
1738679063074 168.83529947164976 86
1738679063080 172.87258259493157 87
1738679063086 167.00617275822705 88
1738679063092 172.6432832903135 89
1738679063098 168.66020148900085 90
1738679063104 169.19291793700347 91
1738679063111 162.78376431833252 92
1738679063139 165.71009171662485 93
1738679063215 173.0416305214984 94
1738679063237 168.57544766189176 95
1738679063266 169.85098631197272 96
1738679063275 168.0508358579981 97
1738679063282 169.82128535599634 98
1738679063289 170.8409143494795 99
1738679063296 167.54193793098514 100
1738679063305 176.44844400151345 101
1738679063315 166.61460719691172 102
1738679063321 169.77235697481458 103
1738679063328 170.0045592151762 104
1738679063334 166.10031129159466 105
1738679063341 170.37606776550115 106
1738679063348 170.9042384932637 107
1738679063355 168.68653064480654 108
1738679063361 169.24249889510057 109
1738679063367 170.40067894635524 110
1738679063373 169.18168415991448 111
1738679063380 170.98670098917952 112
