1738823491103 105.88707479623115 0
1738823491127 107.30763289387279 1
1738823491152 86.79125996606491 2
1738823491172 95.86080992350881 3
1738823491193 83.31247660655724 4
1738823491209 67.8069550079053 5
1738823491227 99.12121911246912 6
1738823491250 73.7059489797523 7
1738823491270 73.75906603773517 8
1738823491300 66.03913333246122 9
1738823491325 67.9425638401572 10
1738823491352 73.04137642184652 11
1738823491378 58.427884312312315 12
1738823491404 54.63343305233015 13
1738823491425 57.95621835453097 14
1738823491444 46.078661225369366 15
1738823491465 53.739529749943706 16
1738823491492 60.39630374723964 17
1738823491514 47.28398630083921 18
1738823491529 80.01430213085094 19
1738823491549 65.10445621553919 20
1738823491570 101.28612691809894 21
1738823491590 60.47872875148096 22
1738823491614 61.460739620398996 23
1738823491639 63.24088042170012 24
1738823491661 49.66924187303517 25
1738823491686 43.146669337226896 26
1738823491709 48.61586096460865 27
1738823491733 46.44442027101402 28
1738823491763 52.5978524902713 29
1738823491785 53.00111945238753 30
1738823491816 36.87947119498917 31
1738823491837 48.670862986902875 32
1738823491870 38.879642080460165 33
1738823491889 41.653716704641255 34
1738823491907 43.89806780971616 35
1738823491931 44.79715622558554 36
1738823491959 51.25060030258062 37
1738823491985 38.41002640750395 38
1738823492012 42.59642251583846 39
1738823492035 46.61695150585671 40
1738823492056 42.055460957212595 41
1738823492073 39.38258194679204 42
1738823492121 28.8945636274108 43
1738823492142 63.085644173053595 44
1738823492177 43.128380077635185 45
1738823492201 39.230698004509144 46
1738823492227 55.533233606765684 47
1738823492253 34.555820550318565 48
1738823492278 31.792888266152357 49
1738823492297 52.931194665017784 50
1738823492324 35.98582347130741 51
1738823492348 48.111404139344856 52
1738823492370 35.16891261212286 53
1738823492394 37.34502168869103 54
1738823492419 36.65210781378572 55
1738823492438 39.30794038015026 56
1738823492457 56.73464395105507 57
1738823492476 36.152426012275065 58
1738823492496 36.47190590956655 59
1738823492517 33.1078741615544 60
1738823492542 30.854445904908467 61
1738823492565 47.82432191137231 62
1738823492587 40.162163181603 63
1738823492614 34.510934814393416 64
1738823492646 20.8951827991076 65
1738823492667 26.052532780968818 66
1738823492684 29.525439990594283 67
1738823492703 34.46825191764247 68
1738823492720 26.302516139035017 69
1738823492738 30.831674583768336 70
1738823492759 30.544117636278465 71
1738823492777 42.77892697810972 72
1738823492796 25.792534156744903 73
1738823492813 26.17592426429253 74
1738823492830 27.725570118054144 75
1738823492845 25.712061490782368 76
1738823492864 24.663626121232102 77
1738823492882 37.781255500518256 78
1738823492902 51.32380678807972 79
1738823492926 24.47353787817326 80
1738823492950 20.554473959443456 81
1738823492977 18.694243745289324 82
1738823493006 29.79379960004087 83
1738823493033 25.90842659230011 84
1738823493076 30.978789352916152 85
1738823493099 23.775832168581765 86
1738823493115 32.61905434744878 87
1738823493135 21.757136914999894 88
1738823493155 29.147499800561718 89
1738823493179 24.18563520836508 90
1738823493211 20.765700569850484 91
1738823493232 24.543145075703716 92
1738823493258 32.48554466421251 93
1738823493284 24.56529064034196 94
1738823493306 21.266869322148796 95
1738823493327 29.788801977384736 96
1738823493350 20.478457558093393 97
1738823493378 27.77328758204335 98
1738823493403 18.90327326449013 99
1738823493426 21.803461808672925 100
1738823493450 23.71983148209593 101
1738823493476 21.851436806967577 102
1738823493504 19.954692377672963 103
1738823493528 18.002224418335494 104
1738823493554 22.71029764748463 105
1738823493582 30.821998769541793 106
1738823493607 19.384501311116313 107
1738823493627 15.60268025063348 108
1738823493652 17.530510824535405 109
1738823493675 18.06268345807459 110
1738823493696 20.208104976221044 111
1738823493726 24.8234356577977 112
1738823493748 20.768917985104867 113
1738823493770 22.002989892264175 114
1738823493794 18.53991257290884 115
1738823493819 21.84654391035094 116
1738823493837 16.939519752375904 117
1738823493859 14.012684625969023 118
1738823493880 16.323547965027927 119
1738823493916 19.41164003946866 120
1738823493942 21.042497666892483 121
1738823493961 15.868711238707807 122
1738823493982 16.187321149631224 123
1738823494003 15.06267571679551 124
1738823494022 14.074434066617696 125
1738823494044 11.880773699932824 126
1738823494068 14.158287800700421 127
1738823494097 20.193782787344343 128
1738823494127 13.640461866839866 129
1738823494156 18.615250711284883 130
1738823494176 13.025835395998795 131
1738823494198 16.39321610273211 132
1738823494216 17.42297086270429 133
1738823494235 11.152221306215507 134
1738823494253 19.980152585377045 135
1738823494274 12.25345680840685 136
1738823494301 14.432010218597073 137
1738823494328 10.191126467294836 138
1738823494354 13.519182952158582 139
1738823494429 11.137105680791372 140
1738823494477 13.869907026632447 141
1738823494497 11.946786281110688 142
1738823494525 11.092136533311637 143
1738823494547 12.60572828443161 144
1738823494565 11.945147942395362 145
1738823494592 16.44619796454964 146
1738823494618 11.52260230834962 147
1738823494644 10.651609126432279 148
1738823494661 12.573450866303187 149
1738823494681 14.667055179443631 150
1738823494702 13.781444415017429 151
1738823494722 14.713423302569442 152
1738823494742 14.777554990699626 153
1738823494763 12.82960996217223 154
1738823494786 11.319950838102708 155
1738823494811 8.443335615036323 156
1738823494829 12.188958377009765 157
1738823494853 9.589637236775093 158
1738823494875 12.848799730893585 159
1738823494891 10.456987493368471 160
1738823494908 10.234371690175593 161
1738823494928 10.101357282368495 162
1738823494948 9.858024797355643 163
1738823494970 7.924837749502287 164
1738823494988 8.356813645550266 165
1738823495018 10.531303621782753 166
1738823495044 11.27152950943557 167
1738823495071 12.886385703599185 168
1738823495102 10.128561631786487 169
1738823495130 6.4539479629429986 170
1738823495175 8.678330292625628 171
1738823495220 9.828971686177155 172
1738823495240 11.664709665178671 173
1738823495257 10.152535656026592 174
1738823495275 6.788943287583647 175
1738823495290 12.091935200888624 176
1738823495307 8.933548996557683 177
1738823495325 6.372352441028215 178
1738823495345 8.693687215507675 179
1738823495363 9.651182906878132 180
1738823495382 8.365410629701445 181
1738823495420 8.57135344457953 182
1738823495450 9.943915748019135 183
1738823495475 9.758579404329277 184
1738823495503 7.595230131520822 185
1738823495530 7.2956361431190375 186
1738823495552 7.0719591569967815 187
1738823495571 5.91542810639763 188
1738823495593 6.987552015077512 189
1738823495617 7.9648258954959035 190
1738823495633 7.887643949113924 191
1738823495658 6.837363740911336 192
1738823495685 6.367641069020958 193
1738823495711 9.985001127847957 194
1738823495747 6.878515711504241 195
1738823495776 7.890071331207606 196
1738823495796 6.609122683865602 197
1738823495822 6.185380348115359 198
1738823495842 6.388781248636368 199
1738823495864 8.156847557257244 200
1738823495886 9.196458437230659 201
1738823495920 6.715307554676169 202
1738823495939 7.128555060365443 203
1738823495965 6.087820007015873 204
1738823495999 4.989131457428218 205
1738823496027 7.4301632064478005 206
1738823496053 7.405882738112005 207
1738823496077 5.702838861478278 208
1738823496092 6.212397078154175 209
1738823496105 6.678358516767702 210
1738823496122 7.443340667413674 211
1738823496148 6.072996527378466 212
1738823496180 7.011691904091432 213
1738823496219 8.97708441355814 214
1738823496263 7.278418008117925 215
1738823496296 7.298929078617104 216
1738823496327 5.358331490119632 217
1738823496355 6.100958579347655 218
1738823496379 5.878168744862927 219
1738823496401 6.090819975036059 220
1738823496423 8.473447493564908 221
1738823496439 6.188637010807583 222
1738823496457 5.147904491294443 223
1738823496470 5.339672517253743 224
1738823496481 5.018226036084226 225
1738823496503 8.224337575898026 226
1738823496523 4.19364351039525 227
1738823496543 3.9025598931213428 228
1738823496564 4.557768751509917 229
1738823496589 7.448026605849539 230
1738823496614 6.1089014127793115 231
1738823496638 4.430448504306305 232
1738823496662 6.987446139003089 233
1738823496682 4.973858670516994 234
1738823496698 6.363660295417127 235
1738823496722 4.639216825036059 236
1738823496744 4.059753310251849 237
1738823496763 5.942336607956292 238
1738823496788 2.263090999385 239
1738823496810 5.047851690567922 240
1738823496835 4.993536980237003 241
1738823496859 4.761916735057077 242
1738823496886 4.666986422614348 243
1738823496912 3.339252016586368 244
1738823496928 3.3153458021937503 245
1738823496947 4.760247883578453 246
1738823496965 3.4462937690558233 247
1738823496988 3.781310807178641 248
1738823497009 5.171563581096567 249
1738823497038 3.9990721381301553 250
1738823497064 4.494114888572372 251
1738823497106 4.775974739303112 252
1738823497134 2.623625775065798 253
1738823497164 5.098943018025719 254
1738823497197 4.900649578224189 255
1738823497230 4.063125713293212 256
1738823497256 4.000891362090813 257
1738823497286 3.844864695826792 258
1738823497309 3.376643768042759 259
1738823497352 4.3192267574453265 260
1738823497373 4.560972602710796 261
1738823497396 3.508400547593172 262
1738823497419 3.97332747863944 263
1738823497435 4.035382735528918 264
1738823497455 4.121526695015998 265
1738823497482 2.9059099275227864 266
1738823497498 3.6903179845934866 267
1738823497515 2.5903113068481103 268
1738823497545 2.798267379982207 269
1738823497579 3.8967988114622263 270
1738823497612 3.1280372621974077 271
1738823497646 2.942715444884218 272
1738823497670 2.853860319319622 273
1738823497696 4.032470864334082 274
1738823497725 3.533970947550433 275
1738823497756 3.5630610019676556 276
1738823497778 3.7511251196370887 277
1738823497799 2.902381852459095 278
1738823497823 3.643806119885616 279
1738823497849 3.2350553570869893 280
1738823497873 2.0387880167869104 281
1738823497899 2.577950789572971 282
1738823497929 2.5740428534696655 283
1738823497952 2.8037729619172125 284
1738823497971 3.443054135480098 285
1738823497996 2.747865672232685 286
1738823498019 2.947401009405584 287
1738823498046 2.6576100171326815 288
1738823498073 2.934844637039827 289
1738823498101 2.447946989441281 290
1738823498126 2.2862560860768895 291
1738823498149 3.1487042281451876 292
1738823498166 2.589347955786899 293
1738823498185 2.827316754829613 294
1738823498202 2.025429568942266 295
1738823498220 2.5477742946608952 296
1738823498240 3.27884195273252 297
1738823498256 1.2777127944018396 298
1738823498295 2.851108752384948 299
1738823498318 3.8543859502876674 300
1738823498337 2.4780857374025955 301
1738823498362 3.2750480643936792 302
1738823498387 3.0705306858959394 303
1738823498407 2.693791705853802 304
1738823498422 2.537946801532652 305
1738823498443 2.059366712028179 306
1738823498461 2.5868973858804383 307
1738823498481 2.8314684902897036 308
1738823498500 2.2706588450208143 309
1738823498536 2.4221728634139192 310
1738823498560 2.281202066527943 311
1738823498588 4.432470164911435 312
1738823498620 1.7598348003496067 313
1738823498653 2.3320336228642633 314
1738823498677 2.043277683615056 315
1738823498711 2.105915402535921 316
1738823498750 2.7410069612423262 317
1738823498773 3.095345772561518 318
1738823498789 1.975689822756302 319
1738823498801 2.8964508749294793 320
1738823498816 2.1293318539788744 321
1738823498830 2.1676248106204663 322
1738823498842 2.2143671420151914 323
1738823498857 1.6199514904172678 324
1738823498868 1.864491690302344 325
1738823498889 2.7157212082823374 326
1738823498909 2.5076012309620723 327
1738823498928 2.651162371836764 328
1738823498948 2.056117581572285 329
1738823498968 2.2768097066942397 330
1738823498994 1.761736249232044 331
1738823499017 2.4789884231740875 332
1738823499041 1.8240606303461335 333
1738823499063 2.382206900617289 334
1738823499087 1.597484213032686 335
1738823499106 1.6361897510395935 336
1738823499126 2.439416798699764 337
1738823499145 2.3504703101034323 338
1738823499166 1.8049480075578914 339
1738823499186 1.8746916150810093 340
1738823499208 1.9683758365676502 341
1738823499231 1.904484902129311 342
1738823499259 1.4625080901017047 343
1738823499282 1.8596219356006383 344
1738823499303 1.7445891475739654 345
1738823499326 1.5089879910685606 346
1738823499353 1.65141810648458 347
1738823499377 2.3501402647532514 348
1738823499407 2.2743942314894547 349
1738823499451 1.3945466239863662 350
1738823499479 2.4393697292604877 351
1738823499511 2.211718376578424 352
1738823499535 1.6632229411105202 353
1738823499558 1.4863179056447828 354
1738823499598 2.1555782375387227 355
1738823499628 1.8247304376463114 356
1738823499648 1.7413869715695856 357
1738823499726 1.8429770986313527 358
1738823499844 1.008021763952535 359
1738823499898 1.7630623652039392 360
1738823499948 1.445332724840218 361
1738823499977 1.5487924977886636 362
1738823499994 1.025905121513812 363
1738823500037 1.7974034727170491 364
1738823500064 1.468144405586219 365
1738823500086 1.6950536645381036 366
1738823500104 1.3227614267512044 367
1738823500124 1.302719911945471 368
1738823500141 1.2404540762758365 369
1738823500163 1.7911112066367596 370
1738823500179 1.2008516331565657 371
1738823500196 2.344224053541846 372
1738823500213 1.4860810883478672 373
1738823500233 1.5406728134355805 374
1738823500249 1.086160638548445 375
1738823500269 1.3821624400110823 376
1738823500286 1.6979241781824883 377
1738823500308 1.6234804984304545 378
1738823500330 1.3386366743648097 379
1738823500348 1.196510211477325 380
1738823500365 1.2449087245915673 381
1738823500380 1.5124593397452244 382
1738823500398 1.3101724239506947 383
1738823500422 2.3860417807425844 384
1738823500446 1.3776853731449705 385
1738823500457 1.6384840446177666 386
1738823500468 1.3363788852611058 387
1738823500481 1.4811001377590003 388
1738823500496 0.9189880596721719 389
1738823500512 2.157408948334657 390
1738823500530 1.2865404876242361 391
1738823500563 1.1614102579881354 392
1738823500590 1.560798824396801 393
1738823500621 0.9253041717280384 394
1738823500640 1.0068335781681237 395
1738823500664 1.0395537438088878 396
1738823500680 0.9930255018137611 397
1738823500696 1.297518396336585 398
1738823500714 1.141455569783951 399
1738823500730 1.5889448369085941 400
1738823500749 1.298576035918462 401
1738823500765 1.4261036377777154 402
1738823500780 1.0199625281321447 403
1738823500795 1.056950822534993 404
1738823500813 0.8737193890325621 405
1738823500828 1.1415178581776302 406
1738823500852 1.1060305684185068 407
1738823500868 1.0553468820386462 408
1738823500888 0.8567541765070444 409
1738823500908 0.5594291936441359 410
1738823500937 1.0552664518589798 411
1738823500964 1.2291442661999927 412
1738823500985 1.4612820096258097 413
1738823501004 0.9937404037407364 414
1738823501021 1.0696604417352804 415
1738823501040 1.2498534911744195 416
1738823501059 0.8690563697972538 417
1738823501080 0.9616699434298998 418
1738823501097 1.3057304302497936 419
1738823501117 1.0596613986101482 420
1738823501134 1.3700774889368605 421
1738823501151 0.6400922789059734 422
1738823501166 1.1820611137122743 423
1738823501184 0.7907408274702638 424
1738823501199 1.011170595726958 425
1738823501214 0.9556750402893933 426
1738823501230 0.6842373079775005 427
1738823501245 1.0764998295652877 428
1738823501260 1.1292444780037143 429
1738823501276 0.659106932132129 430
1738823501291 0.8442650733743642 431
1738823501305 1.1753781272967594 432
1738823501321 0.9053597308324628 433
1738823501336 0.9734631061514909 434
1738823501352 0.9549206828586364 435
1738823501369 0.5033354290181606 436
1738823501386 1.2302230318516671 437
1738823501404 0.9751685748443435 438
1738823501424 0.9073559081234749 439
1738823501445 0.9893980202854541 440
1738823501467 0.7683621408905531 441
1738823501488 0.7674395601309937 442
1738823501507 0.9450761878149471 443
1738823501528 0.7303893306025226 444
1738823501547 0.7843277933958307 445
1738823501570 0.9707619330030354 446
1738823501594 0.9748885813646598 447
1738823501613 0.6197621532173773 448
1738823501643 0.7222985840210481 449
1738823501661 0.6400566158054695 450
1738823501677 1.700550837284494 451
1738823501692 0.8156016169261279 452
1738823501707 0.8232656723648254 453
1738823501724 1.5567783837967526 454
1738823501740 0.8551091467184065 455
1738823501758 0.9356987639537659 456
1738823501774 0.9894908260576168 457
1738823501794 1.0439197451672368 458
1738823501815 0.6122474346929766 459
1738823501838 0.686997811392495 460
1738823501857 0.7266954014032122 461
1738823501878 0.7109228263204281 462
1738823501896 0.7410004949952425 463
1738823501912 0.8041025853635516 464
1738823501928 0.836440916809213 465
1738823501941 0.8474887982671995 466
1738823501959 0.9777628563287044 467
1738823501979 0.6547479742403199 468
1738823501994 0.6453134889577258 469
1738823502012 0.7006556532609953 470
1738823502027 0.6344424972703415 471
1738823502044 0.6475169422262284 472
1738823502058 0.6794552292508214 473
1738823502075 0.5845372405814162 474
1738823502093 0.6754037980763546 475
1738823502108 0.7205002293467835 476
1738823502132 0.6114005687390153 477
1738823502149 0.6597914157181171 478
1738823502175 0.8465952283408299 479
1738823502207 1.2324650437862845 480
1738823502230 0.6127014757029647 481
1738823502247 0.4701042793244438 482
1738823502264 0.519751804864654 483
1738823502297 0.885646825795356 484
1738823502323 0.6350559993693464 485
1738823502347 0.6628136527519615 486
1738823502365 0.5616884805764226 487
1738823502392 0.512015608191959 488
1738823502412 0.8565331433034661 489
1738823502430 0.5308834855313984 490
1738823502447 0.5632218587630152 491
1738823502463 0.6337446492716365 492
1738823502479 0.6779920316627938 493
1738823502495 0.5112376079068508 494
1738823502511 0.5700427949042509 495
1738823502527 0.6235736933526488 496
1738823502575 0.4470896491517607 497
1738823502598 0.5302960809812555 498
1738823502617 0.6321647986337541 499
