1738678289340 167.3398631129343 0
1738678289362 165.73240086219485 1
1738678289389 162.84540574377866 2
1738678289409 158.96165012816982 3
1738678289425 154.3790137160677 4
1738678289444 149.3873374657992 5
1738678289475 144.25027823814176 6
1738678289494 139.19245639279615 7
1738678289511 134.39176873654222 8
1738678289535 129.97640687267193 9
1738678289561 126.0258830366707 10
1738678289580 122.57522086389312 11
1738678289593 119.62140978632063 12
1738678289611 117.13123682280829 13
1738678289635 115.04968342759015 14
1738678289657 113.30819151093638 15
1738678289676 111.83224555131304 16
1738678289697 110.54787190164947 17
1738678289712 109.38680901218888 18
1738678289729 108.29024296878113 19
1738678289755 107.21112390340517 20
1738678289771 106.11517570374828 21
1738678289790 104.98078186989126 22
1738678289807 103.79797444306061 23
1738678289822 102.56677259669776 24
1738678289839 101.29511601186155 25
1738678289861 99.99661969501858 26
1738678289911 98.68834598016066 27
1738678289945 97.38875064204046 28
1738678289973 96.11591757411388 29
1738678289988 94.88615404376756 30
1738678290003 93.71297911349042 31
1738678290019 92.60650361375849 32
1738678290036 91.57317248814243 33
1738678290050 90.61582008297744 34
1738678290070 89.73397605763873 35
1738678290091 88.92435355738023 36
1738678290116 88.18145123894132 37
1738678290136 87.49820553578155 38
1738678290152 86.8666379350201 39
1738678290169 86.27845273881499 40
1738678290190 85.72555260475177 41
1738678290206 85.2004510565088 42
1738678290221 84.69657227479748 43
1738678290242 84.20843818325449 44
1738678290269 83.7317507188537 45
1738678290284 83.26338301351204 46
1738678290301 82.80129698781802 47
1738678290314 82.34440669409727 48
1738678290327 81.89240688190878 49
1738678290351 81.44558500668634 50
1738678290369 81.00463261219424 51
1738678290386 80.57046904684447 52
1738678290405 80.14408715995205 53
1738678290418 79.72642726410564 54
1738678290433 79.3182824882558 55
1738678290455 78.92023586687115 56
1738678290473 78.53262723583671 57
1738678290488 78.15554629928859 58
1738678290506 77.78884710495385 59
1738678290521 77.43217858752531 60
1738678290537 77.0850257463065 61
1738678290565 76.7467563290642 62
1738678290597 76.41666850126154 63
1738678290618 76.09403578850242 64
1738678290641 75.77814649488299 65
1738678290662 75.46833573645533 66
1738678290680 75.16400911717182 67
1738678290704 74.86465786122713 68
1738678290721 74.56986586466346 69
1738678290741 74.27930962100224 70
1738678290768 73.99275230580584 71
1738678290794 73.7100334810376 72
1738678290816 73.43105591885927 73
1738678290839 73.15577096949544 74
1738678290860 72.88416373596996 75
1738678290884 72.6162390978314 76
1738678290905 72.3520093732058 77
1738678290920 72.09148414759717 78
1738678290941 71.83466254875658 79
1738678290962 71.58152802500268 80
1738678290977 71.33204550010403 81
1738678290993 71.08616063708851 82
1738678291016 70.8438008478058 83
1738678291049 70.60487763291347 84
1738678291071 70.36928982365373 85
1738678291085 70.13692731592735 86
1738678291113 69.90767493128077 87
1738678291126 69.68141610068255 88
1738678291143 69.45803613783977 89
1738678291156 69.23742494250337 90
1738678291170 69.01947904503616 91
1738678291189 68.80410296705097 92
1738678291203 68.59120992610033 93
1738678291219 68.38072195345609 94
1738678291243 68.17256952238216 95
1738678291263 67.96669080040182 96
1738678291278 67.76303064409903 97
1738678291293 67.56153945072379 98
1738678291314 67.36217196936772 99
1738678291333 67.1648861579264 100
1738678291361 66.96964215259278 101
1738678291385 66.7764013961609 102
1738678291407 66.58512595158729 103
1738678291424 66.39577800933709 104
1738678291442 66.20831958192844 105
1738678291458 66.02271236731336 106
1738678291476 65.83891775448879 107
1738678291490 65.65689693992697 108
1738678291511 65.47661112173388 109
1738678291531 65.29802173941081 110
1738678291544 65.12109073013762 111
1738678291560 64.94578077700605 112
1738678291577 64.77205553001158 113
1738678291598 64.5998797863188 114
1738678291616 64.42921962188291 115
1738678291637 64.26004247157553 116
1738678291657 64.09231715926086 117
1738678291681 63.92601388264731 118
1738678291694 63.76110416013022 119
1738678291715 63.59756074826846 120
1738678291736 63.43535753907913 121
1738678291756 63.27446944612425 122
1738678291783 63.114872287555286 123
1738678291798 62.95654267304881 124
1738678291813 62.79945790007495 125
1738678291835 62.64359586334451 126
1738678291849 62.48893497971268 127
1738678291863 62.33545412938203 128
1738678291889 62.18313261302109 129
1738678291909 62.03195012344377 130
1738678291924 61.88188672979913 131
1738678291938 61.73292287179721 132
1738678291956 61.58503936132383 133
1738678291971 61.438217388838936 134
1738678291984 61.292438532166685 135
1738678291995 61.14768476562303 136
1738678292009 61.00393846784159 137
1738678292024 60.86118242710602 138
1738678292070 60.719399843441664 139
1738678292091 60.57857432712769 140
1738678292107 60.438689893644565 141
1738678292130 60.29973095535343 142
1738678292149 60.161682310409745 143
1738678292176 60.02452912954301 144
1738678292203 59.88825694139191 145
1738678292247 59.75285161708199 146
1738678292261 59.61829935468006 147
1738678292275 59.48458666407088 148
1738678292294 59.35170035269039 149
1738678292311 59.21962751242766 150
1738678292324 59.08835550788496 151
1738678292341 58.95787196607312 152
1738678292360 58.82816476752009 153
1738678292383 58.699222038692234 154
1738678292399 58.57103214557006 155
1738678292416 58.443583688183494 156
1738678292431 58.31686549589561 157
1738678292446 58.19086662322391 158
1738678292462 58.06557634600375 159
1738678292481 57.94098415772325 160
1738678292503 57.81707976589085 161
1738678292518 57.69385308833212 162
1738678292536 57.571294249347034 163
1738678292558 57.449393575692454 164
1738678292575 57.32814159238277 165
1738678292599 57.20752901832524 166
1738678292620 57.087546761824136 167
1738678292641 56.968185915998774 168
1738678292654 56.84943775416654 169
1738678292674 56.73129372524265 170
1738678292700 56.61374544920501 171
1738678292718 56.49678471266618 172
1738678292736 56.38040346458602 173
1738678292752 56.26459381214945 174
1738678292770 56.149348016823794 175
1738678292792 56.03465849060149 176
1738678292812 55.92051779242598 177
1738678292838 55.80691862479216 178
1738678292862 55.6938538305078 179
1738678292888 55.581316389599515 180
1738678292907 55.46929941634512 181
1738678292927 55.357796156413954 182
1738678292954 55.24679998409805 183
1738678292974 55.1363043996187 184
1738678292991 55.02630302649539 185
1738678293012 54.91678960896688 186
1738678293028 54.80775800945721 187
1738678293054 54.699202206081495 188
1738678293076 54.5911162901896 189
1738678293092 54.48349446394679 190
1738678293123 54.37633103795267 191
1738678293136 54.269620428900616 192
1738678293152 54.16335715727986 193
1738678293165 54.05753584512361 194
1738678293185 53.95215121380542 195
1738678293202 53.84719808188627 196
1738678293225 53.74267136301395 197
1738678293244 53.63856606387563 198
1738678293264 53.53487728220383 199
1738678293281 53.4316002048355 200
1738678293300 53.32873010582299 201
1738678293317 53.226262344595405 202
1738678293338 53.12419236416846 203
1738678293361 53.022515689400635 204
1738678293388 52.921227925293344 205
1738678293402 52.82032475533292 206
1738678293418 52.71980193987202 207
1738678293435 52.619655314548694 208
1738678293462 52.519880788741 209
1738678293482 52.420474344055776 210
1738678293502 52.32143203285013 211
1738678293519 52.22274997678457 212
1738678293534 52.12442436540672 213
1738678293552 52.02645145476514 214
1738678293569 51.92882756605251 215
1738678293589 51.831549084277576 216
1738678293608 51.73461245696576 217
1738678293622 51.63801419288772 218
1738678293642 51.54175086081576 219
1738678293658 51.44581908830752 220
1738678293682 51.350215560516666 221
1738678293698 51.25493701902989 222
1738678293713 51.1599802607302 223
1738678293738 51.06534213668542 224
1738678293757 50.97101955106164 225
1738678293775 50.877009460061025 226
1738678293792 50.78330887088324 227
1738678293813 50.68991484070996 228
1738678293828 50.59682447571177 229
1738678293843 50.504034930076905 230
1738678293859 50.41154340506126 231
1738678293880 50.31934714805886 232
1738678293903 50.22744345169269 233
1738678293918 50.13582965292483 234
1738678293936 50.04450313218583 235
1738678293958 49.953461312522585 236
1738678293975 49.86270165876448 237
1738678293993 49.77222167670716 238
1738678294016 49.682018912313815 239
1738678294036 49.592090950933155 240
1738678294051 49.50243541653436 241
1738678294070 49.413049970957985 242
1738678294085 49.32393231318287 243
1738678294101 49.235080178608676 244
1738678294118 49.1464913383535 245
1738678294134 49.058163598566615 246
1738678294151 48.97009479975552 247
1738678294169 48.882282816127514 248
1738678294196 48.79472555494496 249
1738678294217 48.70742095589439 250
1738678294249 48.62036699046876 251
1738678294263 48.53356166136279 252
1738678294277 48.447003001881 253
1738678294301 48.36068907535817 254
1738678294328 48.27461797459192 255
1738678294345 48.188787821287164 256
1738678294373 48.10319676551216 257
1738678294399 48.017842985165785 258
1738678294415 47.93272468545608 259
1738678294434 47.84784009838935 260
1738678294449 47.76318748227011 261
1738678294474 47.67876512121114 262
1738678294490 47.594571324653835 263
1738678294513 47.51060442689833 264
1738678294527 47.42686278664333 265
1738678294542 47.343344786535454 266
1738678294557 47.260048832727776 267
1738678294578 47.176973354447405 268
1738678294596 47.09411680357205 269
1738678294622 47.01147765421504 270
1738678294642 46.92905440231905 271
1738678294661 46.84684556525789 272
1738678294676 46.764849681446606 273
1738678294695 46.68306530995939 274
1738678294721 46.601491030155266 275
1738678294744 46.52012544131141 276
1738678294769 46.43896716226384 277
1738678294794 46.35801483105541 278
1738678294817 46.27726710459084 279
1738678294830 46.19672265829883 280
1738678294847 46.116380185800786 281
1738678294868 46.03623839858636 282
1738678294884 45.95629602569539 283
1738678294906 45.876551813406266 284
1738678294924 45.79700452493049 285
1738678294943 45.717652940113325 286
1738678294959 45.638495855140455 287
1738678294985 45.5595320822504 288
1738678295015 45.48076044945273 289
1738678295035 45.40217980025179 290
1738678295052 45.3237889933759 291
1738678295073 45.24558690251202 292
1738678295092 45.1675724160454 293
1738678295112 45.089744436804715 294
1738678295126 45.0121018818118 295
1738678295142 44.93464368203668 296
1738678295158 44.857368782157124 297
1738678295171 44.78027614032307 298
1738678295192 44.70336472792553 299
1738678295210 44.626633529370146 300
1738678295223 44.550081541854944 301
1738678295244 44.47370777515267 302
1738678295261 44.3975112513971 303
1738678295277 44.32149100487367 304
1738678295294 44.24564608181404 305
1738678295313 44.16997554019467 306
1738678295330 44.09447844953928 307
1738678295362 44.01915389072511 308
1738678295377 43.94400095579285 309
1738678295394 43.86901874776028 310
1738678295413 43.79420638043945 311
1738678295427 43.719562978257336 312
1738678295446 43.64508767607992 313
1738678295467 43.570779619039605 314
1738678295482 43.496637962366 315
1738678295500 43.42266187121973 316
1738678295516 43.34885052052961 317
1738678295536 43.27520309483269 318
1738678295557 43.20171878811749 319
1738678295577 43.12839680367002 320
1738678295602 43.05523635392291 321
1738678295627 42.982236660307066 322
1738678295645 42.90939695310644 323
1738678295666 42.83671647131526 324
1738678295686 42.76419446249802 325
1738678295707 42.69183018265209 326
1738678295726 42.61962289607284 327
1738678295742 42.54757187522133 328
1738678295758 42.47567640059429 329
1738678295785 42.40393576059674 330
1738678295800 42.33234925141676 331
1738678295816 42.26091617690266 332
1738678295828 42.18963584844237 333
1738678295849 42.118507584845084 334
1738678295876 42.04753071222499 335
1738678295891 41.97670456388722 336
1738678295910 41.90602848021584 337
1738678295931 41.83550180856379 338
1738678295944 41.765123903145046 339
1738678295961 41.69489412492844 340
1738678295974 41.624811841533656 341
1738678295991 41.55487642712898 342
1738678296007 41.48508726233091 343
1738678296021 41.41544373410554 344
1738678296034 41.345945235671806 345
1738678296047 41.27659116640636 346
1738678296068 41.207380931750286 347
1738678296084 41.13831394311722 348
1738678296108 41.06938961780342 349
1738678296124 41.000607378899254 350
1738678296141 40.93196665520221 351
1738678296162 40.86346688113163 352
1738678296179 40.79510749664479 353
1738678296197 40.72688794715453 354
1738678296212 40.6588076834483 355
1738678296229 40.590866161608645 356
1738678296246 40.52306284293513 357
1738678296260 40.45539719386748 358
1738678296274 40.38786868591029 359
1738678296288 40.320476795558804 360
1738678296312 40.25322100422617 361
1738678296333 40.18610079817186 362
1738678296357 40.11911566843136 363
1738678296375 40.05226511074704 364
1738678296412 39.98554862550029 365
1738678296429 39.91896571764474 366
1738678296448 39.85251589664064 367
1738678296477 39.78619867639048 368
1738678296503 39.72001357517549 369
1738678296519 39.65396011559345 370
1738678296536 39.58803782449739 371
1738678296556 39.522246232935444 372
1738678296573 39.456584876091625 373
1738678296594 39.39105329322773 374
1738678296610 39.32565102762608 375
1738678296624 39.260377626533305 376
1738678296645 39.1952326411051 377
1738678296664 39.13021562635183 378
1738678296683 39.06532614108511 379
1738678296703 39.00056374786521 380
1738678296718 38.93592801294947 381
1738678296741 38.871418506241355 382
1738678296764 38.80703480124059 383
1738678296791 38.74277647499396 384
1738678296806 38.67864310804696 385
1738678296846 38.61463428439631 386
1738678296862 38.55074959144315 387
1738678296877 38.48698861994709 388
1738678296893 38.423350963980965 389
1738678296916 38.35983622088628 390
1738678296937 38.296443991229545 391
1738678296957 38.233173878759125 392
1738678296972 38.17002549036295 393
1738678296992 38.1069984360268 394
1738678297011 38.04409232879332 395
1738678297028 37.981306784721696 396
1738678297049 37.91864142284794 397
1738678297070 37.856095865145896 398
1738678297085 37.793669736488745 399
1738678297101 37.731362664611254 400
1738678297114 37.669174280072546 401
1738678297128 37.60710421621949 402
1738678297142 37.54515210915072 403
1738678297160 37.48331759768106 404
1738678297177 37.42160032330677 405
1738678297198 37.35999993017111 406
1738678297214 37.298516065030555 407
1738678297232 37.237148377221516 408
1738678297250 37.175896518627646 409
1738678297279 37.11476014364751 410
1738678297295 37.05373890916294 411
1738678297325 36.99283247450773 412
1738678297347 36.93204050143694 413
1738678297361 36.87136265409652 414
1738678297378 36.81079859899369 415
1738678297400 36.75034800496739 416
1738678297425 36.690010543159495 417
1738678297445 36.6297858869864 418
1738678297457 36.56967371211089 419
1738678297469 36.50967369641466 420
1738678297482 36.44978551997114 421
1738678297495 36.3900088650187 422
1738678297513 36.330343415934365 423
1738678297530 36.270788859207855 424
1738678297545 36.21134488341601 425
1738678297565 36.15201117919772 426
1738678297581 36.09278743922905 427
1738678297598 36.033673358198875 428
1738678297617 35.974668632784876 429
1738678297639 35.91577296162979 430
1738678297655 35.856986045318145 431
1738678297673 35.798307586353275 432
1738678297690 35.73973728913465 433
1738678297706 35.68127485993563 434
1738678297724 35.62292000688148 435
1738678297741 35.56467243992771 436
1738678297766 35.50653187083881 437
1738678297796 35.448498013167175 438
1738678297814 35.39057058223244 439
1738678297837 35.33274929510114 440
1738678297869 35.27503387056651 441
1738678297887 35.21742402912876 442
1738678297915 35.159919492975554 443
1738678297936 35.10251998596277 444
1738678297957 35.045225233595566 445
1738678297976 34.98803496300969 446
1738678297997 34.930948902953084 447
1738678298022 34.87396678376775 448
1738678298041 34.81708833737188 449
1738678298062 34.7603132972422 450
1738678298086 34.7036413983967 451
1738678298114 34.64707237737737 452
1738678298134 34.590605972233476 453
1738678298158 34.53424192250481 454
1738678298208 34.477979969205386 455
1738678298227 34.42181985480719 456
1738678298247 34.36576132322431 457
1738678298266 34.309804119797235 458
1738678298283 34.253947991277286 459
1738678298300 34.19819268581145 460
1738678298319 34.142537952927235 461
1738678298337 34.086983543517896 462
1738678298358 34.03152920982776 463
1738678298376 33.976174705437806 464
1738678298406 33.92091978525143 465
1738678298427 33.8657642054804 466
1738678298457 33.81070772363107 467
1738678298471 33.75575009849066 468
1738678298486 33.700891090113835 469
1738678298508 33.64613045980946 470
1738678298524 33.59146797012746 471
1738678298541 33.536903384845914 472
1738678298560 33.48243646895838 473
1738678298577 33.428066988661264 474
1738678298590 33.37379471134147 475
1738678298607 33.31961940556417 476
1738678298629 33.265540841060755 477
1738678298655 33.211558788716935 478
1738678298677 33.15767302056105 479
1738678298696 33.10388330975243 480
1738678298718 33.050189430570065 481
1738678298751 32.99659115840125 482
1738678298770 32.943088269730566 483
1738678298788 32.88968054212886 484
1738678298803 32.83636775424244 485
1738678298828 32.78314968578242 486
1738678298852 32.73002611751421 487
1738678298874 32.67699683124706 488
1738678298887 32.6240616098239 489
1738678298907 32.57122023711114 490
1738678298921 32.51847249798875 491
1738678298939 32.46581817834039 492
1738678298963 32.41325706504369 493
1738678299001 32.36078894596064 494
1738678299087 32.30841360992817 495
1738678299101 32.256130846748725 496
1738678299114 32.20394044718116 497
1738678299130 32.151842202931554 498
1738678299143 32.09983590664422 499
