1738825209341 168.41311178938827 0
1738825209348 170.16949847155533 1
1738825209355 170.17516487863287 2
1738825209362 168.22908659409921 3
1738825209368 166.03173696628602 4
1738825209375 164.74557323905069 5
1738825209381 170.71854935157532 6
1738825209387 166.67472226980092 7
1738825209394 169.61583107630332 8
1738825209400 172.47772803928595 9
1738825209407 171.18933360940827 10
1738825209413 170.43818058984166 11
1738825209419 172.09684109186995 12
1738825209425 163.45362199197677 13
1738825209431 171.60300409483042 14
