1738826031040 169.6592017544444 0
1738826031069 169.6551086654615 1
1738826031105 169.64736447055844 2
1738826031137 169.63639355367667 3
1738826031174 169.62259893000459 4
1738826031204 169.60635973140865 5
1738826031240 169.5880296926152 6
1738826031271 169.56793642761104 7
1738826031297 169.54638132254976 8
1738826031321 169.52363990236665 9
1738826031346 169.49996255421644 10
1738826031371 169.47557551252865 11
1738826031398 169.45068202857462 12
1738826031437 169.42546366251534 13
1738826031470 169.40008164842556 14
1738826031497 169.37467829316392 15
1738826031568 169.3493783785284 16
1738826031598 169.32429054318322 17
1738826031621 169.29950862661934 18
1738826031651 169.27511296211887 19
1738826031670 169.25117160951115 20
1738826031689 169.22774152158328 21
1738826031705 169.20486964046597 22
1738826031723 169.18259392226187 23
1738826031740 169.16094428970527 24
1738826031768 169.1399435138189 25
1738826031797 169.11960802642014 26
1738826031821 169.09994866598677 27
1738826031841 169.08097135985773 28
1738826031857 169.06267774605882 29
1738826031879 169.04506573823332 30
1738826031911 169.02813003725356 31
1738826031940 169.01186259310646 32
1738826031970 168.99625302060502 33
1738826031996 168.98139036655385 34
1738826032032 168.96724369472017 35
1738826032058 168.95378276745203 36
1738826032087 168.94097810275034 37
1738826032122 168.92880101985108 38
1738826032147 168.91722367456697 39
1738826032174 168.90621908554368 40
1738826032196 168.89576115249272 41
1738826032220 168.88582466737273 42
1738826032249 168.87638531940686 43
1738826032273 168.86741969474173 44
1738826032300 168.85890527147833 45
1738826032323 168.8508204107334 46
1738826032346 168.8431443443245 47
1738826032369 168.8358571596097 48
1738826032398 168.82893978195804 49
1738826032412 168.82237395527332 50
