1738824327556 170.41969145561714 0
1738824327562 167.10411897163308 1
1738824327568 172.3773868456319 2
1738824327574 169.71376560447166 3
1738824327580 168.33242739454772 4
1738824327586 170.48314533602206 5
1738824327592 168.3322253047459 6
1738824327598 170.98851139034383 7
1738824327603 167.51930091644385 8
1738824327609 170.876698190985 9
1738824327615 166.85499589950442 10
1738824327620 167.9453430744571 11
1738824327626 167.39325639637002 12
1738824327632 168.67654720784068 13
1738824327638 167.7801230398926 14
1738824327644 168.3423052602847 15
1738824327650 170.40941760294146 16
1738824327656 168.46413813907407 17
1738824327663 167.0842054821192 18
1738824327669 166.96196092056095 19
1738824327675 169.33187507162214 20
1738824327682 168.72096262017246 21
1738824327688 165.82088265693903 22
1738824327695 167.92315142294845 23
1738824327701 170.87043490464848 24
1738824327706 168.21400863599393 25
1738824327712 169.16846861511752 26
1738824327718 169.30106984282375 27
1738824327724 166.13616897034595 28
1738824327729 169.02555572149845 29
1738824327735 168.65018424783193 30
1738824327742 166.63192076723013 31
1738824327748 169.65207367475833 32
1738824327754 166.38914614217657 33
1738824327760 168.4601059448277 34
1738824327766 167.14946750275533 35
1738824327772 170.78578458621206 36
1738824327778 168.41799591800012 37
1738824327784 167.5980984249033 38
1738824327790 169.62495176029816 39
1738824327796 167.08604680522163 40
1738824327802 169.0619914030476 41
1738824327808 169.43177659688058 42
1738824327814 168.42997119817957 43
1738824327820 169.79390784517798 44
1738824327826 167.3354262236574 45
1738824327831 168.83948042954552 46
1738824327837 168.17933478949092 47
1738824327843 169.73972069102408 48
1738824327849 169.23922852825538 49
1738824327855 171.60760227675493 50
1738824327861 168.46571798664306 51
1738824327867 169.04467382736178 52
1738824327873 173.11920902796004 53
1738824327879 170.17528553029885 54
1738824327885 169.6582575316241 55
1738824327890 165.95935769159598 56
1738824327896 168.98962872609533 57
1738824327902 168.88216401355484 58
1738824327909 170.01649025682946 59
1738824327915 168.96597508366992 60
1738824327921 168.38475750377887 61
1738824327928 169.71931854877877 62
1738824327935 168.25006269735275 63
1738824327941 169.13787866207832 64
1738824327948 168.39517241829233 65
1738824327955 167.76153788878528 66
1738824327962 169.88414230677827 67
1738824327968 169.66955828638413 68
1738824327974 170.52583940893606 69
1738824327980 168.82790618173934 70
1738824327986 169.60126776059982 71
1738824327991 168.6961246448098 72
1738824327997 169.4140455670317 73
1738824328004 168.73829662417995 74
1738824328009 168.5121270181251 75
1738824328015 169.3322600206368 76
1738824328021 168.25897014215164 77
1738824328026 167.96826998547115 78
1738824328032 168.84826745069128 79
1738824328038 169.61656665003395 80
1738824328044 168.67057217699477 81
1738824328050 171.21407414164082 82
1738824328056 167.22775823300515 83
1738824328062 170.18194854415296 84
1738824328068 169.10317003035473 85
1738824328073 169.63690297450492 86
1738824328079 167.5334815292337 87
1738824328085 170.92502276807392 88
1738824328091 167.86664082485328 89
1738824328097 169.50638517581734 90
1738824328102 169.14522742138536 91
1738824328108 171.73743711462714 92
1738824328114 170.3817231983324 93
1738824328120 168.87234105421712 94
1738824328126 168.04176047808483 95
1738824328132 169.0323731842247 96
1738824328138 170.4112199430488 97
1738824328144 168.6304484828166 98
1738824328149 168.3914070780603 99
1738824328156 166.96340511686438 100
1738824328162 169.92971130854258 101
1738824328167 167.1222297482924 102
1738824328173 168.55925592312227 103
1738824328179 168.27647118956565 104
1738824328185 166.97025585283205 105
1738824328190 169.05746645488492 106
1738824328196 170.78863477601453 107
1738824328202 168.61247911312324 108
1738824328207 167.25539663710188 109
1738824328213 168.82253821066135 110
1738824328219 167.68991520479426 111
1738824328225 167.97422131682126 112
