1738679858841 155.658851458977 0
1738679858882 231.89815522353157 1
1738679858922 219.1053565759529 2
1738679858962 162.86014123192194 3
1738679859002 129.10943179373723 4
1738679859045 188.6014837329765 5
1738679859101 91.76198919120958 6
1738679859146 150.5089693746231 7
1738679859192 318.9371296378104 8
1738679859234 157.50416477407114 9
1738679859276 157.50058195165556 10
1738679859316 214.12104245897388 11
1738679859356 171.91989219138617 12
1738679859397 163.99933786987853 13
1738679859437 277.45931073792264 14
1738679859477 163.4757633657074 15
1738679859518 102.48319728381675 16
1738679859558 161.92192316890083 17
1738679859598 185.9374581745492 18
1738679859638 126.12309450432929 19
1738679859678 173.0183402266083 20
1738679859718 181.57364339894272 21
1738679859758 157.55539157307413 22
1738679859798 136.52597753292315 23
1738679859839 197.2900426015384 24
1738679859880 198.94924978222966 25
1738679859919 176.6004089884533 26
1738679859959 227.33415953743372 27
1738679859999 172.38823776175556 28
1738679860041 173.07738164635197 29
1738679860082 135.2305541323039 30
1738679860122 151.93519033587413 31
1738679860163 166.05440981070433 32
1738679860202 192.3290442809731 33
1738679860242 192.2467378520009 34
1738679860282 188.94343412037114 35
1738679860322 188.5991076623001 36
1738679860362 91.39811903237282 37
1738679860402 181.62664535640937 38
1738679860442 179.84906710803605 39
1738679860482 177.8712161807751 40
1738679860522 169.96936593092676 41
1738679860561 129.94459959409394 42
1738679860601 121.77605571112443 43
1738679860641 189.79134848137332 44
1738679860681 169.39288861386828 45
1738679860722 153.7741721280286 46
1738679860763 155.31323576519242 47
1738679860803 155.78400388242338 48
1738679860845 159.50373863074216 49
1738679860886 191.29301651303567 50
1738679860926 198.98607253518722 51
1738679860967 91.31087131722217 52
1738679861006 226.289457859424 53
1738679861048 103.42000139471794 54
1738679861087 145.67740688610246 55
1738679861130 201.19618972777943 56
1738679861170 199.87318242380115 57
1738679861210 160.1015476477732 58
1738679861250 170.23396427142276 59
1738679861290 196.07500273284828 60
1738679861330 182.62958855142625 61
1738679861370 187.18145205830885 62
1738679861414 145.18832339112473 63
1738679861454 181.66600773060296 64
1738679861494 162.98077818379716 65
1738679861534 130.5378421277518 66
1738679861574 194.86015490398822 67
1738679861614 172.5560048657968 68
1738679861654 182.09234876189336 69
1738679861694 151.77339269398348 70
1738679861735 103.96956856564388 71
1738679861776 173.34779731262262 72
1738679861815 202.33441193474727 73
1738679861855 191.22453910205928 74
1738679861894 204.80435427637448 75
1738679861934 153.05797194175145 76
1738679861974 176.65080917636112 77
1738679862015 184.66793852419056 78
1738679862055 198.34036126341803 79
1738679862095 165.62869070104756 80
1738679862135 140.15422931441873 81
1738679862175 161.33314838997174 82
1738679862216 129.15099454028928 83
1738679862255 248.85969462303984 84
1738679862295 155.9060449935392 85
1738679862335 258.6814647114311 86
1738679862375 256.1096486231635 87
1738679862415 170.47279947945927 88
1738679862455 127.68016935589743 89
1738679862495 161.81223053251153 90
1738679862535 212.50124492790698 91
1738679862576 198.53366511412062 92
1738679862616 80.00914465800945 93
1738679862656 130.80470784630361 94
1738679862695 135.6845741590476 95
1738679862735 141.63536886151724 96
1738679862775 172.7620677220266 97
1738679862815 132.31153123764676 98
1738679862855 148.83688092117282 99
1738679862895 155.21568321585434 100
1738679862935 198.58972354634068 101
1738679862975 40.299186490953964 102
1738679863016 151.3534389110265 103
1738679863058 191.84637358374263 104
1738679863100 186.29324204522524 105
1738679863140 164.6216522250926 106
1738679863180 189.86323181976073 107
1738679863220 202.7141902149449 108
1738679863260 147.5979909941157 109
1738679863300 176.43283222997727 110
1738679863340 124.20003149011181 111
1738679863380 177.97429338494425 112
1738679863420 173.55530136784714 113
1738679863460 120.06604701997547 114
1738679863500 101.60536503368145 115
1738679863541 163.15757274342542 116
1738679863581 182.18051552739774 117
1738679863621 128.9011591533533 118
1738679863661 154.39048457355122 119
1738679863702 167.33417434124456 120
1738679863742 163.70903121084336 121
1738679863782 201.13931547339558 122
1738679863821 151.60638053955097 123
1738679863862 170.988219846188 124
1738679863901 129.85905893341265 125
1738679863941 204.26851005066374 126
1738679863981 152.2526956781072 127
1738679864021 151.0344837929901 128
1738679864061 180.9365317399796 129
1738679864101 86.25234933027863 130
1738679864141 217.75833216508622 131
1738679864181 159.0186278953796 132
1738679864221 145.03735178876477 133
1738679864261 156.379771255131 134
1738679864301 168.10523826434724 135
1738679864341 147.6795906653614 136
1738679864380 389.71306744182857 137
1738679864420 175.300980377491 138
1738679864459 178.1769169749889 139
1738679864499 211.32568548975703 140
1738679864538 146.0067083310912 141
1738679864578 209.94024879089994 142
1738679864618 177.24735597205395 143
1738679864658 123.82162308934768 144
1738679864698 205.89347269899486 145
1738679864738 150.68764296139122 146
1738679864777 137.2736819723678 147
1738679864817 118.72950634770565 148
1738679864858 119.65810877934503 149
1738679864897 191.5582128865591 150
1738679864937 197.05533120064533 151
1738679864977 148.70107242367055 152
1738679865016 191.25899937673432 153
1738679865057 90.19572284504939 154
1738679865097 218.57726355078387 155
1738679865137 174.84453483804575 156
1738679865176 118.75998127460763 157
1738679865216 212.5332931887179 158
1738679865256 194.71786341836793 159
1738679865296 206.52177156946453 160
1738679865335 243.65868520448342 161
1738679865376 162.35358155333716 162
1738679865415 105.96033363064316 163
1738679865455 161.3686243243384 164
1738679865495 178.06173833707157 165
1738679865535 166.40406958577933 166
1738679865574 118.89906259505686 167
1738679865614 160.2680425518029 168
1738679865654 201.91682717803724 169
1738679865693 191.06880412802101 170
1738679865733 113.98429889750085 171
1738679865773 150.3439092583679 172
1738679865812 126.4522666873995 173
1738679865852 167.4090033113106 174
1738679865892 189.08240689973837 175
1738679865933 169.29821617199906 176
1738679865972 162.98964361748764 177
1738679866012 171.03407081908995 178
1738679866052 168.08292741480287 179
1738679866092 178.59109117454452 180
1738679866132 168.0168567031464 181
1738679866172 188.8629403624716 182
1738679866212 188.33591835859292 183
1738679866251 151.4455106834329 184
1738679866291 149.8801426380879 185
1738679866331 162.8789032557658 186
1738679866370 153.55213544544534 187
1738679866410 160.94182109876263 188
1738679866449 165.87455675998459 189
1738679866489 170.76125091010462 190
1738679866529 152.96303495098738 191
1738679866569 224.99336300494778 192
1738679866608 173.74580258043704 193
1738679866648 147.1058230344041 194
1738679866688 149.571555704216 195
1738679866728 199.89580748592815 196
1738679866767 112.34465177618063 197
1738679866809 275.5479509475914 198
1738679866851 105.0491993219827 199
1738679866892 92.33271149660656 200
1738679866932 146.86281581154623 201
1738679866972 174.63963269847488 202
1738679867012 123.30572311809784 203
1738679867054 263.2027291682838 204
1738679867096 100.03120462934592 205
1738679867137 80.20481602038673 206
1738679867176 170.5586253521358 207
1738679867216 159.5003845575598 208
1738679867256 230.81392520245984 209
1738679867296 200.49979430929514 210
1738679867336 68.55306482264716 211
1738679867375 225.97613801441796 212
1738679867415 220.08540324377287 213
1738679867455 187.66962770678688 214
1738679867495 116.8966613688914 215
1738679867535 215.98402867396578 216
1738679867575 78.15766871088756 217
1738679867615 276.2879500259418 218
1738679867655 178.99939219055722 219
1738679867695 180.94294847247653 220
1738679867734 207.75824238979516 221
1738679867774 194.62777744996862 222
1738679867814 162.10084840520264 223
1738679867854 199.49759460784804 224
1738679867894 154.1140018275918 225
1738679867933 273.20456086310816 226
1738679867973 185.39275989872752 227
1738679868013 187.97968710215596 228
1738679868053 158.57895312784038 229
1738679868093 151.3076159720066 230
1738679868134 200.32507349352747 231
1738679868174 171.41603010537952 232
1738679868214 207.6284739064145 233
1738679868255 189.23867080143407 234
1738679868294 151.56903353854065 235
1738679868334 213.27483809753664 236
1738679868374 159.62572306955758 237
1738679868414 340.4136919907707 238
1738679868453 162.8558755144814 239
1738679868493 119.63809177656644 240
1738679868533 173.16702775312848 241
1738679868573 156.90735860104616 242
1738679868613 216.71529076498354 243
1738679868652 182.41526951458044 244
1738679868692 148.2618597720736 245
1738679868733 166.47668847175237 246
1738679868773 186.92964320838257 247
1738679868813 122.37712624557633 248
1738679868853 104.4153306023427 249
1738679868893 282.8540364450358 250
1738679868933 172.41212111037075 251
1738679868973 109.53077537540533 252
1738679869013 268.922020568301 253
1738679869053 155.15838192883086 254
1738679869093 198.21393775838263 255
1738679869135 175.08522889275758 256
1738679869176 159.21548235621367 257
1738679869217 239.11967239834243 258
1738679869259 168.20251374856537 259
1738679869301 133.90203765544328 260
1738679869343 232.35723004671323 261
1738679869384 88.69071394302378 262
1738679869426 154.5862425930411 263
1738679869467 158.95110916930543 264
1738679869509 163.1621147580507 265
1738679869551 156.77261780817662 266
1738679869593 172.62074165372107 267
1738679869633 168.63346865559944 268
1738679869673 185.64762701916766 269
1738679869714 120.37687440236098 270
1738679869754 184.82745756785908 271
1738679869794 193.79538702830635 272
1738679869834 172.81848664432806 273
1738679869874 177.07286114597682 274
1738679869913 145.9592869979074 275
1738679869953 176.93346373363417 276
1738679869993 172.65355712430318 277
1738679870033 157.02091643678668 278
1738679870073 163.15507577643436 279
1738679870114 162.6697541460576 280
1738679870154 161.7876013694873 281
1738679870194 176.34159273957022 282
1738679870235 186.25174966821274 283
1738679870275 142.19464240693998 284
1738679870315 180.34129560232418 285
1738679870355 142.45356906608586 286
1738679870395 177.8223664232039 287
1738679870435 186.42452336757793 288
1738679870475 163.94751475151713 289
1738679870515 157.62709016041214 290
1738679870555 144.94763772958646 291
1738679870596 150.77047867109658 292
1738679870636 168.62661059644674 293
1738679870676 149.25973820556757 294
1738679870716 158.59999696896367 295
1738679870756 200.55495038567142 296
1738679870796 137.96827107632288 297
1738679870836 178.630023272481 298
1738679870877 181.36325367988792 299
1738679870916 170.2056160476079 300
1738679870956 186.86204833101507 301
1738679870997 193.68939969892372 302
1738679871037 79.26706822546048 303
1738679871077 174.8450123560206 304
1738679871116 132.25587760547032 305
1738679871156 201.56974657437118 306
1738679871196 185.6187340060119 307
1738679871236 98.02723547938982 308
1738679871275 187.0080906855852 309
1738679871315 162.77590052392438 310
1738679871355 192.90123514789983 311
1738679871394 176.2126103801834 312
1738679871434 196.32957486653427 313
1738679871474 166.85242685177596 314
1738679871514 170.22630271391193 315
1738679871554 166.5460383943988 316
1738679871594 149.351924666764 317
1738679871633 187.953861498933 318
1738679871674 129.3827845960688 319
1738679871714 164.29102491547363 320
1738679871754 166.44333588366388 321
1738679871793 160.9666110269522 322
1738679871833 231.55002632240152 323
1738679871873 122.68704184079311 324
1738679871912 146.47487061250337 325
1738679871952 155.3880961033249 326
1738679871992 196.35429159066274 327
1738679872032 205.92357877476618 328
1738679872072 181.75955462221975 329
1738679872112 148.2377552932654 330
1738679872160 186.7455406277066 331
1738679872206 153.53355321095114 332
1738679872249 168.85744651662233 333
1738679872297 137.55021003918364 334
1738679872341 143.71367849644955 335
1738679872385 85.04778992190742 336
1738679872430 105.61750735809686 337
1738679872473 125.97219627918011 338
1738679872518 193.5505018755445 339
1738679872562 182.6328944305917 340
1738679872606 151.22816758981745 341
1738679872649 137.08081224373865 342
1738679872694 183.541385665379 343
1738679872738 162.75396221673986 344
1738679872781 146.52940235962856 345
1738679872824 137.69355939045667 346
1738679872868 171.5982402126767 347
1738679872912 163.9001263640639 348
1738679872957 161.57977237194478 349
1738679873001 193.0369430195814 350
1738679873044 161.20092064074245 351
1738679873088 128.10625179793678 352
1738679873131 242.86567845355665 353
1738679873172 132.54459243661486 354
1738679873212 203.13721019757762 355
1738679873252 150.38361075967669 356
1738679873292 94.08046344570478 357
1738679873332 226.34394799073166 358
1738679873372 244.84538226130374 359
1738679873413 160.49302081035904 360
1738679873453 205.83690143558653 361
1738679873493 171.5147367097055 362
1738679873533 165.79652148243574 363
1738679873573 74.6450555671059 364
1738679873613 106.0469847939089 365
1738679873653 151.43654563387878 366
1738679873693 160.9815405349377 367
1738679873733 186.696445174764 368
1738679873773 135.8764063187824 369
1738679873812 180.4495633535118 370
1738679873852 105.87508488760864 371
1738679873893 161.3668048469509 372
1738679873933 158.2671702423381 373
1738679873972 149.39828292057084 374
1738679874013 173.8754255408059 375
1738679874053 167.77977993703914 376
1738679874093 190.71103084734662 377
1738679874133 235.60259681434874 378
1738679874173 162.30204577040064 379
1738679874213 167.61024899270535 380
1738679874253 204.28108987155954 381
1738679874293 171.60541653524058 382
1738679874333 397.38651115039664 383
1738679874373 178.05932699213318 384
1738679874413 153.87692303470251 385
1738679874453 270.6840915513945 386
1738679874493 196.16198138825982 387
1738679874534 229.8700911965104 388
1738679874574 310.4758011138583 389
1738679874614 151.93006726260754 390
1738679874654 152.94542240769155 391
1738679874694 179.28783775583878 392
1738679874734 103.52488438443565 393
1738679874774 172.4027219008592 394
1738679874814 199.9333232252206 395
1738679874854 158.16264076880546 396
1738679874893 161.38868439303576 397
1738679874933 170.219873258999 398
1738679874973 235.3936386009463 399
1738679875013 183.4499730256153 400
1738679875054 171.1056046199906 401
1738679875094 149.58772879939983 402
1738679875134 166.1979785250311 403
1738679875173 153.63226356660724 404
1738679875213 156.0252234009932 405
1738679875254 186.4405264166225 406
1738679875294 129.1871449606515 407
1738679875334 217.27803592424573 408
1738679875373 181.34205205031748 409
1738679875413 318.51222602588336 410
1738679875453 233.11202426559146 411
1738679875495 222.37563891010336 412
1738679875540 171.348963226137 413
1738679875582 16.838405423135704 414
1738679875623 181.42519811350638 415
1738679875665 169.80970076555678 416
1738679875706 152.28609943661075 417
1738679875746 112.19379647437141 418
1738679875786 147.70157622279825 419
1738679875826 182.81315756029068 420
1738679875866 235.7490851182044 421
1738679875906 140.7236660887375 422
1738679875946 188.4972317128241 423
1738679875986 179.95016006240635 424
1738679876026 242.9207890705283 425
1738679876066 143.99776373310053 426
1738679876106 117.50169754272403 427
1738679876146 102.3020741474787 428
1738679876186 112.10541554718998 429
1738679876226 144.08685645969132 430
1738679876266 172.1609072979966 431
1738679876306 235.79449440436113 432
1738679876346 175.46533851446634 433
1738679876386 141.0141943967986 434
1738679876426 251.9516204369681 435
1738679876465 176.9380376455621 436
1738679876505 175.92107467994003 437
1738679876546 237.50653645859606 438
1738679876586 168.95069722426803 439
1738679876626 186.2173775209731 440
1738679876666 168.87311479825595 441
1738679876705 173.7182482727688 442
1738679876746 174.29480783945866 443
1738679876786 203.58701231557606 444
1738679876826 181.57724905558354 445
1738679876866 118.3421957238593 446
1738679876906 176.29676293148336 447
1738679876946 154.11349164588893 448
1738679876986 182.7628497794798 449
1738679877027 258.0347973036938 450
1738679877068 166.69973074358575 451
1738679877108 222.64049502772693 452
1738679877148 207.37497545834287 453
1738679877188 47.498341405421996 454
1738679877229 153.90341715507273 455
1738679877269 187.77228000289765 456
1738679877309 145.36708697767008 457
1738679877349 178.07483429923695 458
1738679877389 191.82571596888616 459
1738679877428 241.00377751990192 460
1738679877468 157.33738600955962 461
1738679877508 247.13609241262574 462
1738679877548 237.23940958924933 463
1738679877588 200.67762129157563 464
1738679877627 189.72101107864108 465
1738679877667 150.63888047895074 466
1738679877707 141.0390471174891 467
1738679877747 175.10805187606175 468
1738679877787 159.7112860038536 469
1738679877827 138.5765101008304 470
1738679877867 165.6052634940177 471
1738679877907 201.5428441532365 472
1738679877947 171.2555342647847 473
1738679877987 173.99820808682082 474
1738679878027 181.59141129183004 475
1738679878067 185.7433275545326 476
1738679878107 153.4033376420101 477
1738679878147 188.93921021889332 478
1738679878187 153.5426282112134 479
1738679878227 151.1972083556461 480
1738679878268 150.8095235463365 481
1738679878308 72.2615072182582 482
1738679878349 169.57867203102424 483
1738679878388 141.48496379800227 484
1738679878428 113.97621810032057 485
1738679878468 154.70481209826514 486
1738679878508 96.98057724361382 487
1738679878549 183.1755141236991 488
1738679878589 166.51966582890998 489
1738679878629 182.48039759819204 490
1738679878668 159.88951465513483 491
1738679878708 81.7235772509772 492
1738679878748 206.06438299369427 493
1738679878788 175.01744359069855 494
1738679878827 180.79667652282927 495
1738679878867 36.50362655924736 496
1738679878908 126.31041295665703 497
1738679878948 211.50713644292114 498
1738679878987 169.89700359360717 499
