1738822642088 181.6343111403349 0
1738822642106 181.4372961348696 1
1738822642131 181.240908945142 2
1738822642147 181.04514730920832 3
1738822642164 180.8500089734717 4
1738822642178 180.65549169265103 5
1738822642197 180.46159322975043 6
1738822642218 180.26831135602816 7
1738822642230 180.07564385096615 8
1738822642244 179.88358850223955 9
1738822642257 179.69214310568626 10
1738822642273 179.50130546527666 11
1738822642285 179.3110733930834 12
1738822642300 179.12144470925136 13
1738822642317 178.93241724196776 14
1738822642332 178.74398882743236 15
1738822642351 178.55615730982748 16
1738822642368 178.36892054128873 17
1738822642408 178.18227638187517 18
1738822642433 177.9962226995403 19
1738822642456 177.81075737010238 20
1738822642468 177.62587827721543 21
1738822642481 177.4415833123403 22
1738822642494 177.25787037471542 23
1738822642507 177.0747373713282 24
1738822642521 176.89218221688617 25
1738822642536 176.71020283378832 26
1738822642557 176.5287971520965 27
1738822642570 176.34796310950728 28
1738822642584 176.1676986513234 29
1738822642598 175.9880017304254 30
1738822642611 175.80887030724395 31
1738822642626 175.63030234973147 32
1738822642645 175.45229583333438 33
1738822642663 175.27484874096533 34
1738822642679 175.0979590629752 35
1738822642697 174.92162479712613 36
1738822642718 174.74584394856336 37
1738822642736 174.57061452978832 38
1738822642753 174.39593456063093 39
1738822642768 174.22180206822298 40
1738822642782 174.04821508697037 41
1738822642797 173.87517165852665 42
1738822642816 173.70266983176592 43
1738822642833 173.53070766275613 44
1738822642845 173.3592832147322 45
1738822642860 173.1883945580696 46
1738822642873 173.01803977025807 47
1738822642891 172.84821693587475 48
1738822642907 172.67892414655824 49
1738822642922 172.5101595009823 50
1738822642936 172.34192110482982 51
1738822642951 172.17420707076664 52
1738822642963 172.0070155184159 53
1738822642975 171.840344574332 54
1738822642987 171.6741923719752 55
1738822643000 171.50855705168564 56
1738822643012 171.34343676065797 57
1738822643025 171.17882965291602 58
1738822643038 171.01473388928747 59
1738822643049 170.8511476373784 60
1738822643063 170.68806907154834 61
1738822643076 170.52549637288521 62
1738822643088 170.36342772918024 63
1738822643100 170.20186133490333 64
1738822643113 170.04079539117797 65
1738822643126 169.88022810575688 66
1738822643139 169.7201576929973 67
1738822643157 169.56058237383624 68
1738822643170 169.40150037576657 69
1738822643184 169.24290993281235 70
1738822643197 169.08480928550472 71
1738822643215 168.9271966808577 72
1738822643231 168.77007037234418 73
1738822643245 168.6134286198721 74
1738822643263 168.45726968976038 75
1738822643283 168.30159185471524 76
1738822643299 168.14639339380648 77
1738822643316 167.991672592444 78
1738822643342 167.837427742354 79
1738822643357 167.683657141556 80
1738822643374 167.53035909433902 81
1738822643386 167.37753191123863 82
1738822643401 167.2251739090138 83
1738822643421 167.07328341062353 84
1738822643436 166.92185874520422 85
1738822643451 166.7708982480466 86
1738822643471 166.62040026057278 87
1738822643490 166.47036313031379 88
1738822643511 166.3207852108866 89
1738822643529 166.17166486197186 90
1738822643548 166.02300044929123 91
1738822643563 165.874790344585 92
1738822643579 165.7270329255899 93
1738822643597 165.57972657601658 94
1738822643613 165.43286968552775 95
1738822643629 165.28646064971602 96
1738822643651 165.14049787008182 97
1738822643666 164.99497975401164 98
1738822643688 164.84990471475595 99
1738822643708 164.70527117140787 100
1738822643725 164.561077548881 101
1738822643747 164.41732227788833 102
1738822643769 164.27400379492042 103
1738822643783 164.13112054222395 104
1738822643800 163.98867096778062 105
1738822643814 163.84665352528575 106
1738822643827 163.70506667412704 107
1738822643842 163.56390887936348 108
1738822643854 163.4231786117045 109
1738822643869 163.28287434748873 110
1738822643882 163.1429945686633 111
1738822643896 163.0035377627632 112
1738822643910 162.86450242289007 113
1738822643928 162.7258870476921 114
1738822643945 162.58769014134322 115
1738822643981 162.4499102135225 116
1738822644004 162.31254577939393 117
1738822644019 162.17559535958614 118
1738822644036 162.03905748017183 119
1738822644055 161.9029306726478 120
1738822644077 161.76721347391498 121
1738822644095 161.63190442625802 122
1738822644115 161.49700207732565 123
1738822644133 161.36250498011063 124
1738822644156 161.22841169293005 125
1738822644174 161.09472077940538 126
1738822644192 160.96143080844308 127
1738822644213 160.82854035421488 128
1738822644226 160.6960479961382 129
1738822644240 160.56395231885674 130
1738822644258 160.43225191222106 131
1738822644272 160.30094537126953 132
1738822644285 160.17003129620878 133
1738822644300 160.03950829239457 134
1738822644315 159.90937497031297 135
1738822644327 159.77962994556106 136
1738822644342 159.6502718388281 137
1738822644359 159.52129927587666 138
1738822644375 159.39271088752372 139
1738822644391 159.26450530962214 140
1738822644412 159.13668118304167 141
1738822644427 159.0092371536507 142
1738822644444 158.88217187229748 143
1738822644461 158.75548399479175 144
1738822644477 158.62917218188633 145
1738822644491 158.5032350992589 146
1738822644504 158.37767141749342 147
1738822644518 158.25247981206246 148
1738822644536 158.12765896330862 149
1738822644553 158.00320755642667 150
1738822644569 157.87912428144563 151
1738822644585 157.75540783321063 152
1738822644602 157.63205691136525 153
1738822644615 157.50907022033363 154
1738822644637 157.386446469303 155
1738822644655 157.26418437220545 156
1738822644674 157.14228264770105 157
1738822644690 157.0207400191598 158
1738822644704 156.89955521464444 159
1738822644721 156.77872696689283 160
1738822644739 156.65825401330093 161
1738822644756 156.53813509590535 162
1738822644774 156.418368961366 163
1738822644791 156.29895436094935 164
1738822644806 156.17989005051092 165
1738822644828 156.06117479047862 166
1738822644844 155.94280734583558 167
1738822644862 155.82478648610336 168
1738822644880 155.70711098532522 169
1738822644898 155.589779622049 170
1738822644915 155.47279117931095 171
1738822644935 155.35614444461868 172
1738822644952 155.23983820993476 173
1738822644976 155.1238712716602 174
1738822644993 155.0082424306179 175
1738822645009 154.89295049203648 176
1738822645022 154.77799426553375 177
1738822645040 154.66337256510045 178
1738822645056 154.54908420908419 179
1738822645074 154.4351280201731 180
1738822645090 154.32150282537995 181
1738822645105 154.20820745602606 182
1738822645122 154.09524074772526 183
1738822645138 153.98260154036794 184
1738822645157 153.8702886781054 185
1738822645176 153.75830100933393 186
1738822645198 153.64663738667903 187
1738822645220 153.53529666697986 188
1738822645236 153.42427771127353 189
1738822645253 153.3135793847797 190
1738822645271 153.20320055688472 191
1738822645286 153.0931401011267 192
1738822645304 152.98339689517962 193
1738822645319 152.87396982083843 194
1738822645335 152.7648577640034 195
1738822645352 152.65605961466525 196
1738822645368 152.54757426688982 197
1738822645386 152.43940061880292 198
1738822645405 152.33153757257534 199
1738822645420 152.22398403440798 200
1738822645436 152.11673891451667 201
1738822645451 152.00980112711758 202
1738822645483 151.90316959041215 203
1738822645500 151.79684322657246 204
1738822645516 151.69082096172644 205
1738822645534 151.58510172594336 206
1738822645550 151.47968445321902 207
1738822645565 151.37456808146126 208
1738822645580 151.26975155247573 209
1738822645595 151.16523381195088 210
1738822645608 151.06101380944426 211
1738822645623 150.9570904983676 212
1738822645636 150.85346283597292 213
1738822645649 150.75012978333805 214
1738822645666 150.64709030535272 215
1738822645679 150.54434337070396 216
1738822645693 150.44188795186273 217
1738822645706 150.3397230250693 218
1738822645724 150.23784757031945 219
1738822645743 150.1362605713508 220
1738822645764 150.03496101562862 221
1738822645780 149.93394789433216 222
1738822645796 149.83322020234104 223
1738822645815 149.73277693822118 224
1738822645832 149.63261710421142 225
1738822645846 149.53273970620998 226
1738822645860 149.4331437537605 227
1738822645876 149.33382826003913 228
1738822645894 149.23479224184044 229
1738822645910 149.13603471956455 230
1738822645927 149.0375547172034 231
1738822645944 148.93935126232768 232
1738822645962 148.84142338607342 233
1738822645976 148.74377012312888 234
1738822645993 148.64639051172136 235
1738822646006 148.5492835936041 236
1738822646021 148.4524484140431 237
1738822646036 148.35588402180437 238
1738822646052 148.2595894691407 239
1738822646067 148.16356381177886 240
1738822646082 148.0678061089068 241
1738822646100 147.97231542316075 242
1738822646119 147.87709082061232 243
1738822646134 147.78213137075593 244
1738822646153 147.68743614649634 245
1738822646168 147.59300422413554 246
1738822646186 147.49883468336046 247
1738822646211 147.4049266072304 248
1738822646227 147.31127908216465 249
1738822646245 147.21789119792973 250
1738822646264 147.12476204762726 251
1738822646282 147.03189072768154 252
1738822646299 146.93927633782727 253
1738822646312 146.84691798109716 254
1738822646327 146.7548147638099 255
1738822646347 146.66296579555782 256
1738822646363 146.57137018919488 257
1738822646383 146.48002706082463 258
1738822646398 146.38893552978797 259
1738822646419 146.29809471865133 260
1738822646436 146.20750375319471 261
1738822646454 146.11716176239975 262
1738822646474 146.0270678784379 263
1738822646490 145.93722123665853 264
1738822646511 145.8476209755772 265
1738822646532 145.75826623686405 266
1738822646548 145.6691561653319 267
1738822646565 145.58028990892487 268
1738822646581 145.49166661870643 269
1738822646596 145.40328544884835 270
1738822646609 145.3151455566186 271
1738822646622 145.2272461023704 272
1738822646637 145.1395862495305 273
1738822646651 145.0521651645879 274
1738822646665 144.9649820170824 275
1738822646678 144.87803597959365 276
1738822646694 144.79132622772931 277
1738822646708 144.7048519401144 278
1738822646724 144.6186122983798 279
1738822646741 144.5326064871512 280
1738822646756 144.4468336940381 281
1738822646776 144.36129310962264 282
1738822646790 144.27598392744864 283
1738822646812 144.1909053440106 284
1738822646827 144.10605655874286 285
1738822646837 144.02143677400872 286
1738822646852 143.9370451950894 287
1738822646858 143.85288103017345 288
1738822646871 143.76894349034595 289
1738822646882 143.6852317895777 290
1738822646913 143.60174514471456 291
1738822646927 143.5184827754669 292
1738822646941 143.4354439043989 293
1738822646954 143.352627756918 294
1738822646969 143.2700335612643 295
1738822646982 143.1876605485004 296
1738822646999 143.1055079525004 297
1738822647019 143.0235750099401 298
1738822647033 142.94186096028608 299
1738822647049 142.8603650457857 300
1738822647065 142.77908651145677 301
1738822647078 142.69802460507725 302
1738822647098 142.61717857717497 303
1738822647118 142.5365476810175 304
1738822647135 142.4561311726021 305
1738822647151 142.37592831064543 306
1738822647178 142.29593835657374 307
1738822647194 142.2161605745125 308
1738822647212 142.1365942312767 309
1738822647226 142.05723859636078 310
1738822647241 141.9780929419287 311
1738822647254 141.89915654280415 312
1738822647267 141.82042867646055 313
1738822647282 141.74190862301134 314
1738822647303 141.66359566520026 315
1738822647316 141.58548908839148 316
1738822647330 141.50758818056002 317
1738822647350 141.42989223228204 318
1738822647371 141.35240053672518 319
1738822647385 141.27511238963902 320
1738822647401 141.19802708934546 321
1738822647437 141.12114393672934 322
1738822647490 141.0444622352288 323
1738822647529 140.96798129082583 324
1738822647549 140.89170041203707 325
1738822647567 140.81561890990415 326
1738822647584 140.7397360979845 327
1738822647600 140.66405129234198 328
1738822647624 140.58856381153768 329
1738822647643 140.51327297662067 330
1738822647660 140.43817811111865 331
1738822647675 140.36327854102896 332
1738822647695 140.28857359480938 333
1738822647716 140.2140626033689 334
1738822647735 140.13974490005887 335
1738822647753 140.06561982066378 336
1738822647765 139.99168670339242 337
1738822647781 139.91794488886867 338
1738822647796 139.84439372012287 339
1738822647811 139.77103254258265 340
1738822647824 139.69786070406417 341
1738822647841 139.62487755476332 342
1738822647854 139.55208244724685 343
1738822647870 139.47947473644362 344
1738822647885 139.4070537796359 345
1738822647901 139.33481893645052 346
1738822647917 139.2627695688504 347
1738822647931 139.19090504112577 348
1738822647946 139.11922471988555 349
1738822647963 139.04772797404888 350
1738822647983 138.9764141748365 351
1738822647999 138.9052826957622 352
1738822648016 138.8343329126244 353
1738822648031 138.76356420349768 354
1738822648047 138.69297594872435 355
1738822648063 138.6225675309061 356
1738822648082 138.55233833489558 357
1738822648101 138.48228774778804 358
1738822648114 138.4124151589132 359
1738822648131 138.34271995982687 360
1738822648147 138.27320154430262 361
1738822648164 138.20385930832376 362
1738822648183 138.13469265007512 363
1738822648197 138.06570096993477 364
1738822648217 137.9968836704661 365
1738822648228 137.9282401564096 366
1738822648244 137.85976983467484 367
1738822648259 137.7914721143325 368
1738822648277 137.72334640660628 369
1738822648312 137.6553921248651 370
1738822648353 137.5876086846149 371
1738822648370 137.51999550349106 372
1738822648386 137.45255200125024 373
1738822648400 137.38527759976265 374
1738822648417 137.3181717230043 375
1738822648438 137.2512337970491 376
1738822648456 137.18446325006119 377
1738822648490 137.1178595122871 378
1738822648513 137.05142201604818 379
1738822648528 136.98515019573279 380
1738822648546 136.9190434877888 381
1738822648563 136.85310133071587 382
1738822648577 136.7873231650579 383
1738822648591 136.72170843339543 384
1738822648606 136.65625658033812 385
1738822648619 136.59096705251739 386
1738822648635 136.5258392985787 387
1738822648652 136.46087276917424 388
1738822648668 136.39606691695553 389
1738822648684 136.33142119656605 390
1738822648704 136.26693506463363 391
1738822648725 136.20260797976343 392
1738822648741 136.1384394025305 393
1738822648756 136.07442879547241 394
1738822648771 136.01057562308216 395
1738822648786 135.94687935180082 396
1738822648802 135.88333945001034 397
1738822648818 135.81995538802647 398
1738822648834 135.75672663809152 399
1738822648850 135.69365267436723 400
1738822648866 135.63073297292772 401
1738822648884 135.56796701175244 402
1738822648897 135.50535427071907 403
1738822648913 135.4428942315965 404
1738822648927 135.3805863780379 405
1738822648943 135.31843019557363 406
1738822648957 135.2564251716045 407
1738822648973 135.19457079539467 408
1738822648986 135.13286655806488 409
1738822648999 135.07131195258543 410
1738822649014 135.00990647376958 411
1738822649027 134.94864961826656 412
1738822649040 134.8875408845548 413
1738822649053 134.82657977293522 414
1738822649065 134.7657657855245 415
1738822649080 134.70509842624833 416
1738822649101 134.64457720083465 417
1738822649118 134.58420161680723 418
1738822649135 134.52397118347872 419
1738822649150 134.46388541194432 420
1738822649166 134.40394381507497 421
1738822649181 134.34414590751092 422
1738822649197 134.28449120565517 423
1738822649212 134.2249792276669 424
1738822649224 134.16560949345504 425
1738822649237 134.10638152467172 426
1738822649251 134.04729484470602 427
1738822649264 133.9883489786773 428
1738822649278 133.9295434534289 429
1738822649291 133.8708777975219 430
1738822649306 133.81235154122862 431
1738822649320 133.7539642165263 432
1738822649333 133.69571535709088 433
1738822649347 133.63760449829067 434
1738822649363 133.5796311771801 435
1738822649379 133.52179493249352 436
1738822649393 133.464095304639 437
1738822649414 133.40653183569196 438
1738822649435 133.34910406938934 439
1738822649452 133.29181155112323 440
1738822649468 133.23465382793478 441
1738822649481 133.17763044850815 442
1738822649495 133.12074096316442 443
1738822649507 133.06398492385557 444
1738822649518 133.00736188415843 445
1738822649530 132.95087139926864 446
1738822649544 132.89451302599474 447
1738822649557 132.83828632275217 448
1738822649569 132.7821908495573 449
1738822649584 132.72622616802167 450
1738822649604 132.6703918413459 451
1738822649621 132.61468743431388 452
1738822649635 132.55911251328698 453
1738822649652 132.5036666461982 454
1738822649678 132.44834940254634 455
1738822649696 132.39316035339024 456
1738822649716 132.33809907134295 457
1738822649734 132.28316513056615 458
1738822649762 132.22835810676418 459
1738822649780 132.1736775771786 460
1738822649797 132.11912312058232 461
1738822649813 132.06469431727407 462
1738822649827 132.01039074907274 463
1738822649848 131.95621199931165 464
1738822649865 131.90215765283313 465
1738822649881 131.84822729598275 466
1738822649899 131.79442051660408 467
1738822649914 131.74073690403276 468
1738822649929 131.68717604909128 469
1738822649949 131.63373754408335 470
1738822649972 131.58042098278855 471
1738822649995 131.52722596045675 472
1738822650018 131.4741520738027 473
1738822650035 131.42119892100078 474
1738822650056 131.36836610167936 475
1738822650079 131.31565321691562 476
1738822650104 131.26305986923012 477
1738822650128 131.21058566258145 478
1738822650178 131.1582302023611 479
1738822650204 131.10599309538782 480
1738822650227 131.0538739499027 481
1738822650250 131.00187237556372 482
1738822650268 130.9499879834406 483
1738822650287 130.89822038600954 484
1738822650307 130.84656919714803 485
1738822650329 130.79503403212976 486
1738822650352 130.74361450761927 487
1738822650371 130.69231024166714 488
1738822650392 130.64112085370448 489
1738822650416 130.59004596453815 490
1738822650445 130.5390851963455 491
1738822650481 130.48823817266938 492
1738822650507 130.4375045184132 493
1738822650533 130.3868838598356 494
1738822650559 130.33637582454577 495
1738822650584 130.28598004149836 496
1738822650603 130.23569614098844 497
1738822650620 130.18552375464657 498
1738822650636 130.135462515434 499
