1738825780222 165.36109591289494 0
1738825780230 165.71768840285708 1
1738825780238 165.77959874694707 2
1738825780245 171.862525844873 3
1738825780251 162.82751158854026 4
1738825780258 172.36427957779802 5
1738825780265 173.1094164373067 6
1738825780272 172.7240002784112 7
1738825780279 167.8320982460321 8
1738825780285 164.99246412922275 9
1738825780292 163.14013089398154 10
1738825780299 175.61967409375058 11
1738825780306 169.46558607678165 12
1738825780313 170.73936820091185 13
1738825780320 173.27517162347195 14
1738825780327 173.04217844783395 15
1738825780333 170.50044009523205 16
1738825780340 168.99627659305344 17
1738825780347 165.04782227076038 18
1738825780353 165.91401514820882 19
1738825780360 171.3332045328489 20
1738825780367 167.10742455696536 21
1738825780373 165.98340542205437 22
1738825780380 173.03103561955413 23
1738825780386 164.98138784083977 24
1738825780393 165.96124732023077 25
1738825780399 171.58263320848755 26
1738825780406 170.4727319420208 27
1738825780415 170.64590019945896 28
1738825780421 165.1882342931648 29
1738825780429 169.7294866262563 30
1738825780436 166.31618245694358 31
1738825780443 171.43969499034137 32
1738825780451 165.9074660674843 33
1738825780458 169.09615290830237 34
1738825780464 168.928096290883 35
1738825780471 169.8165109777406 36
1738825780478 166.21311291557092 37
1738825780484 167.29865639363516 38
1738825780491 172.63833778840882 39
1738825780497 170.8630305979255 40
1738825780503 170.72356462184618 41
1738825780510 169.60433075673228 42
1738825780516 173.49908285833874 43
1738825780523 170.8587533946041 44
1738825780531 168.68319403143815 45
1738825780539 171.79445518877102 46
1738825780546 173.2011213371873 47
1738825780553 167.19827112754186 48
1738825780559 170.99590312872678 49
1738825780565 167.8527454258133 50
1738825780571 167.45727549327648 51
1738825780577 166.55631959911793 52
1738825780583 171.24906311234173 53
1738825780589 166.85115473873466 54
1738825780597 169.26666399312913 55
1738825780603 170.50567622074587 56
1738825780609 170.56307231188816 57
1738825780616 169.58304536376153 58
1738825780623 165.77252059821777 59
1738825780630 168.78564571046297 60
1738825780637 169.47181956118146 61
1738825780644 168.5900119831839 62
1738825780651 170.26722248229387 63
1738825780658 169.90053005693622 64
1738825780665 165.1365660425696 65
