1738678266384 162.4648923021852 0
1738678266407 160.87778291419062 1
1738678266424 157.9602967024457 2
1738678266437 154.0170678300677 3
1738678266450 149.36959529481732 4
1738678266476 144.32994180585123 5
1738678266491 139.1801674466323 6
1738678266511 134.157893267622 7
1738678266528 129.44787008922273 8
1738678266545 125.1790146526123 9
1738678266570 121.42607922836865 10
1738678266595 118.21494163524144 11
1738678266608 115.5304314893535 12
1738678266624 113.32563024072303 13
1738678266642 111.5316780100221 14
1738678266661 110.06726844614207 15
1738678266682 108.84719289344788 16
1738678266711 107.78948780198151 17
1738678266730 106.82092797641329 18
1738678266745 105.88077981498745 19
1738678266764 104.92287376365834 20
1738678266777 103.91616816010095 21
1738678266796 102.8440552642919 22
1738678266843 101.70270531357541 23
1738678266858 100.4987589817934 24
1738678266876 99.24666740921309 25
1738678266884 97.96594774518803 26
1738678266911 96.67857703537119 27
1738678266973 95.40669427530233 28
1738678267035 94.17072497147593 29
1738678267050 92.98798917731183 30
1738678267075 91.87180625497966 31
1738678267106 90.83107001056878 32
1738678267131 89.87023774782071 33
1738678267178 88.9896566056054 34
1738678267212 88.1861398933287 35
1738678267261 87.45370399302425 36
1738678267292 86.78438129878657 37
1738678267327 86.16903491100838 38
1738678267342 85.5981146202619 39
1738678267363 85.06230940228112 40
1738678267388 84.55306768497167 41
1738678267402 84.06297178624368 42
1738678267421 83.58596620821415 43
1738678267442 83.11745027664966 44
1738678267476 82.65425360582347 45
1738678267500 82.19451798995998 46
1738678267524 81.73751173814772 47
1738678267538 81.28340251371283 48
1738678267557 80.83301285724596 49
1738678267569 80.3875792682341 50
1738678267586 79.94853150663859 51
1738678267599 79.51730413571099 52
1738678267620 79.0951876836872 53
1738678267636 78.68322249763874 54
1738678267654 78.28213465049883 55
1738678267674 77.89231030325656 56
1738678267691 77.51380279349883 57
1738678267717 77.14636541850743 58
1738678267737 76.7895023446055 59
1738678267773 76.44253019811512 60
1738678267793 76.10464354234388 61
1738678267812 75.7749784715136 62
1738678267837 75.45266980880912 63
1738678267855 75.13689874520749 64
1738678267876 74.82692908099834 65
1738678267894 74.52213143960479 66
1738678267916 74.22199584659236 67
1738678267936 73.92613386508664 68
1738678267950 73.63427203603166 69
1738678267966 73.34623869252401 70
1738678267998 73.06194632316141 71
1738678268017 72.78137158309417 72
1738678268034 72.50453483357059 73
1738678268049 72.23148077433316 74
1738678268070 71.96226136044663 75
1738678268084 71.69692180437181 76
1738678268100 71.43549008771289 77
1738678268115 71.17797007023088 78
1738678268132 70.9243380038793 79
1738678268150 70.67454204670227 80
1738678268166 70.4285042285215 81
1738678268188 70.18612424474654 82
1738678268207 69.9472844392195 83
1738678268226 69.7118553715057 84
1738678268244 69.47970143647119 85
1738678268269 69.25068610182515 86
1738678268285 69.02467644052365 87
1738678268312 68.8015467487965 88
1738678268332 68.58118114817798 89
1738678268357 68.3634751645472 90
1738678268374 68.14833635430801 91
1738678268401 67.93568410510036 92
1738678268420 67.72544877538736 93
1738678268434 67.51757035504214 94
1738678268451 67.31199682999932 95
1738678268473 67.10868242127458 96
1738678268487 66.90758584573878 97
1738678268509 66.70866871658805 98
1738678268527 66.51189416889383 99
1738678268545 66.31722576294499 100
1738678268562 66.1246266877435 101
1738678268583 65.93405926078665 102
1738678268606 65.7454846993164 103
1738678268625 65.55886312308473 104
1738678268640 65.37415373938273 105
1738678268660 65.19131515719077 106
1738678268682 65.0103057780821 107
1738678268700 64.83108421601106 108
1738678268715 64.65360970529552 109
1738678268733 64.47784246492195 110
1738678268753 64.30374399679538 111
1738678268768 64.1312773048957 112
1738678268788 63.96040703082269 113
1738678268806 63.79109950844203 114
1738678268820 63.62332274599302 115
1738678268849 63.457046347967186 116
1738678268864 63.29224139134851 117
1738678268881 63.128880271567155 118
1738678268905 62.96693653299148 119
1738678268927 62.80638469725291 120
1738678268950 62.647200100467515 121
1738678268974 62.48935874778497 122
1738678268994 62.332837190932075 123
1738678269008 62.177612431752635 124
1738678269025 62.02366185235677 125
1738678269048 61.87096317050568 126
1738678269070 61.7194944173428 127
1738678269086 61.5692339335618 128
1738678269113 61.42016037955785 129
1738678269135 61.272252754991975 130
1738678269164 61.12549042343461 131
1738678269178 60.97985313826298 132
1738678269199 60.835321066674744 133
1738678269216 60.69187480946683 134
1738678269233 60.54949541503376 135
1738678269249 60.408164386803456 136
1738678269265 60.267863684001284 137
1738678269279 60.12857571618299 138
1738678269292 59.99028333238728 139
1738678269308 59.852969806025705 140
1738678269323 59.71661881675844 141
1738678269336 59.58121443061674 142
1738678269353 59.446741079547415 143
1738678269367 59.31318354139667 144
1738678269390 59.18052692114658 145
1738678269410 59.04875663399008 146
1738678269433 58.91785839060208 147
1738678269450 58.78781818475146 148
1738678269477 58.65862228321491 149
1738678269495 58.53025721780672 150
1738678269524 58.402709779232126 151
1738678269545 58.2759670124068 152
1738678269568 58.15001621285834 153
1738678269590 58.024844923831004 154
1738678269611 57.900440933747525 155
1738678269635 57.77679227373277 156
1738678269657 57.653887214966815 157
1738678269679 57.531714265702796 158
1738678269701 57.41026216785086 159
1738678269716 57.289519893091075 160
1738678269735 57.16947663852919 161
1738678269770 57.05012182194977 162
1738678269791 56.93144507674992 163
1738678269807 56.81343624665303 164
1738678269829 56.69608538030808 165
1738678269849 56.57938272587639 166
1738678269871 56.46331872569783 167
1738678269906 56.347884011112036 168
1738678269926 56.2330693974926 169
1738678269942 56.118865879532514 170
1738678269959 56.005264626800205 171
1738678269979 55.892256979568884 172
1738678270003 55.77983444490791 173
1738678270019 55.667988693014095 174
1738678270032 55.55671155375355 175
1738678270046 55.445995013380895 176
1738678270058 55.335831211402024 177
1738678270071 55.226212437547716 178
1738678270083 55.11713112882957 179
1738678270099 55.008579866654124 180
1738678270114 54.900551373976946 181
1738678270128 54.79303851248398 182
1738678270142 54.68603427979284 183
1738678270168 54.579531806671746 184
1738678270186 54.47352435427743 185
1738678270207 54.36800531141667 186
1738678270225 54.26296819183753 187
1738678270244 54.15840663155796 188
1738678270260 54.05431438623899 189
1738678270278 53.950685328609524 190
1738678270303 53.84751344594866 191
1738678270319 53.74479283762986 192
1738678270346 53.64251771272995 193
1738678270363 53.54068238770416 194
1738678270383 53.43928128412706 195
1738678270400 53.338308926498044 196
1738678270424 53.23775994010871 197
1738678270444 53.137629048969096 198
1738678270465 53.03791107378918 199
1738678270481 52.938600930011745 200
1738678270494 52.83969362589293 201
1738678270511 52.74118426062701 202
1738678270527 52.643068022512395 203
1738678270542 52.54534018715615 204
1738678270560 52.44799611571477 205
1738678270579 52.35103125317009 206
1738678270600 52.25444112663852 207
1738678270623 52.15822134371328 208
1738678270645 52.06236759083912 209
1738678270666 51.96687563171913 210
1738678270684 51.87174130575356 211
1738678270704 51.77696052651084 212
1738678270719 51.682529280230455 213
1738678270734 51.58844362435783 214
1738678270753 51.49469968611088 215
1738678270777 51.40129366107809 216
1738678270795 51.30822181184752 217
1738678270813 51.21548046666641 218
1738678270826 51.12306601813057 219
1738678270852 51.030974921903095 220
1738678270866 50.93920369546126 221
1738678270880 50.8477489168712 222
1738678270900 50.756607223589214 223
1738678270916 50.66577531128914 224
1738678270935 50.57524993271475 225
1738678270954 50.485027896556744 226
1738678270977 50.39510606635327 227
1738678270998 50.30548135941361 228
1738678271016 50.21615074576429 229
1738678271035 50.12711124711715 230
1738678271054 50.038359935858736 231
1738678271073 49.94989393406068 232
1738678271091 49.86171041251069 233
1738678271112 49.77380658976344 234
1738678271133 49.686179731211354 235
1738678271153 49.598827148174706 236
1738678271174 49.51174619701057 237
1738678271190 49.42493427824052 238
1738678271208 49.3383888356965 239
1738678271243 49.25210735568448 240
1738678271262 49.16608736616571 241
1738678271283 49.08032643595503 242
1738678271300 48.99482217393588 243
1738678271315 48.909572228291765 244
1738678271330 48.82457428575356 245
1738678271343 48.73982607086261 246
1738678271357 48.65532534524893 247
1738678271378 48.571069906924436 248
1738678271395 48.48705758959061 249
1738678271411 48.40328626196061 250
1738678271427 48.319753827095006 251
1738678271444 48.2364582217514 252
1738678271461 48.15339741574714 253
1738678271489 48.07056941133512 254
1738678271511 47.98797224259231 255
1738678271538 47.90560397482074 256
1738678271557 47.823462703960594 257
1738678271573 47.74154655601536 258
1738678271592 47.659853686488496 259
1738678271608 47.57838227983169 260
1738678271625 47.49713054890416 261
1738678271642 47.41609673444296 262
1738678271661 47.335279104543986 263
1738678271677 47.25467595415353 264
1738678271694 47.17428560456999 265
1738678271711 47.09410640295568 266
1738678271733 47.014136721858506 267
1738678271745 46.93437495874315 268
1738678271763 46.8548195355318 269
1738678271779 46.77546889815394 270
1738678271804 46.69632151610526 271
1738678271817 46.617375882015374 272
1738678271835 46.53863051122408 273
1738678271850 46.460083941366165 274
1738678271869 46.38173473196442 275
1738678271884 46.30358146403074 276
1738678271903 46.225622739675146 277
1738678271919 46.147857181722586 278
1738678271961 46.070283433337245 279
1738678271986 45.992900157654404 280
1738678272003 45.91570603741945 281
1738678272017 45.83869977463399 282
1738678272045 45.761880090209104 283
1738678272061 45.68524572362526 284
1738678272078 45.608795432598875 285
1738678272094 45.5325279927556 286
1738678272114 45.45644219730986 287
1738678272142 45.38053685675064 288
1738678272164 45.30481079853359 289
1738678272189 45.229262866778896 290
1738678272212 45.15389192197526 291
1738678272234 45.078696840689496 292
1738678272251 45.00367651528179 293
1738678272276 44.92882985362659 294
1738678272287 44.8541557788387 295
1738678272305 44.77965322900497 296
1738678272320 44.70532115692083 297
1738678272334 44.631158529832184 298
1738678272356 44.55716432918218 299
1738678272377 44.48333755036278 300
1738678272408 44.4096772024712 301
1738678272426 44.33618230807108 302
1738678272443 44.262851902958005 303
1738678272462 44.18968503592976 304
1738678272484 44.11668076856092 305
1738678272504 44.04383817498152 306
1738678272525 43.971156341660325 307
1738678272555 43.898634367191896 308
1738678272572 43.826271362087915 309
1738678272593 43.7540664485723 310
1738678272611 43.68201876038038 311
1738678272626 43.61012744256175 312
1738678272641 43.53839165128687 313
1738678272678 43.46681055365738 314
1738678272694 43.39538332751992 315
1738678272712 43.32410916128347 316
1738678272727 43.25298725374016 317
1738678272744 43.18201681388943 318
1738678272758 43.11119706076545 319
1738678272774 43.04052722326777 320
1738678272796 42.97000653999528 321
1738678272811 42.899634259083 322
1738678272823 42.82940963804217 323
1738678272848 42.75933194360321 324
1738678272863 42.68940045156155 325
1738678272876 42.61961444662645 326
1738678272890 42.54997322227243 327
1738678272915 42.48047608059371 328
1738678272937 42.41112233216111 329
1738678272957 42.34191129588171 330
1738678273006 42.27284229886104 331
1738678273023 42.20391467626787 332
1738678273045 42.135127771201454 333
1738678273071 42.06648093456113 334
1738678273092 41.99797352491852 335
1738678273117 41.92960490839178 336
1738678273134 41.86137445852244 337
1738678273152 41.79328155615425 338
1738678273169 41.72532558931443 339
1738678273194 41.6575059530969 340
1738678273229 41.5898220495478 341
1738678273290 41.522273287552935 342
1738678273320 41.4548590827274 343
1738678273336 41.3875788573071 344
1738678273355 41.320432040042256 345
1738678273374 41.25341806609287 346
1738678273391 41.18653637692599 347
1738678273407 41.11978642021496 348
1738678273430 41.0531676497403 349
1738678273449 40.98667952529256 350
1738678273471 40.92032151257669 351
1738678273490 40.854093083118386 352
1738678273512 40.78799371417183 353
1738678273532 40.722022888629304 354
1738678273553 40.65618009493229 355
1738678273580 40.59046482698415 356
1738678273598 40.52487658406445 357
1738678273617 40.45941487074466 358
1738678273640 40.39407919680551 359
1738678273657 40.32886907715564 360
1738678273677 40.263784031751825 361
1738678273692 40.198823585520536 362
1738678273706 40.13398726828085 363
1738678273728 40.069274614668814 364
1738678273751 40.00468516406306 365
1738678273766 39.94021846051173 366
1738678273788 39.875874052660706 367
1738678273803 39.81165149368306 368
1738678273822 39.74755034120975 369
1738678273849 39.68357015726162 370
1738678273870 39.619710508182294 371
1738678273890 39.55597096457264 372
1738678273908 39.492351101226014 373
1738678273923 39.42885049706483 374
1738678273936 39.36546873507818 375
1738678273957 39.30220540226047 376
1738678273971 39.239060089551174 377
1738678273990 39.17603239177567 378
1738678274009 39.113121907586965 379
1738678274025 39.05032823940847 380
1738678274060 38.98765099337789 381
1738678274076 38.925089779291824 382
1738678274101 38.86264421055153 383
1738678274119 38.8003139041095 384
1738678274135 38.738098480416994 385
1738678274155 38.67599756337238 386
1738678274169 38.61401078027052 387
1738678274191 38.55213776175284 388
1738678274207 38.49037814175835 389
1738678274220 38.42873155747543 390
1738678274235 38.367197649294454 391
1738678274250 38.30577606076129 392
1738678274268 38.24446643853139 393
1738678274291 38.18326843232488 394
1738678274315 38.12218169488224 395
1738678274339 38.061205881920735 396
1738678274370 38.00034065209175 397
1738678274398 37.93958566693856 398
1738678274421 37.878940590855066 399
1738678274440 37.81840509104499 400
1738678274453 37.75797883748198 401
1738678274476 37.69766150287018 402
1738678274502 37.637452762605534 403
1738678274521 37.57735229473779 404
1738678274541 37.51735977993296 405
1738678274554 37.457474901436626 406
1738678274572 37.397697345037656 407
1738678274588 37.33802679903262 408
1738678274602 37.27846295419074 409
1738678274616 37.21900550371953 410
1738678274636 37.15965414323073 411
1738678274651 37.10040857070717 412
1738678274680 37.04126848646984 413
1738678274695 36.98223359314571 414
1738678274753 36.92330359563598 415
1738678274769 36.86447820108483 416
1738678274789 36.80575711884877 417
1738678274803 36.74714006046637 418
1738678274816 36.68862673962863 419
1738678274836 36.6302168721496 420
1738678274859 36.57191017593776 421
1738678274880 36.5137063709676 422
1738678274909 36.45560517925178 423
1738678274925 36.39760632481383 424
1738678274940 36.33970953366106 425
1738678274960 36.28191453375806 426
1738678274987 36.22422105500065 427
1738678275002 36.16662882919009 428
1738678275029 36.10913759000788 429
1738678275049 36.05174707299084 430
1738678275066 35.99445701550662 431
1738678275084 35.93726715672961 432
1738678275100 35.88017723761723 433
1738678275119 35.823187000886556 434
1738678275136 35.76629619099141 435
1738678275159 35.7095045540997 436
1738678275173 35.65281183807115 437
1738678275190 35.59621779243545 438
1738678275208 35.539722168370666 439
1738678275223 35.48332471868199 440
1738678275240 35.42702519778089 441
1738678275253 35.37082336166454 442
1738678275274 35.31471896789555 443
1738678275287 35.25871177558206 444
1738678275305 35.202801545358085 445
1738678275325 35.14698803936426 446
1738678275343 35.09127102122878 447
1738678275361 35.035650256048704 448
1738678275382 34.98012551037147 449
1738678275399 34.92469655217685 450
1738678275414 34.86936315085896 451
1738678275427 34.81412507720878 452
1738678275440 34.75898210339673 453
1738678275457 34.70393400295572 454
1738678275475 34.648980550764264 455
1738678275499 34.59412152302998 456
1738678275514 34.53935669727331 457
1738678275531 34.484685852311465 458
1738678275544 34.430108768242654 459
1738678275568 34.3756252264305 460
1738678275582 34.32123500948876 461
1738678275600 34.2669379012662 462
1738678275621 34.21273368683178 463
1738678275640 34.15862215245999 464
1738678275652 34.104603085616446 465
1738678275666 34.0506762749437 466
1738678275681 33.99684151024726 467
1738678275696 33.943098582481824 468
1738678275715 33.8894472837377 469
1738678275734 33.835887407227474 470
1738678275755 33.78241874727279 471
1738678275772 33.729041099291464 472
1738678275785 33.67575425978465 473
1738678275806 33.622558026324285 474
1738678275821 33.569452197540684 475
1738678275843 33.51643657311036 476
1738678275858 33.46351095374394 477
1738678275878 33.410675141174366 478
1738678275895 33.35792893814516 479
1738678275912 33.305272148399 480
1738678275927 33.252704576666304 481
1738678275943 33.20022602865412 482
1738678275965 33.147836311035086 483
1738678275997 33.0955352314366 484
1738678276015 33.04332259843014 485
1738678276047 32.991198221520726 486
1738678276062 32.93916191113655 487
1738678276075 32.887213478618754 488
1738678276101 32.83535273621135 489
1738678276124 32.7835794970513 490
1738678276137 32.731893575158736 491
1738678276150 32.680294785427286 492
1738678276169 32.62878294361462 493
1738678276190 32.57735786633302 494
1738678276212 32.52601937104022 495
1738678276234 32.47476727603026 496
1738678276251 32.42360140042455 497
1738678276267 32.37252156416297 498
1738678276282 32.32152758799525 499
