1738822854647 97.90443935041378 0
1738822854710 4.379767879099884 1
1738822854789 30.493656926228574 2
1738822854879 14.592919717083738 3
1738822854947 1.596877513830167 4
1738822855018 0.4552307822928044 5
1738822855096 0.4820141781120617 6
1738822855149 0.815600539457998 7
1738822855210 1.627548116726241 8
1738822855264 0.0011828212947543257 9
1738822855335 0.07885973661142123 10
1738822855390 0.004585201552959865 11
1738822855446 0.6400973853071721 12
1738822855501 0.023077385687322018 13
1738822855561 0.016204838916844988 14
1738822855631 0.06429940737149113 15
1738822855702 0.7024809168497415 16
1738822855778 0.3789782406793705 17
1738822855869 0.12804659145272554 18
1738822855930 0.002804274821359659 19
1738822855992 0.012605969742130147 20
1738822856049 0.0016994541920058285 21
1738822856106 0.0038035878513912203 22
1738822856176 1.7257125913632776e-05 23
1738822856233 0.004119073468382471 24
1738822856294 0.07675036315066844 25
1738822856355 0.08145340086562615 26
1738822856420 0.0057333278535835076 27
1738822856489 2.22953716804649e-06 28
1738822856554 0.029966862063098447 29
1738822856625 0.01912245651475859 30
1738822856697 0.08073800304060628 31
1738822856762 0.0028262048728041438 32
1738822856825 0.0100126460952321 33
1738822856884 0.02011722311277322 34
1738822856942 0.070802532453753 35
1738822857003 0.3112552711813227 36
1738822857073 0.03648799502505172 37
1738822857140 0.0734598118269721 38
1738822857210 0.027645695670631854 39
1738822857283 0.1763559184360187 40
1738822857351 0.5395189723024277 41
1738822857420 0.0008712561817780292 42
1738822857469 0.09441556493519651 43
1738822857531 0.0031202910797300783 44
1738822857596 0.040983721500131264 45
1738822857658 0.125686102071034 46
1738822857725 3.990035094814614e-05 47
1738822857792 0.0045315934836590265 48
1738822857853 0.2424186276024741 49
1738822857915 0.05478754103598949 50
1738822857972 0.04729527973197705 51
1738822858032 0.1857286364665028 52
1738822858083 0.0013178190766124152 53
1738822858140 0.10436381043419518 54
1738822858212 0.04132559079508608 55
1738822858284 0.0011087641601084453 56
1738822858348 0.00444662065534716 57
1738822858419 0.015438534888482191 58
1738822858488 0.15976835601708275 59
1738822858551 0.14817244990478198 60
1738822858638 0.002056972502973837 61
1738822858708 0.06806309703198093 62
1738822858772 0.03996894637027713 63
1738822858831 0.061487267445512986 64
1738822858891 0.3398529556194499 65
1738822858965 0.046728310626764066 66
1738822859021 0.0175626151052315 67
1738822859088 0.015175247309127855 68
1738822859151 0.15323327934432468 69
1738822859218 0.08425404276525893 70
1738822859301 0.35791719150525936 71
1738822859351 0.0028679223237450197 72
1738822859415 0.08040571367056824 73
1738822859505 0.005183106360194319 74
1738822859581 0.03402646175812468 75
1738822859649 0.1433229883381922 76
1738822859717 0.04641123536878119 77
1738822859790 0.005197272535768897 78
1738822859853 0.7678635173724053 79
1738822859906 1.0635803039846556 80
1738822859962 0.04761997942030521 81
1738822860037 0.05921465605381122 82
1738822860093 0.003492790536343925 83
1738822860158 0.0005017192337890965 84
1738822860231 0.039034390484768644 85
1738822860298 0.017471037106328136 86
1738822860364 0.08005767420609633 87
1738822860428 0.012628256685222519 88
1738822860492 0.03722283686151168 89
1738822860556 0.013057880454770887 90
1738822860625 0.030823992628013507 91
1738822860684 0.33458995565215094 92
1738822860749 0.030811382820411196 93
1738822860818 0.1914703719655102 94
1738822860886 0.0794017448031486 95
1738822860958 0.002719998370302761 96
1738822861018 0.006451076609468558 97
1738822861082 0.0017371720138341978 98
1738822861145 0.04697529345033712 99
1738822861211 0.11753424103514175 100
1738822861273 0.014021802389516147 101
1738822861335 0.10496034576058286 102
1738822861416 0.414225164084738 103
1738822861478 1.1514860969855092e-05 104
1738822861541 0.009563261851990716 105
1738822861608 0.004954394215911987 106
1738822861663 0.004229851522862733 107
1738822861718 0.006631162103210035 108
1738822861789 0.09566666929549228 109
1738822861846 0.07004475516161501 110
1738822861907 0.06298997680596857 111
1738822861966 0.017894265506014452 112
1738822862031 0.035332826536324746 113
1738822862090 0.01170444029877274 114
1738822862150 0.014248271938402435 115
1738822862210 0.005009464866816175 116
1738822862281 0.00454311070210224 117
1738822862353 0.05917355316676728 118
1738822862413 0.027948649314680458 119
1738822862475 0.1188105716003676 120
1738822862535 0.06553839574592916 121
1738822862605 0.20160781655215632 122
1738822862670 0.00035314025970103503 123
1738822862727 0.07301784335286168 124
1738822862787 0.02209947140961857 125
1738822862838 1.3899507608914734 126
1738822862898 0.0009236776790761846 127
1738822862962 0.022089204904074254 128
1738822863023 0.09548618267633065 129
1738822863086 0.2482938763132102 130
1738822863154 0.004163979109206959 131
1738822863216 0.058230890593874075 132
1738822863269 0.025781638394994918 133
1738822863336 0.003292195221144927 134
1738822863404 0.04893461089898225 135
1738822863484 0.1459664216616654 136
1738822863543 0.04107852436175891 137
1738822863603 0.06818119951099849 138
1738822863663 0.09585135383699239 139
1738822863728 0.000654254711383818 140
1738822863787 0.5377181375228498 141
1738822863890 0.07374070925586855 142
1738822863949 0.0908053816461288 143
1738822864019 0.058902898299053603 144
1738822864088 0.0036614421680577483 145
1738822864154 0.24956289826430664 146
1738822864219 0.0029651956362557724 147
1738822864290 0.02916123358687582 148
1738822864358 0.6853312635668795 149
1738822864422 0.0018772297156546592 150
1738822864476 0.08002050440585737 151
1738822864638 0.03618495868976837 152
1738822864702 0.04847469073402423 153
1738822864767 0.05918673639177363 154
1738822864832 0.01896421098503281 155
1738822864898 0.31716959320204796 156
1738822864956 0.003684068656405623 157
1738822865015 0.0007369924549246396 158
1738822865076 0.013734299358606926 159
1738822865140 0.004470187617188571 160
1738822865208 0.05082129433085251 161
1738822865265 0.0014683806767297016 162
1738822865333 0.18541775206009364 163
1738822865394 0.27360928666494994 164
1738822865471 0.10288957072304052 165
1738822865534 0.0008281495276324946 166
1738822865599 0.002527950200118551 167
1738822865670 0.014653264630444536 168
1738822865731 0.0009307095548903485 169
1738822865797 0.008620936342869891 170
1738822865846 0.0010113916569530208 171
1738822865911 0.2917917235782884 172
1738822865974 0.0039459151567089856 173
1738822866039 0.2111540500300578 174
1738822866090 0.4783373517667093 175
1738822866142 1.0281127453701497e-05 176
1738822866205 0.004914243395585727 177
1738822866279 0.016912591011886125 178
1738822866348 0.026491586370330503 179
1738822866413 0.07867959696698336 180
1738822866491 0.13192244808074666 181
1738822866545 0.01856805188776364 182
1738822866593 0.010754873547039261 183
1738822866659 0.07581261773654842 184
1738822866723 0.010819576476290975 185
1738822866787 0.13575455276718845 186
1738822866851 0.019115915746961015 187
1738822866913 0.18432216518844938 188
1738822866971 0.001422600684490763 189
1738822867031 0.25816767116904155 190
1738822867093 0.05837640656575999 191
1738822867160 0.02189999669089974 192
1738822867223 0.005551991763213391 193
1738822867277 0.16030643991286747 194
1738822867346 0.009321172469209334 195
1738822867417 0.0019850180230544558 196
1738822867488 0.12914922399746456 197
1738822867553 0.03862820100469947 198
1738822867618 0.007874689616592488 199
1738822867677 0.06931540835528428 200
1738822867734 0.012669735811095201 201
1738822867793 0.520626440985531 202
1738822867851 6.75468997747713e-07 203
1738822867920 0.12431476107543757 204
1738822867982 0.007330051515067083 205
1738822868042 0.005523738610542157 206
1738822868112 0.09693013235088238 207
1738822868169 0.001367590965385249 208
1738822868223 0.10328884370835914 209
1738822868272 0.00010395047322426744 210
1738822868324 0.0034122463626755804 211
1738822868401 0.2379913177768679 212
1738822868466 0.03145269953775941 213
1738822868537 0.005730188358092312 214
1738822868605 0.0268948586599631 215
1738822868667 0.001415225751169826 216
1738822868736 0.007399869317119709 217
1738822868792 0.1210794119470986 218
1738822868862 0.2762922440272146 219
1738822868937 0.0052442693216435965 220
1738822869003 0.0152463495960992 221
1738822869077 0.057842612140449855 222
1738822869143 0.06702331002424497 223
1738822869200 0.050948927542817005 224
1738822869269 0.020873109067883925 225
1738822869330 0.007227445409284381 226
1738822869388 0.036071179725129104 227
1738822869453 0.0019926549286475646 228
1738822869525 0.02258688627493147 229
1738822869597 0.048872286230939865 230
1738822869666 0.10748635455317082 231
1738822869732 3.0659619081546685e-06 232
1738822869802 0.034833048693635744 233
1738822869860 0.03477019255686314 234
1738822869926 0.016281218807751786 235
1738822869992 1.155784704284093 236
1738822870058 0.004405625730660243 237
1738822870133 0.04838278461107417 238
1738822870200 0.0021124736057059963 239
1738822870263 0.06455587747223808 240
1738822870331 0.0003964653535442708 241
1738822870396 0.4468034077930215 242
1738822870455 0.03316058736568813 243
1738822870520 0.0363131656407033 244
1738822870584 0.021713812877888948 245
1738822870656 2.0423933304220107e-06 246
1738822870707 0.19127149042846525 247
1738822870779 0.0005285848812755668 248
1738822870841 0.16383395314399365 249
1738822870915 0.04427250687745117 250
1738822870979 0.004064604327553617 251
1738822871051 0.005231275454212369 252
1738822871113 0.00048571673944588383 253
1738822871183 0.0016147103418439196 254
1738822871245 0.022865448887641037 255
1738822871312 0.1800052796125635 256
1738822871378 0.220363620831576 257
1738822871439 0.12318199336020205 258
1738822871503 0.3765650349005085 259
1738822871567 0.28338104301560585 260
1738822871637 0.0007142350280215656 261
1738822871700 0.12968227413887123 262
1738822871773 0.06086906044374427 263
1738822871837 0.003259692132153287 264
1738822871898 0.0047170627753320695 265
1738822871959 0.04058835682295431 266
1738822872025 0.19775013412683629 267
1738822872090 0.027029998202517936 268
1738822872155 0.008383114961043518 269
1738822872216 0.0058386461428268956 270
1738822872286 0.05481858007666377 271
1738822872348 0.04272017321594796 272
1738822872413 0.1142877110799955 273
1738822872472 0.0013206011223109355 274
1738822872534 0.09072703147601245 275
1738822872599 0.0024486576913098717 276
1738822872662 0.062348729947137506 277
1738822872724 0.293943970088907 278
1738822872785 0.023161613987920573 279
1738822872856 0.021489551709155078 280
1738822872927 0.003997720311617588 281
1738822872986 0.19900138836899461 282
1738822873054 0.06521163595231799 283
1738822873103 0.06182689746754923 284
1738822873158 0.006851263955936835 285
1738822873215 0.0033334983342209164 286
1738822873286 0.0005349945525452386 287
1738822873347 0.07229409193040132 288
1738822873409 0.1848662675628259 289
1738822873474 0.03986216778311066 290
1738822873543 0.07305841297590103 291
1738822873605 0.0006466868598641723 292
1738822873664 5.72342701319272e-05 293
1738822873729 0.03153336236026951 294
1738822873793 0.0007737783735081436 295
1738822873859 0.0004495621267563418 296
1738822873918 0.05896370418730467 297
1738822873976 0.0008925417835553629 298
1738822874041 0.02024243622894402 299
1738822874101 0.0007685289231620109 300
1738822874156 0.03731960984384613 301
1738822874213 0.047840412278236905 302
1738822874275 0.10907420147689127 303
1738822874335 1.8616471153968607e-07 304
1738822874398 0.07914531120922626 305
1738822874469 0.005169536347285754 306
1738822874532 0.09874974293084594 307
1738822874603 0.0743130488302666 308
1738822874659 0.007247344071118491 309
1738822874725 0.1569198561220301 310
1738822874799 0.012847728496931297 311
1738822874867 0.03616472709012614 312
1738822874928 0.04902379558995485 313
1738822874997 0.24726722021177078 314
1738822875067 0.012739617190830655 315
1738822875131 0.0433157076396969 316
1738822875188 0.07204499670995972 317
1738822875255 0.014117958911391535 318
1738822875308 0.008982845915468399 319
1738822875368 0.12839667655260564 320
1738822875427 0.014927804412271107 321
1738822875496 0.06581692685032924 322
1738822875561 0.19454202171870028 323
1738822875623 0.04245666228299611 324
1738822875688 0.08851698311976866 325
1738822875741 0.04065170988767534 326
1738822875807 0.05623888752605873 327
1738822875867 0.030958604820298156 328
1738822875931 0.0008190797773225238 329
1738822875991 0.0004031147354651864 330
1738822876054 0.23976127474730918 331
1738822876114 0.029447107528675572 332
1738822876184 0.015578023550505159 333
1738822876240 0.09124384153025954 334
1738822876297 0.15919411053194563 335
1738822876349 0.0001517950422489424 336
1738822876408 0.02481781096699467 337
1738822876469 0.019676274802002305 338
1738822876525 0.03246577253812911 339
1738822876608 0.005502211009294219 340
1738822876680 0.0065846404153021435 341
1738822876732 0.3665109091078637 342
1738822876787 0.6135576129701384 343
1738822876847 0.0673254714102671 344
1738822876907 0.12791780511865533 345
1738822876965 0.006983037096609659 346
1738822877024 0.08718995250203425 347
1738822877083 0.08348329056432112 348
1738822877140 0.13504056653842228 349
1738822877201 0.007497803855072801 350
1738822877264 0.19414270509126486 351
1738822877323 0.004344010801825883 352
1738822877383 0.03181950090431018 353
1738822877447 0.10787849032587796 354
1738822877510 0.04881400962522784 355
1738822877575 3.8348785598292505e-06 356
1738822877644 0.005564691817116602 357
1738822877699 0.02844970276212658 358
1738822877758 0.3263085771096361 359
1738822877818 0.019357095756468493 360
1738822877888 0.11038451060125892 361
1738822877950 0.0019305886212743163 362
1738822878018 0.0454730651093722 363
1738822878067 0.15852700760604002 364
1738822878130 0.0218346513187414 365
1738822878190 0.11094420471929595 366
1738822878240 0.6349166350232038 367
1738822878289 0.02508036574452171 368
1738822878344 0.06738831560090502 369
1738822878410 0.002246337924958574 370
1738822878473 0.0048416531473650165 371
1738822878551 0.31646788593194447 372
1738822878623 0.05057808315795151 373
1738822878682 0.016081399000163706 374
1738822878736 0.26829723608316464 375
1738822878792 0.005112017654505194 376
1738822878855 0.045408561868527986 377
1738822878913 0.358463428334852 378
1738822878970 0.12489592089417945 379
1738822879033 0.002988721593024529 380
1738822879093 0.016212054411302634 381
1738822879157 0.03649202773538427 382
1738822879217 0.19606717130133913 383
1738822879277 0.05553683282440651 384
1738822879336 0.04111188780440594 385
1738822879408 0.020072784438904073 386
1738822879469 0.10647297552117985 387
1738822879541 0.0057575069240106734 388
1738822879606 0.010323490885695827 389
1738822879666 0.003230782875198003 390
1738822879729 0.41583595940565254 391
1738822879790 0.03674237088853462 392
1738822879856 0.05630681532916103 393
1738822879926 0.1900152422109715 394
1738822879987 0.0005930133615506739 395
1738822880055 0.08350329268239823 396
1738822880121 0.1351555685983901 397
1738822880185 0.025807818568141988 398
1738822880244 0.019665046471509292 399
1738822880318 0.012857839871176717 400
1738822880378 0.02121049518992331 401
1738822880450 0.00041271487347097627 402
1738822880506 0.10662229812228495 403
1738822880557 0.07492966986566883 404
1738822880611 0.00457644916533147 405
1738822880667 0.10014485521720828 406
1738822880740 0.08935260233018923 407
1738822880805 0.011830215542207154 408
1738822880892 0.11689531569755719 409
1738822880951 0.040160253699527165 410
1738822881015 0.028336009293210954 411
1738822881080 0.01453053421765193 412
1738822881142 0.0003239806977548229 413
1738822881203 0.10469266643347984 414
1738822881263 0.08975333655773102 415
1738822881313 0.05950951489482982 416
1738822881362 0.02180388717382273 417
1738822881424 0.05785019533389765 418
1738822881496 0.08857011262131606 419
1738822881559 0.003218592131321837 420
1738822881617 0.6592088323189764 421
1738822881689 0.01389334002172607 422
1738822881749 0.025484192253659776 423
1738822881815 0.0024150596593208074 424
1738822881865 0.003141838378387679 425
1738822881919 0.01838488382116619 426
1738822881982 0.3766476479714465 427
1738822882046 0.05546138030115569 428
1738822882105 0.5556985344125221 429
1738822882169 0.005446449838776942 430
1738822882236 0.0005578755993975789 431
1738822882301 0.17285116681825372 432
1738822882353 0.34279206260490075 433
1738822882413 0.21888038891864298 434
1738822882464 0.024567346755587832 435
1738822882513 0.1292766546182172 436
1738822882576 0.7264818186492645 437
1738822882645 0.020113846159982667 438
1738822882709 0.003494374662545838 439
1738822882770 0.0029971380515938224 440
1738822882831 0.20476408913152785 441
1738822882893 0.009832472604467558 442
1738822882958 0.0640434077894433 443
1738822883027 0.00240774921031418 444
1738822883085 0.003652807391458527 445
1738822883142 0.1863186101578258 446
1738822883199 0.04875413783989993 447
1738822883267 0.0030493442427410545 448
1738822883331 0.03427549836979637 449
1738822883386 0.036035886844087824 450
1738822883436 0.44353816960481424 451
1738822883483 0.12470109248101607 452
1738822883541 0.08694572450608853 453
1738822883601 0.08079053727906597 454
1738822883669 0.00044203215275761285 455
1738822883730 0.00013705978886132384 456
1738822883795 0.006402473582845884 457
1738822883845 0.015426637632859385 458
1738822883906 0.5983336007038155 459
1738822883975 0.19353329442237507 460
1738822884038 0.08294377017605131 461
1738822884103 0.4197521309915354 462
1738822884163 0.0031174892290087774 463
1738822884229 0.11047358342013312 464
1738822884295 0.015260061578610767 465
1738822884358 0.028132913706218666 466
1738822884414 0.07591423841485241 467
1738822884492 0.0054286086286239816 468
1738822884552 0.0025606272084754056 469
1738822884623 0.21951845459342342 470
1738822884690 0.035004889916112815 471
1738822884758 0.04982014355027928 472
1738822884826 0.048497636248420455 473
1738822884890 0.11788173913502942 474
1738822884957 0.05693407689826375 475
1738822885007 0.0662901019880375 476
1738822885066 0.025540793110530178 477
1738822885131 0.19403389659768286 478
1738822885196 0.5327292990335116 479
1738822885262 0.2503806810627518 480
1738822885312 0.3023339031037442 481
1738822885361 0.0785160361923724 482
1738822885420 0.0069843875671375686 483
1738822885489 0.027006679247075262 484
1738822885555 0.07703933308684804 485
1738822885607 0.9011914939820193 486
1738822885673 0.0019955875500161317 487
1738822885742 0.08920938459845762 488
1738822885804 0.014846254594255953 489
1738822885870 0.11163718070364848 490
1738822885953 0.0043947858244363465 491
1738822886033 0.009174197530579733 492
1738822886099 0.15448424176458828 493
1738822886185 0.002825112450881019 494
1738822886263 0.12929305474309125 495
1738822886339 0.001102272633960162 496
1738822886420 1.0552604844863895e-05 497
1738822886497 0.3662774201752783 498
1738822886572 0.019055357572036916 499
