1738680564782 169.4806387665546 0
1738680564802 169.4613860029785 1
1738680564821 169.44450884548957 2
1738680564839 169.4281498811531 3
1738680564857 169.4122910784853 4
1738680564880 169.39691508391908 5
1738680564901 169.38200519516633 6
1738680564924 169.3675453356527 7
1738680564944 169.35352002998022 8
1738680564964 169.33991438037694 9
1738680564988 169.32671404409223 10
1738680565034 169.3139052117001 11
1738680565048 169.30147458627346 12
1738680565064 169.28940936339316 13
1738680565083 169.27769721195907 14
1738680565097 169.26632625576937 15
1738680565113 169.25528505583753 16
1738680565131 169.2445625934168 17
1738680565152 169.23414825370358 18
1738680565169 169.2240318101919 19
1738680565188 169.21420340965247 20
1738680565211 169.20465355771162 21
1738680565233 169.19537310500482 22
1738680565250 169.18635323388222 23
1738680565267 169.17758544564356 24
1738680565288 169.169061548281 25
1738680565303 169.1607736447094 26
1738680565320 169.15271412146376 27
1738680565342 169.14487563784618 28
1738680565362 169.13725111550247 29
1738680565381 169.1298337284127 30
1738680565401 169.12261689327738 31
1738680565421 169.11559426028472 32
1738680565436 169.10875970424257 33
1738680565452 169.10210731606048 34
1738680565468 169.09563139456876 35
1738680565485 169.0893264386589 36
1738680565500 169.08318713973472 37
1738680565515 169.07720837445987 38
1738680565530 169.07138519779105 39
1738680565545 169.0657128362844 40
1738680565562 169.06018668166496 41
1738680565577 169.05480228464808 42
1738680565592 169.04955534900262 43
1738680565606 169.04444172584684 44
1738680565618 169.03945740816673 45
1738680565634 169.03459852554872 46
1738680565647 169.02986133911753 47
1738680565665 169.0252422366713 48
