1738824135485 160.33479042804692 0
1738824135555 171.3876949136903 1
1738824135594 169.15427233502385 2
1738824135633 170.4554870386023 3
1738824135673 169.95986874915266 4
1738824135712 160.7479336684455 5
1738824135750 166.63066026982992 6
1738824135787 182.51396597166524 7
1738824135825 179.7494815702898 8
1738824135863 171.99904077195174 9
1738824135901 168.5378879566923 10
1738824135938 185.61539879022698 11
1738824135976 181.71335902940763 12
1738824136014 178.068178077114 13
1738824136052 214.10265359265603 14
1738824136090 179.2421184002523 15
1738824136129 193.31333703590224 16
1738824136166 172.17606505416566 17
1738824136203 148.86708512264042 18
1738824136239 164.23158221884003 19
1738824136276 152.60078374576128 20
1738824136313 164.66053950965215 21
1738824136352 171.52716802616385 22
1738824136389 166.72801698875884 23
1738824136429 161.11660200618667 24
1738824136469 174.36437965678113 25
1738824136507 175.3808326407201 26
1738824136544 185.06287373698507 27
1738824136580 166.3178286588368 28
1738824136617 159.76532206250516 29
1738824136654 184.3766249947397 30
1738824136691 175.26897248844455 31
1738824136728 174.31536392042295 32
1738824136765 154.16072317816815 33
1738824136802 174.44690071625743 34
1738824136840 160.99678975888162 35
1738824136877 210.83980217462334 36
1738824136914 171.68205342349503 37
1738824136952 254.58770761554797 38
1738824136990 184.04464756732608 39
1738824137028 156.2647460800493 40
1738824137065 169.69312590951827 41
1738824137103 173.61509255985283 42
1738824137141 169.13847006595446 43
1738824137178 172.87976319545757 44
1738824137216 173.9628565959766 45
1738824137253 152.7224974966902 46
1738824137291 163.786993925279 47
1738824137328 154.553973476446 48
1738824137364 178.55014741446263 49
1738824137401 171.88640336135487 50
1738824137444 171.74916678327395 51
1738824137482 191.0251010914501 52
1738824137519 178.1533579594897 53
1738824137557 159.14985880598343 54
1738824137595 193.89657579898574 55
1738824137632 168.8005222187544 56
1738824137670 172.205800489318 57
1738824137710 163.56938198430635 58
1738824137747 163.37282044408138 59
1738824137786 155.10350443919475 60
1738824137823 191.5929364336779 61
1738824137861 169.27503066678605 62
1738824137899 180.88800726435318 63
1738824137937 189.84609153165948 64
1738824137976 168.6610699778391 65
1738824138013 155.21683575647478 66
1738824138051 163.5439377686247 67
1738824138089 176.9184174366566 68
1738824138126 172.08819227225214 69
1738824138164 170.86716736238975 70
1738824138202 166.99449389583958 71
1738824138240 156.6449860370709 72
1738824138279 161.50680989078288 73
1738824138318 168.0981422057925 74
1738824138355 169.83718058632084 75
1738824138393 181.47106307744656 76
1738824138431 165.3790356038508 77
1738824138468 145.8513760060313 78
1738824138507 163.5421085390809 79
1738824138544 181.6632105765427 80
1738824138583 174.21602408008843 81
1738824138620 170.3002589426306 82
1738824138657 177.82411095834294 83
1738824138694 158.3438874956551 84
1738824138731 155.7785599293593 85
1738824138768 171.72116400806905 86
1738824138805 162.07616141182126 87
1738824138843 161.2907944128714 88
1738824138880 163.12712367719143 89
1738824138918 159.24411169151668 90
1738824138955 150.98446631435382 91
1738824138993 170.80462270425528 92
1738824139034 163.58043171009973 93
1738824139072 165.00691883717712 94
1738824139109 171.63911251501213 95
1738824139147 172.76349838892574 96
1738824139185 164.18954777002185 97
1738824139222 173.6339136620694 98
1738824139259 180.1486685462883 99
1738824139297 220.27197240292162 100
1738824139335 226.56498564419218 101
1738824139374 173.0256732070166 102
1738824139412 179.6696689142116 103
1738824139450 180.2459073720401 104
1738824139487 152.48905475350955 105
1738824139526 169.17179878951887 106
1738824139564 146.2648092719328 107
1738824139601 154.5870532915242 108
1738824139638 177.28700944739538 109
1738824139675 176.19279071840575 110
1738824139711 170.9446399716257 111
1738824139747 174.2691710002993 112
1738824139784 171.96309220319114 113
1738824139822 155.73194764530092 114
1738824139861 184.26364944892669 115
1738824139900 173.07748977857577 116
1738824139942 169.33013635830991 117
1738824139982 184.53152145489886 118
1738824140021 187.84798030026093 119
1738824140060 148.2640915200724 120
1738824140097 163.70604995328424 121
1738824140134 222.30600805000824 122
1738824140172 178.05855749486543 123
1738824140209 156.17380911601623 124
1738824140246 195.1896423927686 125
1738824140283 178.2497975798433 126
1738824140320 170.51915111532966 127
1738824140357 172.5486191364008 128
1738824140396 179.0112085434474 129
1738824140440 146.40582163454673 130
1738824140481 157.05323648289473 131
1738824140520 173.43871467745137 132
1738824140559 173.43934018858647 133
1738824140598 161.43723853664255 134
1738824140641 173.2495514267562 135
1738824140679 159.36769353214632 136
1738824140721 152.23670743425532 137
1738824140762 313.38747981439815 138
1738824140801 177.4379937400047 139
1738824140841 153.27275513062693 140
1738824140882 150.44820677000436 141
1738824140922 169.44435644297135 142
1738824140962 180.23778057432818 143
1738824141004 165.77694044846544 144
1738824141044 157.48922187758214 145
1738824141082 185.75193014431326 146
1738824141120 173.23629098358586 147
1738824141158 162.94711902009905 148
1738824141196 185.62286548980495 149
1738824141234 170.22094087782182 150
1738824141271 163.315879163575 151
1738824141309 153.08390508798075 152
1738824141364 168.36734855067021 153
1738824141419 172.97596250376765 154
1738824141462 170.5483733913856 155
1738824141500 158.4580231244576 156
1738824141540 158.71155535488535 157
1738824141580 177.68365349402404 158
1738824141618 186.17909831781503 159
1738824141658 171.26864658649205 160
1738824141695 165.80831057098337 161
1738824141732 166.08486299873033 162
1738824141770 166.83118468864743 163
1738824141808 176.67473250517716 164
1738824141846 173.67396320820296 165
1738824141887 170.1739524123733 166
1738824141924 163.0943070610121 167
1738824141962 151.9100468918765 168
1738824142000 150.51183422791615 169
1738824142040 177.7673091548883 170
1738824142080 184.31569899185732 171
1738824142119 168.6098563371986 172
1738824142158 182.07439428864936 173
1738824142195 179.77399410806763 174
1738824142233 150.65712808806163 175
1738824142273 174.651882251899 176
1738824142310 157.269410143423 177
1738824142350 172.18684280293334 178
1738824142387 138.93515830036768 179
1738824142424 168.2873091318124 180
1738824142460 173.62588513377318 181
1738824142497 177.4677130526706 182
1738824142534 154.60967187885757 183
1738824142571 147.1535945594812 184
1738824142607 169.01632893742723 185
1738824142644 141.16877590135928 186
1738824142681 172.56855718300667 187
1738824142718 136.71300707116714 188
1738824142755 185.36681663568027 189
1738824142796 149.42321688186644 190
1738824142839 201.52162420694577 191
1738824142884 134.18959480373107 192
1738824142922 164.0569604034647 193
1738824142959 163.17605227826417 194
1738824142997 173.00644143695618 195
1738824143034 167.9833879673983 196
1738824143071 188.28987670764678 197
1738824143108 158.27837505188606 198
1738824143145 167.53204253544018 199
1738824143182 178.83924749642367 200
1738824143219 161.84296165748574 201
1738824143256 220.71873213510162 202
1738824143293 196.69840030575838 203
1738824143330 160.44322686662653 204
1738824143367 201.5039245058893 205
1738824143405 149.3863653759494 206
1738824143442 175.226424093695 207
1738824143480 168.67753328698285 208
1738824143516 178.28275290554072 209
1738824143553 175.55860966937684 210
1738824143591 152.40253420154048 211
1738824143632 172.1521060208439 212
1738824143670 169.38725904081218 213
1738824143707 166.39570909075306 214
1738824143744 146.94384923665817 215
1738824143781 175.56336430487957 216
1738824143819 193.30944052156153 217
1738824143857 183.8545429985894 218
1738824143896 165.62132800904232 219
1738824143935 163.42020936945084 220
1738824143972 162.04563646354242 221
1738824144011 157.84629810235268 222
1738824144049 186.7663336397876 223
1738824144087 165.16099953765928 224
1738824144125 171.37352891735944 225
1738824144164 174.74692391308696 226
1738824144202 169.01473407892624 227
1738824144241 178.95644313289654 228
1738824144280 152.40320095151455 229
1738824144319 174.37394558994788 230
1738824144357 170.79317611965718 231
1738824144396 173.2903449445582 232
1738824144434 199.19146259104656 233
1738824144472 172.6268752200897 234
1738824144510 180.45298595614707 235
1738824144548 190.37310132580112 236
1738824144586 209.92356394885866 237
1738824144624 180.72500633254552 238
1738824144663 173.82623503215723 239
1738824144701 176.82512199040056 240
1738824144739 136.78323116442073 241
1738824144778 168.28450565703875 242
1738824144816 170.23790921972528 243
1738824144855 182.24153117107372 244
1738824144893 162.13031335346827 245
1738824144931 204.64962328517382 246
1738824144974 165.3599971419408 247
1738824145014 186.6937661331623 248
1738824145051 158.04720407450992 249
1738824145089 150.5066401101697 250
1738824145128 166.2017409709001 251
1738824145167 152.68279880923905 252
1738824145206 154.79093380950752 253
1738824145244 145.47361130860833 254
1738824145283 182.32568419629874 255
1738824145321 171.94552854114934 256
1738824145360 176.2100890370192 257
1738824145398 161.2002260754342 258
1738824145437 153.97284700512452 259
1738824145475 165.0171313426048 260
1738824145513 158.63025048274162 261
1738824145551 148.79019043048228 262
1738824145589 184.18603978011896 263
1738824145627 197.3440404749558 264
1738824145667 158.10148115713235 265
1738824145705 149.81513357875588 266
1738824145744 163.2559828655976 267
1738824145781 164.46151024906516 268
1738824145819 177.75815688497457 269
1738824145856 166.6049560289877 270
1738824145895 176.03220683677065 271
1738824145935 169.3381248673226 272
1738824145975 163.40061743507496 273
1738824146014 157.39955187468377 274
1738824146053 164.29173830183797 275
1738824146092 162.36519541289303 276
1738824146132 172.3776616845545 277
1738824146171 183.29686323966627 278
1738824146209 162.9652531790943 279
1738824146248 159.8679640517684 280
1738824146287 149.94336271163567 281
1738824146325 180.30441991035303 282
1738824146364 146.17361888674114 283
1738824146403 158.64964802505585 284
1738824146441 152.3435421376949 285
1738824146479 179.547421344918 286
1738824146517 156.8571386733648 287
1738824146556 165.95220754736266 288
1738824146594 164.56529103172065 289
1738824146633 173.2603338203364 290
1738824146671 189.32110112668056 291
1738824146710 148.01231274091214 292
1738824146748 169.58705108743644 293
1738824146787 180.73638509009643 294
1738824146825 179.24616315895344 295
1738824146863 169.68001042549974 296
1738824146902 158.9914021057375 297
1738824146940 179.46097315556634 298
1738824146977 167.74633231139248 299
1738824147015 164.9052326774092 300
1738824147054 152.38985906219017 301
1738824147092 176.56032149323812 302
1738824147130 159.45568581325955 303
1738824147168 177.6679789725271 304
1738824147207 173.57366608107347 305
1738824147248 151.47609518665246 306
1738824147288 184.29694428744347 307
1738824147327 176.52483144690135 308
1738824147365 176.1427919756652 309
1738824147403 177.75347882381715 310
1738824147442 166.18065336298753 311
1738824147481 139.24996317586826 312
1738824147519 175.25366143295344 313
1738824147558 170.40634454216223 314
1738824147597 159.89285704788736 315
1738824147635 148.81602037718352 316
1738824147674 178.22831961559416 317
1738824147714 168.27421378714718 318
1738824147752 178.31743178375103 319
1738824147790 170.8005758116365 320
1738824147829 181.158927954563 321
1738824147867 167.33605024895982 322
1738824147909 180.13237663339385 323
1738824147950 157.47929454337824 324
1738824147989 186.05898181848255 325
1738824148027 171.24454684831477 326
1738824148066 142.39605633062035 327
1738824148105 176.47789863029433 328
1738824148143 168.05493941349138 329
1738824148182 162.90509084608928 330
1738824148220 152.0295564567086 331
1738824148259 185.77154581065648 332
1738824148298 186.60277138823926 333
1738824148336 182.47450553760834 334
1738824148374 171.30203821245993 335
1738824148413 157.72464600224748 336
1738824148451 179.78307826503675 337
1738824148489 187.51014115119742 338
1738824148528 156.29294751613847 339
1738824148567 167.2921946244161 340
1738824148605 159.3038381603341 341
1738824148644 160.10240024260665 342
1738824148682 128.29876900630032 343
1738824148721 172.4196268654393 344
1738824148759 190.97797081944924 345
1738824148798 169.56339578923263 346
1738824148836 177.76010175910625 347
1738824148874 167.42218639292824 348
1738824148913 173.23401583430035 349
1738824148951 160.33476756639513 350
1738824148991 184.82818381416925 351
1738824149029 162.93188181219088 352
1738824149067 159.38427880730717 353
1738824149106 184.17706793769975 354
1738824149144 168.10461658028416 355
1738824149182 159.700937045205 356
1738824149220 140.49227836792386 357
1738824149258 169.33318093571506 358
1738824149296 211.75352923300233 359
1738824149335 166.06182759270052 360
1738824149372 169.1174224313312 361
1738824149410 177.22649271162047 362
1738824149448 168.98554865678264 363
1738824149485 196.1210468131835 364
1738824149523 153.61543839556654 365
1738824149561 174.07809329522567 366
1738824149599 158.24705012419312 367
1738824149636 168.41183374207372 368
1738824149675 174.81684625298928 369
1738824149713 153.41983419917193 370
1738824149751 163.39243007186496 371
1738824149789 143.77877135370179 372
1738824149827 180.75820531899467 373
1738824149866 185.01343394179625 374
1738824149905 170.58076078644945 375
1738824149944 169.81968192460863 376
1738824149982 173.97924789597346 377
1738824150020 205.49386386202423 378
1738824150058 165.473814863108 379
1738824150097 168.7626378518111 380
1738824150135 164.39925991580296 381
1738824150173 150.31172637881227 382
1738824150211 190.10706519678888 383
1738824150250 167.58361521092414 384
1738824150288 170.6579113196072 385
1738824150327 161.22729843423346 386
1738824150365 147.31339364740447 387
1738824150402 189.00230332761961 388
1738824150440 163.84626068834203 389
1738824150478 172.69847266872762 390
1738824150516 151.18329979533578 391
1738824150554 190.08207711237242 392
1738824150593 256.1920091973263 393
1738824150631 153.61586697260955 394
1738824150670 163.83100608776076 395
1738824150708 164.66370488042108 396
1738824150747 151.18982569025934 397
1738824150785 157.47724031210674 398
1738824150823 161.59124680778623 399
1738824150861 156.86114113583082 400
1738824150901 165.1972987702491 401
1738824150939 194.46986152878532 402
1738824150977 178.2159458402251 403
1738824151015 173.07678103190946 404
1738824151053 166.53161419367447 405
1738824151092 177.49701219617728 406
1738824151131 172.95835655842723 407
1738824151169 171.22021302058747 408
1738824151207 164.31354287798823 409
1738824151245 154.0182850807651 410
1738824151283 157.68664554860237 411
1738824151321 173.2891052421866 412
1738824151360 170.92282952972212 413
1738824151398 165.18797976493116 414
1738824151437 245.82051145785707 415
1738824151475 171.34693064757886 416
1738824151514 200.71166070069157 417
1738824151553 174.43627467197533 418
1738824151594 184.98714839288922 419
1738824151634 165.43558525903612 420
1738824151672 160.2180584991203 421
1738824151710 161.71224795372373 422
1738824151748 181.9358910964637 423
1738824151787 213.3371866089112 424
1738824151825 177.90682543398006 425
1738824151864 156.2117382622573 426
1738824151902 176.42336491068184 427
1738824151940 199.07701247996488 428
1738824151979 205.56923041370143 429
1738824152017 182.51850876393408 430
1738824152055 195.65477579150232 431
1738824152093 171.33604089191132 432
1738824152131 167.42322039349096 433
1738824152169 170.80714435573486 434
1738824152207 145.3863778747137 435
1738824152245 149.54610779708383 436
1738824152284 168.69836719099138 437
1738824152323 178.8425513003495 438
1738824152362 167.3355761802232 439
1738824152400 153.21245114490046 440
1738824152439 209.13668550004357 441
1738824152477 186.10324982881045 442
1738824152520 138.62042645554826 443
1738824152559 158.19461916549398 444
1738824152597 152.31302676927865 445
1738824152636 153.19577479840552 446
1738824152675 166.0474534905193 447
1738824152713 157.09323640216996 448
1738824152751 151.53272763918378 449
1738824152790 149.50471583696248 450
1738824152828 186.4191751978702 451
1738824152867 166.01777461609782 452
1738824152905 173.38204081156036 453
1738824152943 176.05824707706316 454
1738824152982 164.20754856742616 455
1738824153021 160.53906400326576 456
1738824153059 167.59689696661167 457
1738824153098 164.63526744906056 458
1738824153137 173.31229536069475 459
1738824153176 169.866940508605 460
1738824153214 168.93974115165528 461
1738824153254 169.0994090862678 462
1738824153293 188.39651653654732 463
1738824153333 159.14179531409394 464
1738824153371 150.32017984250072 465
1738824153410 170.40712758526803 466
1738824153449 163.2285154601801 467
1738824153488 149.09135718331376 468
1738824153532 187.07303000597202 469
1738824153572 176.24752047387906 470
1738824153611 170.9779741352595 471
1738824153650 202.79105020452155 472
1738824153688 172.83971224177333 473
1738824153727 175.15299442495862 474
1738824153765 174.43437772752796 475
1738824153804 167.2739464718801 476
1738824153844 177.09554779776548 477
1738824153882 204.90185804927708 478
1738824153922 160.73025163163115 479
1738824153960 133.5618578906184 480
1738824153998 177.63334263844462 481
1738824154036 184.58549508312987 482
1738824154075 176.34438719738762 483
1738824154113 175.73969869696876 484
1738824154151 172.1264776937142 485
1738824154189 182.82458908533687 486
1738824154226 159.88912888828176 487
1738824154263 145.41754213802176 488
1738824154301 197.9722806071116 489
1738824154339 185.26670853743505 490
1738824154376 173.8858324478751 491
1738824154415 175.61143182015826 492
1738824154454 161.8593740502145 493
1738824154492 147.65333194035273 494
1738824154530 181.713272157161 495
1738824154567 175.10407555133096 496
1738824154605 164.54992868624623 497
1738824154642 172.25666957389166 498
1738824154680 153.89211828860684 499
