1738681098289 219.20094885117285 0
1738681098334 141.32027515097462 1
1738681098378 108.53436672725137 2
1738681098423 219.85737565204283 3
1738681098469 105.3343637596012 4
1738681098516 143.68445105843466 5
1738681098568 156.1315569377407 6
1738681098615 102.47491463747663 7
1738681098661 206.91087669598065 8
1738681098706 149.29115944494737 9
1738681098752 174.47303734414427 10
1738681098797 99.22054245833796 11
1738681098842 131.67633319718115 12
1738681098888 188.83917564249398 13
1738681098933 157.9628737059208 14
1738681098978 172.88951367174514 15
1738681099023 174.82835284601825 16
1738681099069 158.5957430338781 17
1738681099115 129.86061244450283 18
1738681099161 149.30535814757292 19
1738681099208 137.77590033858357 20
1738681099253 129.83437304965892 21
1738681099298 228.29461422290697 22
1738681099344 121.40265155755598 23
1738681099388 175.637883156122 24
1738681099433 191.65773898964548 25
1738681099478 193.2892050932197 26
1738681099523 173.13850869652518 27
1738681099568 79.20318276769294 28
1738681099613 133.06400916939495 29
1738681099659 146.51303647577888 30
1738681099706 167.1157292125912 31
1738681099751 162.18449366911844 32
1738681099797 112.3305850456805 33
1738681099843 129.32630900474516 34
1738681099888 198.03532648512063 35
1738681099933 192.77817655433168 36
1738681099977 139.10224090436458 37
1738681100022 366.3428019851904 38
1738681100068 161.66544884898138 39
1738681100113 146.83906775274906 40
1738681100159 168.23958628382442 41
1738681100203 136.4444454903521 42
1738681100248 200.14382389914212 43
1738681100293 168.37619775924685 44
1738681100338 136.60831365149562 45
1738681100383 154.69170840310457 46
1738681100428 121.92920967788133 47
1738681100473 104.03215193284693 48
1738681100518 150.69623134581167 49
1738681100563 123.21120531099191 50
1738681100607 189.0334366872918 51
1738681100652 149.52260144327974 52
1738681100698 110.25903005375199 53
1738681100745 182.0638665226505 54
1738681100790 181.85546521448725 55
1738681100834 191.50783634426864 56
1738681100880 166.4737175539023 57
1738681100925 150.37043416493057 58
1738681100970 240.92048845773942 59
1738681101015 113.41985629473525 60
1738681101060 149.58673638320093 61
1738681101105 152.57242399601307 62
1738681101151 229.49552071190055 63
1738681101196 164.07715141251742 64
1738681101241 136.7492786006165 65
1738681101287 155.84485747680571 66
1738681101332 179.27392193169277 67
1738681101378 236.15437104389397 68
1738681101424 157.12861992525455 69
1738681101469 149.23713156146283 70
1738681101515 103.11250064464414 71
1738681101560 148.7289740813173 72
1738681101605 229.9425060922374 73
1738681101650 124.24205268162927 74
1738681101695 144.6228892546958 75
1738681101740 205.0856751681024 76
1738681101786 153.16379330671623 77
1738681101832 174.20424656282358 78
1738681101877 183.01904851763237 79
1738681101926 205.62658665414 80
1738681101975 156.60147817468618 81
1738681102026 114.14159005588493 82
1738681102078 148.57743906283181 83
1738681102125 159.69299240042864 84
1738681102173 120.64327604953408 85
1738681102222 180.26594889659836 86
1738681102270 166.58341180503132 87
1738681102324 205.32270274804347 88
1738681102372 261.98312939357214 89
1738681102420 205.62084228095213 90
1738681102473 179.0814835699115 91
1738681102523 226.3267292030862 92
1738681102572 183.63747692329926 93
1738681102620 150.76723956867943 94
1738681102668 189.20004375091972 95
1738681102717 155.8414880375574 96
1738681102764 176.28016569795997 97
1738681102810 275.7499386566567 98
1738681102856 165.50938610768154 99
1738681102902 154.319622855095 100
1738681102955 207.4541096343721 101
1738681103003 351.6778271805809 102
1738681103071 186.41000184369912 103
1738681103119 166.6312251195153 104
1738681103167 171.84285033542537 105
1738681103215 178.74500732227924 106
1738681103263 200.15342971576368 107
1738681103309 218.77542122315555 108
1738681103358 184.5153495482081 109
1738681103404 226.66985487703408 110
1738681103449 189.39581736319838 111
1738681103495 173.0811191214081 112
1738681103541 183.345175046636 113
1738681103587 179.9720086945948 114
1738681103637 124.68201158980035 115
1738681103683 168.4119599680393 116
1738681103730 148.27961875400115 117
1738681103776 106.62007607128584 118
1738681103822 113.77894614075564 119
1738681103867 220.5244838945858 120
1738681103913 464.3211577986292 121
1738681103959 200.70909623517184 122
1738681104003 233.99203596404595 123
1738681104049 123.90631521541815 124
1738681104094 274.099960208415 125
1738681104140 172.98991777393456 126
1738681104186 214.13877265691292 127
1738681104231 161.86272647219857 128
1738681104276 172.23798060953064 129
1738681104321 153.62693695995512 130
1738681104366 116.48299064708984 131
1738681104411 141.69526039684706 132
1738681104456 200.13485890350196 133
1738681104502 172.895875106017 134
1738681104547 144.43037557974557 135
1738681104592 149.55519319821627 136
1738681104638 186.26672974275343 137
1738681104683 175.91653951013205 138
1738681104728 162.54119273984773 139
1738681104774 133.87037496791933 140
1738681104819 179.9198228187224 141
1738681104865 142.566418890657 142
1738681104910 122.72946403333839 143
1738681104960 106.92375124075875 144
1738681105007 112.42475021898335 145
1738681105052 183.6685985871405 146
1738681105099 141.90670935456765 147
1738681105145 164.75482023103197 148
1738681105190 179.5432003980202 149
1738681105236 187.79132319364018 150
1738681105281 106.98201441215643 151
1738681105326 131.55708577177202 152
1738681105371 153.36669744156248 153
1738681105416 229.1243510350461 154
1738681105462 154.03770232784115 155
1738681105506 174.26522397434755 156
1738681105551 178.68015937103652 157
1738681105596 160.31752251754813 158
1738681105642 155.76061120577072 159
1738681105688 161.4881731471705 160
1738681105733 133.12949387024779 161
1738681105777 127.92385916532788 162
1738681105823 177.13620727037028 163
1738681105869 220.1424920384099 164
1738681105914 178.9502868980911 165
1738681105959 138.9461130344552 166
1738681106004 155.30176943231336 167
1738681106049 173.64093714892954 168
1738681106094 185.65988637495562 169
1738681106139 138.03516148190917 170
1738681106185 162.03327724103988 171
1738681106230 155.11334555164558 172
1738681106275 386.6674280149736 173
1738681106321 170.156414140989 174
1738681106366 152.33419518696368 175
1738681106411 174.81766220455782 176
1738681106456 203.794984655786 177
1738681106501 199.9018506086674 178
1738681106546 70.64067622499941 179
1738681106591 151.46833044418472 180
1738681106636 204.86423574013227 181
1738681106681 158.10256212139018 182
1738681106727 170.8118503573004 183
1738681106772 120.68485635277803 184
1738681106817 153.97457166406394 185
1738681106863 156.52871577858858 186
1738681106908 181.28254509575416 187
1738681106953 172.46484849432497 188
1738681106998 210.70882591839063 189
1738681107043 83.45829646257555 190
1738681107089 166.38084681374062 191
1738681107134 140.87610946658907 192
1738681107179 210.69156832108968 193
1738681107224 245.42105743273146 194
1738681107270 193.30661333874366 195
1738681107315 129.84817965324373 196
1738681107360 144.89137503799355 197
1738681107405 144.48198904877307 198
1738681107450 199.2975443370737 199
1738681107495 225.8083094835541 200
1738681107540 159.698182942771 201
1738681107585 169.55779312772106 202
1738681107629 128.46854655288368 203
1738681107674 101.39609474675338 204
1738681107719 131.49490219231794 205
1738681107765 220.29479893808923 206
1738681107810 124.95691210529048 207
1738681107855 163.76897377366586 208
1738681107900 155.62201199070762 209
1738681107945 169.61925552682735 210
1738681107990 255.01295064154334 211
1738681108035 167.8686961041289 212
1738681108080 169.73275312239937 213
1738681108125 286.0956576604115 214
1738681108170 150.3277144473991 215
1738681108215 182.8896439572044 216
1738681108260 99.96684240375558 217
1738681108306 165.21797945729608 218
1738681108352 273.7447355335279 219
1738681108397 122.05595226435864 220
1738681108442 149.9910433285807 221
1738681108487 179.74878918532445 222
1738681108532 145.29991256446584 223
1738681108577 131.91289090486578 224
1738681108622 162.25790084557124 225
1738681108668 136.69613105144944 226
1738681108714 131.37664779159365 227
1738681108759 181.98376236217385 228
1738681108804 179.00148252712017 229
1738681108850 160.86771348844547 230
1738681108895 136.98008215943975 231
1738681108940 150.50302408837916 232
1738681108985 130.83074085883507 233
1738681109030 195.3303276331628 234
1738681109075 168.5323875810747 235
1738681109120 173.83698449676004 236
1738681109165 220.7807240178254 237
1738681109210 169.44360252504546 238
1738681109255 179.19603989795914 239
1738681109301 159.09631045877677 240
1738681109346 171.60678507143194 241
1738681109391 129.76950520261735 242
1738681109436 154.0738093095507 243
1738681109481 189.5587200204164 244
1738681109526 167.54992583961769 245
1738681109571 206.11678965813866 246
1738681109616 92.76857275514261 247
1738681109661 147.97379563221347 248
1738681109706 98.89604217106009 249
1738681109752 237.48940347255026 250
1738681109797 150.91196512938242 251
1738681109842 267.6788711801914 252
1738681109889 187.66657770922873 253
1738681109934 182.57527443619637 254
1738681109979 143.73869044070614 255
1738681110024 158.64608513925816 256
1738681110069 176.02030196044623 257
1738681110114 173.1613121876226 258
1738681110162 142.36381262461848 259
1738681110209 189.96164663121667 260
1738681110254 136.46465180455738 261
1738681110300 183.6082878203878 262
1738681110345 157.7337516349646 263
1738681110390 158.87879473472265 264
1738681110435 168.56939863784572 265
1738681110481 126.88244038582701 266
1738681110526 100.61994691366401 267
1738681110571 178.5039683302646 268
1738681110616 121.3797858300563 269
1738681110661 137.19683437783246 270
1738681110707 179.22695782001026 271
1738681110753 155.31624891272637 272
1738681110799 171.11527938728992 273
1738681110844 210.20908517737786 274
1738681110889 153.74054964353738 275
1738681110934 203.17608386079573 276
1738681110981 195.3682201995144 277
1738681111026 195.27794179169703 278
1738681111071 156.9477484600854 279
1738681111116 164.7696812214971 280
1738681111161 205.30142703222154 281
1738681111206 169.045715535009 282
1738681111251 132.47529207300659 283
1738681111296 211.94248695525496 284
1738681111341 119.06317299435511 285
1738681111386 164.0915139419187 286
1738681111431 110.0182238436398 287
1738681111476 171.8150623603717 288
1738681111521 165.6475111880008 289
1738681111566 86.51305226036979 290
1738681111612 195.41183600788386 291
1738681111656 115.86424162144212 292
1738681111701 156.94424030199207 293
1738681111746 165.83621181178532 294
1738681111791 144.72741357161567 295
1738681111836 108.39371589761267 296
1738681111881 99.82815177857306 297
1738681111926 149.39588851419592 298
1738681111972 99.98781917723407 299
1738681112017 186.43503604529633 300
1738681112062 202.03554154445197 301
1738681112108 188.29981406311563 302
1738681112153 146.26323832732115 303
1738681112198 163.1915534903041 304
1738681112242 185.82726860423134 305
1738681112288 144.24711755133973 306
1738681112333 144.4800242770479 307
1738681112380 170.78323398711896 308
1738681112425 161.19731307061232 309
1738681112470 189.3343591204735 310
1738681112515 173.8986049424482 311
1738681112560 238.8660352104981 312
1738681112605 135.74445318315188 313
1738681112651 180.91828440696602 314
1738681112696 270.4165960464848 315
1738681112741 187.09441883217536 316
1738681112786 388.39978553726553 317
1738681112831 191.34210111022486 318
1738681112876 185.41400721953823 319
1738681112922 95.48157263128539 320
1738681112968 173.62541495369314 321
1738681113013 134.80320067361953 322
1738681113058 168.39700573684254 323
1738681113103 199.00682774693158 324
1738681113148 189.72115992102664 325
1738681113193 177.4140758197371 326
1738681113239 137.33899172368126 327
1738681113284 42.05970865865803 328
1738681113329 113.26314767435994 329
1738681113374 157.05932868917833 330
1738681113419 152.14073071529316 331
1738681113464 266.9998515587353 332
1738681113509 197.5251136830239 333
1738681113554 166.70077103887732 334
1738681113599 170.9041639493381 335
1738681113644 120.3764792487926 336
1738681113689 142.01375078489139 337
1738681113734 154.52775292738676 338
1738681113779 166.37271017595333 339
1738681113824 164.29831050269578 340
1738681113869 155.2706801838612 341
1738681113914 381.06236996131344 342
1738681113959 183.0304072803858 343
1738681114004 208.92044506913953 344
1738681114049 109.85772925453378 345
1738681114094 162.40081954688085 346
1738681114139 170.6915493731999 347
1738681114185 264.24204841859705 348
1738681114230 239.10274128201604 349
1738681114276 174.2223047154815 350
1738681114321 476.29580676234133 351
1738681114365 160.56749543834968 352
1738681114411 158.16061502447644 353
1738681114456 163.93124627364767 354
1738681114501 152.3517167181157 355
1738681114546 163.04474521114437 356
1738681114591 210.60752329874552 357
1738681114637 142.5114881427428 358
1738681114682 252.00385822817626 359
1738681114726 197.95038581050966 360
1738681114773 149.93693946184453 361
1738681114818 183.06300995398618 362
1738681114863 201.9302168879094 363
1738681114908 180.73975984684958 364
1738681114953 209.2234407253473 365
1738681114998 167.72035765257235 366
1738681115043 169.83286146462981 367
1738681115088 131.80116015173633 368
1738681115133 201.5919872220402 369
1738681115179 158.65010655128003 370
1738681115224 191.99767758846002 371
1738681115269 417.83511486063304 372
1738681115315 98.70051690623387 373
1738681115360 229.84764299815467 374
1738681115405 121.0693565248134 375
1738681115450 150.49944409419936 376
1738681115495 167.85029243380703 377
1738681115540 170.78347594592992 378
1738681115585 168.44543745453473 379
1738681115630 184.89812620028655 380
1738681115675 168.97723557010886 381
1738681115719 212.40860104992612 382
1738681115764 161.65648766641286 383
1738681115809 172.7721429299519 384
1738681115856 174.2747534890712 385
1738681115902 124.6376192857 386
1738681115947 186.18423743329836 387
1738681115992 213.49533496702267 388
1738681116037 132.57624788056907 389
1738681116082 141.89661698215446 390
1738681116127 190.4805735167158 391
1738681116172 109.38799380718186 392
1738681116217 141.67169643124842 393
1738681116262 198.3930334590703 394
1738681116307 162.4956725831273 395
1738681116352 111.29770589548653 396
1738681116398 136.48190508792905 397
1738681116443 155.63324254459124 398
1738681116488 119.36434002309043 399
1738681116533 178.87443060850526 400
1738681116578 124.13502127434384 401
1738681116623 101.93466993202786 402
1738681116668 185.14046609089766 403
1738681116713 253.31172021308166 404
1738681116758 223.78294923685544 405
1738681116803 135.9467917499217 406
1738681116848 176.63874188510198 407
1738681116893 163.23163412786593 408
1738681116938 162.7494789287455 409
1738681116983 129.46602047050538 410
1738681117028 188.22054402793998 411
1738681117074 191.8365260980416 412
1738681117119 177.07467942483368 413
1738681117164 170.51904361710746 414
1738681117208 175.4326362561227 415
1738681117254 228.7882995049978 416
1738681117299 323.08694109109115 417
1738681117344 386.1679994090982 418
1738681117389 143.34876411701524 419
1738681117434 209.12413402251593 420
1738681117480 143.92276149847734 421
1738681117525 166.7479127580601 422
1738681117570 192.83116620938586 423
1738681117616 133.65658926159134 424
1738681117661 152.26001979336118 425
1738681117706 169.879740625428 426
1738681117751 158.9228694405832 427
1738681117796 180.11061551987635 428
1738681117841 202.11646423394316 429
1738681117886 148.67569423274676 430
1738681117932 130.78624665550024 431
1738681117976 186.49422968374242 432
1738681118022 141.48918629051488 433
1738681118068 166.6597821423164 434
1738681118113 181.0294168761249 435
1738681118158 111.13769271392336 436
1738681118203 171.4556798906065 437
1738681118249 195.14728821482447 438
1738681118293 131.09487044223872 439
1738681118339 205.01117758724007 440
1738681118384 165.51185036364313 441
1738681118429 175.9457461173099 442
1738681118474 175.3845338533354 443
1738681118520 182.10024476036892 444
1738681118565 203.13354011707978 445
1738681118610 161.5866811298564 446
1738681118655 142.20770946221066 447
1738681118700 145.64652156801753 448
1738681118745 160.90616862463554 449
1738681118790 137.9626943196403 450
1738681118836 176.65347736456064 451
1738681118880 135.88028937866747 452
1738681118925 128.96477607409304 453
1738681118971 143.9591690850593 454
1738681119016 140.76141391914044 455
1738681119062 328.3370948163968 456
1738681119108 161.99340898282156 457
1738681119153 158.76122484252113 458
1738681119199 150.87483556307492 459
1738681119244 209.06153473348405 460
1738681119289 164.31183143980866 461
1738681119334 136.04500682267795 462
1738681119379 67.40150716397812 463
1738681119424 157.83819039419114 464
1738681119469 166.87628141656307 465
1738681119514 188.18058394256266 466
1738681119559 163.36714837183308 467
1738681119605 157.2165155538356 468
1738681119650 281.39295321786096 469
1738681119695 171.20569366763797 470
1738681119740 191.4926577746656 471
1738681119785 157.06977389360927 472
1738681119829 432.3142184427329 473
1738681119874 163.02018996800678 474
1738681119919 99.69301029485524 475
1738681119965 130.91311159670863 476
1738681120010 140.29999319911235 477
1738681120055 290.7011583940339 478
1738681120100 166.79641271845043 479
1738681120146 171.77256132559572 480
1738681120191 152.70249224135475 481
1738681120236 165.2135025461363 482
1738681120280 158.20411225903072 483
1738681120325 161.8125490356849 484
1738681120370 131.01519514307105 485
1738681120416 98.40296475344532 486
1738681120461 173.37727051796904 487
1738681120506 240.38101820261613 488
1738681120551 155.14501455936065 489
1738681120596 223.26597999108168 490
1738681120640 216.69082646044404 491
1738681120686 162.9884073052466 492
1738681120732 133.8845559413405 493
1738681120777 174.15455889796257 494
1738681120822 306.5640455889816 495
1738681120867 182.37032183052932 496
1738681120912 219.84903475287206 497
1738681120957 223.82448545345648 498
1738681121002 157.1074445553638 499
