1738678702783 37.52275123845618 0
1738678702870 147.54709827248146 1
1738678702935 52.18696172004413 2
1738678703019 1.6418334876551317 3
1738678703085 3.1616220025366295 4
1738678703158 39.977650399497186 5
1738678703234 69.86764661786206 6
1738678703299 79.34808215426962 7
1738678703370 108.92568633573465 8
1738678703442 48.240681748480206 9
1738678703505 69.24433990265632 10
1738678703561 49.70678010416009 11
1738678703629 1.1853009066834246 12
1738678703707 0.002961046263555064 13
1738678703778 19.324529821185404 14
1738678703858 41.85525965470723 15
1738678703932 6.252180639022129 16
1738678703992 65.94445308079132 17
1738678704061 17.61339566619209 18
1738678704134 16.520525590599203 19
1738678704206 9.274122308003687 20
1738678704270 25.695423657425273 21
1738678704347 50.81023184825986 22
1738678704417 33.43919686609918 23
1738678704477 8.696093282306228 24
1738678704555 15.8813329181409 25
1738678704625 33.45382407881222 26
1738678704694 18.159915034541545 27
1738678704765 32.28169671090743 28
1738678704831 17.076500882880808 29
1738678704900 6.447876712428484 30
1738678704974 2.4757446210696665 31
1738678705043 3.867372311974251 32
1738678705115 16.71299427924126 33
1738678705182 9.460246300218596 34
1738678705257 6.704462367658717 35
1738678705322 7.901373504698912 36
1738678705394 7.984903548084585 37
1738678705468 3.7095358170255275 38
1738678705523 11.271002509129337 39
1738678705588 1.7568358943425926 40
1738678705651 2.8655401456862606 41
1738678705722 5.61581900729134 42
1738678705793 15.23007989336347 43
1738678705879 14.18459859751195 44
1738678705947 2.7194256502022505 45
1738678706018 2.6341826524489695 46
1738678706089 11.916951855475405 47
1738678706161 17.158166206877326 48
1738678706230 1.6511026386831407 49
1738678706297 2.698521771023041 50
1738678706373 0.2912824652733091 51
1738678706434 7.474768014918208 52
1738678706496 2.6549214356263366 53
1738678706567 6.978650131048059 54
1738678706637 0.09494232402482183 55
1738678706699 0.8662931248597597 56
1738678706769 1.9045786291266664 57
1738678706841 0.9001052192907408 58
1738678706914 0.2891436466326069 59
1738678706983 2.5992566421363374 60
1738678707062 0.4162775327811505 61
1738678707141 0.00120389660217875 62
1738678707213 0.7087415846152907 63
1738678707286 1.2347063291596647 64
1738678707355 1.6518507611668214 65
1738678707428 0.13794503882693349 66
1738678707504 0.5347771752241868 67
1738678707560 4.01766552279339 68
1738678707614 0.6022279457136686 69
1738678707683 0.09997631541392883 70
1738678707752 0.5617135072162908 71
1738678707815 2.426971009294891 72
1738678707882 3.541433064075272 73
1738678707938 0.0004903088241951274 74
1738678707988 3.7815559405651977 75
1738678708052 0.28535380723929776 76
1738678708124 1.6101130087758013 77
1738678708191 0.006776164351399481 78
1738678708263 1.9685676394431384 79
1738678708337 0.32994968867497926 80
1738678708415 0.04419682003076218 81
1738678708481 5.982964043298897 82
1738678708560 0.15463518238214063 83
1738678708626 0.8692588740735914 84
1738678708699 1.0931498983176946 85
1738678708769 0.17608382105665502 86
1738678708840 1.775557691541687 87
1738678708901 0.0004211344568181717 88
1738678708978 1.8988148491022039 89
1738678709038 0.6654363999650018 90
1738678709103 0.0051032118759354005 91
1738678709175 0.6366369054585072 92
1738678709251 0.004383021915896528 93
1738678709320 1.893709437846319 94
1738678709395 0.612247001891454 95
1738678709459 0.010126968948874627 96
1738678709530 0.49564571951246145 97
1738678709602 0.1410641719382556 98
1738678709674 0.10813265110615454 99
1738678709745 0.3366777063259779 100
1738678709823 0.014749920738803981 101
1738678709893 0.0010912412506120673 102
1738678709967 0.14258389238467886 103
1738678710019 0.4754542298552186 104
1738678710092 0.025975135184638787 105
1738678710184 0.011892185280644273 106
1738678710247 0.054787967488872664 107
1738678710311 0.05963287387328103 108
1738678710378 1.6317316954374794 109
1738678710443 0.11659550214493362 110
1738678710511 0.035059994518844534 111
1738678710567 0.28495409661791077 112
1738678710637 0.6632419680028305 113
1738678710703 0.13022692350352602 114
1738678710770 1.8019163420074598 115
1738678710837 0.5197556461460275 116
1738678710905 1.0043841881440199 117
1738678710975 0.09581714104083769 118
1738678711049 0.0033748257205325105 119
1738678711108 0.09829338639637572 120
1738678711166 0.2954293886360139 121
1738678711230 0.15589584630991246 122
1738678711306 0.957276800951393 123
1738678711364 0.003466328747816374 124
1738678711434 0.06084039208509185 125
1738678711503 0.053442917824135135 126
1738678711568 0.46280372706488476 127
1738678711632 0.022412510461118505 128
1738678711704 0.2127975007458417 129
1738678711780 0.005940759995809079 130
1738678711854 0.000155769470648881 131
1738678711927 0.4906288936831745 132
1738678711993 0.010753255962871498 133
1738678712057 0.3971976814379424 134
1738678712129 0.7005274739959341 135
1738678712201 0.2005660838701947 136
1738678712274 0.036894993570118835 137
1738678712341 0.016478865516963873 138
1738678712418 3.927350916437861e-07 139
1738678712490 0.13068554205911487 140
1738678712563 0.08063216109221785 141
1738678712625 0.07054596973312273 142
1738678712695 3.914246699552395 143
1738678712756 0.5737189081170252 144
1738678712825 0.6672667284798566 145
1738678712889 0.14381482149034627 146
1738678712959 0.009294466762429753 147
1738678713024 0.015198152296667003 148
1738678713083 0.0009879688949903994 149
1738678713135 0.08241319547869082 150
1738678713195 0.06666747157147726 151
1738678713261 0.30196303355101145 152
1738678713332 0.059228932227144565 153
1738678713398 0.015690824301154763 154
1738678713472 0.03451406488710444 155
1738678713535 0.4071370963541827 156
1738678713599 0.0006789110759897874 157
1738678713671 0.09538075188604389 158
1738678713756 0.008128358694962319 159
1738678713870 0.13942963792009455 160
1738678713948 0.03155361385096893 161
1738678714015 0.034113773270055374 162
1738678714082 7.260937059364153e-06 163
1738678714148 0.004123398450870469 164
1738678714219 0.0076341899183560895 165
1738678714294 0.019903639345509202 166
1738678714366 0.07834868279296711 167
1738678714437 0.08952736045416863 168
1738678714503 0.17729233481685658 169
1738678714573 0.12127391116516582 170
1738678714632 0.11080857729136066 171
1738678714700 2.4305536141562523 172
1738678714774 0.004248476235101106 173
1738678714842 0.05221159358948786 174
1738678714916 0.020524867688302202 175
1738678714983 0.045215999959643295 176
1738678715045 0.01994862523243445 177
1738678715116 0.021345340935676457 178
1738678715183 0.009597172468464405 179
1738678715240 0.0056583629691145465 180
1738678715314 4.17742672190381e-05 181
1738678715380 0.023082944367450148 182
1738678715445 0.004355532801888796 183
1738678715514 0.22755841451138795 184
1738678715587 0.14084926474270934 185
1738678715662 0.000117747764432099 186
1738678715724 0.042247684640672384 187
1738678715777 0.012509243151319458 188
1738678715846 0.016225132386289354 189
1738678715912 0.12444105334421257 190
1738678715992 0.01086650336126457 191
1738678716061 0.01408381964125556 192
1738678716128 0.02143286556311843 193
1738678716195 0.06879580070917955 194
1738678716255 0.010077602592387998 195
1738678716325 0.19378846516979178 196
1738678716395 0.02984790201669016 197
1738678716464 0.06295834214208898 198
1738678716529 0.030808779305373166 199
1738678716595 6.5342821804496e-05 200
1738678716668 0.012504066209402299 201
1738678716736 0.00586777055465689 202
1738678716805 0.011160804314780162 203
1738678716860 0.03848514285222889 204
1738678716921 0.10505869233321653 205
1738678716990 0.1583960923185901 206
1738678717051 0.003170016437712302 207
1738678717120 0.08787637585835416 208
1738678717188 0.007393407741735535 209
1738678717258 0.13421881219334156 210
1738678717329 0.031403159388968434 211
1738678717396 0.03545777978308194 212
1738678717464 0.06496104776231947 213
1738678717532 0.0007368998320742186 214
1738678717599 0.01928590872679755 215
1738678717661 0.09602368303053627 216
1738678717724 0.22135444611518518 217
1738678717784 0.1263189976994492 218
1738678717846 0.04448241138457236 219
1738678717908 0.13388844230601085 220
1738678717977 0.1830088028848486 221
1738678718035 0.014233407807901144 222
1738678718105 0.041732162818312823 223
1738678718163 0.01842883865162798 224
1738678718238 0.04223862198853384 225
1738678718308 0.09399151174523795 226
1738678718366 0.004459670300973391 227
1738678718437 0.02424987347530645 228
1738678718506 0.3112035436321608 229
1738678718570 0.04804503377994593 230
1738678718642 0.0018870866893564275 231
1738678718710 0.004266174028287329 232
1738678718784 0.04585190413857973 233
1738678718850 0.21857105811732325 234
1738678718911 0.0314376016309306 235
1738678718979 0.15589363911251752 236
1738678719046 1.5960601764218956e-05 237
1738678719106 0.11775321313211488 238
1738678719161 0.02973282070584788 239
1738678719234 0.4910803315295977 240
1738678719300 0.2893181014233529 241
1738678719367 0.0005190199754410497 242
1738678719420 0.029789237282274218 243
1738678719487 1.259937852294611 244
1738678719550 0.049541838779303175 245
1738678719618 0.16373745444859558 246
1738678719689 0.04056465715290833 247
1738678719753 0.09212135770048407 248
1738678719826 0.0003395416781844373 249
1738678719903 2.1593928928261795e-06 250
1738678719969 0.3346466541673701 251
1738678720043 0.05327291906455011 252
1738678720114 0.13400145762964885 253
1738678720186 0.03701229392823812 254
1738678720252 0.14077413259036345 255
1738678720320 0.00041519943937246527 256
1738678720389 0.004225336785297874 257
1738678720464 0.24570347769502687 258
1738678720547 0.004731416202574937 259
1738678720615 0.14768702924428787 260
1738678720675 0.05214257840567037 261
1738678720735 0.04012101043933458 262
1738678720805 0.1155648862361913 263
1738678720872 0.019221204896502538 264
1738678720935 0.005516429227497147 265
1738678720987 0.00020385615457523722 266
1738678721038 0.15287554461506658 267
1738678721104 0.11734843715311422 268
1738678721171 0.011412437938787082 269
1738678721231 0.021636237881870846 270
1738678721301 0.014256232619134016 271
1738678721368 0.0656953378725655 272
1738678721445 0.010560894073857118 273
1738678721516 0.17492380996769877 274
1738678721581 0.001353352742564044 275
1738678721651 0.11229865009853536 276
1738678721712 0.040110454919835475 277
1738678721779 0.032517577813077576 278
1738678721847 0.019421223903226 279
1738678721916 0.0068295916028823615 280
1738678721978 0.03156936610813079 281
1738678722042 0.04497483965935874 282
1738678722111 0.6544531340437201 283
1738678722182 0.10430272983332098 284
1738678722253 0.15612710183365153 285
1738678722321 0.002820620241054361 286
1738678722387 0.044747296330484715 287
1738678722464 0.010836100464520621 288
1738678722534 0.05805346470438498 289
1738678722602 0.013419703837088306 290
1738678722668 0.43607295775390953 291
1738678722725 0.024502111497430017 292
1738678722794 0.02880627530661493 293
1738678722856 0.021814250645164412 294
1738678722921 0.1327732757025178 295
1738678722991 0.009022885252134898 296
1738678723056 0.03378254864537686 297
1738678723125 0.05504708675794731 298
1738678723196 0.06369359492616666 299
1738678723259 0.8294322658556825 300
1738678723327 0.0021203373753848806 301
1738678723395 0.00818415924194816 302
1738678723459 0.0013076779853493836 303
1738678723524 0.1737315250439445 304
1738678723601 0.15073162613922753 305
1738678723671 0.6760277661728811 306
1738678723739 0.00720129760981036 307
1738678723822 0.005181584748518273 308
1738678723898 0.022029072020141295 309
1738678723971 0.12390888433184336 310
1738678724035 0.02996980144427893 311
1738678724097 0.06842886532041373 312
1738678724163 0.01575005202601384 313
1738678724222 0.04283179854769084 314
1738678724294 0.002625536461241063 315
1738678724370 0.04470441637536145 316
1738678724444 0.12129553022830887 317
1738678724526 0.01881785113012741 318
1738678724601 0.007131294612728644 319
1738678724674 0.09446610248605578 320
1738678724734 0.030714326996126227 321
1738678724795 0.003281619632269967 322
1738678724864 0.018963115343408294 323
1738678724923 0.17150535201262904 324
1738678724992 0.006184528155377045 325
1738678725059 5.675321898477802e-08 326
1738678725123 0.0518189604492655 327
1738678725184 0.06734244313987627 328
1738678725256 0.026953298365453484 329
1738678725317 0.0461057150023212 330
1738678725384 0.011085429024265958 331
1738678725437 0.010989624434036059 332
1738678725496 0.114469126581154 333
1738678725554 0.007121595867116829 334
1738678725623 0.059431305119920584 335
1738678725692 0.07026457472181376 336
1738678725746 0.04210673110267068 337
1738678725798 0.09263880910133125 338
1738678725858 0.5872227281375159 339
1738678725927 0.4421226154297955 340
1738678725996 0.0360019859240459 341
1738678726073 0.0391562661113069 342
1738678726134 0.1949950743664649 343
1738678726201 0.08587672792991459 344
1738678726275 0.13162272096937563 345
1738678726362 0.1037699538756013 346
1738678726450 0.07098988214753381 347
1738678726533 0.044980802866964244 348
1738678726609 8.96433316482464e-05 349
1738678726694 0.0005527308975006558 350
1738678726756 0.010412791529199406 351
1738678726831 0.07544753178556048 352
1738678726899 0.25434105787343647 353
1738678726968 0.07568638821147666 354
1738678727033 0.004012650576824066 355
1738678727106 0.06676527608101422 356
1738678727177 0.010458463367191846 357
1738678727245 0.43359588372158064 358
1738678727312 0.0017125705759997217 359
1738678727384 0.0013726135448440483 360
1738678727459 0.042337496261180635 361
1738678727526 0.3852886924619041 362
1738678727599 0.0007584914873833093 363
1738678727675 0.06193990524814181 364
1738678727738 0.00435203732630307 365
1738678727808 0.29155815692770515 366
1738678727879 0.04704017309297972 367
1738678727948 0.08846569200011213 368
1738678728019 0.1766512309383416 369
1738678728072 0.020536823898102866 370
1738678728133 0.06644726352010742 371
1738678728201 0.0484326249304716 372
1738678728272 0.01116023265209921 373
1738678728342 0.23034991763139076 374
1738678728403 0.006889852357139868 375
1738678728467 0.00031647920283056104 376
1738678728535 0.04790595962200996 377
1738678728608 0.10361086729347661 378
1738678728672 0.07424723578640391 379
1738678728745 0.06973366761046974 380
1738678728821 0.0329863258118281 381
1738678728888 0.1459573055264122 382
1738678728966 0.04327742359663692 383
1738678729035 0.02159540553157546 384
1738678729112 0.00011152062818161884 385
1738678729179 0.0952900897317356 386
1738678729248 0.001045725157497621 387
1738678729305 0.02935153193611004 388
1738678729373 0.0006780589388763288 389
1738678729441 0.008701776233509454 390
1738678729505 0.10846479396529946 391
1738678729566 0.42499160020044396 392
1738678729648 0.004161261212326929 393
1738678729706 0.007434726149296184 394
1738678729760 0.1399900126669336 395
1738678729821 0.00875793398461123 396
1738678729889 0.04619855354957438 397
1738678729956 0.5074746534555302 398
1738678730013 0.13746723587390586 399
1738678730073 0.0855530743588956 400
1738678730132 0.2109700297217896 401
1738678730208 0.01050240111195929 402
1738678730276 0.029675407840870038 403
1738678730339 0.025129513950935874 404
1738678730416 0.2837280423823281 405
1738678730487 0.011341830302392856 406
1738678730562 0.38845516717466655 407
1738678730623 0.019467836494034538 408
1738678730695 0.0041382587724633916 409
1738678730763 0.00266263218644174 410
1738678730815 0.0008850116340913501 411
1738678730886 0.09654271508054137 412
1738678730949 0.0009890753216653793 413
1738678731008 0.0012362785631584137 414
1738678731077 0.003832376030504952 415
1738678731144 0.004866559935584923 416
1738678731205 0.01256323200704676 417
1738678731273 0.0067068009673035495 418
1738678731333 0.007049247843938826 419
1738678731401 0.00806549610494731 420
1738678731466 0.027083610140678088 421
1738678731533 0.04680418567834293 422
1738678731600 0.12782319708442808 423
1738678731669 0.00014982777033550112 424
1738678731725 0.0291063310669858 425
1738678731787 0.08093097373097946 426
1738678731858 0.04283618847865576 427
1738678731921 0.0011165269721267138 428
1738678731998 0.2798603197182584 429
1738678732059 0.007760328696344924 430
1738678732114 0.07879478580800357 431
1738678732186 0.166927506003376 432
1738678732256 0.0003069949724812307 433
1738678732325 0.10798829453131902 434
1738678732377 0.06618017280769771 435
1738678732463 0.5423124847219565 436
1738678732535 0.10366975769409932 437
1738678732596 0.08782711544894994 438
1738678732668 0.05806485956460615 439
1738678732739 0.06848655417589819 440
1738678732834 0.040613371084960534 441
1738678732912 0.005351099647240776 442
1738678732991 0.00013867533407678354 443
1738678733058 0.08007082373788246 444
1738678733128 0.06928319248784835 445
1738678733198 0.005561767631870464 446
1738678733280 0.5291818600054813 447
1738678733353 0.090964071863569 448
1738678733424 0.00046498160179150503 449
1738678733492 0.0080476841269126 450
1738678733567 0.028354426938901854 451
1738678733636 0.0687693349115003 452
1738678733706 4.557661296029921e-05 453
1738678733780 5.337668667852758e-05 454
1738678733849 0.06808132935815253 455
1738678733913 0.3232200197922261 456
1738678733980 0.1867431254918361 457
1738678734042 0.028798588656231954 458
1738678734104 8.920778143104349e-05 459
1738678734174 0.12451418017358598 460
1738678734239 0.00575500128800269 461
1738678734310 0.06208668741770058 462
1738678734371 0.012427121246016283 463
1738678734439 0.04115292086096827 464
1738678734496 0.06907234128203696 465
1738678734556 0.004218563579509991 466
1738678734623 0.03035766159780457 467
1738678734693 0.1147162117202174 468
1738678734752 0.007724917642739624 469
1738678734819 0.03502202990762869 470
1738678734887 0.0481826244272051 471
1738678734956 0.2780585464289001 472
1738678735024 0.028998821548453985 473
1738678735091 0.009092341287542594 474
1738678735154 0.7022199247850853 475
1738678735212 0.04698540004567685 476
1738678735283 0.07686951573239567 477
1738678735335 0.06110052422791821 478
1738678735406 0.0009938916722841398 479
1738678735472 0.0002677877262605411 480
1738678735546 0.001216505331004743 481
1738678735620 0.00023463293764350296 482
1738678735700 0.017922307601816664 483
1738678735773 0.0006270316332732137 484
1738678735843 0.012509385732948287 485
1738678735914 0.0063719103054802415 486
1738678735990 0.20496107971036526 487
1738678736055 0.022329030507882007 488
1738678736124 0.062438050426725095 489
1738678736190 0.14196220477641383 490
1738678736262 0.0911098645376349 491
1738678736338 0.01607634113948467 492
1738678736409 0.021167275100822187 493
1738678736464 0.0009917306212685966 494
1738678736526 0.01436556655391403 495
1738678736592 0.02923611600002644 496
1738678736649 0.019495535704363336 497
1738678736720 0.005150242812664671 498
1738678736776 0.09960102511132844 499
