1738826079694 169.67340043426938 0
1738826079701 174.71743289398387 1
1738826079708 174.624871978572 2
1738826079715 167.56912428101316 3
1738826079722 169.31334226109607 4
1738826079729 171.87525530252304 5
1738826079736 173.65748623562706 6
1738826079743 168.5337823467758 7
1738826079750 171.45293972534373 8
1738826079757 173.64731929414594 9
1738826079763 167.31718202115667 10
1738826079770 170.32962536273345 11
1738826079777 173.13321299140026 12
1738826079784 171.67436449995378 13
1738826079791 169.77377932817134 14
1738826079798 165.51852370252647 15
1738826079806 168.7104794657414 16
1738826079813 160.53063702537696 17
1738826079820 166.37074593044622 18
1738826079827 171.13752761097885 19
1738826079835 166.00209737887369 20
1738826079842 172.90079898513233 21
1738826079849 167.91003793364524 22
1738826079856 168.1818982994289 23
1738826079863 165.01640839793043 24
1738826079869 167.00582270543788 25
1738826079876 169.59431680608333 26
1738826079883 170.5501345844666 27
1738826079890 173.8617638931168 28
1738826079926 171.74365718742465 29
1738826079936 172.8678360131049 30
1738826079949 168.10916706529733 31
1738826079956 167.87807103312463 32
1738826079963 166.83954178552963 33
1738826079970 169.01905874145433 34
1738826079978 170.07694471900527 35
1738826079986 166.96771313788284 36
1738826079994 167.46334542549903 37
1738826080001 169.0044361001492 38
1738826080009 171.7283161884794 39
1738826080016 174.8687573112326 40
1738826080023 170.61384212859306 41
1738826080029 167.97963651521025 42
1738826080036 167.97269766959505 43
1738826080043 165.2927064286967 44
1738826080051 166.16208847002915 45
1738826080058 169.0385049276915 46
1738826080065 167.38060087546114 47
1738826080073 175.4172662534444 48
1738826080080 168.53561300349367 49
1738826080087 171.0931459858068 50
1738826080094 170.16153675298617 51
1738826080101 168.2894848435344 52
1738826080108 171.69164934207632 53
1738826080115 170.54402836034 54
1738826080123 169.06489456442253 55
1738826080130 167.47623652946848 56
1738826080138 171.77031460880872 57
1738826080147 166.24845316911706 58
1738826080154 173.4062783944155 59
