1738678931180 50.16255887657168 0
1738678931252 107.30104128940694 1
1738678931320 17.461923918034067 2
1738678931410 76.68988948111436 3
1738678931472 70.37045808191283 4
1738678931556 81.61035703309805 5
1738678931638 45.09136898314953 6
1738678931716 35.916248879892834 7
1738678931782 4.38222735497986 8
1738678931859 56.12096222544924 9
1738678931929 56.31036046219641 10
1738678931993 4.2692534363297385 11
1738678932070 16.820266475943598 12
1738678932148 49.19189469833043 13
1738678932218 63.9295862046667 14
1738678932274 18.259056404786122 15
1738678932343 48.87086490137699 16
1738678932420 41.219165189650404 17
1738678932485 19.14553463154349 18
1738678932562 0.9034068005399155 19
1738678932638 1.940887326051432 20
1738678932717 2.8066675449367073 21
1738678932812 26.4779130328479 22
1738678932889 4.745782640463342 23
1738678932959 15.736385867128769 24
1738678933037 17.930580683416633 25
1738678933103 27.3936650008173 26
1738678933196 31.99183942602783 27
1738678933267 26.680881034256938 28
1738678933338 6.8579578317259235 29
1738678933414 0.23555155717645634 30
1738678933478 11.566727939304672 31
1738678933562 19.662956070277236 32
1738678933636 2.3972055826900487 33
1738678933705 0.13800038552473828 34
1738678933784 0.0029202029314978166 35
1738678933856 9.653618593592316 36
1738678933917 1.8339639649306558 37
1738678933996 14.986945641730397 38
1738678934076 0.890370216198693 39
1738678934144 3.08025439530167e-05 40
1738678934215 16.04812644221504 41
1738678934283 12.23427879568151 42
1738678934355 2.783896251790723 43
1738678934430 1.325190386855514 44
1738678934498 8.82836721912385 45
1738678934565 2.3645978455945906 46
1738678934642 0.8385072672917108 47
1738678934708 0.570309488268422 48
1738678934782 8.543494976834657 49
1738678934854 15.334071475906258 50
1738678934922 0.5103199849392749 51
1738678934990 6.3100875904040095 52
1738678935061 0.327014860685532 53
1738678935138 2.281701039206713 54
1738678935213 1.9113968206178027 55
1738678935281 4.48045704047695 56
1738678935347 0.04513066238055731 57
1738678935402 0.39500235385568216 58
1738678935450 2.5809062059610444e-07 59
1738678935514 0.236145475102946 60
1738678935579 4.447454941709339 61
1738678935653 5.292793611897709 62
1738678935724 3.1100866367230697 63
1738678935795 0.2031061138725934 64
1738678935871 8.411533838483454 65
1738678935946 0.11903795022093215 66
1738678936020 7.210133333449097 67
1738678936099 2.5532909807323074 68
1738678936177 2.5190501417849815 69
1738678936257 1.1478090044920946 70
1738678936326 1.2592479068125622 71
1738678936397 1.8054566407366675 72
1738678936470 0.5463039821274062 73
1738678936542 1.2157354199306587 74
1738678936615 0.9049268989610231 75
1738678936689 4.973446805028375 76
1738678936759 0.038467502058802706 77
1738678936828 0.4595711937218051 78
1738678936927 2.619781482626766 79
1738678937003 0.02972711092014052 80
1738678937069 2.0876564056416576 81
1738678937145 1.1418615986197644 82
1738678937231 0.7273129667722373 83
1738678937301 2.225059058443922 84
1738678937368 0.3247567000308418 85
1738678937453 2.0315688322358816 86
1738678937517 0.9733053219656006 87
1738678937604 0.13262611094922733 88
1738678937674 0.9119018155787393 89
1738678937753 1.4767206542401963 90
1738678937817 0.1663127891551572 91
1738678937882 1.692399678004468 92
1738678937955 1.0043814249301108 93
1738678938031 0.8032143273330725 94
1738678938102 0.3772035583661799 95
1738678938173 0.41522091851327514 96
1738678938247 0.6192570721822908 97
1738678938322 0.6000020728545614 98
1738678938392 1.2223233159031375 99
1738678938459 0.04003187008633177 100
1738678938529 0.1563817555299672 101
1738678938604 0.17975958704467965 102
1738678938665 1.386156669671419 103
1738678938729 0.8082380744243568 104
1738678938798 0.5180881636649027 105
1738678938869 0.42449089381889754 106
1738678938924 0.14702981569285065 107
1738678938998 0.23609788751752556 108
1738678939073 0.25732639124392176 109
1738678939141 1.1287262011718937 110
1738678939212 1.0730675110745174 111
1738678939282 0.05609094101273303 112
1738678939351 0.43381619974783886 113
1738678939419 0.041608094753916115 114
1738678939481 0.15005161779889636 115
1738678939548 0.3954878437674722 116
1738678939618 0.045923203736500565 117
1738678939682 0.0031940844317529895 118
1738678939746 0.043308328859331606 119
1738678939812 0.1421427282652554 120
1738678939881 0.10594748330911907 121
1738678939954 0.17521408771870925 122
1738678940025 0.3202477650760201 123
1738678940088 0.008084442310778364 124
1738678940168 0.10381973171185387 125
1738678940243 0.012796016689578358 126
1738678940301 1.0927505769858665 127
1738678940371 0.20064105171256597 128
1738678940428 0.132253915666772 129
1738678940508 0.14825591918994407 130
1738678940579 0.9288908536899154 131
1738678940658 0.5874383460844268 132
1738678940724 0.04080241956387472 133
1738678940796 0.03666467071746822 134
1738678940863 0.4850053385478089 135
1738678940932 0.05462888693611091 136
1738678940993 0.02568182995856451 137
1738678941058 1.389950908538801 138
1738678941117 1.2261411289973507 139
1738678941178 0.22418060853588087 140
1738678941258 0.4116117712080633 141
1738678941312 0.12124057408215898 142
1738678941383 0.22579913963982406 143
1738678941453 0.04708130176260795 144
1738678941519 0.3980104331766483 145
1738678941581 4.820005687128089 146
1738678941646 0.15116854555926715 147
1738678941714 0.0033864330948046198 148
1738678941787 0.20814428068675772 149
1738678941860 0.03542284563946742 150
1738678941942 0.03001099255077974 151
1738678942009 0.10332345724024168 152
1738678942080 0.2401316785123458 153
1738678942156 0.021127245526777614 154
1738678942226 0.18851987251394028 155
1738678942294 0.035875965391496734 156
1738678942376 0.3021890434774733 157
1738678942445 0.05580639360533364 158
1738678942523 0.047217239080978544 159
1738678942590 0.06896642589424617 160
1738678942669 0.4861953745975158 161
1738678942751 0.006034186667572235 162
1738678942805 0.008958296362046116 163
1738678942889 0.011972443092564499 164
1738678942944 0.42371751255786844 165
1738678943006 0.02101374215787658 166
1738678943077 0.18114755805687463 167
1738678943152 0.23478609528693292 168
1738678943230 5.0494352849183866e-05 169
1738678943297 0.0010802476004070632 170
1738678943361 0.1325028713174255 171
1738678943435 0.005181005513712621 172
1738678943527 0.0014741339170576927 173
1738678943595 0.08203955487881368 174
1738678943673 0.08363809428960643 175
1738678943759 0.2409209172103585 176
1738678943828 0.00032351980917099033 177
1738678943902 0.08487516056831355 178
1738678943976 0.0075246441811069485 179
1738678944059 0.005624540536814525 180
1738678944129 0.25532552707254663 181
1738678944202 0.45940653761399325 182
1738678944273 0.0034023233725364336 183
1738678944343 0.08455601190104474 184
1738678944423 0.24905043632475724 185
1738678944518 0.0018747685781517953 186
1738678944585 0.0034112363861171606 187
1738678944657 0.0019913825595859022 188
1738678944727 0.011481592060781356 189
1738678944796 0.014759505695074789 190
1738678944868 0.4293304079631427 191
1738678944930 0.02657107090152207 192
1738678945009 0.05147595852081264 193
1738678945080 0.01071424441862218 194
1738678945150 0.08722254354012396 195
1738678945220 0.009860188940894734 196
1738678945317 0.12878597310848042 197
1738678945433 0.4324190302981902 198
1738678945512 0.3678197075085552 199
1738678945569 0.18150108814836188 200
1738678945652 0.023700202256080303 201
1738678945724 0.017511600493751205 202
1738678945794 0.04147934626703915 203
1738678945866 0.18178977892475862 204
1738678945939 0.08724214690696003 205
1738678946009 2.728041383467879e-05 206
1738678946088 0.06253423906244794 207
1738678946155 0.016297664390703175 208
1738678946226 0.04740657982457532 209
1738678946296 0.010234620950773814 210
1738678946369 0.005511762205008434 211
1738678946434 0.01966344382288821 212
1738678946498 0.044616771144225444 213
1738678946554 0.002229686571108013 214
1738678946611 0.008856522679238643 215
1738678946665 0.02060455277492168 216
1738678946724 0.0002619804619020445 217
1738678946784 0.015845017770437713 218
1738678946855 0.0014546437124728201 219
1738678946937 0.009850343961972789 220
1738678947003 0.01110464891176804 221
1738678947062 0.27715560071187445 222
1738678947132 0.0076437724169461365 223
1738678947193 0.13147293344759048 224
1738678947277 0.4981049083991593 225
1738678947339 0.11902167703758051 226
1738678947415 0.3275217742904371 227
1738678947480 0.004812515634183385 228
1738678947545 0.025500386688443656 229
1738678947607 0.029156112129994905 230
1738678947673 0.026056932466105017 231
1738678947742 0.04359153342365268 232
1738678947806 0.0975285776077119 233
1738678947878 1.4883966381709264 234
1738678947944 0.00013827805824648663 235
1738678948004 0.007155966415651081 236
1738678948065 0.012788457262026069 237
1738678948149 0.0024494953623071538 238
1738678948217 0.2625186134324474 239
1738678948292 0.043217028999497795 240
1738678948373 0.04276441478375871 241
1738678948440 0.001315284063358559 242
1738678948505 0.03292424681422658 243
1738678948589 0.014954474672896543 244
1738678948657 0.022944306805474133 245
1738678948729 0.09234239010374587 246
1738678948807 0.05930199579260755 247
1738678948873 0.04820608788900185 248
1738678948931 0.09897686272047353 249
1738678948989 0.6164342728704905 250
1738678949058 0.008529568456142637 251
1738678949136 0.05663792728098945 252
1738678949209 0.059386990052348904 253
1738678949280 0.13378619996722124 254
1738678949350 0.05241024708796354 255
1738678949422 0.0111961440893521 256
1738678949508 0.0003738257212324644 257
1738678949585 0.14267373988761378 258
1738678949656 0.002480528382115715 259
1738678949736 0.0812652324963738 260
1738678949807 0.1573699597811801 261
1738678949877 0.14533280322078873 262
1738678949937 8.628797360131637e-05 263
1738678949999 0.1265088854453941 264
1738678950045 0.004488068132069319 265
1738678950093 0.022827558834282946 266
1738678950168 0.002783432476940473 267
1738678950237 0.3507126563385543 268
1738678950308 0.14729863503424281 269
1738678950367 0.11543526914781733 270
1738678950434 0.033811575696086116 271
1738678950486 0.015146937246321162 272
1738678950547 0.008996877526277026 273
1738678950614 0.20425956951224242 274
1738678950693 0.015539534945471906 275
1738678950765 0.27602624727338726 276
1738678950837 0.08357425083787091 277
1738678950905 0.012414333572780751 278
1738678950973 0.00021190199195141466 279
1738678951028 0.03333328227647718 280
1738678951104 0.16506807047143512 281
1738678951156 0.059437899816569426 282
1738678951209 0.00732890648149803 283
1738678951267 8.878630395034161e-06 284
1738678951329 0.3330327526638806 285
1738678951397 0.00044996785819117146 286
1738678951456 0.10497305477902272 287
1738678951523 0.0021748932262924685 288
1738678951598 0.015238578712177256 289
1738678951661 0.0004595856434126713 290
1738678951736 0.27755983600530926 291
1738678951811 0.18433466377885338 292
1738678951872 0.025218878962605423 293
1738678951940 0.0144354422851805 294
1738678952019 0.09556638851344328 295
1738678952090 0.030330632259293874 296
1738678952150 0.08015094956420694 297
1738678952218 0.07799936900854441 298
1738678952302 9.449174401686036e-05 299
1738678952365 0.07210516810774563 300
1738678952429 0.04411051970230913 301
1738678952502 0.0198595746371162 302
1738678952562 0.1141075232639626 303
1738678952618 0.09578718310156507 304
1738678952673 0.011409850558317648 305
1738678952745 0.12760204675046713 306
1738678952819 0.03283185428913143 307
1738678952932 0.008181565942572537 308
1738678952993 0.02023030105998106 309
