1738679300765 160.9519439664221 0
1738679300772 168.39680608904158 1
1738679300779 162.65583814520954 2
1738679300785 168.5191784305431 3
1738679300791 174.91604283990588 4
1738679300798 173.66293984173183 5
1738679300804 169.8998867600869 6
1738679300810 164.47159504331006 7
1738679300816 172.7646031831172 8
1738679300822 165.97043767226006 9
1738679300829 175.2468612115658 10
1738679300835 169.29657376400587 11
1738679300841 169.82214740219 12
1738679300847 167.7647376916025 13
1738679300853 169.89320162702361 14
1738679300860 165.20090558889092 15
1738679300867 168.47168449502234 16
1738679300873 173.89834010627675 17
1738679300879 168.1683164421211 18
1738679300884 170.7597034691377 19
1738679300890 173.72760270925033 20
1738679300896 169.45895512156173 21
1738679300902 169.19404419621887 22
1738679300907 166.99769490390233 23
1738679300914 170.23949059631275 24
1738679300920 170.72301292563014 25
