1738825549321 152.9817571579027 0
1738825549359 188.54122265083197 1
1738825549398 149.7722035537029 2
1738825549436 244.5490622235741 3
1738825549475 153.42442362374598 4
1738825549549 15.868623609601704 5
1738825549589 204.45708771294596 6
1738825549628 137.49839039139002 7
1738825549667 166.5816427039884 8
1738825549706 181.05055034122586 9
1738825549744 84.09610503076145 10
1738825549782 219.40372785995226 11
1738825549821 95.42944514245207 12
1738825549859 165.121147628556 13
1738825549899 161.0054642216598 14
1738825549939 186.4445882849257 15
1738825549979 181.42228211635833 16
1738825550017 160.74020858453787 17
1738825550056 153.97151769098224 18
1738825550095 166.56614688729934 19
1738825550133 99.93815224852459 20
1738825550172 157.43836624890218 21
1738825550211 124.41335706564787 22
1738825550249 121.67660813173666 23
1738825550288 140.83861492891236 24
1738825550326 183.69530161400027 25
1738825550364 127.69222187364942 26
1738825550402 162.04160778428465 27
1738825550441 229.52448706771509 28
1738825550478 175.46332628450645 29
1738825550517 157.10735579267654 30
1738825550555 176.86990602848738 31
1738825550593 193.70691733415592 32
1738825550631 187.09216446219793 33
1738825550669 196.10319593146255 34
1738825550707 180.20563153770308 35
1738825550746 188.99626898518608 36
1738825550785 160.62680691823257 37
1738825550823 138.1517053560282 38
1738825550861 159.4158719436505 39
1738825550898 304.4301556771262 40
1738825550936 198.35686218574105 41
1738825550974 126.51655637318449 42
1738825551012 173.27585819479322 43
1738825551050 184.35243559106763 44
1738825551088 123.21922607576923 45
1738825551126 209.1875352448324 46
1738825551164 158.02115234241643 47
1738825551202 127.71220579094279 48
1738825551240 150.04670848141689 49
1738825551278 158.96391621576453 50
1738825551316 98.8068738816522 51
1738825551357 138.0307014228416 52
1738825551395 155.10373525131703 53
1738825551434 156.09950484157557 54
1738825551472 171.87778248962536 55
1738825551510 142.4946148718617 56
1738825551548 159.95412762335124 57
1738825551585 147.7634091381652 58
1738825551623 251.54129476321594 59
1738825551661 150.61156290314776 60
1738825551701 228.83571258157482 61
1738825551740 182.69013842558087 62
1738825551778 149.71926905113523 63
1738825551817 177.30625146643135 64
1738825551855 109.30130050412522 65
1738825551894 175.71953668170664 66
1738825551936 195.6915899000874 67
1738825551977 133.82126397703135 68
1738825552017 130.76534852614225 69
1738825552055 142.1189132087486 70
1738825552093 132.66791686153658 71
1738825552131 182.45136692607102 72
1738825552169 189.69000315295432 73
1738825552207 238.4483730802459 74
1738825552246 181.59752434979134 75
1738825552285 207.2106994498517 76
1738825552324 194.44032824446506 77
1738825552362 140.63075951907695 78
1738825552400 189.17799339460998 79
1738825552438 135.87646226761956 80
1738825552476 227.32976544707708 81
1738825552515 119.90656098839584 82
1738825552553 226.5863263520797 83
1738825552592 131.1947413263453 84
1738825552630 158.69926543487347 85
1738825552667 157.99211400167522 86
1738825552705 227.09284829177741 87
1738825552743 119.23224001894259 88
1738825552780 186.56109884839225 89
1738825552819 202.08300709452888 90
1738825552857 128.99115617631566 91
1738825552895 114.48528717941797 92
1738825552933 287.43500243336314 93
1738825552971 205.24957983330017 94
1738825553009 221.8629540322947 95
1738825553047 358.86913527386093 96
1738825553085 108.0830097728947 97
1738825553124 176.44184216335472 98
1738825553163 155.71802788505246 99
1738825553200 174.32401594340624 100
1738825553238 206.56749041458616 101
1738825553276 251.34111759419687 102
1738825553314 211.52846853972923 103
1738825553351 115.57500921848865 104
1738825553389 128.9203289047305 105
1738825553427 373.7139233678687 106
1738825553465 133.45660886798046 107
1738825553503 167.30881960559574 108
1738825553541 243.94693118694295 109
1738825553579 207.1270894446396 110
1738825553617 175.99330260754405 111
1738825553654 183.45875715529863 112
1738825553693 144.45796052950058 113
1738825553731 167.7858741102128 114
1738825553769 159.6732595024559 115
1738825553808 146.44583317664365 116
1738825553846 195.5037331348992 117
1738825553884 178.3272471236011 118
1738825553922 143.2217387147899 119
1738825553960 173.17149752545959 120
1738825553998 127.89470259072944 121
1738825554035 96.33987825553147 122
1738825554073 155.39837337382698 123
1738825554111 178.5611789642815 124
1738825554150 153.2998532954773 125
1738825554188 226.5493914006635 126
1738825554227 154.65116510265088 127
1738825554265 160.34752636804123 128
1738825554303 142.03646746847562 129
1738825554341 149.95519742140576 130
1738825554379 117.62740524030119 131
1738825554417 131.67191168717017 132
1738825554454 133.60566841692932 133
1738825554492 161.4745798472982 134
1738825554530 215.4736443954232 135
1738825554567 160.94146015199186 136
1738825554605 179.42696886123727 137
1738825554643 139.88098354967144 138
1738825554681 280.4737347938305 139
1738825554719 205.09081654790833 140
1738825554757 195.5385079816615 141
1738825554796 185.33185710199265 142
1738825554834 129.371311172897 143
1738825554872 170.3270492009857 144
1738825554911 156.83698234194185 145
1738825554949 177.36381454394967 146
1738825554987 158.50081566703355 147
1738825555024 184.8396391848746 148
1738825555063 187.43741196074043 149
1738825555101 142.75369746899025 150
1738825555138 191.7450833113892 151
1738825555176 204.24356918198293 152
1738825555214 232.53139957173536 153
1738825555252 169.8966719308447 154
1738825555290 208.25218250130766 155
1738825555327 108.47482411090114 156
1738825555366 186.34674998271265 157
1738825555404 190.31821016329224 158
1738825555441 210.5775468546525 159
1738825555479 188.2448431786572 160
1738825555517 125.24093164808878 161
1738825555555 240.7403481646558 162
1738825555593 198.5087201964404 163
1738825555631 182.63349506093311 164
1738825555669 74.30725361244973 165
1738825555707 194.38390782069393 166
1738825555747 162.06352486283484 167
1738825555785 190.84498477499974 168
1738825555825 143.42622999870156 169
1738825555863 109.29029256034292 170
1738825555901 91.45055161006054 171
1738825555941 93.37744393274787 172
1738825555979 160.141638633394 173
1738825556017 238.4124788883212 174
1738825556055 167.6505439714098 175
1738825556093 158.33881838574908 176
1738825556132 125.07390827737775 177
1738825556170 119.76813888726942 178
1738825556207 203.78331165520848 179
1738825556245 191.4719325279729 180
1738825556284 211.54615629791374 181
1738825556322 151.94936974254733 182
1738825556360 189.68628341047213 183
1738825556398 93.24699822454991 184
1738825556436 177.48809932258823 185
1738825556473 340.05959270121804 186
1738825556512 133.4337007557722 187
1738825556549 184.2907892311528 188
1738825556588 149.79819839557925 189
1738825556625 147.64482541821403 190
1738825556663 135.01741508853553 191
1738825556702 190.94996807256976 192
1738825556741 167.82226275390653 193
1738825556780 192.52459871915724 194
1738825556819 172.93125258955433 195
1738825556857 161.2124689560605 196
1738825556895 187.93006649829553 197
1738825556934 155.13198934946016 198
1738825556972 150.37729901649988 199
1738825557009 239.26059054155598 200
1738825557047 107.17653326162964 201
1738825557085 154.11822602022585 202
1738825557123 155.05854824094234 203
1738825557161 216.5534136247429 204
1738825557199 184.03337198002038 205
1738825557237 147.19820389207078 206
1738825557275 154.432386914501 207
1738825557313 188.00778401292672 208
1738825557352 285.18091019999343 209
1738825557389 134.3301433580395 210
1738825557427 229.8925454441307 211
1738825557465 182.78942368674075 212
1738825557502 186.89362092969182 213
1738825557541 196.6857878942378 214
1738825557579 177.88300627490736 215
1738825557617 172.4919300775461 216
1738825557654 169.92809018570102 217
1738825557693 166.8875397189583 218
1738825557730 106.52063063932606 219
1738825557768 142.9825661143502 220
1738825557806 105.21109826351623 221
1738825557843 145.30275137238965 222
1738825557881 195.38558123250473 223
1738825557919 148.87274829759306 224
1738825557957 197.8993552935886 225
1738825557994 195.67508327593623 226
1738825558032 147.58883256051865 227
1738825558070 177.8325796643032 228
1738825558108 238.22160210809366 229
1738825558145 105.88699058990605 230
1738825558183 155.73919225476726 231
1738825558221 143.66651967680485 232
1738825558259 135.83297044654418 233
1738825558298 144.22079058104742 234
1738825558336 151.58775551660673 235
1738825558374 182.57329514281906 236
1738825558413 177.44008627578583 237
1738825558451 165.77434060672428 238
1738825558489 186.9709859196331 239
1738825558526 155.6739632140652 240
1738825558564 213.92974972599612 241
1738825558602 140.6644412736999 242
1738825558640 151.71624509391546 243
1738825558678 196.56869611041472 244
1738825558716 125.81531592047801 245
1738825558754 162.68435876774438 246
1738825558791 176.39976248279442 247
1738825558830 222.50161882145346 248
1738825558867 147.00830221112673 249
1738825558905 100.8428571700401 250
1738825558943 96.66883148496369 251
1738825558980 128.89574114154502 252
1738825559018 129.82353119718252 253
1738825559056 210.31124002674446 254
1738825559093 153.25269719680924 255
1738825559131 94.92713136895814 256
1738825559169 186.78571082181227 257
1738825559206 205.45889025598024 258
1738825559244 187.01690730920836 259
1738825559282 183.5134204210006 260
1738825559321 191.51160725324192 261
1738825559360 162.41374559861407 262
1738825559400 149.26911397351125 263
1738825559440 158.55914161867946 264
1738825559479 249.60634632566658 265
1738825559517 154.6440728380171 266
1738825559555 178.13103335065773 267
1738825559593 166.61537318418675 268
1738825559631 185.24630487422934 269
1738825559669 231.9640001474742 270
1738825559707 57.45870561253564 271
1738825559744 184.57386557656397 272
1738825559783 156.70740714288482 273
1738825559825 159.20412629441628 274
1738825559865 154.58903497747593 275
1738825559905 96.23830037335743 276
1738825559945 163.01706968744745 277
1738825559983 206.5182508876462 278
1738825560021 74.68773110351665 279
1738825560060 195.69830140202725 280
1738825560098 131.41724103191308 281
1738825560137 138.9452000997493 282
1738825560175 168.82588451182804 283
1738825560214 183.9967137595429 284
1738825560253 113.38330326852855 285
1738825560292 212.89418283065336 286
1738825560331 188.39173805176236 287
1738825560370 155.72155618804305 288
1738825560412 173.96739647673994 289
1738825560451 201.05630115711187 290
1738825560491 175.18451333790193 291
1738825560530 207.5728352930981 292
1738825560569 152.67666605933206 293
1738825560607 188.8463455840044 294
1738825560645 156.6482774007172 295
1738825560683 183.13281711128724 296
1738825560721 237.66834719425856 297
1738825560759 180.9964887290517 298
1738825560803 157.37894360457975 299
1738825560843 145.45287376206412 300
1738825560881 136.95693384989121 301
1738825560919 207.6215675449648 302
1738825560957 156.73937418961117 303
1738825560995 186.81201638857064 304
1738825561033 265.03970279692305 305
1738825561071 141.67475275923704 306
1738825561109 133.98752849759163 307
1738825561147 176.63843630703943 308
1738825561184 138.85596873560698 309
1738825561224 167.64535275566536 310
1738825561266 129.47081807971807 311
1738825561305 107.67366072907812 312
1738825561343 194.6591009653363 313
1738825561381 178.12720960202537 314
1738825561419 138.41676388717835 315
1738825561457 231.62646104827445 316
1738825561498 159.67115311855872 317
1738825561539 181.158345268553 318
1738825561580 126.85052204180785 319
1738825561622 196.94666138358846 320
1738825561662 143.4946692021042 321
1738825561702 165.92211516711052 322
1738825561743 150.57759797437828 323
1738825561783 264.0178269062877 324
1738825561824 132.93625104843687 325
1738825561863 193.36275496289346 326
1738825561902 172.4529665321536 327
1738825561940 173.51000111908522 328
1738825561979 139.96915738651379 329
1738825562058 328.875953768322 330
1738825562102 158.04390421655432 331
1738825562143 136.52181270688925 332
1738825562183 149.81732435369992 333
1738825562223 335.0385399107451 334
1738825562263 155.08600547437976 335
1738825562301 154.0413682643151 336
1738825562340 194.41348374815865 337
1738825562379 163.44183202681498 338
1738825562417 251.22373630711357 339
1738825562455 130.82951388225604 340
1738825562493 227.51008358906054 341
1738825562531 166.19283394342412 342
1738825562569 168.86445540328756 343
1738825562608 161.4547903499856 344
1738825562648 134.98065849043925 345
1738825562688 292.11761403805497 346
1738825562730 142.58861327619996 347
1738825562772 194.27307887827757 348
1738825562812 347.3616275227177 349
1738825562852 190.52196981805895 350
1738825562892 193.28461794929328 351
1738825562933 176.54912599978624 352
1738825562976 159.56301358858641 353
1738825563016 234.31528900064126 354
1738825563055 155.06163473594958 355
1738825563094 176.92503019043218 356
1738825563133 141.76070838140265 357
1738825563173 144.1682618425807 358
1738825563212 115.63356497282062 359
1738825563250 151.99680784252675 360
1738825563288 234.87103727435422 361
1738825563328 212.30339341402401 362
1738825563368 116.33850515464704 363
1738825563408 155.40051100174614 364
1738825563446 137.54179875356414 365
1738825563485 188.85252654093452 366
1738825563525 183.6753908017691 367
1738825563565 179.81455862609064 368
1738825563603 190.75666275420733 369
1738825563641 179.47653925706103 370
1738825563678 349.70103905572665 371
1738825563716 121.91531474603002 372
1738825563754 144.974015325332 373
1738825563791 228.8966870165909 374
1738825563831 125.29807095053438 375
1738825563869 158.5854778697119 376
1738825563907 99.31203860200446 377
1738825563945 145.17067885938425 378
1738825563983 173.6000303264289 379
1738825564020 141.07835751634354 380
1738825564059 138.79715058930722 381
1738825564098 183.84921455125004 382
1738825564138 144.118448581257 383
1738825564177 180.89807539092988 384
1738825564215 154.33018527953524 385
1738825564254 196.2889087025713 386
1738825564294 222.32149978745827 387
1738825564334 150.7205642497007 388
1738825564373 185.1463325802106 389
1738825564412 170.38850221260918 390
1738825564450 195.44208938252333 391
1738825564489 183.85785379270266 392
1738825564527 173.71887513370189 393
1738825564566 199.6964494921945 394
1738825564604 172.06191476677066 395
1738825564643 175.30970298411935 396
1738825564682 159.99131076925116 397
1738825564720 151.93392568389604 398
1738825564759 173.2426614623128 399
1738825564799 189.68439275951604 400
1738825564839 285.3186034194309 401
1738825564878 86.8966326626688 402
1738825564916 190.49104342593424 403
1738825564954 214.3841309904865 404
1738825564993 192.3678739728136 405
1738825565031 119.32994751861546 406
1738825565069 234.66699942105373 407
1738825565107 180.15335100881555 408
1738825565146 146.36610934160245 409
1738825565184 193.1435453625493 410
1738825565222 161.37525773945623 411
1738825565262 156.5941257445155 412
1738825565302 142.15879864516796 413
1738825565340 81.80657780951503 414
1738825565378 242.88433269554758 415
1738825565416 275.3774070098155 416
1738825565454 173.42511028113117 417
1738825565493 163.2710468405589 418
1738825565531 142.51693806168853 419
1738825565569 196.45433420193905 420
1738825565607 163.44575904537274 421
1738825565645 171.07669303321296 422
1738825565682 161.0393862685129 423
1738825565720 149.78465339677052 424
1738825565758 197.80130781796728 425
1738825565796 44.10331406040407 426
1738825565835 173.3941471813916 427
1738825565874 240.98138353958117 428
1738825565911 190.8940569366099 429
1738825565949 91.98896114376973 430
1738825565987 128.8790663960744 431
1738825566025 166.64034989281654 432
1738825566063 34.52702660378459 433
1738825566101 201.4829603998475 434
1738825566138 172.44223360056145 435
1738825566176 141.5762678919035 436
1738825566213 171.18857791297143 437
1738825566251 146.47772940234495 438
1738825566290 164.6821356863031 439
1738825566328 182.76244146966818 440
1738825566366 284.648784300843 441
1738825566404 143.84545109217527 442
1738825566442 144.20244550066306 443
1738825566480 197.156809832907 444
1738825566517 151.501024972045 445
1738825566555 239.03076804524932 446
1738825566594 118.4179097357335 447
1738825566631 172.6199579253737 448
1738825566669 180.75409880982895 449
1738825566707 166.69414572449776 450
1738825566745 172.0739468245881 451
1738825566783 229.35431928457837 452
1738825566821 185.8699821403048 453
1738825566860 167.95002568219155 454
1738825566901 162.5311784064396 455
1738825566941 63.12716216017754 456
1738825566980 100.09436216881424 457
1738825567018 192.9823482890132 458
1738825567056 148.35934104639088 459
1738825567095 150.6862467148376 460
1738825567133 111.17558429191868 461
1738825567171 138.32793138113124 462
1738825567209 243.46288030106035 463
1738825567247 145.5926066436889 464
1738825567285 190.7067291522184 465
1738825567323 157.8275621467677 466
1738825567361 157.45533487855087 467
1738825567400 141.60989493957064 468
1738825567437 250.2521915894383 469
1738825567475 143.99142422231958 470
1738825567514 182.9101113795037 471
1738825567553 179.3148541269996 472
1738825567591 168.95639851779487 473
1738825567630 173.33355676027216 474
1738825567667 241.18556128473037 475
1738825567705 177.94988301030642 476
1738825567743 184.8395790997332 477
1738825567782 176.8653336777732 478
1738825567820 163.43323647830712 479
1738825567858 99.3641620634455 480
1738825567896 176.87030039103536 481
1738825567934 314.76761955890856 482
1738825567972 157.837525228889 483
1738825568009 100.05032316165872 484
1738825568047 145.31843228852094 485
1738825568086 191.83067236075627 486
1738825568123 174.11850503181958 487
1738825568161 121.31788555954721 488
1738825568199 185.09432507559066 489
1738825568236 200.68379063148333 490
1738825568274 154.3597115216554 491
1738825568312 252.85858674123799 492
1738825568351 156.95175855417656 493
1738825568390 114.595406928923 494
1738825568428 273.97939858915083 495
1738825568465 152.45418319351984 496
1738825568504 165.3676929398983 497
1738825568541 193.86322944999924 498
1738825568579 184.13712111826393 499
