1738824314167 167.18558059174808 0
1738824314173 168.23699885570974 1
1738824314181 168.88913124010134 2
1738824314187 167.2525022385941 3
1738824314196 169.47306317016762 4
1738824314202 170.83125796053753 5
1738824314208 167.3529233940226 6
1738824314214 170.29153438547547 7
1738824314220 170.2699485974848 8
1738824314226 171.0795480294128 9
1738824314233 169.36337710236663 10
1738824314239 169.90563243675365 11
1738824314245 169.0928373328865 12
1738824314250 169.14151575930134 13
1738824314256 167.9823307380517 14
1738824314262 169.52382638277734 15
1738824314268 169.20630600495696 16
1738824314274 168.94156283514812 17
1738824314280 171.78994669209263 18
1738824314286 169.02437119573747 19
1738824314292 169.54316485995042 20
1738824314298 168.8624476538234 21
1738824314304 166.474605347386 22
1738824314311 168.9760828652004 23
1738824314317 168.11217727818675 24
1738824314323 167.69264099392294 25
1738824314329 170.35726995140493 26
1738824314336 168.15318241365628 27
1738824314342 173.1106807525662 28
1738824314348 168.89196713849842 29
1738824314354 170.54698303808 30
1738824314360 168.10219094108766 31
1738824314366 166.63144445532524 32
1738824314372 167.75953299318783 33
1738824314378 168.76798823312066 34
1738824314384 168.7726546992035 35
1738824314390 167.25102204738062 36
1738824314396 169.64559447890457 37
1738824314402 169.20475238276376 38
1738824314408 168.2280193894786 39
1738824314414 166.41755157193123 40
1738824314420 169.59332081382075 41
1738824314426 169.4002760959273 42
1738824314432 170.5429503687122 43
1738824314438 167.40042878420223 44
1738824314443 166.78351323622178 45
1738824314449 168.98358587524913 46
1738824314455 167.5256054599529 47
1738824314461 171.2519272482578 48
1738824314467 169.36347939775115 49
1738824314473 168.99069004449078 50
1738824314478 169.5573028340231 51
1738824314484 169.05983321233472 52
1738824314490 167.1810059940354 53
1738824314496 168.41303369367256 54
1738824314502 171.72110958976788 55
1738824314508 169.95766999628958 56
1738824314513 173.83956870234212 57
1738824314519 169.2410115427786 58
1738824314525 169.87124964372464 59
1738824314531 172.1014092574629 60
1738824314536 167.8957009341335 61
1738824314542 172.2091541465774 62
1738824314548 167.93482602941896 63
1738824314554 169.4022715628026 64
1738824314559 167.3354072863098 65
1738824314565 166.12671289671354 66
1738824314572 168.08637875578765 67
1738824314578 169.59932590522175 68
1738824314584 171.50974451553785 69
1738824314590 171.95877990796163 70
1738824314595 168.87076974314422 71
1738824314602 168.50417218175045 72
1738824314608 165.5661784015896 73
1738824314614 167.5158411030442 74
1738824314620 172.3292051278079 75
1738824314626 169.70596885285485 76
1738824314632 169.17949387890093 77
1738824314638 167.64517511175464 78
1738824314644 168.47433593820756 79
1738824314650 169.32501605439782 80
1738824314656 169.05251061944622 81
1738824314662 169.33562484698237 82
1738824314668 168.96164605517066 83
1738824314674 169.36493160563384 84
1738824314680 170.52157837943662 85
1738824314686 168.51532407913822 86
1738824314692 168.65475713645282 87
1738824314697 167.9733801930583 88
1738824314703 168.09668562805842 89
1738824314709 167.12263562027798 90
1738824314715 167.49941535275056 91
1738824314721 169.59568155824812 92
1738824314727 168.9272861700435 93
1738824314733 170.45407478752574 94
1738824314739 168.38905063396587 95
1738824314745 168.3621129214669 96
1738824314751 167.65280997295895 97
1738824314757 169.41144393221472 98
1738824314763 168.17414583205436 99
1738824314769 167.8682209323919 100
1738824314774 170.78661508513093 101
1738824314781 171.23216202764988 102
1738824314786 170.97219255812038 103
1738824314792 165.6427883029607 104
1738824314797 170.60964088589873 105
1738824314803 169.37933760956366 106
1738824314809 169.6929753121927 107
1738824314815 168.4904453656755 108
