1738822663536 81.83915661134476 0
1738822663552 58.43657037350854 1
1738822663574 53.97794021947304 2
1738822663596 55.52056869963518 3
1738822663615 36.4839637338922 4
1738822663630 35.33587826859256 5
1738822663645 31.11371956856777 6
1738822663662 25.38592661778394 7
1738822663677 23.92240214935235 8
1738822663695 22.751519061596483 9
1738822663712 19.426144677745736 10
1738822663733 10.169519169268183 11
1738822663757 12.072635939481929 12
1738822663801 10.881557565541172 13
1738822663819 14.055818808484172 14
1738822663836 11.66132274059401 15
1738822663850 7.089889974557332 16
1738822663868 7.821539137898065 17
1738822663884 11.179924131533141 18
1738822663899 6.038487241707956 19
1738822663916 5.690363462065265 20
1738822663930 5.403417408561679 21
1738822663945 5.38549182829855 22
1738822663965 4.943856443420496 23
1738822663978 3.730534608777679 24
1738822663991 3.6356048954662032 25
1738822664004 2.9628460366298586 26
1738822664020 2.4334558368066594 27
1738822664035 2.493092341257302 28
1738822664051 2.298186294675907 29
1738822664067 2.9560013472738658 30
1738822664082 2.096771158274146 31
1738822664101 2.1226612978423485 32
1738822664124 1.8092575361672447 33
1738822664145 1.9750396530698946 34
1738822664163 1.542539309933573 35
1738822664179 1.9349273662986788 36
1738822664196 0.957253065169866 37
1738822664223 1.0316315909248923 38
1738822664239 2.1167713241773938 39
1738822664258 0.7665685516347424 40
1738822664277 0.8599473829579213 41
1738822664296 0.8337239454223249 42
1738822664313 0.6588297898499208 43
1738822664328 0.4796344572111187 44
1738822664347 0.5082263150730624 45
1738822664363 0.4045902366641448 46
1738822664381 0.5761559895474475 47
1738822664400 0.6665430034207218 48
1738822664422 0.43048274319427626 49
1738822664440 0.3805517246984105 50
1738822664457 0.4748828296111923 51
1738822664477 0.4518685775774983 52
1738822664491 0.4254878892146644 53
1738822664506 0.4410794617254384 54
1738822664521 0.2539934133553215 55
1738822664537 0.3912287400381833 56
1738822664551 0.44043579941225375 57
1738822664569 0.3034397827953448 58
1738822664587 0.22879388697093067 59
1738822664602 0.24598119160355458 60
1738822664619 0.2151547266462068 61
1738822664635 0.24875995984200372 62
1738822664653 0.22538247851319723 63
1738822664669 0.19619541275761843 64
1738822664688 0.2367173209831264 65
1738822664707 0.26809934652902245 66
1738822664738 0.16615745495694179 67
1738822664752 0.28309949583900346 68
1738822664766 0.14437824525252332 69
1738822664781 0.15847170561155433 70
1738822664794 0.17998581351401013 71
1738822664811 0.16657665245773542 72
1738822664825 0.12531661900219102 73
1738822664841 0.08887657734229046 74
1738822664855 0.08315728781987096 75
1738822664870 0.19017137554326347 76
1738822664888 0.201599104670502 77
1738822664904 0.16072717664190408 78
1738822664922 0.06602847705519788 79
1738822664942 0.12549682178898341 80
1738822664957 0.10869184396327569 81
1738822664976 0.10468835290989154 82
1738822664995 0.11721286192148483 83
1738822665012 0.212450808784644 84
1738822665029 0.11703183299580887 85
1738822665045 0.11997017405791638 86
1738822665065 0.1080000921547696 87
1738822665086 0.1350737009585627 88
1738822665103 0.08173381294940693 89
1738822665124 0.14611701100863522 90
1738822665145 0.12436570023580751 91
1738822665162 0.089071867432304 92
1738822665181 0.11774984764111567 93
1738822665197 0.14309204274806717 94
1738822665217 0.08081093732485618 95
1738822665237 0.07712179556603296 96
1738822665254 0.08608359178510658 97
1738822665269 0.08493154304005573 98
1738822665283 0.15009237736515707 99
1738822665298 0.06914634742772272 100
1738822665312 0.12738893575205792 101
1738822665326 0.10625161573038205 102
1738822665340 0.0917961893520363 103
1738822665356 0.19278677757462734 104
1738822665375 0.0909846277181642 105
1738822665396 0.1082927003923454 106
1738822665413 0.09111657847352558 107
1738822665430 0.08930062917437827 108
1738822665450 0.08826558283767198 109
1738822665464 0.11835173425168764 110
1738822665483 0.08781345465775563 111
1738822665502 0.07329178364303629 112
1738822665521 0.06429868940712946 113
1738822665548 0.06024060342322516 114
1738822665580 0.1345442449628519 115
1738822665599 0.07829920095244768 116
1738822665620 0.06318588999176715 117
1738822665641 0.09612480390450627 118
1738822665660 0.106980444927836 119
1738822665682 0.12556141264601325 120
1738822665701 0.08725166843283218 121
1738822665725 0.07898061098112687 122
1738822665743 0.08092393159971914 123
1738822665760 0.07470936714617273 124
1738822665779 0.09780625478925009 125
1738822665797 0.11598138245795316 126
1738822665817 0.06725125615902623 127
1738822665837 0.10231124644400434 128
1738822665856 0.07565993797307713 129
1738822665875 0.0948768018247206 130
1738822665896 0.08151374675236833 131
1738822665914 0.059782778306716466 132
1738822665930 0.05937337591667493 133
1738822665948 0.1212526578466172 134
1738822665964 0.13880984352034995 135
1738822665978 0.08183491555530135 136
1738822665999 0.08470515921019013 137
1738822666014 0.07715878928024983 138
1738822666034 0.10904277484563125 139
1738822666055 0.07396339569181323 140
1738822666077 0.09398978756836765 141
1738822666107 0.07560906799003717 142
1738822666123 0.12717069414215143 143
1738822666137 0.060952927182219827 144
1738822666155 0.12189260342518733 145
1738822666171 0.07025542178549185 146
1738822666186 0.07786225910298614 147
1738822666203 0.09205307718736692 148
1738822666220 0.11098458022256046 149
1738822666236 0.045904747555131686 150
1738822666255 0.08670470838652722 151
1738822666281 0.07247019941914576 152
1738822666300 0.07657321682925537 153
1738822666321 0.07992027939430231 154
1738822666338 0.057825335488773694 155
1738822666368 0.05601227623966778 156
1738822666387 0.08328420421468784 157
1738822666406 0.06538566559388923 158
1738822666424 0.0872421309778896 159
1738822666447 0.0694690902298991 160
1738822666467 0.044537899667130794 161
1738822666486 0.08051743872351019 162
1738822666506 0.10512997763211696 163
1738822666530 0.13685729937820518 164
1738822666551 0.11820574276479938 165
1738822666568 0.08384621288645659 166
1738822666587 0.12598103687556736 167
1738822666607 0.06510844020564592 168
1738822666632 0.08410032882871059 169
1738822666649 0.08735797163661015 170
1738822666668 0.07986489961207681 171
1738822666686 0.12031489758951419 172
1738822666705 0.06353686625531535 173
1738822666730 0.08557874621905914 174
1738822666748 0.07266686972205415 175
1738822666765 0.08352454871479076 176
1738822666783 0.056797188952690224 177
1738822666803 0.10913729742008489 178
1738822666825 0.06612550334787837 179
1738822666844 0.09347380401336591 180
1738822666869 0.05966452279029646 181
1738822666885 0.06343604749297638 182
1738822666900 0.11955671476669073 183
1738822666913 0.09079065898775208 184
1738822666931 0.0741957312472297 185
1738822666946 0.0888339101209591 186
1738822666963 0.09714722875583338 187
1738822666978 0.06751419813561962 188
1738822666996 0.09300275776327109 189
1738822667016 0.0864569839828326 190
1738822667035 0.06855329114262786 191
1738822667055 0.10156641920986875 192
1738822667075 0.08257570412034979 193
1738822667092 0.06479247597885945 194
1738822667108 0.10095546051598112 195
1738822667123 0.07867874787921632 196
1738822667141 0.07591042437697977 197
1738822667157 0.061126698096098324 198
1738822667172 0.10933181129465033 199
1738822667187 0.07967457079268618 200
1738822667202 0.10319057746229662 201
1738822667220 0.09977556510120664 202
1738822667237 0.0972243511921647 203
1738822667257 0.09350893953413901 204
1738822667272 0.085684990285159 205
1738822667290 0.06836985958635546 206
1738822667310 0.08760824953643452 207
1738822667327 0.08300815586438572 208
1738822667344 0.11074474215902173 209
1738822667360 0.0822202169433929 210
1738822667383 0.05843761157046888 211
1738822667403 0.09361275438054686 212
1738822667426 0.04946310586384479 213
1738822667444 0.08072391069881486 214
1738822667464 0.1152739606214 215
1738822667482 0.07383541311026427 216
1738822667500 0.11150312931540116 217
1738822667514 0.1261252742561326 218
1738822667528 0.06760127987704397 219
1738822667543 0.07227351456945534 220
1738822667557 0.11054389045934478 221
1738822667573 0.0886192531602826 222
1738822667592 0.11027629195847054 223
1738822667606 0.13029531924095644 224
1738822667627 0.08659346222088446 225
1738822667646 0.0814398693503302 226
1738822667671 0.12313026739112291 227
1738822667693 0.09292023914067958 228
1738822667713 0.13218198866150854 229
1738822667730 0.12445604696458348 230
1738822667749 0.0974208777538683 231
1738822667768 0.09849199129618752 232
1738822667786 0.0504520586041187 233
1738822667812 0.10657768513123954 234
1738822667831 0.0792282467882527 235
1738822667852 0.07992377982415923 236
1738822667869 0.08036895255071917 237
1738822667884 0.08604930630923714 238
1738822667899 0.04049327808567475 239
1738822667915 0.06520637553807178 240
1738822667930 0.05571836287461024 241
1738822667943 0.13847368222186288 242
1738822667958 0.08346765474860693 243
1738822667972 0.1032180569315819 244
1738822667988 0.08975450602504621 245
1738822668006 0.09538204147438903 246
1738822668023 0.10217814717837446 247
1738822668043 0.09926459700116907 248
1738822668059 0.07840546207168651 249
1738822668080 0.06815739569573888 250
1738822668095 0.10845401492750809 251
1738822668112 0.05048047025369496 252
1738822668128 0.061273404675727824 253
1738822668143 0.07199575235924074 254
1738822668157 0.09653322854833438 255
1738822668172 0.07616752871402126 256
1738822668187 0.055303483750627165 257
1738822668204 0.08835739651700672 258
1738822668220 0.07611298995080465 259
1738822668235 0.10469709807689734 260
1738822668254 0.07460115686384086 261
1738822668270 0.08036476344915677 262
1738822668288 0.09649801415488632 263
1738822668310 0.12397002935934218 264
1738822668333 0.08368541699638894 265
1738822668351 0.08217957186781036 266
1738822668367 0.10733280199312124 267
1738822668379 0.07084571291740856 268
1738822668395 0.10075995882932777 269
1738822668410 0.06746156941848361 270
1738822668424 0.17696691337734122 271
1738822668438 0.08539947845373519 272
1738822668451 0.08696052935298854 273
1738822668467 0.07466077340785314 274
1738822668485 0.09203744776317012 275
1738822668505 0.07998810347253477 276
1738822668523 0.10958833739510007 277
1738822668543 0.06500070446206974 278
1738822668562 0.08040880562351206 279
1738822668579 0.10658434706113655 280
1738822668596 0.09024224299949435 281
1738822668614 0.09116755124316463 282
1738822668628 0.06303329490872114 283
1738822668642 0.10302547666586831 284
1738822668656 0.06093475809916034 285
1738822668670 0.10579330564143934 286
1738822668685 0.0771116367189642 287
1738822668699 0.09942513106335657 288
1738822668713 0.13546149734967888 289
1738822668726 0.06399337731015509 290
1738822668744 0.0795377778252291 291
1738822668766 0.11938069516419944 292
1738822668782 0.15772272209237115 293
1738822668799 0.06751981617453733 294
1738822668823 0.09750240002162494 295
1738822668846 0.10955444421511161 296
1738822668868 0.05515572669029711 297
1738822668887 0.09814622935202073 298
1738822668913 0.08851540001144569 299
1738822668935 0.09345609400769503 300
1738822668953 0.10804612083582389 301
1738822668970 0.049265571395599936 302
1738822668987 0.05216653659809945 303
1738822669024 0.09076440756842531 304
1738822669039 0.08951981559132122 305
1738822669056 0.08331694386357154 306
1738822669075 0.09611542767845103 307
1738822669093 0.11187952138507369 308
1738822669109 0.04055781079355596 309
1738822669138 0.055126303279028295 310
1738822669156 0.05911635557461538 311
1738822669171 0.06786009331622808 312
1738822669194 0.0932154375785821 313
1738822669222 0.08406992614327374 314
1738822669243 0.06937811167054464 315
1738822669258 0.07540333932283114 316
1738822669272 0.09191867696710881 317
1738822669291 0.08385209707743188 318
1738822669305 0.09889004439508216 319
1738822669321 0.09710904812244162 320
1738822669338 0.10513695160636999 321
1738822669355 0.08139887510049147 322
1738822669382 0.055173714766807 323
1738822669402 0.08536141759926572 324
1738822669425 0.10713445930992795 325
1738822669448 0.07552450421629235 326
1738822669468 0.08280444639307798 327
1738822669492 0.08955310126244206 328
1738822669515 0.08689576608712499 329
1738822669536 0.05613772083034448 330
1738822669559 0.06853213717632518 331
1738822669580 0.14044146902638702 332
1738822669598 0.09246782592488732 333
1738822669619 0.09684090331780823 334
1738822669636 0.1151189558973549 335
1738822669654 0.06565872145316663 336
1738822669670 0.08527225847368947 337
1738822669687 0.06512816319440928 338
1738822669703 0.12599927930975732 339
1738822669719 0.0928221733164806 340
1738822669736 0.11774905609180504 341
1738822669761 0.12307782110751203 342
1738822669779 0.07820954520495262 343
1738822669797 0.0705990807176333 344
1738822669825 0.137642212315699 345
1738822669845 0.10647171524997129 346
1738822669866 0.13157594864601793 347
1738822669882 0.06539295832679227 348
1738822669902 0.10644426216398735 349
1738822669930 0.06233396880132871 350
1738822669948 0.05920187266853095 351
1738822669967 0.07645533451391176 352
1738822669985 0.08498240795390416 353
1738822670001 0.0631457602966188 354
1738822670020 0.08885548773621499 355
1738822670037 0.06030942612924784 356
1738822670053 0.09456899594652048 357
1738822670070 0.09575203021023423 358
1738822670088 0.09494071975074798 359
1738822670105 0.05271599522867842 360
1738822670125 0.07375750328071529 361
1738822670145 0.08324721072092485 362
1738822670162 0.0507462907811018 363
1738822670181 0.09143548639675626 364
1738822670197 0.05813746946677882 365
1738822670217 0.09058506366519412 366
1738822670235 0.09711883115052224 367
1738822670254 0.10964957074921271 368
1738822670271 0.07075298625183687 369
1738822670287 0.09377418993668925 370
1738822670302 0.08711989594255373 371
1738822670321 0.09332382525055646 372
1738822670335 0.08516733674684303 373
1738822670351 0.07318415984179931 374
1738822670370 0.12521067619083076 375
1738822670386 0.13012986040676106 376
1738822670405 0.06803184888091522 377
1738822670429 0.057861353990242746 378
1738822670447 0.0941558023813056 379
1738822670464 0.08686842768762658 380
1738822670481 0.09808352840614623 381
1738822670499 0.060484478393725456 382
1738822670517 0.1181600011508674 383
1738822670536 0.06136404675154372 384
1738822670551 0.08244853083698706 385
1738822670567 0.12522912277284606 386
1738822670583 0.09144739710096048 387
1738822670598 0.07346091006507961 388
1738822670619 0.08202685238281864 389
1738822670636 0.06458135834846547 390
1738822670657 0.08942985737063268 391
1738822670670 0.0673599154168722 392
1738822670688 0.08097306568384124 393
1738822670714 0.08636285722726003 394
1738822670736 0.12297019736016207 395
1738822670758 0.07109798379635436 396
1738822670776 0.10517640330337787 397
1738822670793 0.09323216809987805 398
1738822670810 0.104022040192706 399
1738822670826 0.06154107895945778 400
1738822670847 0.08036017755743444 401
1738822670866 0.10103989394885261 402
1738822670895 0.07318715886550954 403
1738822670920 0.11530697014315741 404
1738822670938 0.10711520647970005 405
1738822670955 0.08427844729726093 406
1738822670976 0.09766587732671753 407
1738822671002 0.04779932475202235 408
1738822671022 0.08254246548531517 409
1738822671039 0.05795921027913534 410
1738822671053 0.09408042206999445 411
1738822671067 0.07132378770912629 412
1738822671084 0.07021464617275168 413
1738822671099 0.06358927659229359 414
1738822671116 0.08523995361977373 415
1738822671150 0.08640236969893085 416
1738822671165 0.08017154818525789 417
1738822671181 0.09626840313266674 418
1738822671199 0.09795773271779223 419
1738822671217 0.09629712118257112 420
1738822671236 0.06637673321668282 421
1738822671255 0.08151822504799204 422
1738822671273 0.07234857569207788 423
1738822671291 0.1046961359224142 424
1738822671311 0.0674036434982173 425
1738822671327 0.07036884878091816 426
1738822671347 0.08024344788622616 427
1738822671366 0.06397733702271424 428
1738822671383 0.08614193477187877 429
1738822671401 0.06405684997335773 430
1738822671423 0.08230542180073204 431
1738822671440 0.07636459251173448 432
1738822671459 0.06146211441029016 433
1738822671478 0.08193962381036941 434
1738822671496 0.09430916451198891 435
1738822671514 0.0819764877753509 436
1738822671529 0.10506160714873325 437
1738822671551 0.07932367105242091 438
1738822671567 0.05894734856386178 439
1738822671583 0.09982730868903951 440
1738822671601 0.09996456490491533 441
1738822671617 0.11173053562810677 442
1738822671635 0.06968507361699033 443
1738822671650 0.06409965686992443 444
1738822671665 0.08118458040833285 445
1738822671681 0.08718954930654821 446
1738822671698 0.08956687925872706 447
1738822671714 0.06975357486074311 448
1738822671728 0.08610586155573022 449
1738822671744 0.0818641041387757 450
1738822671759 0.07529779526142107 451
1738822671773 0.07733746458998546 452
1738822671786 0.0825695035748851 453
1738822671800 0.0579602929156349 454
1738822671815 0.09278526636770026 455
1738822671831 0.07659696000593605 456
1738822671844 0.06264194604356949 457
1738822671858 0.07446380703204895 458
1738822671876 0.06719596061045954 459
1738822671889 0.041106333088704906 460
1738822671906 0.06861819518150085 461
1738822671928 0.08595015129395564 462
1738822671949 0.12020158430728159 463
1738822671975 0.08859031582478692 464
1738822671991 0.10190426473218063 465
1738822672008 0.09484795954085627 466
1738822672025 0.125884296126939 467
1738822672042 0.06726680410697995 468
1738822672062 0.10357896309358101 469
1738822672081 0.12894596866453129 470
1738822672099 0.08070417390751992 471
1738822672119 0.08499578161342365 472
1738822672137 0.08239004490384612 473
1738822672152 0.10767292792942156 474
1738822672171 0.08730632432783014 475
1738822672186 0.09662532336229453 476
1738822672201 0.08371050935085853 477
1738822672215 0.08174842577395411 478
1738822672230 0.10755594382294506 479
1738822672246 0.0860829689601995 480
1738822672268 0.06368399704446145 481
1738822672285 0.08286685021220137 482
1738822672307 0.07893962304405029 483
1738822672324 0.09241909522323082 484
1738822672342 0.07040593160117183 485
1738822672360 0.1005888299840816 486
1738822672381 0.06681668614424005 487
1738822672399 0.0705629628434489 488
1738822672415 0.06952421562450048 489
1738822672436 0.13251404470508085 490
1738822672453 0.10904073000240856 491
1738822672469 0.07704586888924131 492
1738822672486 0.0906649043898894 493
1738822672501 0.07623562366301362 494
1738822672518 0.06718095011325201 495
1738822672534 0.07193687103179434 496
1738822672549 0.0910022434169416 497
1738822672564 0.07278569615117463 498
1738822672581 0.15234487514528705 499
