1738824563690 147.18264528018278 0
1738824563734 178.9188553357477 1
1738824563777 176.69129560444446 2
1738824563820 173.0514414311378 3
1738824563863 169.81206978227706 4
1738824563907 147.57584542275342 5
1738824563951 185.173579327887 6
1738824563995 149.87715373524588 7
1738824564038 184.9428939507294 8
1738824564082 148.39988658678664 9
1738824564125 187.8306327121201 10
1738824564169 167.31652004878734 11
1738824564213 145.4368103606586 12
1738824564257 159.8225287624111 13
1738824564300 153.77233785840295 14
1738824564343 176.0419372955238 15
1738824564386 179.9546616966378 16
1738824564430 154.57701167689422 17
