1738678766809 96.29148322488298 0
1738678766884 28.597573551510504 1
1738678766947 2.6365657950121575 2
1738678767035 44.57018303285356 3
1738678767129 35.94269601204616 4
1738678767202 10.233819685727289 5
1738678767265 70.50940683414095 6
1738678767338 29.585427467226598 7
1738678767403 5.65215623770224 8
1738678767478 36.992935411326314 9
1738678767552 43.6972699452919 10
1738678767634 15.041300217165896 11
1738678767705 58.948330967827474 12
1738678767782 2.1355593625151075 13
1738678767862 61.40854758125964 14
1738678767930 48.43493568823835 15
1738678768007 35.615252273838706 16
1738678768077 14.364077231760373 17
1738678768146 16.168065333374212 18
1738678768215 54.56528391830561 19
1738678768289 21.609616992844813 20
1738678768358 3.2655775199041335 21
1738678768439 16.789023492794303 22
1738678768522 10.477706202704345 23
1738678768600 23.919268760418937 24
1738678768654 18.13336010551445 25
1738678768719 0.22099066527036304 26
1738678768788 4.601695378380317 27
1738678768873 15.59626889248415 28
1738678768956 2.643742752714902 29
1738678769044 13.82827071739671 30
1738678769112 0.4685312941056981 31
1738678769184 30.72194579939239 32
1738678769262 5.711547812121605 33
1738678769333 0.28753124522248114 34
1738678769407 0.1736838634562281 35
1738678769486 8.290869227185118 36
1738678769565 9.633785149999365 37
1738678769632 12.061499623775127 38
1738678769700 4.094795373517071 39
1738678769778 16.99488077173672 40
1738678769854 75.41273367619635 41
1738678769946 7.930822164493547 42
1738678770031 8.37936266453069 43
1738678770101 17.567991730015216 44
1738678770182 0.2881372957059475 45
1738678770258 1.6046502762597048 46
1738678770327 8.831191765587013 47
1738678770409 6.5854778101285945 48
1738678770496 4.242293996037501 49
1738678770566 1.5427842839714039 50
1738678770650 6.947484325623305 51
1738678770730 3.739396539899906 52
1738678770800 4.67234306211631 53
1738678770871 8.516029482288445 54
1738678770947 0.6284625972218876 55
1738678771023 7.381144740671472 56
1738678771105 0.13600609038804165 57
1738678771181 1.1985038469677443 58
1738678771264 18.51790612670206 59
1738678771341 1.8921408033905487 60
1738678771403 0.11398596677442993 61
1738678771469 1.495906497386647 62
1738678771545 5.6104123802551 63
1738678771618 3.029107941897195 64
1738678771708 5.2562598143745065 65
1738678771785 0.017228006348181103 66
1738678771865 0.0025614965484607112 67
1738678771948 0.866434502109044 68
1738678772050 2.0871190661630394 69
1738678772129 0.8613811378235287 70
1738678772212 1.5176813023095839 71
1738678772286 0.3434803687687332 72
1738678772363 0.3339160835656463 73
1738678772433 0.1977019671978312 74
1738678772518 0.4073468650880273 75
1738678772587 1.4344272390360828 76
1738678772656 0.23870789058726016 77
1738678772724 2.2641293163197282 78
1738678772797 3.3490897239365345 79
1738678772876 0.19490355295300774 80
1738678772966 1.8970118882731604 81
1738678773034 0.040219960103288765 82
1738678773137 1.3256376079533778 83
1738678773215 3.3801841024839576 84
1738678773295 0.4124317986491584 85
1738678773376 0.00328493876891926 86
1738678773468 0.1607332186024028 87
1738678773554 0.2956304458168668 88
1738678773626 0.10754607660297896 89
1738678773698 0.0412994469673944 90
1738678773787 0.3136545755041613 91
1738678773870 0.23853288899505762 92
1738678773946 0.0002926584302880817 93
1738678774013 0.0062331853226958 94
1738678774088 0.6994914524219527 95
1738678774158 1.6279027173952525 96
1738678774232 1.6978174955740917 97
1738678774286 0.16086557822242792 98
1738678774358 0.18489273827792696 99
1738678774447 1.479346486633286 100
1738678774541 0.6720681662531349 101
1738678774646 1.0544433884946178 102
1738678774727 0.0004416320452121451 103
1738678774807 0.8845020938798263 104
1738678774898 0.04389741088470738 105
1738678774984 0.9304914034808823 106
1738678775068 0.003537261374359548 107
1738678775142 0.1265957166851741 108
1738678775216 0.04060983724948734 109
1738678775303 0.0005480171934637386 110
1738678775380 0.7370170309751695 111
1738678775455 0.00018307738467441604 112
1738678775526 0.10884964413282346 113
1738678775612 1.1011263407893521 114
1738678775705 1.2403388092388823 115
1738678775783 0.051178631202738106 116
1738678775862 0.5140124371195173 117
1738678775933 1.2100552504130606 118
1738678775999 1.0009255332388138 119
1738678776076 0.16181071237529546 120
1738678776145 0.2575556229016766 121
1738678776206 1.8840035794469134 122
1738678776303 0.03948810095717523 123
1738678776382 1.0102430213806384 124
1738678776468 0.18883250868557672 125
1738678776536 0.05112580914844529 126
1738678776614 0.017743158242657597 127
1738678776669 0.0005287601412961076 128
1738678776748 0.22794758002566057 129
1738678776820 0.002957342002363748 130
1738678776912 0.7413905501167263 131
1738678776989 0.10447696343963529 132
1738678777049 0.23553221149898013 133
1738678777127 0.1909445946556527 134
1738678777200 0.00977031247915412 135
1738678777272 0.12857009642102254 136
1738678777350 0.08568527002522891 137
1738678777440 0.2018713587551868 138
1738678777515 0.045318351471232886 139
1738678777615 0.3238181157981745 140
1738678777697 0.37747778305996943 141
1738678777777 0.002295208902032007 142
1738678777865 1.312227436974584 143
1738678777999 0.3891321764379404 144
1738678778079 0.04023454432189655 145
1738678778155 0.02830388994492043 146
1738678778225 1.624052947418033 147
1738678778282 0.07813063974834095 148
1738678778346 0.14974890816151112 149
1738678778426 0.028325828855998797 150
1738678778504 0.26802743608090973 151
1738678778585 0.3032423904322931 152
1738678778666 0.33135374617983854 153
1738678778741 0.0002518129269155571 154
1738678778805 0.4694331552676404 155
1738678778869 0.050829832672019924 156
1738678778935 0.3359486844143409 157
1738678779006 0.0089160974032637 158
1738678779077 0.240561785137059 159
1738678779152 0.02233654729993003 160
1738678779232 0.29849756553326223 161
1738678779286 0.007535776774135567 162
1738678779353 0.03022112411962708 163
1738678779424 0.07913477073448925 164
1738678779500 0.852596079191915 165
1738678779568 0.5570861654866361 166
1738678779659 0.06067518132899398 167
1738678779732 0.01593216030432444 168
1738678779786 0.35084158255452025 169
1738678779853 0.07294080220719507 170
1738678779932 0.03757430172485337 171
1738678780000 0.03596667322317737 172
1738678780072 0.009020791944338242 173
1738678780159 0.13769355134159256 174
1738678780230 0.04050947229772681 175
1738678780318 0.461834066263608 176
1738678780395 0.03669505296250188 177
1738678780472 0.029810848011160997 178
1738678780542 0.06722848656966307 179
1738678780620 0.24616884060338673 180
1738678780688 0.03425783406551635 181
1738678780761 0.0020472257362696544 182
1738678780843 0.2323912011062071 183
1738678780921 0.1700900978130979 184
1738678780981 2.266643782238056 185
1738678781038 0.27396210750220096 186
1738678781106 0.11185557568069866 187
1738678781183 0.4328978529858278 188
1738678781253 0.031103679075068676 189
1738678781311 0.32819627000650164 190
1738678781385 0.002235475411364713 191
1738678781456 0.0001488072930200876 192
1738678781522 0.16522038101968456 193
1738678781598 0.005806775591186409 194
1738678781685 0.06627766096813491 195
1738678781749 0.00017718055028897076 196
1738678781829 0.04349946183184383 197
1738678781904 0.04951001323625096 198
1738678781989 0.5495003222247581 199
1738678782042 0.0008046985249920238 200
1738678782095 0.003350457236908297 201
1738678782163 0.019203935205078685 202
1738678782230 0.1965058477025981 203
1738678782318 0.036480000107004085 204
1738678782383 0.034258702100342035 205
1738678782457 0.3072993634416011 206
1738678782519 0.5804326423347114 207
1738678782577 0.010237819967051965 208
1738678782642 0.07546122037039774 209
1738678782712 0.2054859277582797 210
1738678782787 0.0033812367655260416 211
1738678782886 0.36198368531863523 212
1738678782958 0.14066497826368746 213
1738678783037 0.34803761296275665 214
1738678783110 0.0510843765630561 215
1738678783170 0.06724259239962284 216
1738678783353 0.028521042382931194 217
1738678783431 0.028046147533935802 218
1738678783506 0.045381865817202105 219
1738678783573 0.17021883545213234 220
1738678783645 0.00044081417677594754 221
1738678783726 0.002913706848321761 222
1738678783807 0.0015235788912910002 223
1738678783880 0.10494740350558619 224
1738678783977 0.1542089728012778 225
1738678784061 0.0002062577543085291 226
1738678784157 0.04907325136556992 227
1738678784245 0.002013336087832262 228
1738678784313 0.530297467231711 229
1738678784380 0.1780592756773553 230
1738678784443 0.0003941778278736169 231
1738678784507 0.002064005514034422 232
1738678784574 0.003915407408990022 233
1738678784646 0.10756460676841462 234
1738678784711 0.18726503404246128 235
1738678784787 0.22203348189069938 236
1738678784871 0.11438015744877028 237
1738678784949 1.0358394654937886 238
1738678785028 0.005172041723786223 239
1738678785100 0.07335510891736399 240
1738678785176 0.010566614414505845 241
1738678785264 0.14462214622281652 242
1738678785338 0.0008236501246795638 243
1738678785425 0.05293085625456387 244
1738678785500 0.011034641710915399 245
1738678785570 0.07088092552964312 246
1738678785637 0.3773295381082633 247
1738678785706 0.07870392643008092 248
1738678785772 0.006408859042496296 249
1738678785856 0.0009711033210434241 250
1738678785950 0.00016372245713050477 251
1738678786054 0.04188981114774696 252
1738678786130 0.0016324511292926565 253
1738678786201 0.08409784049373499 254
1738678786294 7.437270509818116e-05 255
1738678786358 0.3343520981406238 256
1738678786440 0.00017802218282192674 257
1738678786513 0.007820301917263501 258
1738678786587 0.0015043173087230933 259
1738678786653 0.07567304224697474 260
1738678786728 0.003109457249258299 261
1738678786797 0.002087181720344234 262
1738678786868 0.02155918399446007 263
1738678786924 0.004707220956628118 264
1738678787032 0.0029430472800036165 265
1738678787113 0.05588343073987249 266
1738678787188 0.008714724060650044 267
1738678787269 0.16589140244656944 268
1738678787336 8.512345880669463e-05 269
1738678787408 0.465375248354808 270
1738678787487 0.048330876309487354 271
1738678787563 0.3402491650828034 272
1738678787638 0.8770161491672617 273
1738678787708 0.0009116799884167515 274
1738678787779 0.6960315677677489 275
1738678787846 0.00230104605716207 276
1738678787926 0.07201892600899933 277
1738678787997 0.1691846535332691 278
1738678788097 0.06400167241052206 279
1738678788171 0.032952915434856185 280
1738678788231 0.007394170472809666 281
1738678788288 0.12204322396572541 282
1738678788438 0.02219053099275636 283
1738678788508 0.02482097870333458 284
1738678788598 0.031229374471493532 285
1738678788673 0.19144448844161505 286
1738678788756 0.009933363325648778 287
1738678788831 0.08317940847899485 288
1738678788903 0.03678527126811022 289
1738678788969 0.009950809032263438 290
1738678789035 0.06787035779804737 291
1738678789098 0.2511645422358042 292
1738678789185 0.01220244837446767 293
1738678789264 0.019730903802933287 294
1738678789333 0.8154374439849379 295
1738678789403 0.045327156658613796 296
1738678789479 0.3629886019054997 297
1738678789556 0.004195031436484022 298
1738678789632 0.054977311351517094 299
1738678789706 0.016109244859874125 300
1738678789770 0.01731818409764575 301
1738678789840 0.03778678421988969 302
1738678789912 0.1412061357065122 303
1738678789986 5.021260787877672e-08 304
1738678790068 0.01920929458242866 305
1738678790155 0.003755346145279389 306
1738678790229 0.006943489529671069 307
1738678790302 0.03380795130658534 308
1738678790379 0.052249598547920155 309
1738678790451 0.035340301455498664 310
1738678790524 1.293852959015208 311
1738678790595 0.001466410632820717 312
1738678790680 0.21540236935535712 313
1738678790774 0.15083364069780353 314
1738678790841 0.0070855981277109185 315
1738678790923 0.0001204676841055299 316
1738678791007 0.002081476354716402 317
1738678791078 0.054998280732077534 318
1738678791163 0.2563259943813631 319
1738678791230 0.017443223088407022 320
1738678791302 0.10423051438939304 321
1738678791377 0.014641703327772971 322
1738678791454 0.030903623163613357 323
1738678791518 0.014510948483692087 324
1738678791597 0.002732440482086125 325
1738678791673 0.12362042112014787 326
1738678791746 0.041033406680799626 327
1738678791804 1.7279183668729105e-07 328
1738678791870 0.2113730111617258 329
1738678791952 0.05316096864489665 330
1738678792031 0.033191149538052155 331
1738678792109 0.10356015779951695 332
1738678792219 0.006140812606803706 333
1738678792290 0.0005260709340205278 334
1738678792375 0.007916148493899171 335
1738678792439 0.08918338594473912 336
1738678792509 0.48354281140780253 337
1738678792583 0.0039333711262528066 338
1738678792668 0.03274588238791476 339
1738678792739 0.10825259997063874 340
1738678792813 0.004714976560614224 341
1738678792893 0.00568214699528738 342
1738678792972 0.0232026453737539 343
1738678793050 0.000236889760753352 344
1738678793121 0.3639636790144496 345
1738678793189 0.0009090495680261902 346
1738678793269 0.015583205186955756 347
1738678793324 0.018083333615434717 348
1738678793396 0.0021559437173462306 349
1738678793471 0.18116903314771068 350
1738678793551 0.05768767213846438 351
1738678793629 0.1647873817889062 352
1738678793701 0.1618294415359891 353
1738678793774 0.18070607134319108 354
1738678793833 0.04065336634371668 355
1738678793932 0.011950181395379067 356
1738678794008 0.020246244689994725 357
1738678794076 0.007960800956763329 358
1738678794159 0.04289519930083443 359
1738678794236 0.0180439300381177 360
1738678794306 0.1547544659708661 361
1738678794380 0.10047561118046902 362
1738678794456 0.07701361709586245 363
1738678794529 0.02344333533579678 364
1738678794613 0.02773640688935989 365
1738678794695 0.004793514682238131 366
1738678794773 0.16571303655807704 367
