1738678240547 169.31213782154163 0
1738678240571 169.21721057226083 1
1738678240592 169.11332765141228 2
1738678240612 169.00143494884836 3
1738678240631 168.8823867995029 4
1738678240659 168.75695452119868 5
1738678240679 168.62583421410582 6
1738678240697 168.48965387415643 7
1738678240727 168.34897987150234 8
1738678240754 168.20432284326426 9
1738678240770 168.05614304755213 10
1738678240794 167.9048552232001 11
1738678240811 167.75083299697573 12
1738678240830 167.59441287727498 13
1738678240847 167.43589787057985 14
1738678240880 167.27556075427296 15
1738678240904 167.1136470368143 16
1738678240929 166.95037763381265 17
1738678240946 166.7859512861777 18
1738678240964 166.6205467443391 19
1738678240988 166.45432474045236 20
1738678241005 166.28742976859866 21
1738678241026 166.1199916912041 22
1738678241042 165.95212718826605 23
1738678241060 165.78394106446072 24
1738678241078 165.61552742782072 25
1738678241098 165.4469707523988 26
1738678241113 165.27834683617291 27
1738678241137 165.10972366438565 28
1738678241162 164.9411621875467 29
1738678241193 164.77271702244335 30
1738678241218 164.60443708370826 31
1738678241237 164.43636615276418 32
1738678241260 164.26854339030785 33
1738678241284 164.1010037978974 34
1738678241304 163.93377863366618 35
1738678241349 163.76689578669723 36
1738678241372 163.60038011414676 37
1738678241393 163.43425374480748 38
1738678241411 163.2685363524379 39
1738678241425 163.10324540185746 40
1738678241441 162.93839637051178 41
1738678241458 162.77400294794535 42
1738678241475 162.61007721537794 43
1738678241491 162.4466298073645 44
1738678241514 162.28367005732122 45
1738678241533 162.12120612852468 46
1738678241553 161.95924513203084 47
1738678241575 161.79779323281807 48
1738678241598 161.63685574532747 49
1738678241630 161.47643721945755 50
1738678241649 161.31654151796644 51
1738678241669 161.1571718861382 52
1738678241697 160.99833101448482 53
1738678241795 160.84002109518016 54
1738678241818 160.68224387285045 55
1738678241897 160.5250006902859 56
1738678241987 160.36829252957938 57
1738678242061 160.21212004915026 58
1738678242160 160.0564836170633 59
1738678242203 159.90138334101354 60
1738678242225 159.74681909530975 61
1738678242235 159.59279054515653 62
1738678242250 159.4392971685052 63
1738678242264 159.28633827571605 64
1738678242301 159.1339130272514 65
1738678242321 158.98202044959507 66
1738678242339 158.83065944957707 67
1738678242370 158.67982882726164 68
1738678242388 158.52952728754315 69
1738678242407 158.37975345057814 70
1738678242442 158.23050586117114 71
1738678242475 158.08178299721763 72
1738678242492 157.93358327729905 73
1738678242507 157.78590506751442 74
1738678242521 157.63874668762523 75
1738678242535 157.49210641658212 76
1738678242552 157.34598249749453 77
1738678242565 157.20037314210055 78
1738678242577 157.05527653478504 79
1738678242591 156.91069083619294 80
1738678242618 156.76661418647723 81
1738678242635 156.62304470821826 82
1738678242653 156.47998050904755 83
1738678242665 156.33741968400554 84
1738678242679 156.19536031765992 85
1738678242692 156.0538004860082 86
1738678242706 155.91273825818666 87
1738678242722 155.77217169800463 88
1738678242736 155.63209886532167 89
1738678242755 155.49251781728347 90
1738678242773 155.3534266094307 91
1738678242789 155.21482329669305 92
1738678242806 155.07670593428065 93
1738678242830 154.93907257848258 94
1738678242844 154.801921287382 95
1738678242878 154.66525012149637 96
1738678242893 154.52905714435005 97
1738678242907 154.39334042298626 98
1738678242925 154.2580980284239 99
1738678242947 154.123328036066 100
1738678242968 153.98902852606335 101
1738678242992 153.8551975836382 102
1738678243023 153.72183329937272 103
1738678243037 153.58893376946472 104
1738678243054 153.45649709595466 105
1738678243079 153.32452138692636 106
1738678243204 153.1930047566848 107
1738678243228 153.06194532591186 108
1738678243243 152.93134122180416 109
1738678243261 152.80119057819317 110
1738678243280 152.6714915356501 111
1738678243315 152.54224224157724 112
1738678243333 152.4134408502866 113
1738678243350 152.28508552306775 114
1738678243392 152.15717442824516 115
1738678243414 152.02970574122716 116
1738678243433 151.902677644546 117
1738678243447 151.77608832789178 118
1738678243474 151.64993598813874 119
1738678243491 151.52421882936625 120
1738678243512 151.3989350628745 121
1738678243535 151.2740829071956 122
1738678243555 151.14966058809992 123
1738678243572 151.02566633859934 124
1738678243602 150.90209839894646 125
1738678243639 150.7789550166313 126
1738678243655 150.65623444637492 127
1738678243670 150.53393495012057 128
1738678243686 150.41205479702302 129
1738678243704 150.29059226343554 130
1738678243720 150.16954563289522 131
1738678243738 150.04891319610704 132
1738678243753 149.92869325092616 133
1738678243771 149.80888410233894 134
1738678243788 149.68948406244346 135
1738678243805 149.57049145042822 136
1738678243851 149.4519045925507 137
1738678243894 149.33372182211468 138
1738678243915 149.21594147944703 139
1738678243931 149.0985619118741 140
1738678243949 148.98158147369713 141
1738678243968 148.86499852616777 142
1738678243992 148.7488114374626 143
1738678244011 148.63301858265777 144
1738678244034 148.5176183437032 145
1738678244056 148.40260910939634 146
1738678244078 148.28798927535595 147
1738678244101 148.17375724399562 148
1738678244140 148.059911424497 149
1738678244155 147.946450232783 150
1738678244173 147.83337209149119 151
1738678244188 147.72067542994637 152
1738678244204 147.6083586841339 153
1738678244217 147.49642029667237 154
1738678244234 147.3848587167866 155
1738678244258 147.27367240028067 156
1738678244276 147.1628598095104 157
1738678244302 147.0524194133567 158
1738678244320 146.94234968719817 159
1738678244352 146.83264911288398 160
1738678244385 146.7233161787073 161
1738678244404 146.6143493793778 162
1738678244420 146.505747215995 163
1738678244438 146.39750819602148 164
1738678244462 146.28963083325579 165
1738678244488 146.1821136478062 166
1738678244510 146.07495516606343 167
1738678244530 145.96815392067467 168
1738678244558 145.86170845051677 169
1738678244584 145.75561730066988 170
1738678244605 145.6498790223912 171
1738678244653 145.54449217308863 172
1738678244672 145.43945531629473 173
1738678244690 145.33476702164066 174
1738678244709 145.23042586483027 175
1738678244742 145.12643042761403 176
1738678244757 145.02277929776366 177
1738678244776 144.91947106904598 178
1738678244800 144.81650434119774 179
1738678244821 144.71387771989998 180
1738678244849 144.61158981675283 181
1738678244897 144.50963924924994 182
1738678244918 144.40802464075352 183
1738678244937 144.30674462046935 184
1738678244957 144.2057978234216 185
1738678244978 144.10518289042818 186
1738678245013 144.0048984680759 187
1738678245032 143.90494320869576 188
1738678245052 143.80531577033847 189
1738678245077 143.70601481674996 190
1738678245108 143.60703901734703 191
1738678245135 143.50838704719314 192
1738678245161 143.41005758697423 193
1738678245179 143.3120493229747 194
1738678245214 143.2143609470534 195
1738678245236 143.1169911566198 196
1738678245263 143.0199386546104 197
1738678245293 142.92320214946486 198
1738678245319 142.82678035510256 199
1738678245343 142.73067199089917 200
1738678245371 142.63487578166334 201
1738678245395 142.53939045761328 202
1738678245422 142.44421475435382 203
1738678245448 142.34934741285338 204
1738678245470 142.25478717942067 205
1738678245499 142.16053280568224 206
1738678245519 142.0665830485596 207
1738678245533 141.97293667024653 208
1738678245547 141.8795924381863 209
1738678245561 141.78654912504973 210
1738678245578 141.6938055087124 211
1738678245596 141.60136037223242 212
1738678245612 141.50921250382834 213
1738678245633 141.41736069685717 214
1738678245650 141.32580374979221 215
1738678245666 141.2345404662011 216
1738678245691 141.14356965472436 217
1738678245719 141.0528901290533 218
1738678245749 140.9625007079086 219
1738678245772 140.8724002150187 220
1738678245794 140.78258747909857 221
1738678245808 140.69306133382804 222
1738678245823 140.60382061783093 223
1738678245838 140.5148641746535 224
1738678245856 140.42619085274376 225
1738678245876 140.33779950543016 226
1738678245905 140.249688990901 227
1738678245926 140.16185817218346 228
1738678245948 140.07430591712287 229
1738678245979 139.98703109836222 230
1738678246001 139.90003259332153 231
1738678246021 139.81330928417748 232
1738678246041 139.72686005784297 233
1738678246068 139.640683805947 234
1738678246130 139.55477942481423 235
1738678246168 139.46914581544522 236
1738678246198 139.38378188349617 237
1738678246347 139.29868653925905 238
1738678246396 139.21385869764188 239
1738678246425 139.12929727814884 240
1738678246441 139.04500120486065 241
1738678246463 138.96096940641507 242
1738678246485 138.87720081598727 243
1738678246501 138.79369437127042 244
1738678246519 138.71044901445657 245
1738678246540 138.62746369221713 246
1738678246569 138.54473735568385 247
1738678246592 138.4622689604297 248
1738678246619 138.3800574664499 249
1738678246671 138.29810183814294 250
1738678246701 138.21640104429184 251
1738678246719 138.13495405804528 252
1738678246765 138.05375985689895 253
1738678246792 137.97281742267705 254
1738678246819 137.89212574151364 255
1738678246845 137.81168380383423 256
1738678246879 137.73149060433758 257
1738678246902 137.65154514197715 258
1738678246920 137.57184641994309 259
1738678246938 137.49239344564404 260
1738678246953 137.41318523068918 261
1738678246968 137.3342207908701 262
1738678246987 137.25549914614302 263
1738678247010 137.177019320611 264
1738678247036 137.09878034250607 265
1738678247058 137.0207812441717 266
1738678247080 136.94302106204515 267
1738678247114 136.86549883663994 268
1738678247136 136.78821361252852 269
1738678247159 136.71116443832477 270
1738678247179 136.63435036666675 271
1738678247205 136.55777045419958 272
1738678247225 136.4814237615582 273
1738678247244 136.40530935335033 274
1738678247263 136.32942629813948 275
1738678247280 136.25377366842807 276
1738678247294 136.17835054064045 277
1738678247313 136.10315599510636 278
1738678247328 136.02818911604396 279
1738678247344 135.95344899154344 280
1738678247360 135.87893471355025 281
1738678247377 135.80464537784874 282
1738678247397 135.73058008404573 283
1738678247415 135.6567379355541 284
1738678247436 135.58311803957662 285
1738678247454 135.5097195070896 286
1738678247474 135.43654145282693 287
1738678247491 135.36358299526376 288
1738678247509 135.2908432566007 289
1738678247535 135.21832136274796 290
1738678247555 135.14601644330915 291
1738678247569 135.0739276315659 292
1738678247592 135.0020540644618 293
1738678247612 134.93039488258688 294
1738678247628 134.858949230162 295
1738678247647 134.7877162550234 296
1738678247661 134.71669510860715 297
1738678247684 134.6458849459337 298
1738678247702 134.57528492559265 299
1738678247721 134.50489420972755 300
1738678247736 134.4347119640205 301
1738678247752 134.3647373576772 302
1738678247769 134.29496956341185 303
1738678247786 134.2254077574321 304
1738678247803 134.1560511194241 305
1738678247819 134.08689883253763 306
1738678247837 134.01795008337143 307
1738678247853 133.9492040619583 308
1738678247875 133.8806599617504 309
1738678247891 133.8123169796048 310
1738678247919 133.74417431576865 311
1738678247943 133.67623117386503 312
1738678247968 133.60848676087826 313
1738678247992 133.54094028713956 314
1738678248020 133.47359096631288 315
1738678248051 133.4064380153805 316
1738678248075 133.3394806546289 317
1738678248097 133.2727181076347 318
1738678248128 133.20614960125042 319
1738678248152 133.13977436559068 320
1738678248171 133.07359163401816 321
1738678248191 133.00760064312965 322
1738678248212 132.9418006327424 323
1738678248229 132.87619084588013 324
1738678248252 132.8107705287595 325
1738678248274 132.74553893077643 326
1738678248287 132.68049530449238 327
1738678248308 132.615638905621 328
1738678248323 132.55096899301458 329
1738678248336 132.4864848286506 330
1738678248352 132.42218567761833 331
1738678248368 132.35807080810577 332
1738678248393 132.2941394913861 333
1738678248417 132.23039100180463 334
1738678248435 132.16682461676575 335
1738678248452 132.10343961671973 336
1738678248469 132.04023528514972 337
1738678248484 131.97721090855885 338
1738678248504 131.91436577645723 339
1738678248520 131.85169918134923 340
1738678248535 131.7892104187206 341
1738678248550 131.72689878702562 342
1738678248565 131.6647635876747 343
1738678248578 131.60280412502144 344
1738678248596 131.54101970635026 345
1738678248611 131.47940964186375 346
1738678248641 131.4179732446703 347
1738678248671 131.35670983077162 348
1738678248708 131.29561871905037 349
1738678248731 131.2346992312579 350
1738678248752 131.17395069200194 351
1738678248769 131.1133724287344 352
1738678248786 131.05296377173931 353
1738678248802 130.99272405412052 354
1738678248818 130.93265261178988 355
1738678248834 130.87274878345502 356
1738678248846 130.81301191060763 357
1738678248863 130.75344133751142 358
1738678248885 130.69403641119027 359
1738678248911 130.6347964814165 360
1738678248937 130.575720900699 361
1738678248958 130.51680902427188 362
1738678248976 130.45806021008235 363
1738678248998 130.3994738187795 364
1738678249024 130.34104921370255 365
1738678249050 130.28278576086942 366
1738678249074 130.2246828289653 367
1738678249096 130.16673978933142 368
1738678249126 130.10895601595323 369
1738678249143 130.05133088544963 370
1738678249171 129.9938637770614 371
1738678249202 129.93655407264012 372
1738678249221 129.879401156637 373
1738678249275 129.82240441609176 374
1738678249310 129.76556324062153 375
1738678249331 129.70887702241006 376
1738678249370 129.65234515619636 377
1738678249391 129.59596703926414 378
1738678249413 129.53974207143082 379
1738678249442 129.4836696550366 380
1738678249459 129.42774919493394 381
1738678249479 129.37198009847657 382
1738678249503 129.31636177550888 383
1738678249522 129.2608936383554 384
1738678249537 129.2055751018101 385
1738678249555 129.15040558312577 386
1738678249573 129.09538450200378 387
1738678249607 129.0405112805833 388
1738678249643 128.98578534343113 389
1738678249679 128.9312061175312 390
1738678249716 128.87677303227434 391
1738678249740 128.82248551944792 392
1738678249763 128.76834301322563 393
1738678249780 128.71434495015737 394
1738678249800 128.66049076915897 395
1738678249819 128.60677991150223 396
1738678249836 128.5532118208047 397
1738678249851 128.4997859430199 398
1738678249869 128.446501726427 399
1738678249888 128.39335862162127 400
1738678249910 128.34035608150384 401
1738678249936 128.28749356127219 402
1738678249954 128.23477051841002 403
1738678249976 128.18218641267774 404
1738678250002 128.12974070610267 405
1738678250017 128.07743286296923 406
1738678250040 128.02526234980954 407
1738678250057 127.97322863539365 408
1738678250071 127.92133119072003 409
1738678250084 127.86956948900608 410
1738678250102 127.81794300567863 411
1738678250118 127.76645121836454 412
1738678250138 127.71509360688123 413
1738678250157 127.66386965322747 414
1738678250177 127.61277884157393 415
1738678250195 127.56182065825396 416
1738678250220 127.51099459175435 417
1738678250245 127.46030013270621 418
1738678250261 127.40973677387566 419
1738678250286 127.35930401015489 420
1738678250308 127.30900133855296 421
1738678250329 127.25882825818687 422
1738678250354 127.20878427027236 423
1738678250373 127.15886887811526 424
1738678250393 127.10908158710235 425
1738678250418 127.05942190469246 426
1738678250435 127.00988934040778 427
1738678250454 126.96048340582497 428
1738678250478 126.91120361456633 429
1738678250502 126.86204948229123 430
1738678250524 126.81302052668723 431
1738678250542 126.76411626746153 432
1738678250563 126.71533622633238 433
1738678250624 126.66667992702043 434
1738678250805 126.61814689524023 435
1738678250878 126.56973665869164 436
1738678250978 126.52144874705147 437
1738678251042 126.47328269196497 438
1738678251070 126.4252380270375 439
1738678251087 126.37731428782602 440
1738678251107 126.329511011831 441
1738678251130 126.28182773848783 442
1738678251146 126.23426400915889 443
1738678251163 126.18681936712504 444
1738678251248 126.13949335757756 445
1738678251294 126.09228552761009 446
1738678251318 126.04519542621034 447
1738678251338 125.9982226042521 448
1738678251357 125.95136661448721 449
1738678251376 125.9046270115375 450
1738678251393 125.85800335188682 451
1738678251421 125.81149519387313 452
1738678251445 125.76510209768057 453
1738678251492 125.7188236253316 454
1738678251519 125.6726593406791 455
1738678251533 125.62660880939863 456
1738678251552 125.58067159898063 457
1738678251568 125.53484727872268 458
1738678251585 125.48913541972179 459
1738678251602 125.44353559486672 460
1738678251620 125.39804737883034 461
1738678251651 125.35267034806205 462
1738678251678 125.30740408078012 463
1738678251710 125.26224815696428 464
1738678251735 125.21720215834807 465
1738678251758 125.17226566841144 466
1738678251785 125.12743827237331 467
1738678251819 125.08271955718406 468
1738678251845 125.03810911151828 469
1738678251876 124.99360652576733 470
1738678251901 124.94921139203201 471
1738678251925 124.90492330411537 472
1738678251954 124.86074185751526 473
1738678251978 124.81666664941737 474
1738678252024 124.77269727868776 475
1738678252053 124.7288333458659 476
1738678252079 124.68507445315744 477
1738678252101 124.64142020442712 478
1738678252162 124.59787020519171 479
1738678252180 124.55442406261292 480
1738678252219 124.51108138549047 481
1738678252236 124.46784178425503 482
1738678252256 124.42470487096129 483
1738678252284 124.38167025928107 484
1738678252308 124.3387375644964 485
1738678252335 124.29590640349261 486
1738678252369 124.25317639475159 487
1738678252391 124.21054715834491 488
1738678252424 124.1680183159271 489
1738678252447 124.12558949072881 490
1738678252470 124.08326030755019 491
1738678252494 124.04103039275417 492
1738678252524 123.99889937425978 493
1738678252546 123.95686688153553 494
1738678252577 123.9149325455928 495
1738678252602 123.87309599897927 496
1738678252623 123.83135687577239 497
1738678252644 123.78971481157278 498
1738678252659 123.74816944349793 499
