1738678278052 165.39854857758766 0
1738678278083 163.82374623957844 1
1738678278115 161.00013614527236 2
1738678278132 157.21525545237387 3
1738678278154 152.7719449212206 4
1738678278173 147.96286905685793 5
1738678278200 143.05069942598473 6
1738678278231 138.25441162022165 7
1738678278280 133.74158663805298 8
1738678278325 129.62616088805626 9
1738678278341 125.97074982211876 10
1738678278358 122.79247978077281 11
1738678278373 120.07119184066536 12
1738678278394 117.75891336496298 13
1738678278413 115.78960566993014 14
1738678278432 114.08836555137135 15
1738678278444 112.57946025567134 16
1738678278457 111.19278770523053 17
1738678278470 109.86855763663141 18
1738678278485 108.56017024161315 19
1738678278501 107.23541695192222 20
1738678278519 105.87623771593572 21
1738678278532 104.47733909516228 22
1738678278562 103.04400979613311 23
1738678278581 101.58946948758506 24
1738678278602 100.13205931617169 25
1738678278624 98.6925357120107 26
1738678278647 97.2916703067787 27
1738678278664 95.94829504268135 28
1738678278680 94.67786886821257 29
1738678278702 93.49158559805926 30
1738678278718 92.39599497895252 31
1738678278734 91.39307277817657 32
1738678278755 90.48065153609758 33
1738678278773 89.65311113590157 34
1738678278789 88.90222631691864 35
1738678278811 88.2180748653424 36
1738678278825 87.58992328941301 37
1738678278845 87.00702405322316 38
1738678278868 86.45927772944246 39
1738678278881 85.9377328136885 40
1738678278898 85.43491385665624 41
1738678278913 84.94498386332745 42
1738678278928 84.46375885777618 43
1738678278945 83.98860079723373 44
1738678278967 83.51821967277037 45
1738678278994 83.05241697188636 46
1738678279010 82.59180122038448 47
1738678279026 82.13750271108023 48
1738678279039 81.69090945839166 49
1738678279056 81.2534405685427 50
1738678279075 80.82636719656648 51
1738678279093 80.41068558262798 52
1738678279113 80.00704170700969 53
1738678279131 79.61570313027286 54
1738678279146 79.2365707212609 55
1738678279163 78.86922123689382 56
1738678279192 78.51297102783194 57
1738678279214 78.16695135796692 58
1738678279240 77.83018675402785 59
1738678279261 77.50166923430109 60
1738678279289 77.18042299238353 61
1738678279301 76.86555593946072 62
1738678279318 76.55629627212828 63
1738678279340 76.25201380402035 64
1738678279359 75.95222708997755 65
1738678279376 75.65659833189007 66
1738678279398 75.36491867208586 67
1738678279418 75.077086769561 68
1738678279435 74.79308355579957 69
1738678279450 74.51294583519947 70
1738678279467 74.23674099315735 71
1738678279483 73.96454456721642 72
1738678279505 73.69642188403517 73
1738678279520 73.4324144200264 74
1738678279552 73.17253104843768 75
1738678279571 72.91674392051068 76
1738678279593 72.66498841118732 77
1738678279612 72.41716634740646 78
1738678279634 72.17315162650365 79
1738678279674 71.93279731314443 80
1738678279689 71.695943359845 81
1738678279706 71.46242420966645 82
1738678279723 71.23207569034196 83
1738678279737 71.00474077793574 84
1738678279756 70.78027397830392 85
1738678279773 70.55854423238719 86
1738678279787 70.33943638655357 87
1738678279800 70.12285137539192 88
1738678279813 69.90870533861681 89
1738678279827 69.69692793626139 90
1738678279846 69.48746013976925 91
1738678279860 69.28025176541755 92
1738678279877 69.07525898628484 93
1738678279892 68.8724420157487 94
1738678279909 68.67176310517202 95
1738678279926 68.47318494637013 96
1738678279942 68.27666952011501 97
1738678279959 68.08217738873513 98
1738678279974 67.88966739607608 99
1738678279991 67.69909671286774 100
1738678280008 67.51042115008131 101
1738678280025 67.32359565652507 102
1738678280043 67.1385749184866 103
1738678280060 66.95531398705248 104
1738678280075 66.77376887100483 105
1738678280088 66.59389704808427 106
1738678280101 66.41565786322998 107
1738678280119 66.23901279772235 108
1738678280135 66.06392560683457 109
1738678280151 65.89036233486411 110
1738678280167 65.71829122482545 111
1738678280189 65.54768254551051 112
1738678280204 65.37850836119686 113
1738678280221 65.21074226934303 114
1738678280245 65.04435912962555 115
1738678280264 64.87933480418971 116
1738678280277 64.71564592456818 117
1738678280294 64.55326969589589 118
1738678280309 64.39218374427986 119
1738678280323 64.2323660088354 120
1738678280341 64.07379467624564 121
1738678280364 63.91644815289434 122
1738678280383 63.7603050677311 123
1738678280397 63.60534429802488 124
1738678280412 63.45154500996325 125
1738678280428 63.2988867065213 126
1738678280445 63.147349275993854 127
1738678280466 62.99691303588663 128
1738678280479 62.847558768328916 129
1738678280493 62.699267744655316 130
1738678280513 62.55202173818664 131
1738678280611 62.40580302542977 132
1738678280625 62.26059437685595 133
1738678280649 62.11637903908015 134
1738678280671 61.973140710650775 135
1738678280689 61.83086351379162 136
1738678280704 61.68953196435524 137
1738678280717 61.54913094199541 138
1738678280737 61.40964566220062 139
1738678280753 61.271061651399876 140
1738678280767 61.13336472590481 141
1738678280813 60.99654097502612 142
1738678280835 60.860576748329294 143
1738678280850 60.72545864669259 144
1738678280872 60.59117351661144 145
1738678280889 60.45770844705914 146
1738678280909 60.32505076815829 147
1738678280926 60.19318805093145 148
1738678280941 60.06210810746747 149
1738678280968 59.931798990947925 150
1738678280993 59.802248995107924 151
1738678281013 59.67344665284521 152
1738678281035 59.545380733825816 153
1738678281059 59.41804024105532 154
1738678281078 59.29141440648485 155
1738678281107 59.16549268579523 156
1738678281131 59.04026475255228 157
1738678281152 58.91572049194949 158
1738678281170 58.79184999435628 159
1738678281196 58.66864354887362 160
1738678281211 58.54609163706963 161
1738678281223 58.424184927029025 162
1738678281240 58.30291426780908 163
1738678281258 58.18227068435345 164
1738678281280 58.062245372876596 165
1738678281295 57.94282969670033 166
1738678281314 57.82401518249857 167
1738678281332 57.7057935168903 168
1738678281353 57.588156543311186 169
1738678281367 57.47109625909249 170
1738678281387 57.3546048126798 171
1738678281407 57.23867450093233 172
1738678281424 57.1232977664545 173
1738678281437 57.0084671949247 174
1738678281450 56.89417551239854 175
1738678281470 56.78041558257627 176
1738678281483 56.66718040403437 177
1738678281496 56.55446310742952 178
1738678281508 56.44225695268919 179
1738678281524 56.33055532620632 180
1738678281538 56.21935173805701 181
1738678281561 56.10863981925947 182
1738678281589 55.99841331909031 183
1738678281605 55.88866610247109 184
1738678281622 55.77939214743453 185
1738678281651 55.670585542675774 186
1738678281664 55.562240485190465 187
1738678281679 55.454351277998065 188
1738678281696 55.34691232794649 189
1738678281723 55.23991814359191 190
1738678281738 55.13336333314669 191
1738678281755 55.02724260248769 192
1738678281774 54.92155075321766 193
1738678281795 54.81628268077259 194
1738678281811 54.711433372569346 195
1738678281828 54.60699790618861 196
1738678281849 54.502971447589786 197
1738678281872 54.39934924935539 198
1738678281890 54.296126648963956 199
1738678281912 54.19329906709074 200
1738678281933 54.09086200593702 201
1738678281948 53.988811047588435 202
1738678281975 53.88714185240375 203
1738678282005 53.78585015743497 204
1738678282020 53.684931774879765 205
1738678282051 53.58438259056716 206
1738678282072 53.4841985624768 207
1738678282088 53.38437571929198 208
1738678282118 53.28491015898617 209
1738678282136 53.185798047442546 210
1738678282158 53.08703561710568 211
1738678282177 52.98861916566444 212
1738678282199 52.89054505476499 213
1738678282222 52.792809708752515 214
1738678282238 52.69540961344079 215
1738678282267 52.598341314908 216
1738678282284 52.50160141831831 217
1738678282304 52.40518658676758 218
1738678282318 52.30909354015291 219
1738678282332 52.21331905406498 220
1738678282345 52.117859958702766 221
1738678282368 52.02271313781004 222
1738678282382 51.927875527633255 223
1738678282395 51.8333441159005 224
1738678282408 51.739115940821186 225
1738678282422 51.64518809010622 226
1738678282447 51.5515577000082 227
1738678282468 51.458221954381806 228
1738678282483 51.36517808376344 229
1738678282504 51.272423364470264 230
1738678282533 51.17995511771819 231
1738678282547 51.08777070875823 232
1738678282560 50.99586754603113 233
1738678282577 50.90424308033959 234
1738678282594 50.81289480403786 235
1738678282611 50.72182025023814 236
1738678282624 50.63101699203349 237
1738678282644 50.54048264173672 238
1738678282658 50.450214850135005 239
1738678282684 50.36021130575971 240
1738678282699 50.270469734171115 241
1738678282715 50.1809878972577 242
1738678282733 50.091763592549746 243
1738678282755 50.00279465254668 244
1738678282772 49.914078944058254 245
1738678282793 49.82561436755883 246
1738678282811 49.737398856555 247
1738678282828 49.64943037696572 248
1738678282845 49.56170692651517 249
1738678282869 49.474226534137856 250
1738678282886 49.38698725939578 251
1738678282907 49.299987191907285 252
1738678282927 49.21322445078761 253
1738678282945 49.12669718410056 254
1738678282965 49.04040356832143 255
1738678282988 48.954341807810685 256
1738678283003 48.86851013429813 257
1738678283021 48.782906806377646 258
1738678283043 48.69753010901191 259
1738678283060 48.61237835304713 260
1738678283084 48.52744987473738 261
1738678283110 48.44274303527863 262
1738678283130 48.35825622035183 263
1738678283151 48.273987839675264 264
1738678283165 48.18993632656576 265
1738678283187 48.10610013750853 266
1738678283204 48.02247775173569 267
1738678283228 47.93906767081302 268
1738678283258 47.85586841823492 269
1738678283280 47.77287853902738 270
1738678283296 47.69009659935883 271
1738678283315 47.60752118615859 272
1738678283331 47.52515090674287 273
1738678283353 47.44298438844819 274
1738678283373 47.36102027827187 275
1738678283401 47.279257242519755 276
1738678283422 47.1976939664607 277
1738678283437 47.11632915398786 278
1738678283455 47.03516152728673 279
1738678283478 46.95418982650947 280
1738678283495 46.8734128094557 281
1738678283519 46.792829251259555 282
1738678283544 46.71243794408273 283
1738678283569 46.63223769681354 284
1738678283589 46.55222733477183 285
1738678283603 46.472405699419596 286
1738678283621 46.3927716480772 287
1738678283640 46.31332405364507 288
1738678283657 46.23406180433076 289
1738678283675 46.15498380338137 290
1738678283696 46.07608896882092 291
1738678283717 45.99737623319304 292
1738678283738 45.91884454330832 293
1738678283755 45.840492859996736 294
1738678283778 45.7623201578647 295
1738678283796 45.68432542505678 296
1738678283814 45.60650766302198 297
1738678283840 45.52886588628453 298
1738678283862 45.4513991222189 299
1738678283885 45.374106410829285 300
1738678283901 45.296986804533134 301
1738678283920 45.22003936794886 302
1738678283936 45.143263177687516 303
1738678283954 45.066657322148586 304
1738678283968 44.9902209013193 305
1738678283982 44.91395302657813 306
1738678283996 44.83785282050168 307
1738678284010 44.761919416675426 308
1738678284025 44.68615195950786 309
1738678284079 44.61054960404819 310
1738678284113 44.535111515807486 311
1738678284132 44.45983687058317 312
1738678284146 44.384724854286674 313
1738678284160 44.30977466277446 314
1738678284179 44.23498550168213 315
1738678284201 44.160356586261656 316
1738678284217 44.085887141221534 317
1738678284251 44.011576400570064 318
1738678284270 43.93742360746139 319
1738678284296 43.863428014044494 320
1738678284328 43.78958888131493 321
1738678284345 43.7159054789693 322
1738678284374 43.64237708526243 323
1738678284391 43.56900298686716 324
1738678284415 43.49578247873673 325
1738678284429 43.42271486396966 326
1738678284453 43.34979945367714 327
1738678284476 43.27703556685285 328
1738678284490 43.204422530245104 329
1738678284502 43.13195967823139 330
1738678284516 43.05964635269521 331
1738678284534 42.98748190290505 332
1738678284555 42.91546568539567 333
1738678284568 42.84359706385153 334
1738678284586 42.77187540899227 335
1738678284600 42.700300098460275 336
1738678284618 42.62887051671031 337
1738678284639 42.55758605490115 338
1738678284657 42.4864461107891 339
1738678284674 42.41545008862351 340
1738678284690 42.34459739904407 341
1738678284710 42.27388745898007 342
1738678284728 42.20331969155133 343
1738678284744 42.13289352597101 344
1738678284766 42.0626083974501 345
1738678284785 41.99246374710366 346
1738678284801 41.922459021858614 347
1738678284818 41.85259367436334 348
1738678284848 41.78286716289877 349
1738678284862 41.713278951291045 350
1738678284879 41.64382850882582 351
1738678284895 41.574515310163946 352
1738678284914 41.505338835258776 353
1738678284935 41.436298569274825 354
1738678284953 41.36739400250788 355
1738678284970 41.2986246303066 356
1738678284997 41.22998995299533 357
1738678285020 41.16148947579843 358
1738678285043 41.09312270876581 359
1738678285060 41.02488916669985 360
1738678285079 40.956788369083505 361
1738678285100 40.88881984000973 362
1738678285118 40.82098310811213 363
1738678285136 40.75327770649674 364
1738678285162 40.68570317267509 365
1738678285177 40.61825904849834 366
1738678285196 40.550944880092615 367
1738678285213 40.48376021779542 368
1738678285236 40.416704616093114 369
1738678285254 40.34977763355957 370
1738678285281 40.282978832795806 371
1738678285312 40.216307780370585 372
1738678285331 40.14976404676221 373
1738678285345 40.08334720630115 374
1738678285365 40.01705683711375 375
1738678285382 39.9508925210668 376
1738678285398 39.884853843713145 377
1738678285420 39.818940394238155 378
1738678285442 39.75315176540714 379
1738678285462 39.68748755351361 380
1738678285483 39.62194735832845 381
1738678285500 39.55653078304992 382
1738678285517 39.491237434254586 383
1738678285538 39.42606692184886 384
1738678285565 39.361018859021605 385
1738678285584 39.29609286219747 386
1738678285607 39.231288550990804 387
1738678285626 39.166605548160625 388
1738678285640 39.1020434795662 389
1738678285660 39.03760197412327 390
1738678285682 38.97328066376128 391
1738678285708 38.909079183381 392
1738678285730 38.844997170813066 393
1738678285750 38.78103426677713 394
1738678285776 38.71719011484167 395
1738678285804 38.65346436138453 396
1738678285825 38.58985665555401 397
1738678285846 38.526366649230646 398
1738678285862 38.46299399698972 399
1738678285885 38.39973835606412 400
1738678285910 38.336599386308166 401
1738678285939 38.27357675016164 402
1738678285954 38.21067011261475 403
1738678285969 38.14787914117343 404
1738678285983 38.08520350582527 405
1738678285998 38.02264287900609 406
1738678286012 37.96019693556689 407
1738678286026 37.89786535274151 408
1738678286041 37.83564781011463 409
1738678286062 37.773543989590436 410
1738678286077 37.71155357536176 411
1738678286103 37.64967625387964 412
1738678286124 37.58791171382341 413
1738678286141 37.52625964607135 414
1738678286166 37.46471974367162 415
1738678286180 37.40329170181392 416
1738678286193 37.34197521780132 417
1738678286208 37.280769991022716 418
1738678286222 37.21967572292571 419
1738678286240 37.15869211698982 420
1738678286256 37.09781887870028 421
1738678286271 37.03705571552206 422
1738678286289 36.976402336874415 423
1738678286314 36.91585845410589 424
1738678286329 36.855423780469515 425
1738678286357 36.79509803109863 426
1738678286371 36.7348809229829 427
1738678286391 36.6747721749448 428
1738678286404 36.61477150761646 429
1738678286419 36.554878643416835 430
1738678286439 36.49509330652928 431
1738678286453 36.43541522287943 432
1738678286473 36.37584412011344 433
1738678286489 36.31637972757656 434
1738678286510 36.25702177629207 435
1738678286530 36.19776999894047 436
1738678286545 36.13862412983909 437
1738678286564 36.0795839049219 438
1738678286578 36.02064906171973 439
1738678286601 35.961819339340735 440
1738678286615 35.9030944784512 441
1738678286629 35.84447422125659 442
1738678286644 35.78595831148293 443
1738678286658 35.72754649435842 444
1738678286678 35.66923851659545 445
1738678286695 35.61103412637268 446
1738678286712 35.55293307331762 447
1738678286735 35.49493510848931 448
1738678286759 35.43703998436131 449
1738678286773 35.379247454805025 450
1738678286790 35.32155727507313 451
1738678286806 35.26396920178339 452
1738678286822 35.20648299290259 453
1738678286842 35.14909840773087 454
1738678286867 35.091815206886075 455
1738678286883 35.03463315228862 456
1738678286904 34.97755200714626 457
1738678286924 34.920571535939374 458
1738678286946 34.86369150440629 459
1738678286960 34.806911679528866 460
1738678286979 34.75023182951837 461
1738678286996 34.6936517238014 462
1738678287018 34.63717113300623 463
1738678287036 34.580789828949115 464
1738678287054 34.52450758462103 465
1738678287082 34.468324174174406 466
1738678287099 34.41223937291022 467
1738678287119 34.356252957265156 468
1738678287140 34.300364704799044 469
1738678287157 34.24457439418238 470
1738678287174 34.18888180518417 471
1738678287196 34.13328671865975 472
1738678287211 34.07778891653904 473
1738678287242 34.02238818181474 474
1738678287258 33.9670842985308 475
1738678287275 33.91187705177103 476
1738678287306 33.85676622764795 477
1738678287330 33.80175161329168 478
1738678287349 33.74683299683903 479
1738678287367 33.69201016742285 480
1738678287386 33.63728291516133 481
1738678287407 33.582651031147684 482
1738678287424 33.52811430743977 483
1738678287441 33.473672537050035 484
1738678287458 33.41932551393544 485
1738678287474 33.36507303298771 486
1738678287489 33.31091489002352 487
1738678287507 33.25685088177498 488
1738678287520 33.20288080588021 489
1738678287534 33.149004460873996 490
1738678287552 33.095221646178615 491
1738678287570 33.041532162094846 492
1738678287583 32.98793580979298 493
1738678287599 32.93443239130408 494
1738678287613 32.88102170951128 495
1738678287627 32.82770356814125 496
1738678287644 32.774477771755784 497
1738678287658 32.72134412574342 498
1738678287676 32.66830243631136 499
