1738826196384 79.82187157451902 0
1738826196434 136.2862205575736 1
1738826196483 134.176668971321 2
1738826196531 151.65983644370704 3
1738826196579 120.31335729140594 4
1738826196627 280.5928906811889 5
1738826196675 189.5378721938179 6
1738826196722 207.13159266507608 7
1738826196770 195.65826990415346 8
1738826196817 166.3109152655021 9
1738826196864 152.12417022020085 10
1738826196915 176.12917987944786 11
1738826196962 177.18794806495208 12
1738826197010 230.09097391752223 13
1738826197057 192.6405299777165 14
1738826197105 152.34509035818576 15
1738826197152 172.6879189757609 16
1738826197198 127.70771821500857 17
1738826197245 100.56048995939338 18
1738826197292 169.64147709379012 19
1738826197338 205.13521605871819 20
1738826197384 168.3262402034749 21
1738826197430 149.4601652068615 22
1738826197475 119.95807387090376 23
1738826197521 208.57150401715973 24
1738826197567 83.9240741734385 25
1738826197613 141.216113139872 26
1738826197659 137.83399958219076 27
1738826197705 324.3876952295796 28
1738826197751 143.3246927485603 29
1738826197797 145.29547568556728 30
1738826197842 162.06127199394197 31
1738826197888 313.95975266665846 32
1738826197934 140.0921833822025 33
1738826197979 192.54230438198613 34
1738826198025 197.03959394849898 35
1738826198070 318.43858664506456 36
1738826198114 203.57719228599066 37
1738826198159 192.32731849880807 38
1738826198205 156.5131398685913 39
1738826198250 180.60585832479507 40
1738826198296 151.70306262855448 41
1738826198341 155.88034494403297 42
1738826198387 143.81847893915239 43
1738826198436 152.1200591520884 44
1738826198484 139.36482285866134 45
1738826198532 211.60024789490117 46
1738826198580 178.8086401180053 47
1738826198626 153.49134368405234 48
1738826198673 170.6388138629865 49
1738826198720 166.36874511027796 50
1738826198769 149.47227806995386 51
1738826198817 153.39955091191965 52
1738826198865 168.45022954350097 53
1738826198914 182.05069772306098 54
1738826198962 288.54976792521865 55
1738826199010 171.2367415062093 56
1738826199058 224.1234097545891 57
1738826199103 191.2391886087694 58
1738826199148 193.2438035385809 59
1738826199195 179.56256415475602 60
1738826199241 186.11355357679955 61
1738826199287 183.72781058586503 62
1738826199333 174.72039882033093 63
1738826199379 172.19242656356116 64
1738826199426 136.8389160930827 65
1738826199471 156.57939015144234 66
1738826199517 163.4352741194129 67
1738826199562 244.62886377850722 68
1738826199608 172.644705576276 69
1738826199653 173.89684589277962 70
1738826199700 113.16366758052965 71
1738826199745 158.9978788220243 72
1738826199790 123.15450701442256 73
1738826199837 193.17860184161484 74
1738826199884 171.07786695306777 75
1738826199930 185.41393099595592 76
1738826199975 195.64158515220038 77
1738826200021 181.55921217939724 78
1738826200068 52.31796381057855 79
1738826200115 166.52987129969478 80
1738826200162 180.0013582822286 81
1738826200208 183.9121530946245 82
1738826200254 146.1492611139605 83
1738826200300 147.4622347562348 84
1738826200345 172.09787373041272 85
1738826200391 148.62374390722636 86
1738826200437 130.21145744433704 87
1738826200482 132.31347055448114 88
1738826200528 198.75291651071223 89
1738826200574 271.62115106116914 90
1738826200620 155.81976051887258 91
1738826200666 183.1587340458904 92
1738826200712 168.41928954789674 93
1738826200759 101.92236399644472 94
1738826200805 145.11371784123796 95
1738826200850 370.49536581733975 96
1738826200896 160.1240735788206 97
1738826200943 139.5802144583076 98
1738826200990 135.59208950493533 99
1738826201035 159.75024373638846 100
1738826201084 127.98378826975656 101
1738826201132 186.25415652119622 102
1738826201178 218.1129657638709 103
1738826201223 192.9431390479187 104
1738826201269 190.94441535983213 105
1738826201315 173.0925553735142 106
1738826201363 126.2499512139571 107
1738826201415 169.93722276297575 108
1738826201463 99.32483139179547 109
1738826201510 162.83533457429473 110
1738826201556 178.42798018311058 111
1738826201602 160.7880623903316 112
1738826201647 129.78230521643607 113
1738826201693 183.45233130000952 114
1738826201740 188.36148784732842 115
1738826201786 163.3550899535725 116
1738826201832 176.16257605101177 117
1738826201879 168.37836877222043 118
1738826201925 155.42895564150194 119
1738826201971 203.01427999537964 120
1738826202017 187.4145041842445 121
1738826202063 118.77473226276136 122
1738826202112 201.00328933459315 123
1738826202165 88.3220084328918 124
1738826202213 214.92043408545177 125
1738826202261 173.7160591570352 126
1738826202308 195.65127237370152 127
1738826202354 177.9062870771853 128
1738826202401 292.6851463836137 129
1738826202447 122.66649256970845 130
1738826202492 185.59610193468907 131
1738826202548 171.49067617948964 132
1738826202600 191.88968189603824 133
1738826202648 108.5949404250143 134
1738826202697 166.03244749397902 135
1738826202745 126.53455760727796 136
1738826202792 190.2090328502673 137
1738826202838 241.34316075314013 138
1738826202883 150.18522483471023 139
1738826202930 164.05498960487978 140
