1738679950364 168.7293723677903 0
1738679950405 159.5625719603859 1
1738679950446 169.8699180584195 2
1738679950486 175.14922516918637 3
1738679950526 181.26070422672512 4
1738679950568 167.287190763505 5
1738679950610 174.681913800797 6
1738679950653 171.9366636143904 7
1738679950695 172.35562341560794 8
1738679950736 169.49643132769847 9
1738679950776 166.69475231900287 10
1738679950819 164.78583563607782 11
1738679950861 181.14666443341272 12
1738679950902 177.03618324562237 13
1738679950942 183.29189747528125 14
1738679950982 176.21418642786608 15
1738679951022 174.5024459533646 16
1738679951063 173.56297189411802 17
1738679951103 140.8633924015956 18
