1738825270845 156.86558224337952 0
1738825270879 135.34949113248604 1
1738825270912 173.28403532554293 2
1738825270946 166.06909397056137 3
1738825270980 157.82115617021194 4
1738825271016 171.99470782333373 5
1738825271050 207.29526521534714 6
1738825271083 169.20985824764782 7
1738825271115 158.0268524314373 8
1738825271148 148.2255088525216 9
1738825271182 147.07557060837462 10
1738825271215 175.29157375425729 11
1738825271247 165.34537511246927 12
1738825271281 169.1857498785573 13
1738825271316 154.70019424355164 14
1738825271349 159.11063212632044 15
1738825271382 172.98807118740544 16
1738825271416 165.33395610264537 17
1738825271449 152.7041005861113 18
1738825271482 178.11136632171437 19
1738825271514 173.49510609764724 20
1738825271548 181.4060875636685 21
1738825271581 184.91650904583085 22
1738825271615 145.83839017150407 23
1738825271650 171.73671916237808 24
1738825271685 165.7239054109507 25
1738825271718 155.12158319016913 26
1738825271752 165.934382888434 27
1738825271785 179.62786930077448 28
1738825271818 188.07275586505313 29
1738825271852 159.5103447011913 30
1738825271884 163.09653001078468 31
1738825271918 164.54699264283403 32
1738825271951 174.38827446765623 33
1738825271984 193.52325433435678 34
1738825272017 176.08146383844053 35
1738825272050 143.97007286678797 36
1738825272083 182.6429923760326 37
1738825272116 193.3890131085699 38
1738825272149 153.26875548508988 39
1738825272182 175.76771831681057 40
1738825272216 177.52466241352818 41
1738825272250 196.31882675334023 42
1738825272284 177.16646154158272 43
1738825272317 168.53215254915315 44
1738825272350 180.8038192656603 45
1738825272383 137.1276031137071 46
1738825272415 169.3591622881157 47
1738825272448 160.61342733376358 48
1738825272480 168.4976238385237 49
1738825272515 162.40772291305223 50
1738825272549 168.8332832980626 51
1738825272582 177.420590625281 52
1738825272616 152.17266129169735 53
1738825272648 137.30081727743143 54
1738825272681 153.67754599666634 55
1738825272714 166.8531104766606 56
1738825272748 169.52381835405924 57
1738825272781 176.08535212029102 58
1738825272815 176.52640324597843 59
1738825272848 164.49764314929135 60
1738825272881 166.02195374845934 61
1738825272918 151.66892763717885 62
1738825272952 149.43276245092943 63
1738825272985 137.79943379295088 64
1738825273019 147.9680917885475 65
1738825273052 163.98513191098536 66
1738825273085 202.25149162747817 67
1738825273118 191.01104673224341 68
1738825273151 183.86988964148824 69
1738825273184 176.91520983675537 70
1738825273217 132.01246158335633 71
1738825273250 171.69665506158196 72
1738825273283 159.03870527367167 73
1738825273316 174.6620845716147 74
1738825273349 179.5167909391956 75
1738825273381 174.71182777183705 76
1738825273414 175.30780058554126 77
1738825273447 151.69596247748478 78
1738825273481 173.05063085922635 79
1738825273515 200.40387719354464 80
1738825273549 169.09944437416632 81
1738825273582 166.66937116971982 82
1738825273615 161.47817615797842 83
1738825273647 172.5610738526067 84
1738825273681 172.90839971231054 85
1738825273714 150.74631740381622 86
1738825273748 215.2477750217174 87
1738825273783 186.66408093833076 88
1738825273817 165.16662394109974 89
1738825273851 173.76293109408874 90
1738825273883 171.38068688280336 91
1738825273916 180.01184991704991 92
1738825273949 153.2945519281048 93
1738825273982 161.75246561000378 94
1738825274015 169.7202347414226 95
1738825274047 149.30588533726024 96
1738825274080 162.25581026883998 97
1738825274114 138.49392364740004 98
1738825274146 159.81983443214725 99
1738825274179 130.77247564481723 100
1738825274212 165.69142063486157 101
1738825274247 172.44905679083774 102
1738825274280 160.66470032245442 103
1738825274314 173.61390767907108 104
1738825274347 180.5074516934958 105
1738825274380 166.66848653214805 106
1738825274413 167.2244652858059 107
1738825274447 172.67093071399196 108
1738825274480 162.31311495152005 109
1738825274513 176.2055428799516 110
1738825274550 157.08341923204017 111
1738825274582 141.44168422773302 112
1738825274614 171.56399111383297 113
1738825274647 180.2261323876068 114
1738825274681 159.82674651656004 115
1738825274714 170.59756798037637 116
1738825274748 158.56400768069105 117
1738825274781 153.2694930120083 118
1738825274813 167.9215508976462 119
1738825274848 161.88242897630502 120
1738825274920 128.94903455281707 121
1738825274992 163.91455036990718 122
1738825275036 176.197783486369 123
1738825275076 174.28042674684568 124
1738825275118 151.41860459961723 125
1738825275157 184.0425324106524 126
1738825275196 153.16681983305583 127
1738825275233 171.6104390363377 128
1738825275270 155.92792967217522 129
1738825275306 165.6437263429967 130
1738825275341 162.52964816392952 131
1738825275374 201.0557937249374 132
1738825275417 204.58757740653613 133
1738825275464 155.86510518466628 134
1738825275500 165.69458158700655 135
1738825275535 169.90883841041085 136
1738825275569 160.77424234490175 137
1738825275603 175.01563922622591 138
1738825275636 204.23341737560622 139
1738825275670 195.33633986785048 140
1738825275703 176.9108824060625 141
1738825275737 247.92195962843027 142
1738825275770 153.30626978155462 143
1738825275803 161.22118982338608 144
1738825275836 124.9269653799103 145
1738825275907 147.71588857315763 146
1738825275941 176.77084800850167 147
1738825275976 177.426883597721 148
1738825276009 169.05576986706902 149
1738825276043 168.8209059208221 150
1738825276076 156.49902017010902 151
1738825276108 180.34640685831118 152
1738825276141 176.7449912902925 153
1738825276174 161.34907836885625 154
1738825276207 176.75038973180827 155
1738825276240 157.23980547510823 156
1738825276273 150.7277919396346 157
1738825276307 160.74979445548388 158
1738825276340 185.23506102609525 159
1738825276376 184.0021565173999 160
1738825276412 171.01876219390843 161
1738825276447 177.55586913388606 162
1738825276482 170.74787094440237 163
1738825276518 136.8411289840367 164
1738825276554 194.34219374838102 165
1738825276593 142.32627420818463 166
1738825276628 171.84226449995958 167
1738825276664 153.89869727456735 168
1738825276698 160.34196185674966 169
1738825276731 157.29676696276954 170
1738825276764 160.88195386742316 171
1738825276797 188.09476772073143 172
1738825276830 179.89757319466372 173
1738825276864 189.2341446323257 174
1738825276897 167.49691440186646 175
1738825276930 174.09818470549232 176
1738825276963 189.93884404096772 177
1738825276997 169.85279140415872 178
1738825277030 206.3398932064795 179
1738825277063 167.184337153036 180
1738825277097 172.41775278200947 181
1738825277130 158.90228721464504 182
1738825277163 156.2776743989249 183
1738825277195 165.0781031753105 184
1738825277229 160.96949737403233 185
1738825277262 150.92931371502652 186
1738825277295 132.75230750155424 187
1738825277328 154.75042308835793 188
1738825277361 171.60198053407652 189
1738825277395 169.16433072030094 190
1738825277428 160.0531187454785 191
1738825277461 154.8454940734281 192
1738825277494 175.64335215186256 193
1738825277527 176.13752068560547 194
1738825277560 160.6370629506583 195
1738825277593 154.7957831128232 196
1738825277626 187.72939138341033 197
1738825277659 146.9258611082535 198
1738825277692 166.52640890577555 199
1738825277726 167.86994432673455 200
1738825277759 178.86296362742175 201
1738825277792 165.10824734172522 202
1738825277825 166.92744241497775 203
1738825277858 159.79220348147717 204
1738825277891 171.37620309748058 205
1738825277924 170.58972068886214 206
1738825277957 159.1451073819366 207
1738825277990 167.65302296601035 208
1738825278023 145.51712407134514 209
1738825278056 169.63678464549673 210
1738825278088 181.90613506965175 211
1738825278121 142.2139338932192 212
1738825278154 174.2583439292787 213
1738825278187 173.11579888256634 214
1738825278220 168.98783042300354 215
1738825278254 172.9641387444974 216
1738825278287 134.4946811727186 217
1738825278320 140.9803380918299 218
1738825278353 178.4903062882377 219
1738825278386 176.37932316372837 220
1738825278419 196.53339304222092 221
1738825278452 146.91517412922175 222
1738825278485 164.1372968104733 223
1738825278518 177.10474967974 224
1738825278550 180.33300808926347 225
1738825278583 170.5304531552615 226
1738825278616 156.50132573604097 227
1738825278649 145.62811087222101 228
1738825278681 146.07290306749076 229
1738825278714 182.95793665903958 230
1738825278747 153.89983689120538 231
1738825278780 178.29634433104414 232
1738825278813 182.1559337082733 233
1738825278847 192.79908412754543 234
1738825278880 175.6597991467603 235
1738825278912 161.27719912151125 236
1738825278945 150.31506432311713 237
1738825278978 136.51871727306278 238
1738825279010 181.5055159333016 239
1738825279043 189.3781587055858 240
1738825279076 182.14880079087723 241
1738825279109 173.5796971480025 242
1738825279142 159.61852398477788 243
1738825279175 192.13597805090848 244
1738825279208 175.56622705337753 245
1738825279241 160.42851176883457 246
1738825279274 186.4789899385608 247
1738825279307 172.83077586754865 248
1738825279340 175.8487278336987 249
1738825279373 171.54587564525096 250
1738825279406 166.40502168865535 251
1738825279439 164.62836534714367 252
1738825279471 174.00014852413244 253
1738825279504 187.44820260197437 254
1738825279537 188.31376265208925 255
1738825279569 168.57075212090666 256
1738825279602 186.77575191712052 257
1738825279635 151.1663462572835 258
1738825279668 175.9938737509235 259
1738825279701 174.30312125496712 260
1738825279734 156.35907748762196 261
1738825279767 177.88907443210144 262
1738825279800 181.7439769559468 263
1738825279832 171.63001003082425 264
1738825279865 148.9167131043916 265
1738825279897 219.38353701137677 266
1738825279930 173.95928067572305 267
1738825279963 166.50447941407202 268
1738825279996 184.30117545916008 269
1738825280029 167.32999442841563 270
1738825280061 169.54246941010175 271
1738825280094 166.60749008218178 272
1738825280126 157.34940260157552 273
1738825280159 174.40212254612626 274
1738825280192 177.29042311777852 275
1738825280225 166.56832925913227 276
1738825280257 170.25148105930273 277
1738825280290 188.58800390063914 278
1738825280323 171.77466828088936 279
1738825280356 148.92757203971018 280
1738825280389 191.3815045711834 281
1738825280422 147.00477746270832 282
1738825280463 191.03523050536768 283
1738825280500 165.9806625242966 284
1738825280535 162.03856134385038 285
1738825280571 174.11246631269057 286
1738825280606 177.80882117610096 287
1738825280642 173.5758664374916 288
1738825280678 161.16672159028354 289
1738825280713 143.77436031049925 290
1738825280748 161.76162407081839 291
1738825280784 166.73798094783808 292
1738825280819 173.2727673313917 293
1738825280855 158.04107605824234 294
1738825280890 145.47011448166998 295
1738825280925 186.8887287906855 296
1738825280961 169.3664332640318 297
1738825280996 162.07165409369742 298
1738825281032 177.32324936326089 299
1738825281067 173.1795528230619 300
1738825281102 153.61487890793515 301
1738825281137 159.05915439261588 302
1738825281173 192.9669999621386 303
1738825281209 170.8375654626218 304
1738825281245 165.72307802168038 305
1738825281281 173.9728440682816 306
1738825281318 169.91525801337733 307
1738825281353 170.12035058866516 308
1738825281389 185.19246485648083 309
1738825281424 159.43474613173294 310
1738825281459 152.09726368997795 311
1738825281494 163.54672608402365 312
1738825281529 178.66726049742996 313
1738825281566 158.9985967905619 314
1738825281602 161.82726074956415 315
1738825281637 165.66490103428305 316
1738825281673 181.4374516619667 317
1738825281707 167.94991305562243 318
1738825281742 173.2280056872244 319
1738825281775 129.53003906632625 320
1738825281808 204.0502710942183 321
1738825281840 156.60885540459907 322
1738825281873 198.66633397708304 323
1738825281905 184.7469349064342 324
1738825281938 175.4661936681334 325
1738825281971 158.43342959320069 326
1738825282003 149.5130822516127 327
1738825282036 173.9966293431502 328
1738825282068 146.74100031923408 329
1738825282101 174.3900795901069 330
1738825282133 201.34291942051902 331
1738825282166 193.0615260318702 332
1738825282199 162.41523881705695 333
1738825282232 130.85541668883144 334
1738825282264 167.7911162005042 335
1738825282297 187.83692095398374 336
1738825282330 184.0931553649329 337
1738825282363 169.34135131950356 338
1738825282396 167.61113035653037 339
1738825282429 161.31664219379746 340
1738825282461 142.78952253204707 341
1738825282494 152.01386860177567 342
1738825282527 171.4352358401417 343
1738825282560 171.53213626144944 344
1738825282592 171.47269677064156 345
1738825282624 182.75775795327962 346
1738825282657 159.78877580062388 347
1738825282689 162.26881627318326 348
1738825282723 174.52727010357953 349
1738825282755 156.1656314642474 350
1738825282788 195.81213376709655 351
1738825282820 215.83011023316308 352
1738825282853 188.6689880824221 353
1738825282886 158.79107700001487 354
1738825282918 163.8871786365961 355
1738825282951 177.28229915571822 356
1738825282983 154.34677504627732 357
1738825283016 174.3774379851532 358
1738825283048 147.4238443317606 359
1738825283081 167.71766713449378 360
1738825283114 176.77944696483348 361
1738825283147 173.2867586821495 362
1738825283179 179.4237078489696 363
1738825283212 180.7794669254364 364
1738825283246 151.55126601171705 365
1738825283279 157.60034445928264 366
1738825283312 179.66756303606297 367
1738825283345 174.80873385180533 368
1738825283379 165.70172117653456 369
1738825283412 201.3342101833788 370
1738825283445 193.141167055677 371
1738825283478 215.1273718654028 372
1738825283510 141.062944174556 373
1738825283556 181.46852211734085 374
1738825283591 156.51737333098154 375
1738825283624 174.1241217451655 376
1738825283656 168.40818918287712 377
1738825283689 175.90158496407875 378
1738825283722 158.083806655101 379
1738825283755 162.87149684145476 380
1738825283788 173.32823873598014 381
1738825283821 194.71122267057908 382
1738825283854 167.86440964563315 383
1738825283887 130.05307799116056 384
1738825283919 158.5019259034748 385
1738825283952 154.1339658417853 386
1738825283985 174.39216066556506 387
1738825284018 180.08789356303384 388
1738825284051 169.63064440785817 389
1738825284083 180.1407584681485 390
1738825284116 186.78220810094115 391
1738825284149 165.83259427315184 392
1738825284181 163.45030811278565 393
1738825284214 166.13040470807005 394
1738825284247 197.94031485912868 395
1738825284279 184.5870861112733 396
1738825284312 139.5842190992003 397
1738825284345 166.12760017401556 398
1738825284378 168.31101455381028 399
1738825284411 136.96426967993986 400
1738825284445 160.07155893295348 401
1738825284479 162.02116799274745 402
1738825284512 153.4338862066068 403
1738825284545 168.74382013210277 404
1738825284578 156.41567161620634 405
1738825284610 172.25250549385885 406
1738825284643 137.35229796561993 407
1738825284675 210.59957535864268 408
1738825284708 172.7208925991242 409
1738825284741 155.326557406647 410
1738825284774 157.76972210624226 411
1738825284807 159.58657227512887 412
1738825284839 170.53356381033004 413
1738825284873 152.07050704164533 414
1738825284906 188.73637154789364 415
1738825284938 172.3126878733958 416
1738825284971 173.7146286912646 417
1738825285004 180.50618910054658 418
1738825285037 186.9162868912636 419
1738825285069 160.55531143062043 420
1738825285102 155.56377107697028 421
1738825285134 185.4508226546317 422
1738825285167 181.26152315894603 423
1738825285200 186.50169307972007 424
1738825285233 166.80156304951421 425
1738825285266 301.9951497394156 426
1738825285299 167.38417870295376 427
1738825285332 179.65354190874552 428
1738825285365 232.34752532813334 429
1738825285398 169.5832863007547 430
1738825285431 147.67299809079074 431
1738825285464 178.1624055985768 432
1738825285497 167.87841721836702 433
1738825285531 173.74960511892942 434
1738825285564 175.2160610559128 435
1738825285598 187.9760050375446 436
1738825285630 176.83086420593523 437
1738825285663 180.11280481035737 438
1738825285696 173.36444296724807 439
1738825285729 154.72337463507745 440
1738825285762 172.3507750614968 441
1738825285796 170.5957345051338 442
1738825285829 150.6433754491586 443
1738825285863 179.79669448039346 444
1738825285896 184.5296200075397 445
1738825285944 177.8594066996199 446
1738825285993 175.9615974237202 447
1738825286040 178.8607778983751 448
1738825286077 164.60801630990412 449
1738825286112 157.46246025021892 450
1738825286147 163.6535022186504 451
1738825286181 149.41447677492593 452
1738825286216 184.4636782361148 453
1738825286250 165.31949178245873 454
1738825286285 179.77694505237386 455
1738825286320 170.84215728879522 456
1738825286353 174.88621986976665 457
1738825286386 167.30002519381836 458
1738825286428 158.9948505555298 459
1738825286475 186.95298710519302 460
1738825286511 167.9593402719094 461
1738825286546 166.5445553565852 462
1738825286579 165.67650184116403 463
1738825286612 172.95611232929605 464
1738825286646 166.8014248836324 465
1738825286678 170.55014267594578 466
1738825286711 176.86130741527384 467
1738825286744 157.0956115060143 468
1738825286777 174.84611123522225 469
1738825286809 238.04053995655872 470
1738825286842 163.9208343524316 471
1738825286875 152.71041593406034 472
1738825286907 153.53395612523127 473
1738825286940 176.51654950308526 474
1738825286973 170.8060241997882 475
1738825287006 170.50996559213704 476
1738825287039 176.66719995692233 477
1738825287072 169.33153160267912 478
1738825287104 166.2169042921919 479
1738825287137 197.3507027730042 480
1738825287169 162.0205735139006 481
1738825287202 177.769333697238 482
1738825287235 182.11101404930955 483
1738825287267 158.7433219918957 484
1738825287300 211.1147190171924 485
1738825287334 170.65935841215804 486
1738825287366 182.38561134875246 487
1738825287399 189.9392854379347 488
1738825287431 166.27923118045933 489
1738825287464 131.66130980179608 490
1738825287497 131.39613856860657 491
1738825287530 130.51452442267527 492
1738825287563 171.3632627298906 493
1738825287597 218.98791698570557 494
1738825287630 164.2409975911666 495
1738825287663 151.314018855405 496
1738825287697 170.5049235371888 497
1738825287729 180.41344281236374 498
1738825287762 164.69448808253063 499
