1738824038411 147.53474763457737 0
1738824038450 168.30840386878455 1
1738824038488 156.04197724227006 2
1738824038527 165.47398593747047 3
1738824038566 212.05679473416282 4
1738824038607 125.3335321055904 5
1738824038646 175.60194837736432 6
1738824038685 163.5936108275362 7
1738824038725 123.86704241919186 8
1738824038764 271.37464503796 9
1738824038804 93.84526184057748 10
1738824038843 119.91343487501582 11
1738824038881 161.96529323400952 12
1738824038920 178.06217338629673 13
1738824038959 203.64955213606558 14
1738824038998 200.83111171258824 15
1738824039036 168.475210143855 16
1738824039075 160.02166062759886 17
1738824039113 141.62230526737613 18
1738824039152 171.52409899356175 19
1738824039190 182.8502513690228 20
1738824039228 122.14729241858238 21
1738824039268 198.36653773596979 22
1738824039312 190.43393764496506 23
1738824039353 128.34497135363839 24
1738824039392 218.9052901195504 25
1738824039431 167.30423596476612 26
1738824039469 133.97775025387938 27
1738824039508 96.14014043340396 28
1738824039545 173.88619440705855 29
1738824039583 83.42260994543764 30
1738824039623 139.28220563928338 31
1738824039662 169.81258618787618 32
1738824039700 186.75689607168988 33
1738824039738 138.04292237398346 34
1738824039777 163.6075092658189 35
1738824039817 120.46245566639918 36
1738824039856 119.80783523029719 37
1738824039894 194.39992581621215 38
1738824039933 172.27735436321177 39
1738824039971 125.32623739544621 40
1738824040009 183.37631164370862 41
1738824040047 197.2126487960271 42
1738824040086 170.19475490173363 43
1738824040124 192.5816551827536 44
1738824040163 202.98863487511883 45
1738824040201 149.69045087681192 46
1738824040240 194.1687948731549 47
1738824040279 164.97505765770308 48
1738824040319 197.2095600221262 49
1738824040358 29.857611499551318 50
1738824040396 147.89045060290107 51
1738824040434 178.90901052813862 52
1738824040473 133.61143252137305 53
1738824040512 188.3169992051736 54
1738824040550 182.0341637971339 55
1738824040588 173.95341287979124 56
1738824040627 137.4899492031762 57
1738824040665 145.1738037923121 58
1738824040705 157.58452284680428 59
1738824040745 155.15427815685933 60
1738824040783 342.775040808249 61
1738824040822 131.61122886369648 62
1738824040861 142.05957318137104 63
1738824040900 192.22154309057962 64
1738824040939 174.54103056573592 65
1738824040978 118.63156870109 66
1738824041018 244.19873821037072 67
1738824041057 174.30157556582603 68
1738824041096 185.34693337436696 69
1738824041136 126.06566809905807 70
1738824041174 189.4932732241423 71
1738824041215 71.74043710659816 72
1738824041256 186.4633618623975 73
1738824041301 160.9193267579909 74
1738824041339 194.65112095442987 75
1738824041378 184.61283790249948 76
1738824041417 139.2887042308345 77
1738824041456 174.6392326829017 78
1738824041495 201.02751972310833 79
1738824041533 88.626143675015 80
1738824041571 208.6127868305726 81
1738824041610 163.69250708434453 82
1738824041649 186.11288237452317 83
1738824041689 119.29991833301928 84
1738824041728 166.01632047861403 85
1738824041768 129.34481737427825 86
1738824041808 146.93640867972434 87
1738824041847 198.15317993978286 88
1738824041886 177.35414042282792 89
1738824041925 195.56016808571314 90
1738824041964 198.37736952108878 91
1738824042002 271.01183145215344 92
1738824042040 176.8220190226835 93
1738824042080 168.2205712573586 94
1738824042118 81.66164265554997 95
1738824042157 163.50918975311953 96
1738824042196 208.78438699907056 97
1738824042234 133.11408301857702 98
1738824042273 298.75314484598226 99
1738824042312 307.7141848263253 100
1738824042351 164.88518026351855 101
1738824042390 143.05664202630982 102
1738824042429 166.09985613278985 103
1738824042467 231.04500471520612 104
1738824042506 384.5288962216098 105
1738824042545 93.67392943303925 106
1738824042583 176.772901812551 107
1738824042621 183.3402023896154 108
1738824042659 174.42764855851948 109
1738824042697 159.1090851546268 110
1738824042735 142.02531126376593 111
1738824042774 178.96217552559864 112
1738824042811 148.22302074608976 113
1738824042849 148.40666170111504 114
1738824042888 140.09556744743912 115
1738824042926 141.83323202191218 116
1738824042965 162.34306076530441 117
1738824043003 109.44079509883798 118
1738824043041 161.49768416193612 119
1738824043080 206.3252945707181 120
1738824043118 196.81904190628688 121
1738824043157 159.74485278625116 122
1738824043197 249.40681232252075 123
1738824043235 223.20026752716066 124
1738824043273 175.909109843085 125
1738824043312 122.18503644344575 126
1738824043351 349.82846112752765 127
1738824043390 206.22748506789947 128
1738824043429 194.54275077198892 129
1738824043467 269.69309854888763 130
1738824043507 213.5469977696668 131
1738824043546 179.83033730534058 132
1738824043585 154.83604188587879 133
1738824043624 167.98631136590814 134
1738824043663 184.8998737857211 135
1738824043701 171.23230995009467 136
1738824043741 210.98803385864366 137
1738824043780 180.46726663439733 138
1738824043819 481.9513495362033 139
1738824043857 170.42430313591777 140
1738824043896 143.3013594668023 141
1738824043935 194.5307744803427 142
1738824043974 180.36828374047332 143
1738824044013 194.80474316125137 144
1738824044052 153.58994549264182 145
1738824044091 137.44386437941935 146
1738824044130 146.78669406827674 147
1738824044168 192.8628614420733 148
1738824044207 163.54212605405849 149
1738824044246 413.93602148814307 150
1738824044285 283.3225033931819 151
1738824044324 136.74622446542875 152
1738824044362 165.7753561909113 153
1738824044401 94.23933946606326 154
1738824044439 125.41739900113517 155
1738824044478 143.171662647126 156
1738824044516 165.72424127303282 157
1738824044554 186.90373390607 158
1738824044593 158.41022863536458 159
1738824044631 242.91109804282812 160
1738824044669 165.69617151281906 161
1738824044706 133.81693867742234 162
1738824044745 366.69731706687537 163
1738824044783 119.96776126817716 164
1738824044820 181.49287298047298 165
1738824044859 205.80043676495052 166
1738824044897 100.12849946769973 167
1738824044935 185.03360225508706 168
1738824044975 178.74772225511387 169
1738824045014 163.22692823519432 170
1738824045053 146.60487675735567 171
1738824045091 135.94310999998842 172
1738824045131 161.00876643800223 173
1738824045170 189.03192477752557 174
1738824045209 163.74194541618596 175
1738824045248 161.0390435650842 176
1738824045288 95.34247555076081 177
1738824045327 271.5116368568702 178
1738824045366 145.44677530423414 179
1738824045404 235.20992036411516 180
1738824045442 146.99694101504323 181
1738824045481 238.37337457544905 182
1738824045519 183.88343908581976 183
1738824045559 169.37489420738004 184
1738824045598 141.1882507658064 185
1738824045637 200.34347865979683 186
1738824045676 166.2717176359588 187
1738824045715 171.85779213523622 188
1738824045754 150.63643820299154 189
1738824045792 232.1102435622906 190
1738824045830 188.08680519299685 191
1738824045868 153.42331630251655 192
1738824045907 171.43111710737742 193
1738824045946 128.3802072285263 194
1738824045985 285.02074626005526 195
1738824046023 179.3356815829458 196
1738824046062 246.173137981227 197
1738824046101 177.15729918750625 198
1738824046139 139.10147772315025 199
1738824046178 293.6780326803091 200
1738824046216 184.16178081940336 201
1738824046256 170.5801249591821 202
1738824046294 214.31682853191538 203
1738824046334 110.49417004176614 204
1738824046372 158.2259006961004 205
1738824046411 104.30214032960761 206
1738824046450 204.44826891399816 207
1738824046488 267.79028938763497 208
1738824046526 194.22971064500135 209
1738824046565 177.91510695681032 210
1738824046603 186.28562413429242 211
1738824046642 185.3429454471552 212
1738824046680 197.78636808341426 213
1738824046719 156.073678708402 214
1738824046758 171.3511966708924 215
1738824046796 91.98809272026249 216
1738824046835 172.2162582128317 217
1738824046873 154.57230829127388 218
1738824046912 157.1408609857125 219
1738824046953 220.71019723199498 220
1738824046991 129.08151364311348 221
1738824047029 177.45254174992985 222
1738824047067 174.4011932360503 223
1738824047106 170.49706195354378 224
1738824047146 106.511153220004 225
1738824047185 152.85382840090398 226
1738824047224 190.77261898441475 227
1738824047262 189.6509545841348 228
1738824047301 174.2186086923214 229
1738824047340 186.15095748807144 230
1738824047379 278.80084221250576 231
1738824047418 169.1118111489107 232
1738824047457 172.27851459122454 233
1738824047496 197.26427756846405 234
1738824047535 501.81526355133866 235
1738824047574 204.6502743143316 236
1738824047613 207.5539137518681 237
1738824047653 323.93831137890544 238
1738824047691 144.03857751819694 239
1738824047730 245.7474323054004 240
1738824047768 97.71768785463718 241
1738824047806 154.94771914580022 242
1738824047845 155.2376206041561 243
1738824047883 310.5000751717952 244
1738824047922 407.0131173927788 245
1738824047960 266.5310477726044 246
1738824047998 140.2019507504905 247
1738824048036 240.00659203828633 248
1738824048074 184.65735696912654 249
1738824048112 203.8330548385122 250
1738824048150 133.39482406521918 251
1738824048189 242.21357881737123 252
1738824048229 153.12583795087085 253
1738824048268 156.9324737918912 254
1738824048307 176.08545498907836 255
1738824048347 151.0569714458478 256
1738824048386 146.93737827079931 257
1738824048424 175.4280611810285 258
1738824048462 186.68059412533702 259
1738824048500 168.74897226059295 260
1738824048539 146.67757749495013 261
1738824048578 174.80401034939052 262
1738824048616 223.07105579939292 263
1738824048654 97.42974711601842 264
1738824048692 171.5165537011664 265
1738824048730 161.59970067856563 266
1738824048769 191.1777011660099 267
1738824048807 172.95415100460096 268
1738824048846 187.1269655181841 269
1738824048884 225.98187669571797 270
1738824048923 121.50166158432506 271
1738824048962 249.76754772468502 272
1738824049000 121.06324575728512 273
1738824049039 127.64844704488365 274
1738824049077 262.1124055523806 275
1738824049116 201.1815894581282 276
1738824049155 119.73609783966072 277
1738824049193 78.55003168062211 278
1738824049232 183.68501887248442 279
1738824049271 208.617793621926 280
1738824049310 179.9547716008359 281
1738824049349 203.68137308602445 282
1738824049388 161.75098158635245 283
1738824049426 164.72619063771714 284
1738824049466 137.3738466350873 285
1738824049503 126.05328384840651 286
1738824049540 161.7942848183617 287
1738824049578 166.70478373297564 288
1738824049615 138.0013816780969 289
1738824049652 201.87521660293044 290
1738824049690 136.1832884170551 291
1738824049728 126.4614726803542 292
1738824049766 180.39140108849634 293
1738824049804 101.75729022442958 294
1738824049842 146.23082481881502 295
1738824049880 168.07517190548396 296
1738824049917 231.34922574399013 297
1738824049956 183.02826335451965 298
1738824049994 237.53418408163188 299
1738824050032 121.4987735444538 300
1738824050071 153.68140892320181 301
1738824050109 148.73107041552677 302
1738824050147 177.61595421321044 303
1738824050184 212.68722185709302 304
1738824050221 141.40962061347415 305
1738824050258 160.21820338163434 306
1738824050322 152.75828271134583 307
1738824050360 155.2267745871066 308
1738824050398 168.7907410130601 309
1738824050436 142.9149718297583 310
1738824050474 127.59275163619571 311
1738824050511 140.588289399667 312
1738824050550 156.34400841171953 313
1738824050589 166.3813476835925 314
1738824050628 185.545601246204 315
1738824050665 182.97807204659128 316
1738824050705 210.12212229803674 317
1738824050743 163.53297001602533 318
1738824050782 169.37899677165163 319
1738824050821 114.82642031599202 320
1738824050859 245.66023435689897 321
1738824050897 176.37457400390997 322
1738824050936 172.12014344199505 323
1738824050975 284.2757650578159 324
1738824051014 212.8487976887241 325
1738824051053 123.38300905310088 326
1738824051092 208.28794562359772 327
1738824051131 190.86573178738877 328
1738824051170 158.5610201193911 329
1738824051209 130.8330270073023 330
1738824051248 156.36493425328254 331
1738824051286 145.57825744270417 332
1738824051326 129.23965743406234 333
1738824051365 217.32821668760977 334
1738824051404 221.34627235528825 335
1738824051443 152.0398801851402 336
1738824051482 143.18636871711163 337
1738824051521 142.20189825029402 338
1738824051560 244.6285636233893 339
1738824051599 161.2930609401711 340
1738824051638 115.70771125811508 341
1738824051678 210.92769398740265 342
1738824051715 171.87081444146835 343
1738824051755 172.5127640759867 344
1738824051794 160.6783679124475 345
1738824051832 194.8495716266103 346
1738824051870 185.31752090944767 347
1738824051909 120.74682229399583 348
1738824051948 170.84624301025568 349
1738824051986 175.1272696905035 350
1738824052025 178.74398208882712 351
1738824052064 155.25639006613662 352
1738824052102 174.93178880544286 353
1738824052142 225.65339693386454 354
1738824052181 156.31776636677827 355
1738824052219 228.72262713017014 356
1738824052258 195.81118795872956 357
1738824052297 160.21745944379433 358
1738824052335 188.59655145521214 359
1738824052374 213.66366984847934 360
1738824052414 182.57631519270953 361
1738824052452 145.2565666751309 362
1738824052491 180.3384683167898 363
1738824052530 170.6941164384784 364
1738824052568 181.07432740488787 365
1738824052608 178.89204206816223 366
1738824052654 174.91324151350742 367
1738824052696 171.57810383059456 368
1738824052735 113.8247567043792 369
1738824052774 121.10747286232045 370
1738824052813 148.0657231651155 371
1738824052851 169.25184161743712 372
1738824052890 117.94585613903195 373
1738824052929 238.26184760694534 374
1738824052967 154.55682626958577 375
1738824053005 175.21618581075572 376
1738824053044 151.32860949884605 377
1738824053084 330.24606951334584 378
1738824053122 169.75542964532383 379
1738824053160 260.46525689723114 380
1738824053198 189.44097058123376 381
1738824053237 128.18244907784558 382
1738824053275 195.94375438877185 383
1738824053313 196.52408655650342 384
1738824053351 166.27005316618045 385
1738824053390 211.63393173343005 386
1738824053428 143.31911579742862 387
1738824053467 173.40534107782867 388
1738824053505 138.93915071226567 389
1738824053543 172.43589756813068 390
1738824053581 179.74498166086642 391
1738824053619 226.82191540353776 392
1738824053658 159.71424752520844 393
1738824053696 154.1068503589955 394
1738824053734 169.5196978253911 395
1738824053772 116.28958195543767 396
1738824053811 177.3471764528615 397
1738824053849 110.48956120955836 398
1738824053887 193.73635875480946 399
1738824053925 270.2532357936456 400
1738824053963 212.09257623378562 401
1738824054001 195.60872881464695 402
1738824054039 162.9745602409862 403
1738824054078 147.48680098009783 404
1738824054117 150.1297406569902 405
1738824054155 128.7115715117064 406
1738824054193 113.5336569353557 407
1738824054230 152.9731281383811 408
1738824054268 203.25603912123447 409
1738824054306 120.61704705482072 410
1738824054343 158.63028768958137 411
1738824054381 147.6640029601908 412
1738824054418 154.9754384678347 413
1738824054456 143.6142338079772 414
1738824054495 193.707747357865 415
1738824054533 58.21137552610192 416
1738824054571 82.14515452410767 417
1738824054608 178.13966923261268 418
1738824054646 164.32617101540427 419
1738824054683 138.5487953879099 420
1738824054721 139.56484087386465 421
1738824054759 216.78697179287627 422
1738824054797 150.86132442063845 423
1738824054836 164.946345826404 424
1738824054874 167.5652183687766 425
1738824054912 185.87802745797936 426
1738824054951 151.02883504898483 427
1738824054988 164.98703772897062 428
1738824055027 165.33187981172844 429
1738824055065 60.904577262618886 430
1738824055103 143.43486627503327 431
1738824055142 172.0782105765305 432
1738824055180 130.47314506998225 433
1738824055218 136.40864647184398 434
1738824055255 176.16938306959887 435
1738824055295 180.4934319200458 436
1738824055332 133.37389185027467 437
1738824055370 227.92755300841006 438
1738824055409 133.94047366010122 439
1738824055448 199.4037426347834 440
1738824055487 147.15836278102773 441
1738824055526 170.83060030598722 442
1738824055565 160.52277625012343 443
1738824055606 152.9006061806789 444
1738824055647 201.9816277961907 445
1738824055686 225.96147730068233 446
1738824055725 172.7383235246551 447
1738824055765 236.68908153412468 448
1738824055804 151.13838801801052 449
1738824055843 148.330596309685 450
1738824055883 188.65234826600383 451
1738824055922 177.8003398293241 452
1738824055962 208.57724612298261 453
1738824056002 136.92320616285767 454
1738824056042 179.3638756238235 455
1738824056081 172.08396430156614 456
1738824056121 478.19174576272064 457
1738824056159 135.53352128051012 458
1738824056198 166.80941695919125 459
1738824056237 28.50036801390698 460
1738824056276 115.43348411725908 461
1738824056315 160.18253899260694 462
1738824056355 188.88409232544248 463
1738824056394 170.66088749859657 464
1738824056433 181.62059047674077 465
1738824056472 161.57093488643008 466
1738824056510 173.5710383220834 467
1738824056549 85.61600179007542 468
1738824056588 192.3162766699823 469
1738824056627 161.47234347943936 470
1738824056666 192.84752235287468 471
1738824056704 195.25365107800445 472
1738824056744 117.48342488963978 473
1738824056782 156.98774968449268 474
1738824056821 184.9940601402567 475
1738824056860 157.7430099682037 476
1738824056899 148.15069059200553 477
1738824056938 120.24208437261545 478
1738824056977 142.93343047385721 479
1738824057015 106.42827224775019 480
1738824057055 118.87999963937263 481
1738824057093 162.28297049812255 482
1738824057133 157.92684364093765 483
1738824057171 140.24293372608005 484
1738824057210 137.20582514781762 485
1738824057249 39.75447026418354 486
1738824057289 195.65478164904042 487
1738824057328 147.2329180811121 488
1738824057366 179.99229795729534 489
1738824057404 164.43565487257658 490
1738824057443 210.71961240775724 491
1738824057482 143.79001259448523 492
1738824057521 140.5744693377949 493
1738824057559 219.7874808428371 494
1738824057598 189.3998203467288 495
1738824057637 160.9780918734537 496
1738824057676 169.75257443944852 497
1738824057716 189.24684492782197 498
1738824057755 173.42827832637266 499
