1738823896373 35.48212915156641 0
1738823896441 46.10475292997452 1
1738823896518 645.6833108639081 2
1738823896597 29.074233200566855 3
1738823896658 72.91168160413505 4
1738823896781 14.924793000090933 5
1738823896873 111.08165301589099 6
1738823896948 109.2264853643383 7
1738823897020 69.68273519817664 8
1738823897088 15.719549388743392 9
1738823897159 24.604637730731064 10
1738823897222 15.772949719141392 11
1738823897294 51.58514011969567 12
1738823897362 73.95448180668656 13
1738823897421 12.867232443850932 14
1738823897486 1.7275738982195394 15
1738823897572 6.081469486824611 16
1738823897644 8.060544766752715 17
1738823897704 53.31611181220926 18
1738823897770 1.0634037335914772 19
1738823897828 19.490393137973314 20
1738823897889 35.51025186614505 21
1738823897951 6.242936075987347 22
1738823898028 0.20534998744286986 23
1738823898090 7.169403659170273 24
1738823898141 17.579905810634738 25
1738823898294 31.948036961777404 26
1738823898368 39.79568525263217 27
1738823898439 7.679785620687713 28
1738823898511 7.668898817119419 29
1738823898589 24.673752080615483 30
1738823898663 1.3089498636356487 31
1738823898735 11.905717696713149 32
1738823898812 6.691665338168853 33
1738823898889 10.301534989057355 34
1738823898968 11.989966600517146 35
1738823899042 5.641959823149513 36
1738823899122 0.0349895819195212 37
1738823899207 0.7375979299862437 38
1738823899281 17.5121358277689 39
1738823899359 5.063324564852231 40
1738823899429 1.9042762131468163 41
1738823899504 3.195023600777414 42
1738823899584 1.8060261263445094 43
1738823899673 11.382151261577137 44
1738823899743 5.350699749032673 45
1738823899810 0.001740508247741143 46
1738823899889 2.4138945408016124 47
1738823899963 3.5438687115093974 48
1738823900035 2.945362817612418 49
1738823900099 9.641601209000457 50
1738823900170 0.1285987156610218 51
1738823900242 0.01956725644704016 52
1738823900309 0.06453830204467428 53
1738823900373 0.886269242162079 54
1738823900474 0.21125176978121235 55
1738823900544 3.3947367939328172 56
1738823900625 0.002360810652991644 57
1738823900685 1.369732796550618 58
1738823900750 5.228290936323631 59
1738823900818 4.6845205295975845 60
1738823900879 0.11895461749364321 61
1738823900941 0.004100307782694658 62
1738823901018 0.4617244716311206 63
1738823901098 0.6006123765763223 64
1738823901156 0.13530571352954626 65
1738823901220 1.591842837601762 66
1738823901301 0.32008234275742165 67
1738823901380 0.9471729984838391 68
1738823901448 0.5163480633717159 69
1738823901511 1.3672581297365305 70
1738823901587 1.4214520745717218 71
1738823901658 0.023546401445518544 72
1738823901724 0.5064353318423418 73
1738823901779 1.0300221845396609 74
1738823901859 0.24385284507154772 75
1738823901960 2.316290103532617 76
1738823902041 1.8625065568034807 77
1738823902109 0.06256271016200463 78
1738823902185 0.33241514383103865 79
1738823902256 3.177157857688757 80
1738823902328 0.0003191876678134907 81
1738823902394 0.23824687048879645 82
1738823902468 0.31908692224525387 83
1738823902530 0.20370042773947167 84
1738823902605 2.016285058698242 85
1738823902667 0.8990538530145564 86
1738823902742 0.5301931910834183 87
1738823902809 0.1921118308748349 88
1738823902877 0.3697669081841338 89
1738823902950 0.25392646800548935 90
1738823903005 0.0053490324243034675 91
1738823903066 0.4898508209997823 92
1738823903132 1.9381347744027044 93
1738823903209 0.30808626121244465 94
1738823903287 0.5306413515416692 95
1738823903347 0.15640856753675644 96
1738823903411 0.14687741906897114 97
1738823903471 0.0032545852801297657 98
1738823903531 0.04288817093027487 99
1738823903597 0.020055419317130476 100
1738823903663 0.12102077817690857 101
1738823903716 0.2815008844091988 102
1738823903770 0.5238042052327897 103
1738823903843 1.595803566627346 104
1738823903911 0.06532219335427225 105
1738823903981 0.024100543807304264 106
1738823904033 0.7249951747132196 107
1738823904104 0.9384702727759903 108
1738823904184 0.06617057952450013 109
1738823904264 0.4225714828568249 110
1738823904330 0.019143442686721177 111
1738823904404 0.22837983669426398 112
1738823904470 0.3053468294465554 113
1738823904533 0.6792795894294458 114
1738823904607 0.08159779752637127 115
1738823904661 0.20216946827700719 116
1738823904736 0.2644003373476356 117
1738823904820 0.05603363302597869 118
1738823904888 0.0011626512110863168 119
1738823904963 0.012695690780577031 120
1738823905031 0.6285859811609256 121
1738823905100 0.02620843347923837 122
1738823905165 0.19885823789800677 123
1738823905217 0.009527223008800803 124
1738823905282 0.6794249941665804 125
1738823905355 0.70944272816088 126
1738823905421 0.006886802763451656 127
1738823905488 0.10913056808971722 128
1738823905552 0.09043798620065227 129
1738823905629 0.01880751266772811 130
1738823905698 0.5876196613576901 131
1738823905769 0.13606063735393373 132
1738823905843 0.006215437475813801 133
1738823905910 0.008047126775455073 134
1738823905988 1.1999571975725287 135
1738823906042 0.003134513400820243 136
1738823906104 0.0010413814020375088 137
1738823906156 0.26726488786986463 138
1738823906224 0.037646102904155036 139
1738823906305 0.005752375198507465 140
1738823906368 0.03359709900237147 141
1738823906440 0.006918703268338209 142
1738823906511 0.007105093670214034 143
1738823906583 0.5028612292423423 144
1738823906651 0.28662892942441515 145
1738823906726 0.8164035541093629 146
1738823906808 0.15892462187536616 147
1738823906882 0.43821273747829126 148
1738823906947 0.08664302634387032 149
1738823907026 0.2937587060306865 150
1738823907090 1.0036992606129005 151
1738823907157 0.06043149351611767 152
1738823907225 0.14305654113241853 153
1738823907301 0.006987613575642291 154
1738823907368 0.0032108145826608646 155
1738823907446 0.15277789140112427 156
1738823907517 0.03119211953690936 157
1738823907593 0.18571558716337305 158
1738823907658 0.06481723164606734 159
1738823907727 0.07743327714999043 160
1738823907792 0.47680658528557834 161
1738823907864 0.0004102692552714281 162
1738823907917 0.00944833871594794 163
1738823907984 0.0066379482717127 164
1738823908061 0.017595444103043208 165
1738823908136 0.06246178089609138 166
1738823908206 0.0017539040918508001 167
1738823908281 0.16371642046972662 168
1738823908341 0.08918991270328214 169
1738823908412 0.0012713121234970983 170
1738823908470 0.28574801502531055 171
1738823908543 0.01375502763199789 172
1738823908614 0.018465826349811563 173
1738823908688 0.007053533192029054 174
1738823908742 0.24835079403662325 175
1738823908813 0.08473940679353996 176
1738823908878 0.0014934017366572702 177
1738823908942 0.017324815953046663 178
1738823909011 0.07579322506919012 179
1738823909076 0.0020369682017067283 180
1738823909151 0.05194689217056505 181
1738823909219 0.007228727675286555 182
1738823909282 0.022870926143460597 183
1738823909351 0.151675822959402 184
1738823909423 0.0006683282040148855 185
1738823909495 0.02262902309697209 186
1738823909560 0.0016571886646267503 187
1738823909629 0.0856909793533377 188
1738823909700 0.28943977667209514 189
1738823909771 0.035361431849070014 190
1738823909836 0.010138955510383693 191
1738823909909 0.38477352508828183 192
1738823909978 0.09400428622772165 193
1738823910048 0.016208019172835313 194
1738823910120 0.005668525194609481 195
1738823910174 0.0036881355239219648 196
1738823910250 0.007795216695246062 197
1738823910323 0.015795282819671366 198
1738823910405 0.2549377640236717 199
1738823910473 0.006795665427824059 200
1738823910537 0.02991596790072562 201
1738823910605 0.0076829929140914705 202
1738823910674 0.1366250461462838 203
1738823910738 0.08438437378903925 204
1738823910798 0.14333048562747516 205
1738823910861 0.04425107554818621 206
1738823910913 0.2848214385672582 207
1738823910967 0.16338758443116 208
1738823911027 0.00711839589097027 209
1738823911091 0.03081300003126521 210
1738823911161 0.03744685604961754 211
1738823911230 0.0002697343906256841 212
1738823911306 0.10089074452195217 213
1738823911378 0.05418774840210664 214
1738823911440 0.00195539690271204 215
1738823911506 0.13635424796990306 216
1738823911585 0.005998879837421235 217
1738823911659 0.8834662177898791 218
1738823911734 0.00905172471515833 219
1738823911813 0.007832609305422858 220
1738823911908 0.056194745147733746 221
1738823911976 0.1978972233540129 222
1738823912053 0.16207722413069015 223
1738823912161 0.06693147765451783 224
1738823912234 0.013426694551453828 225
1738823912305 0.039134010597371004 226
1738823912374 0.3345347146813249 227
1738823912454 0.0783991934286347 228
1738823912523 1.2297548005774745 229
1738823912588 0.3003253067106929 230
1738823912652 0.015285849366202368 231
1738823912707 0.034276928850137826 232
1738823912772 0.14293736493858006 233
1738823912841 0.05002698599346069 234
1738823912911 0.00020029058377701284 235
1738823912980 0.2320630822482345 236
1738823913035 0.07204474958714639 237
1738823913109 0.24486427459079246 238
1738823913216 0.08282637483789546 239
1738823913288 0.2522893125845873 240
1738823913361 0.3001555809496459 241
1738823913442 0.3922029861724659 242
1738823913495 0.1505580028415421 243
1738823913548 0.04748286403759466 244
1738823913613 0.004653646554899532 245
1738823913675 0.0008626192071845071 246
1738823913724 0.0711202072046821 247
1738823913776 0.05124771873592335 248
1738823913836 0.05651562546929062 249
1738823913895 0.1910868599816968 250
1738823913963 0.0009175485309381063 251
1738823914028 0.1365833721058435 252
1738823914092 0.00206279993661324 253
1738823914157 0.03130777072471714 254
1738823914221 0.03009849253178895 255
1738823914299 0.005366994579324496 256
1738823914377 0.04915798500252163 257
1738823914449 0.013425823563415009 258
1738823914522 0.06700249274627784 259
1738823914593 0.01088508467839032 260
1738823914644 0.014128980879860035 261
1738823914716 0.0003085868878018206 262
1738823914786 0.020631681895443225 263
1738823914863 0.04224341877835124 264
1738823914935 0.008535787986053565 265
1738823915002 0.04644664565909821 266
1738823915061 0.007485630384503727 267
1738823915124 1.0220723483321684e-05 268
1738823915200 0.11623387369587562 269
1738823915266 0.14252155198750913 270
1738823915326 0.0022899427822547966 271
1738823915402 0.08840579812177676 272
1738823915469 0.014051119111431629 273
1738823915542 0.0004352137647515019 274
1738823915606 0.11901411392320815 275
1738823915674 0.03322696754286775 276
