1738823356339 170.171804867666 0
1738823356360 168.4935545443478 1
1738823356376 165.47630710841008 2
1738823356402 161.4151637261991 3
1738823356420 156.62093482320634 4
1738823356437 151.39607781541397 5
1738823356456 146.0158341371489 6
1738823356475 140.71486617371008 7
1738823356490 135.67925976823255 8
1738823356507 131.04341370839387 9
1738823356539 126.8910911569113 10
1738823356555 123.25975826677293 11
1738823356575 120.14727450904736 12
1738823356594 117.5200150215678 13
1738823356614 115.32158203103846 14
1738823356637 113.48138323134295 15
1738823356655 111.92250313490852 16
1738823356676 110.5684533281914 17
1738823356702 109.3485458447613 18
1738823356724 108.20177976259984 19
1738823356747 107.07925678596301 20
1738823356776 105.94524204407313 21
1738823356795 104.77705939005686 22
1738823356813 103.56405622289202 23
1738823356835 102.30589328634183 24
1738823356869 101.01041341997934 25
1738823356896 99.6913241374477 26
1738823356912 98.36589689561235 27
1738823356934 97.05284571464597 28
1738823356958 95.77050380925644 29
1738823356978 94.53537292031847 30
1738823356996 93.36107918816852 31
1738823357025 92.25773396843051 32
1738823357039 91.23166942710074 33
1738823357061 90.28549776837801 34
1738823357080 89.41842958286195 35
1738823357101 88.62678054816607 36
1738823357125 87.90459565716706 37
1738823357154 87.24432511616224 38
1738823357170 86.63749474072878 39
1738823357184 86.075324761856 40
1738823357202 85.54926320144287 41
1738823357218 85.05141230029668 42
1738823357242 84.57483799960437 43
1738823357257 84.113762529358 44
1738823357274 83.66364831360698 45
1738823357289 83.22118744718026 46
1738823357306 82.78421490572642 47
1738823357329 82.35156555000302 48
1738823357355 81.92289512252883 49
1738823357372 81.49848413349012 50
1738823357387 81.07904115650739 51
1738823357410 80.66551897358671 52
1738823357429 80.25895357177902 53
1738823357447 79.86033250996958 54
1738823357469 79.47049589593794 55
1738823357492 79.09007033203278 56
1738823357511 78.71943382917765 57
1738823357529 78.35870791937184 58
1738823357548 78.00777202844012 59
1738823357572 77.66629457108783 60
1738823357594 77.33377513315104 61
1738823357613 77.0095924224103 62
1738823357638 76.69305329843446 63
1738823357654 76.38343902987002 64
1738823357669 76.08004587569677 65
1738823357685 75.78221805758204 66
1738823357702 75.4893721110312 67
1738823357717 75.20101241833648 68
1738823357733 74.9167383990633 69
1738823357754 74.63624434381545 70
1738823357769 74.3593132194026 71
1738823357784 74.0858059561449 72
1738823357797 73.81564776848401 73
1738823357812 73.54881298258707 74
1738823357825 73.28530967717116 75
1738823357840 73.0251652153069 76
1738823357854 72.76841348322297 77
1738823357869 72.51508438194965 78
1738823357884 72.2651958596923 79
1738823357897 72.01874854301171 80
1738823357918 71.77572283409721 81
1738823357938 71.53607819572173 82
1738823357951 71.29975424660726 83
1738823357967 71.06667323601488 84
1738823357984 70.83674345271133 85
1738823358004 70.60986314341092 86
1738823358019 70.38592456160373 87
1738823358038 70.16481783125721 88
1738823358058 69.94643438340569 89
1738823358072 69.73066980008784 90
1738823358088 69.51742597354999 91
1738823358103 69.30661255452513 92
1738823358120 69.09814771854792 93
1738823358143 68.89195832184929 94
1738823358179 68.68797954779947 95
1738823358205 68.4861541615746 96
1738823358227 68.28643149596151 97
1738823358248 68.08876628680436 98
1738823358277 67.8931174646851 99
1738823358303 67.69944699228493 100
1738823358322 67.50771881669874 101
1738823358347 67.31789798476647 102
1738823358376 67.12994994893364 103
1738823358398 66.94384007257929 104
1738823358425 66.75953332808456 105
1738823358446 66.57699416870798 106
1738823358474 66.39618654678534 107
1738823358493 66.21707404578808 108
1738823358513 66.03962009202758 109
1738823358536 65.86378821278923 110
1738823358552 65.68954231082928 111
1738823358569 65.51684692983555 112
1738823358588 65.34566749102433 113
1738823358605 65.17597048695443 114
1738823358623 65.00772362440532 115
1738823358637 64.84089591341034 116
1738823358662 64.67545770398785 117
1738823358680 64.51138067560872 118
1738823358709 64.34863778691464 119
1738823358735 64.18720319467566 120
1738823358752 64.02705215153442 121
1738823358779 63.86816089186292 122
1738823358803 63.71050651421813 123
1738823358823 63.55406686760286 124
1738823358853 63.398820447190275 125
1738823358873 63.24474630351432 126
1738823358893 63.09182396750233 127
1738823358921 62.94003339223655 128
1738823358943 62.78935491105909 129
1738823358963 62.639769210627215 130
1738823358991 62.49125731680379 131
1738823359013 62.343800590827556 132
1738823359048 62.19738073302784 133
1738823359064 62.05197979139064 134
1738823359085 61.907580172504204 135
1738823359106 61.76416465276109 136
1738823359124 61.621716388123076 137
1738823359145 61.480218921219496 138
1738823359164 61.33965618500852 139
1738823359185 61.20001250265526 140
1738823359204 61.06127258364569 141
1738823359226 60.92342151644763 142
1738823359248 60.78644475824297 143
1738823359274 60.65032812238896 144
1738823359294 60.51505776432647 145
1738823359314 60.38062016665 146
1738823359338 60.24700212399928 147
1738823359358 60.11419072834095 148
1738823359376 59.9821733550924 149
1738823359402 59.85093765041382 150
1738823359419 59.720471519867175 151
1738823359435 59.59076311852374 152
1738823359451 59.461800842499805 153
1738823359464 59.33357332181811 154
1738823359478 59.20606941443277 155
1738823359507 59.07927820121752 156
1738823359522 58.953188981700166 157
1738823359535 58.82779127032611 158
1738823359552 58.7030747930502 159
1738823359568 58.579029484081005 160
1738823359585 58.45564548263553 161
1738823359604 58.33291312959789 162
1738823359621 58.210822964012415 163
1738823359639 58.08936571937526 164
1738823359659 57.968532319718676 165
1738823359679 57.84831387550601 166
1738823359705 57.728701679373515 167
1738823359724 57.60968720176691 168
1738823359744 57.49126208652631 169
1738823359765 57.37341814647397 170
1738823359785 57.25614735905587 171
1738823359807 57.139441862081064 172
1738823359829 57.02329394959478 173
1738823359852 56.9076960679106 174
1738823359871 56.79264081181781 175
1738823359898 56.67812092097026 176
1738823359918 56.564129276454985 177
1738823359938 56.45065889753216 178
1738823359956 56.337702938532864 179
1738823359976 56.22525468589797 180
1738823359997 56.1133075553397 181
1738823360021 56.00185508910734 182
1738823360052 55.890890953339536 183
1738823360073 55.78040893548758 184
1738823360094 55.67040294179654 185
1738823360117 55.560866994833845 186
1738823360140 55.45179523105823 187
1738823360156 55.343181898424 188
1738823360186 55.23502135401863 189
1738823360204 55.12730806173349 190
1738823360225 55.02003658996882 191
1738823360256 54.91320160937553 192
1738823360278 54.806797890636666 193
1738823360297 54.70082030229165 194
1738823360331 54.595263808606255 195
1738823360355 54.490123467490726 196
1738823360377 54.385394428467976 197
1738823360397 54.281071930692974 198
1738823360427 54.177151301023684 199
1738823360448 54.07362795214325 200
1738823360471 53.97049738073241 201
1738823360497 53.8677551656908 202
1738823360523 53.765396966405135 203
1738823360540 53.6634185210621 204
1738823360556 53.561815645003975 205
1738823360572 53.460584229124365 206
1738823360592 53.35972023830216 207
1738823360609 53.25921970987144 208
1738823360626 53.159078752125865 209
1738823360640 53.05929354285551 210
1738823360670 52.95986032791538 211
1738823360689 52.86077541982405 212
1738823360710 52.76203519639182 213
1738823360736 52.66363609937757 214
1738823360759 52.56557463317397 215
1738823360779 52.4678473635204 216
1738823360804 52.3704509162432 217
1738823360825 52.27338197602328 218
1738823360843 52.17663728519018 219
1738823360866 52.08021364254289 220
1738823360887 51.98410790219642 221
1738823360904 51.888316972454305 222
1738823360928 51.79283781470609 223
1738823360952 51.697667442349626 224
1738823360971 51.60280291973743 225
1738823360996 51.5082413611467 226
1738823361026 51.41397992977224 227
1738823361045 51.32001583674181 228
1738823361069 51.226346340153235 229
1738823361095 51.132968744132654 230
1738823361114 51.03988039791343 231
1738823361138 50.94707869493509 232
1738823361159 50.85456107196166 233
1738823361186 50.76232500821915 234
1738823361210 50.6703680245514 235
1738823361230 50.578687682594165 236
1738823361253 50.48728158396664 237
1738823361277 50.396147369480445 238
1738823361294 50.3052827183652 239
1738823361312 50.214685347510915 240
1738823361327 50.12435301072624 241
1738823361345 50.03428349801267 242
1738823361360 49.94447463485414 243
1738823361376 49.85492428152189 244
1738823361389 49.765630332394 245
1738823361402 49.67659071528948 246
1738823361417 49.58780339081668 247
1738823361434 49.499266351735336 248
1738823361449 49.41097762233243 249
1738823361465 49.322935257811196 250
1738823361485 49.23513734369306 251
1738823361501 49.147581995232365 252
1738823361518 49.06026735684341 253
1738823361534 48.9731916015396 254
1738823361551 48.88635293038437 255
1738823361567 48.799749571953825 256
1738823361581 48.71337978181043 257
1738823361597 48.627241841988 258
1738823361613 48.54133406048719 259
1738823361629 48.45565477078178 260
1738823361647 48.37020233133513 261
1738823361664 48.28497512512679 262
1738823361680 48.19997155918889 263
1738823361702 48.11519006415222 264
1738823361719 48.03062909380178 265
1738823361738 47.94628712464146 266
1738823361755 47.86216265546784 267
1738823361772 47.77825420695278 268
1738823361790 47.69456032123461 269
1738823361810 47.61107956151783 270
1738823361829 47.52781051168106 271
1738823361847 47.44475177589303 272
1738823361874 47.36190197823649 273
1738823361894 47.27925976233995 274
1738823361910 47.19682379101682 275
1738823361925 47.11459274591209 276
1738823361940 47.03256532715618 277
1738823361958 46.95074025302584 278
1738823361972 46.86911625961215 279
1738823361988 46.78769210049495 280
1738823362001 46.70646654642433 281
1738823362014 46.625438385008216 282
1738823362026 46.54460642040655 283
1738823362042 46.463969473031554 284
1738823362064 46.38352637925413 285
1738823362079 46.30327599111607 286
1738823362098 46.22321717604831 287
1738823362117 46.143348816594596 288
1738823362135 46.06366981014094 289
1738823362168 45.9841790686504 290
1738823362186 45.90487551840315 291
1738823362205 45.825758099741925 292
1738823362227 45.74682576682237 293
1738823362247 45.66807748736854 294
1738823362268 45.58951224243321 295
1738823362296 45.511129026162905 296
1738823362322 45.43292684556775 297
1738823362339 45.354904720295835 298
1738823362363 45.27706168241196 299
1738823362382 45.199396776180926 300
1738823362401 45.12190905785501 301
1738823362418 45.0445975954657 302
1738823362434 44.96746146861949 303
1738823362451 44.89049976829771 304
1738823362475 44.81371159666036 305
1738823362493 44.73709606685367 306
1738823362509 44.66065230282157 307
1738823362525 44.584379439120745 308
1738823362546 44.50827662073939 309
1738823362564 44.43234300291944 310
1738823362585 44.35657775098227 311
1738823362609 44.28098004015783 312
1738823362627 44.20554905541708 313
1738823362651 44.13028399130768 314
1738823362673 44.05518405179278 315
1738823362692 43.98024845009307 316
1738823362718 43.90547640853181 317
1738823362736 43.83086715838281 318
1738823362758 43.756419939721354 319
1738823362780 43.682134001278044 320
1738823362797 43.60800860029542 321
1738823362814 43.53404300238723 322
1738823362839 43.46023648140055 323
1738823362855 43.386588319280406 324
1738823362877 43.313097805937055 325
1738823362890 43.23976423911575 326
1738823362906 43.16658692426894 327
1738823362920 43.09356517443103 328
1738823362935 43.02069831009532 329
1738823362952 42.94798565909343 330
1738823362964 42.87542655647689 331
1738823362977 42.803020344401034 332
1738823362994 42.73076637201106 333
1738823363013 42.658663995330116 334
1738823363029 42.58671257714969 335
1738823363047 42.514911486921854 336
1738823363069 42.44326010065361 337
1738823363089 42.37175780080324 338
1738823363116 42.30040397617844 339
1738823363138 42.22919802183653 340
1738823363154 42.15813933898634 341
1738823363189 42.08722733489204 342
1738823363231 42.01646142277865 343
1738823363273 41.94584102173935 344
1738823363290 41.87536555664448 345
1738823363305 41.805034458052205 346
1738823363320 41.7348471621208 347
1738823363338 41.66480311052254 348
1738823363361 41.59490175035919 349
1738823363378 41.52514253407906 350
1738823363397 41.45552491939545 351
1738823363418 41.386048369206684 352
1738823363437 41.31671235151756 353
1738823363456 41.24751633936221 354
1738823363477 41.17845981072835 355
1738823363489 41.10954224848294 356
1738823363513 41.040763140299084 357
1738823363529 40.972121978584305 358
1738823363548 40.903618260410155 359
1738823363568 40.83525148744296 360
1738823363587 40.76702116587587 361
1738823363609 40.69892680636213 362
1738823363625 40.630967923949505 363
1738823363643 40.56314403801589 364
1738823363660 40.495454672206016 365
1738823363677 40.427899354369316 366
1738823363697 40.360477616498876 367
1738823363718 40.29318899467147 368
1738823363747 40.226033028988574 369
1738823363768 40.159009263518556 370
1738823363787 40.0921172462397 371
1738823363803 40.02535652898437 372
1738823363817 39.95872666738404 373
1738823363834 39.89222722081543 374
1738823363851 39.825857752347304 375
1738823363868 39.759617828688505 376
1738823363884 39.693507020136664 377
1738823363907 39.62752490052787 378
1738823363928 39.5616710471872 379
1738823363950 39.49594504088009 380
1738823363969 39.43034646576459 381
1738823363987 39.36487490934432 382
1738823364010 39.29952996242235 383
1738823364030 39.23431121905573 384
1738823364052 39.169218276510975 385
1738823364069 39.104250735220134 386
1738823364087 39.03940819873766 387
1738823364110 38.97469027369802 388
1738823364136 38.91009656977406 389
1738823364153 38.845626699635915 390
1738823364168 38.78128027891085 391
1738823364184 38.717056926143435 392
1738823364202 38.65295626275682 393
1738823364218 38.58897791301422 394
1738823364235 38.52512150398131 395
1738823364254 38.46138666548919 396
1738823364270 38.39777303009787 397
1738823364287 38.33428023306053 398
1738823364310 38.27090791228816 399
1738823364335 38.2076557083149 400
1738823364352 38.144523264264 401
1738823364366 38.08151022581421 402
1738823364388 38.018616241166804 403
1738823364407 37.95584096101307 404
1738823364420 37.893184038502405 405
1738823364435 37.8306451292109 406
1738823364452 37.76822389111043 407
1738823364468 37.70591998453815 408
1738823364484 37.64373307216672 409
1738823364501 37.58166281897469 410
1738823364517 37.51970889221767 411
1738823364535 37.45787096139973 412
1738823364553 37.39614869824535 413
1738823364576 37.33454177667185 414
1738823364594 37.273049872762186 415
1738823364640 37.21167266473819 416
1738823364663 37.150409832934294 417
1738823364685 37.089261059771566 418
1738823364704 37.028226029732295 419
1738823364724 36.967304429334796 420
1738823364743 36.90649594710875 421
1738823364764 36.845800273570894 422
1738823364787 36.78521710120109 423
1738823364814 36.724746124418694 424
1738823364826 36.66438703955939 425
1738823364840 36.60413954485238 426
1738823364854 36.544003340397815 427
1738823364870 36.483978128144734 428
1738823364885 36.42406361186918 429
1738823364901 36.36425949715278 430
1738823364915 36.3045654913616 431
1738823364929 36.24498130362526 432
1738823364945 36.18550664481651 433
1738823364962 36.126141227531036 434
1738823364984 36.0668847660675 435
1738823365003 36.007736976408005 436
1738823365016 35.948697576198825 437
1738823365033 35.889766284731344 438
1738823365053 35.830942822923404 439
1738823365068 35.772226913300806 440
1738823365090 35.71361827997922 441
1738823365110 35.65511664864624 442
1738823365130 35.596721746543764 443
1738823365151 35.538433302450684 444
1738823365168 35.480251046665735 445
1738823365181 35.42217471099063 446
1738823365201 35.364204028713495 447
1738823365218 35.306338734592515 448
1738823365232 35.24857856483976 449
1738823365248 35.190923257105325 450
1738823365264 35.13337255046172 451
1738823365287 35.075926185388376 452
1738823365305 35.01858390375649 453
1738823365334 34.96134544881402 454
1738823365353 34.90421056517095 455
1738823365380 34.847178998784685 456
1738823365402 34.79025049694576 457
1738823365423 34.73342480826369 458
1738823365446 34.67670168265302 459
1738823365463 34.620080871319594 460
1738823365485 34.56356212674705 461
1738823365501 34.507145202683404 462
1738823365523 34.450829854127946 463
1738823365546 34.394615837318256 464
1738823365568 34.33850290971742 465
1738823365587 34.2824908300014 466
1738823365610 34.2265793580466 467
1738823365626 34.170768254917654 468
1738823365644 34.11505728285529 469
1738823365662 34.059446205264436 470
1738823365675 34.00393478670245 471
1738823365686 33.94852279286755 472
1738823365695 33.89320999058739 473
1738823365704 33.83799614780776 474
1738823365717 33.78288103358148 475
1738823365729 33.72786441805748 476
1738823365742 33.672946072469905 477
1738823365755 33.61812576912752 478
1738823365768 33.56340328140319 479
1738823365778 33.50877838372343 480
1738823365792 33.454250851558264 481
1738823365808 33.39982046141107 482
1738823365822 33.345486990808624 483
1738823365843 33.291250218291324 484
1738823365859 33.237109923403416 485
1738823365876 33.18306588668349 486
1738823365892 33.12911788965504 487
1738823365915 33.07526571481713 488
1738823365935 33.021509145635214 489
1738823365959 32.9678479665321 490
1738823365980 32.91428196287896 491
1738823366003 32.86081092098656 492
1738823366028 32.80743462809651 493
1738823366051 32.75415287237267 494
1738823366068 32.700965442892716 495
1738823366092 32.6478721296397 496
1738823366120 32.594872723493864 497
1738823366140 32.54196701622441 498
1738823366163 32.48915480048153 499
