1738679846239 167.97149019690872 0
1738679846247 168.8573543119455 1
1738679846254 168.8236839586917 2
1738679846260 168.35218262425522 3
1738679846266 169.31815908845647 4
1738679846272 170.22512180187027 5
1738679846279 169.72796401833588 6
1738679846285 168.13525933310936 7
1738679846291 168.51676693018345 8
1738679846297 168.23634366461275 9
1738679846304 165.48531739963238 10
1738679846310 170.46346009503648 11
1738679846316 169.1662236756924 12
1738679846322 168.98081545788784 13
1738679846328 167.42142377592708 14
1738679846334 167.88144731885467 15
1738679846340 167.442380502644 16
1738679846346 167.05127490277812 17
1738679846352 167.10010693867298 18
1738679846359 170.41037090580474 19
1738679846365 167.27694565785612 20
1738679846371 166.1376850822914 21
1738679846377 170.63885272507224 22
