1738824567887 169.46928671508385 0
1738824567910 169.4433349965362 1
1738824567941 169.41841679575234 2
1738824567962 169.39448763780138 3
1738824567978 169.37150502504997 4
1738824567997 169.34942834800967 5
1738824568014 169.3282188002291 6
1738824568028 169.30783929704737 7
1738824568047 169.28825439803262 8
1738824568071 169.26943023293822 9
1738824568133 169.25133443101637 10
1738824568148 169.23393605353695 11
1738824568162 169.2172055293649 12
1738824568176 169.2011145934581 13
1738824568190 169.1856362281518 14
1738824568204 169.17074460710404 15
1738824568219 169.15641504177984 16
1738824568237 169.1426239303598 17
1738824568251 169.1293487089622 18
1738824568270 169.11656780507383 19
1738824568289 169.10426059308858 20
1738824568307 169.09240735185904 21
1738824568325 169.08098922416806 22
1738824568345 169.06998817803472 23
1738824568364 169.05938696977006 24
1738824568385 169.04916910870355 25
1738824568404 169.0393188235047 26
1738824568424 169.02982103002662 27
1738824568446 169.02066130060325 28
1738824568462 169.0118258347333 29
1738824568478 169.0033014310888 30
