1738824709779 185.05020090798408 0
1738824709818 194.12149003903502 1
1738824709857 149.56559936652684 2
1738824709896 175.63253122159824 3
1738824709935 154.23389503386113 4
1738824709974 147.7322772378597 5
1738824710013 182.240318117379 6
1738824710053 155.23757689640692 7
1738824710093 147.849740054231 8
1738824710131 145.00209854102488 9
1738824710170 157.71135756160933 10
1738824710214 167.25291949850842 11
1738824710254 196.21155862018932 12
1738824710293 177.15142568139197 13
1738824710331 174.65373616808844 14
1738824710369 153.32674097085413 15
1738824710409 163.5736991536531 16
1738824710449 155.37096178838001 17
1738824710488 171.57753374572138 18
1738824710527 159.95724754457896 19
1738824710566 179.0802297151343 20
1738824710604 175.109121683819 21
1738824710641 183.78450693102403 22
1738824710679 147.82480142207314 23
1738824710717 177.49794005797844 24
1738824710755 181.4908813570956 25
1738824710793 181.75502997359737 26
1738824710831 159.02537971696282 27
1738824710869 136.2646639071009 28
1738824710908 169.2106667864732 29
1738824710945 165.0105910384542 30
1738824710983 172.85621121994012 31
1738824711023 193.41137680252749 32
1738824711061 173.14305893613277 33
1738824711098 186.08471998350387 34
1738824711136 156.23574882193125 35
1738824711174 167.78083219119407 36
1738824711211 177.3267284819289 37
1738824711248 180.4741196986352 38
1738824711287 151.46012977196196 39
1738824711325 146.8871542637603 40
1738824711362 189.91369234918503 41
1738824711400 142.4500147038939 42
1738824711439 157.90293393914547 43
1738824711477 177.6694778514035 44
1738824711514 180.0749062660222 45
1738824711553 151.2848741039579 46
1738824711590 173.66926380583683 47
1738824711627 184.277437595095 48
1738824711665 135.88137191957995 49
1738824711703 174.14202912093236 50
1738824711741 184.65569938961087 51
1738824711779 177.8125355479648 52
1738824711817 197.62667017414094 53
1738824711854 168.5774639947637 54
1738824711893 174.07392102638752 55
1738824711934 189.10175588501667 56
1738824711976 172.16359540418924 57
1738824712015 185.56549508306273 58
1738824712053 182.8964011118426 59
1738824712090 163.6409601785476 60
1738824712127 177.1809917839921 61
1738824712164 178.2814836224342 62
1738824712204 172.6286295483629 63
1738824712244 145.32378728401451 64
1738824712282 186.00639031429304 65
1738824712320 165.11141223616224 66
1738824712357 168.75412364673838 67
1738824712395 180.24835800838767 68
1738824712433 168.74279421785556 69
1738824712471 145.94199681516758 70
1738824712509 147.3127364645801 71
1738824712548 180.923115530971 72
1738824712584 173.80052474836467 73
1738824712622 172.55103900054235 74
1738824712660 137.66556783923474 75
1738824712698 177.18188359121692 76
1738824712736 177.16585136978182 77
1738824712775 189.19473450200306 78
1738824712813 171.7802183523936 79
1738824712851 174.84990839742113 80
1738824712889 166.97967234654917 81
1738824712927 190.6196683492307 82
1738824712965 165.4964537598117 83
1738824713003 151.29239727769846 84
1738824713042 167.8738458669521 85
1738824713080 170.5505489625162 86
1738824713118 178.88213737481405 87
1738824713156 118.53662222670013 88
1738824713194 171.70073424240078 89
1738824713232 189.10933817299517 90
1738824713271 146.08809456096444 91
1738824713309 182.70652643181649 92
1738824713346 177.8715339108873 93
1738824713385 178.598078753375 94
1738824713423 154.05941276080063 95
1738824713461 182.33092215271122 96
1738824713499 163.11511500512262 97
1738824713537 169.2453340073765 98
1738824713575 193.52758096593342 99
1738824713613 163.75049635296233 100
1738824713651 174.68809202964025 101
1738824713689 174.58815852156567 102
1738824713727 175.634641902161 103
1738824713766 188.6161361936316 104
1738824713804 181.200953787319 105
1738824713843 179.28469517120487 106
1738824713881 180.5260670592871 107
1738824713920 179.81045439417977 108
1738824713957 165.70904032375597 109
1738824713995 179.62513490201246 110
1738824714033 176.3350984170785 111
1738824714071 190.30902214029285 112
1738824714109 161.58009490003414 113
1738824714147 149.63816940842105 114
1738824714185 173.9336594620332 115
1738824714223 167.65212870841134 116
1738824714262 176.9082386458714 117
1738824714299 195.7948637141736 118
1738824714337 146.80534669701885 119
1738824714375 167.97670553240016 120
1738824714414 181.84477263263256 121
1738824714451 136.29862091944392 122
1738824714490 151.87881427939647 123
1738824714527 131.99423672356886 124
1738824714566 175.1501456297259 125
1738824714604 175.15418079610316 126
1738824714642 180.48865521567936 127
1738824714680 138.33880517810712 128
1738824714718 165.96816522507686 129
1738824714756 171.37046436899533 130
1738824714794 154.42020619758455 131
1738824714832 167.1787372810938 132
1738824714871 175.67527333739625 133
1738824714909 175.6072171835343 134
1738824714947 181.58934046127575 135
1738824714985 170.84018400903875 136
1738824715024 169.8916622124235 137
1738824715062 186.48663593226553 138
1738824715100 170.2588443795451 139
1738824715139 168.52409203520753 140
1738824715179 152.70138564413 141
1738824715220 134.9568658014908 142
1738824715260 184.3240952332644 143
1738824715301 164.81282311915464 144
1738824715339 169.03239654139168 145
1738824715376 184.03073579662114 146
1738824715414 168.99493903325032 147
1738824715452 178.10943686495693 148
1738824715490 174.77918966204288 149
1738824715528 178.0711191364631 150
1738824715566 159.69859868900187 151
1738824715604 147.3957463064629 152
1738824715642 134.2341241966203 153
1738824715680 167.05044546760442 154
1738824715718 160.80713459747892 155
1738824715756 154.20838441695778 156
1738824715795 187.13799004512862 157
1738824715832 173.9493143695592 158
1738824715871 175.8932701599654 159
1738824715908 172.85263881005798 160
1738824715946 186.8891346207497 161
1738824715984 138.75822624200353 162
1738824716022 115.28220048038605 163
1738824716060 183.8265774657987 164
1738824716098 166.37160523387575 165
1738824716136 181.15051982779926 166
1738824716173 180.6720634671164 167
1738824716212 156.59329381416217 168
1738824716250 169.45854578974567 169
1738824716288 180.09347601120476 170
1738824716327 172.42314320678543 171
1738824716364 180.20960703919738 172
1738824716402 180.90452749466698 173
1738824716441 141.21223321749818 174
1738824716479 177.20976623105642 175
1738824716517 156.304189604776 176
1738824716555 174.45438590492716 177
1738824716593 174.92365296055993 178
1738824716631 175.40581965475343 179
1738824716668 178.50136763271587 180
1738824716706 174.73174966134337 181
1738824716744 180.32896893845736 182
1738824716782 166.34057264045887 183
1738824716820 148.86468337733723 184
1738824716858 160.70372910008723 185
1738824716896 179.21058515481016 186
1738824716933 152.3069194381009 187
1738824716971 171.24630705440893 188
1738824717009 176.43910647726622 189
1738824717047 188.90427464542327 190
1738824717085 156.32402105938448 191
1738824717123 190.95144528849798 192
1738824717161 192.8078268358808 193
1738824717200 144.61441671015922 194
1738824717238 154.77025378851226 195
1738824717275 171.15853552695006 196
1738824717313 161.12863784882097 197
1738824717351 161.1243986303108 198
1738824717389 166.15879183989205 199
1738824717428 166.66928549591748 200
1738824717466 172.4549318365002 201
1738824717505 210.22466936003974 202
1738824717543 175.28615636323573 203
1738824717582 171.81843819894155 204
1738824717620 186.29005394311443 205
1738824717658 176.1783555337034 206
1738824717696 184.61790706720504 207
1738824717734 180.82148523218703 208
1738824717772 140.94231688371357 209
1738824717810 140.23807568498594 210
1738824717848 145.76007140258693 211
1738824717887 195.32340961675703 212
1738824717925 185.70963354269148 213
1738824717964 169.35449593243948 214
1738824718002 159.68823760150292 215
1738824718040 158.86869625703173 216
1738824718078 173.94066224739063 217
1738824718116 180.11599163127008 218
1738824718154 186.96028990881308 219
1738824718192 173.16143543639996 220
1738824718230 166.5128700467868 221
1738824718269 189.50292950976873 222
1738824718307 184.70693417730092 223
1738824718346 139.86663131893127 224
1738824718384 162.99193169956175 225
1738824718422 153.22223607199035 226
1738824718460 155.62278494829349 227
1738824718499 127.45218945508793 228
1738824718537 181.79819997137471 229
1738824718575 157.96427223606727 230
1738824718614 163.45744875418242 231
1738824718652 133.43591793768005 232
1738824718691 168.9497146624421 233
1738824718729 154.4085794882451 234
1738824718767 169.60078619791247 235
1738824718805 143.55006894069072 236
1738824718844 188.71077737144708 237
1738824718882 176.90833302205914 238
1738824718921 160.04442629442954 239
1738824718959 186.84445142855415 240
1738824718998 182.2399755917523 241
1738824719036 165.0549891219871 242
1738824719074 184.71960557249855 243
1738824719112 194.3712371729891 244
1738824719150 178.7443274716493 245
1738824719188 171.89548166206725 246
1738824719227 171.29107003672723 247
1738824719265 181.32357950330265 248
1738824719303 173.716052560346 249
1738824719342 175.53078171989054 250
1738824719382 173.72332129533024 251
1738824719422 176.35323651293746 252
1738824719462 169.64459362268363 253
1738824719502 154.19592428857126 254
1738824719544 183.15550626698885 255
1738824719585 188.0449009141437 256
1738824719625 153.48870588877037 257
1738824719666 133.38160995552605 258
1738824719707 160.03915744762506 259
1738824719747 143.724892305276 260
1738824719788 172.83010756389288 261
1738824719828 180.54313882800724 262
1738824719868 140.0486927408967 263
1738824719909 170.47928549637314 264
1738824719950 180.86510939624597 265
1738824719990 174.0933049389269 266
1738824720028 164.3876959815386 267
1738824720068 185.9306415691386 268
1738824720107 165.90410493094817 269
1738824720145 151.16366781392026 270
1738824720184 159.32399141680855 271
1738824720224 172.64397338995292 272
1738824720263 176.79499646942088 273
1738824720312 183.3853956935632 274
1738824720356 178.15994933054185 275
1738824720396 173.66362416048594 276
1738824720434 177.20810561903284 277
1738824720473 175.35881577222105 278
1738824720512 128.22983745062794 279
1738824720550 161.5774184432991 280
1738824720589 150.06011948181256 281
1738824720628 182.68425408008426 282
1738824720668 165.48422753986625 283
1738824720706 194.44238712184895 284
1738824720745 144.0259151798197 285
1738824720784 169.27301623734118 286
1738824720822 168.808779127535 287
1738824720860 159.47746654743793 288
1738824720899 179.62434493818688 289
1738824720938 154.5519564109514 290
1738824720976 182.01401214129493 291
1738824721014 167.1232937495738 292
1738824721053 183.59393221156563 293
1738824721092 168.2213730992785 294
1738824721131 158.60259295339947 295
1738824721170 153.8836785566882 296
1738824721208 139.04078756924616 297
1738824721247 171.4216749083396 298
1738824721285 178.88012608553356 299
1738824721323 157.3469293564068 300
1738824721362 183.1906384390143 301
1738824721400 161.42657819199644 302
1738824721438 183.92311083441993 303
1738824721477 167.84473835140557 304
1738824721514 175.54950583878906 305
1738824721553 137.19802748245962 306
1738824721591 154.21593402095172 307
1738824721629 149.8658782647374 308
1738824721667 178.8682625474777 309
1738824721705 187.91388939285596 310
1738824721744 172.07183560474283 311
1738824721782 183.20676767791088 312
1738824721820 175.86629255136958 313
1738824721857 173.68577453743873 314
1738824721895 198.04817937643327 315
1738824721934 165.70729683014986 316
1738824721972 129.65030252072123 317
1738824722009 150.75480332194306 318
1738824722048 157.74479622504677 319
1738824722087 170.6535781438213 320
1738824722127 173.92275860367738 321
1738824722166 175.52594293260483 322
1738824722204 148.0464442143456 323
1738824722242 166.76569967574613 324
1738824722279 153.21801112272047 325
1738824722318 147.60157986922542 326
1738824722355 257.8406936705342 327
1738824722394 177.0144687165443 328
1738824722432 164.73474317394266 329
1738824722472 120.83982307013426 330
1738824722511 181.45545428596134 331
1738824722549 152.56315955694666 332
1738824722587 138.69246276670378 333
1738824722625 178.49601103572343 334
1738824722663 179.61353897993249 335
1738824722701 164.28883103941837 336
1738824722738 176.86329722872497 337
1738824722776 151.23339353582605 338
1738824722862 163.2041806745961 339
1738824722903 164.69929721701794 340
1738824722942 189.09510148079707 341
1738824722981 176.5924550690046 342
1738824723020 164.59396256876016 343
1738824723058 231.2638539263327 344
1738824723096 183.202074561433 345
1738824723134 171.7425225124639 346
1738824723171 177.8020550065423 347
1738824723209 156.41300876003748 348
1738824723247 166.12797343033768 349
1738824723285 152.8612640831249 350
1738824723324 181.70711372934508 351
1738824723361 171.6216137634514 352
1738824723399 175.44668169049433 353
1738824723437 164.54771393663063 354
1738824723474 141.59548649124548 355
1738824723511 154.0536288954784 356
1738824723549 159.83050589246898 357
1738824723587 179.30848025199418 358
1738824723625 136.6591700570638 359
1738824723662 179.7042301072576 360
1738824723700 191.2766328647693 361
1738824723739 182.5148095596987 362
1738824723777 172.08853078146925 363
1738824723815 184.061651241464 364
1738824723853 182.69223874776685 365
1738824723892 151.8124752949813 366
1738824723929 165.2597440220037 367
1738824723967 169.57662928883713 368
1738824724005 136.75217412727932 369
1738824724043 169.25932871233147 370
1738824724083 176.4858882442753 371
1738824724121 176.613701379023 372
1738824724159 157.33199060995406 373
1738824724197 169.48603301610612 374
1738824724235 157.16089155702423 375
1738824724273 164.52289823486248 376
1738824724311 159.5304920483603 377
1738824724349 183.4420114188187 378
1738824724386 138.22407857002364 379
1738824724424 165.1978248743464 380
1738824724463 158.68723755682038 381
1738824724503 174.54211412872027 382
1738824724542 147.0436927218375 383
1738824724581 169.88837763063225 384
1738824724619 170.3682378284368 385
1738824724658 169.74868850484344 386
1738824724697 182.91360924627358 387
1738824724736 145.00893390446015 388
1738824724775 176.12668035071582 389
1738824724813 159.5161623184636 390
1738824724853 169.25462700721857 391
1738824724891 175.04530410147424 392
1738824724930 163.03438681758152 393
1738824724970 172.61223511474807 394
1738824725010 165.66052994820112 395
1738824725049 173.75040831063671 396
