1738824812826 183.09439204832344 0
1738824812864 172.07915702923833 1
1738824812903 142.9014869014436 2
1738824812941 179.65012357144505 3
1738824812979 165.52460936793273 4
1738824813018 187.50828963210526 5
1738824813056 176.60736775118184 6
1738824813094 170.17414849248047 7
1738824813133 163.10692242567995 8
1738824813172 146.9919712048791 9
1738824813210 109.47351456869279 10
1738824813248 169.2939053021532 11
1738824813287 181.03937246781973 12
1738824813325 168.5812527518213 13
1738824813363 186.14310206952595 14
1738824813401 164.00126004801498 15
1738824813439 197.61363020503475 16
1738824813479 166.75669416220688 17
1738824813517 167.77778019351092 18
1738824813556 165.83121966373932 19
1738824813594 175.47963131000995 20
1738824813632 173.47562718851256 21
1738824813670 150.30394558107307 22
1738824813708 170.7853943617824 23
1738824813746 192.83607218866098 24
1738824813785 171.19450240558186 25
1738824813822 148.6932131908252 26
1738824813860 156.87956694309005 27
1738824813898 173.47195512966448 28
1738824813936 150.4190010404358 29
1738824813974 165.0001121397093 30
1738824814013 178.2825810595648 31
1738824814051 167.8304432080689 32
1738824814089 151.04355869768 33
1738824814126 172.9736032736646 34
1738824814164 158.88728779242447 35
1738824814202 164.90652706266494 36
1738824814238 182.7532524574372 37
1738824814275 184.9732811668498 38
1738824814314 158.83909571297454 39
1738824814352 170.19089317163647 40
1738824814394 172.42975431479795 41
1738824814434 187.0098198605095 42
1738824814472 181.4458782199206 43
1738824814511 177.3016902448148 44
1738824814549 195.57136024042276 45
1738824814588 195.73099622855239 46
1738824814625 167.68564901999372 47
1738824814664 153.36359199539044 48
1738824814702 179.47666305739963 49
1738824814739 154.2952631244019 50
1738824814776 177.0451028955529 51
1738824814813 179.98524162209404 52
1738824814851 174.9608936312559 53
1738824814889 180.73536098545196 54
1738824814927 178.1176933088245 55
1738824814965 169.60098425637207 56
1738824815003 170.64550837892725 57
1738824815041 137.15636648758246 58
1738824815078 181.23648639971603 59
1738824815116 172.46983406894878 60
1738824815153 168.73834129305556 61
1738824815191 157.39529069860086 62
1738824815229 169.6741429637322 63
1738824815267 165.00337690391078 64
1738824815305 122.74639796306039 65
1738824815342 172.0381829493585 66
1738824815379 150.4980622082729 67
1738824815417 195.15252617504257 68
1738824815454 163.09328697501525 69
1738824815493 182.42319472438356 70
1738824815531 171.53639335391088 71
1738824815569 178.56882963715904 72
1738824815607 147.5050377447309 73
1738824815645 169.9704934774865 74
1738824815684 188.71221454887745 75
1738824815723 157.81506694133137 76
1738824815762 161.86585528994766 77
1738824815802 164.188441098987 78
1738824815840 171.0528541711316 79
1738824815879 178.031584724212 80
1738824815918 178.38326642982835 81
1738824815957 182.82203546158118 82
1738824815996 192.95860808305352 83
1738824816035 153.28061122512275 84
1738824816074 151.8393036865435 85
1738824816113 165.94439263732792 86
1738824816152 226.8432877289985 87
1738824816191 161.50097350067549 88
1738824816229 117.40706512744147 89
1738824816268 161.09585532903262 90
1738824816307 142.21459680859564 91
1738824816346 153.19755859179148 92
1738824816384 177.36107226515168 93
1738824816423 183.19283010579653 94
1738824816461 175.67492717416022 95
1738824816500 170.97019912841677 96
1738824816539 154.14201132406475 97
1738824816577 170.81134889979302 98
1738824816615 156.06665640568409 99
1738824816654 151.52356008647976 100
1738824816692 173.72699721744362 101
1738824816731 134.52163836224014 102
1738824816769 163.83252230204664 103
1738824816807 175.03042840835596 104
1738824816845 172.3950820955145 105
1738824816883 175.16760139507272 106
1738824816923 152.75917593426325 107
1738824816963 183.71766692836704 108
1738824817004 148.66097934173024 109
1738824817045 174.69475356514735 110
1738824817085 175.90766273426408 111
1738824817123 182.66302619622695 112
1738824817161 172.67059978062116 113
1738824817199 140.33149597161503 114
1738824817236 145.49130722990193 115
1738824817273 180.20521441759783 116
1738824817311 132.71659923715325 117
1738824817350 187.1065688658716 118
1738824817387 186.94744545038122 119
1738824817425 185.88192390491818 120
1738824817465 155.50011002194034 121
1738824817504 174.83753097021693 122
1738824817544 145.0468701048008 123
1738824817582 160.64121274133439 124
1738824817620 167.25823524335166 125
1738824817658 210.5671522204676 126
1738824817696 152.99547547228033 127
1738824817734 152.05799274248375 128
1738824817773 145.03601229426482 129
1738824817812 180.82603029311764 130
1738824817852 152.69588631861245 131
1738824817891 199.24361877864223 132
1738824817932 188.86392837121775 133
1738824817972 177.66945797234584 134
1738824818012 151.46242656324435 135
1738824818051 126.74358840084567 136
1738824818090 145.42492364530062 137
1738824818131 177.94953200681582 138
1738824818174 152.49531698565005 139
1738824818215 185.58437325739823 140
1738824818254 185.3189328802013 141
1738824818295 194.74703301128199 142
1738824818334 190.97859717020853 143
1738824818374 164.45378195994357 144
1738824818413 167.55586635969294 145
1738824818453 171.28652942483066 146
1738824818493 174.47587920401253 147
1738824818531 148.54819290782055 148
1738824818570 178.70084164825482 149
1738824818608 176.64433024711138 150
1738824818646 188.3288782578964 151
1738824818683 182.6926717393232 152
1738824818722 178.27577924059398 153
1738824818762 186.43019740959429 154
1738824818803 146.9051004212086 155
1738824818844 152.4902971531623 156
1738824818885 151.0011743968949 157
1738824818925 164.47883604400297 158
1738824818964 178.74345854198583 159
1738824819005 170.68365198438485 160
1738824819044 164.04189915485696 161
1738824819083 166.24740748282235 162
1738824819123 165.16278883116556 163
1738824819163 183.23904093947377 164
1738824819203 170.77254272379818 165
1738824819242 154.72154504692446 166
1738824819282 181.92301450655316 167
1738824819322 172.06330773760175 168
1738824819361 195.4926485917602 169
1738824819399 153.92930308849986 170
1738824819438 178.4369056239872 171
1738824819478 174.44050314589182 172
1738824819517 176.8219895186026 173
