1738823892064 26.86089324575692 0
1738823892134 53.250101778929384 1
1738823892214 13.57389381419174 2
1738823892333 1.4087517648470027 3
1738823892402 0.2254661322703409 4
1738823892478 49.003227530331145 5
1738823892544 2.459320911914614 6
1738823892616 0.304756509912036 7
1738823892689 1.6624442459819377 8
1738823892756 0.10663075863925711 9
1738823892827 0.44581258771263116 10
1738823892901 0.0007063435743076177 11
1738823892974 0.06307737500737068 12
1738823893048 0.029434058230024315 13
1738823893126 0.4948255712870027 14
1738823893199 0.1895246157712389 15
1738823893298 0.33370159504722247 16
1738823893383 0.09231894422552137 17
1738823893455 0.22782210228936642 18
1738823893529 0.2021874289967804 19
1738823893600 0.377865545934998 20
1738823893667 0.32388579414672497 21
1738823893739 0.04318191128872152 22
1738823893826 0.04013615068262635 23
1738823893895 0.053252223866315236 24
1738823893962 0.0019030386354917017 25
1738823894017 0.02403925959584632 26
1738823894074 0.030133470561307746 27
1738823894142 0.004110900799938081 28
1738823894211 0.1153784082109023 29
1738823894287 0.03229640014975624 30
1738823894362 0.0005175181389430448 31
1738823894439 0.04728226693504324 32
1738823894513 0.6450345432302793 33
1738823894587 0.13347073055588207 34
1738823894649 0.00401001297588006 35
1738823894711 0.006828988292489641 36
