1738825771522 169.88566739903663 0
1738825771530 168.0579542549381 1
1738825771537 167.54779494189964 2
1738825771544 169.50474260708162 3
1738825771551 166.99983863511653 4
1738825771560 167.85234202781473 5
1738825771567 169.91345516713793 6
1738825771573 166.37551756495697 7
1738825771580 169.48297794990688 8
1738825771586 169.06213970934203 9
1738825771592 170.46013429077541 10
1738825771600 168.0624427994417 11
1738825771607 168.88552077229804 12
1738825771614 169.53724733997282 13
1738825771621 169.2082750407528 14
1738825771628 171.65519503362347 15
1738825771635 169.03656910969173 16
1738825771642 170.06772155854114 17
1738825771648 170.40472384991202 18
1738825771655 168.52026386310771 19
