1738680513905 152.42344450619348 0
1738680513944 151.40816560668483 1
1738680513983 167.26390818154684 2
1738680514022 189.19342215691088 3
1738680514061 211.45063335755913 4
1738680514100 119.84562586058087 5
1738680514138 200.14340318077703 6
1738680514177 170.13813173962936 7
1738680514215 298.3300940297088 8
1738680514253 145.59031357367107 9
1738680514291 194.55031499885789 10
1738680514330 157.48495160753828 11
1738680514368 182.2887789712308 12
1738680514407 201.36175713514487 13
1738680514445 139.46900595663112 14
1738680514483 184.08124454988214 15
1738680514521 146.85095465624568 16
1738680514560 275.08513099392786 17
1738680514600 100.07325894314168 18
1738680514639 130.47118311733192 19
1738680514678 186.829390558368 20
1738680514717 96.03088034194728 21
1738680514755 326.9999710480929 22
1738680514794 155.7602390670081 23
1738680514832 168.13090972386877 24
1738680514870 152.24015031391025 25
1738680514908 201.61507598888483 26
1738680514946 172.03216325988006 27
1738680514984 152.29629022538097 28
1738680515022 132.1995324288735 29
1738680515059 36.21882880648205 30
1738680515098 187.94786813667204 31
1738680515135 173.4868533722282 32
1738680515173 156.03421555818403 33
1738680515211 177.84892249164048 34
1738680515250 164.68097431646137 35
1738680515290 160.35122557424532 36
1738680515329 129.40120318798088 37
1738680515368 138.00644620512324 38
1738680515407 108.7852055297161 39
1738680515445 184.70008584065116 40
1738680515483 62.50390882575291 41
1738680515521 169.95501449143575 42
1738680515558 112.83317880772752 43
1738680515597 242.86802565704167 44
1738680515635 146.23448385555275 45
1738680515673 482.0138003282235 46
1738680515711 146.6638785205827 47
1738680515749 140.50307124441014 48
1738680515787 152.94937126208842 49
1738680515825 166.6284594155392 50
1738680515862 51.81154066999738 51
1738680515902 118.3022501730365 52
1738680515939 141.00353854928002 53
1738680515979 105.24679476016222 54
1738680516018 314.81351917195 55
1738680516057 248.96788501048528 56
1738680516095 156.97143941397795 57
1738680516132 232.74464642615416 58
1738680516170 153.73994007820775 59
1738680516209 177.02329377775496 60
1738680516247 144.56406166690928 61
1738680516285 172.6103793750188 62
1738680516323 183.59487788605395 63
1738680516361 273.9587904648621 64
1738680516399 248.1985810693923 65
1738680516438 114.02942446948185 66
1738680516476 152.93086041059115 67
1738680516514 159.36100383094382 68
1738680516552 185.611272183321 69
1738680516590 234.78365110156398 70
1738680516628 196.78242113499084 71
1738680516666 240.52741751354003 72
1738680516704 176.3993384605403 73
1738680516742 275.8034409141753 74
1738680516780 149.69853134818803 75
1738680516818 161.34997463889212 76
1738680516857 162.63503999146204 77
1738680516895 186.04034826081872 78
1738680516933 189.778803031455 79
1738680516973 142.23633749791148 80
1738680517011 190.14536557478021 81
1738680517049 234.2927348308518 82
1738680517087 344.97258755470375 83
1738680517125 187.83870763696723 84
1738680517163 53.600173458767756 85
1738680517201 125.26719316488311 86
1738680517240 218.55501717984333 87
1738680517278 151.94184878625774 88
1738680517316 176.9829591258189 89
1738680517355 227.41060850198258 90
1738680517394 161.14485288967035 91
1738680517433 161.817321015738 92
1738680517471 152.94271316317324 93
1738680517509 159.2453621407033 94
1738680517548 79.28672606426517 95
1738680517587 169.72137825982406 96
1738680517625 198.59949779138483 97
1738680517663 174.74050269427718 98
1738680517701 134.6270865070409 99
1738680517739 161.94551263118728 100
1738680517779 180.31942488234523 101
1738680517816 133.31632896527978 102
1738680517854 156.32243961748364 103
1738680517892 160.32519498679304 104
1738680517930 192.52707674485276 105
1738680517968 141.75230256313844 106
1738680518006 174.76568368993776 107
1738680518044 165.45081141924604 108
1738680518082 159.45741050700883 109
1738680518120 161.2893820763298 110
1738680518158 217.1481595646562 111
1738680518196 177.25699681086195 112
1738680518234 187.39855152420924 113
1738680518272 124.70822539292536 114
1738680518311 147.4714971743703 115
1738680518349 167.52827527893055 116
1738680518387 178.6320646498751 117
1738680518425 189.67727997868673 118
1738680518463 163.38536594335224 119
1738680518501 215.63747571594382 120
1738680518539 135.41720868093424 121
1738680518578 152.27256146274152 122
1738680518617 165.33820502771704 123
1738680518655 143.71413245755795 124
1738680518693 138.65113089235112 125
1738680518731 196.12151548003266 126
1738680518769 197.0215890237069 127
1738680518807 181.41567596929266 128
1738680518845 315.1962212332124 129
1738680518883 172.9812640755369 130
1738680518921 134.54988346664572 131
1738680518959 104.73577137674837 132
1738680518997 186.92952479632035 133
1738680519035 226.61506937433782 134
1738680519073 169.42596154505753 135
1738680519111 149.66087987808572 136
1738680519150 139.76310850481127 137
1738680519188 116.81408143357535 138
1738680519226 215.24732542385917 139
1738680519263 171.99096507335292 140
1738680519301 204.89811466354985 141
1738680519339 122.08120400203934 142
1738680519377 123.73196322580378 143
1738680519415 170.11585261822745 144
1738680519453 167.10607294320332 145
1738680519490 59.07705152828964 146
1738680519529 164.7632182334141 147
1738680519567 103.58505622300196 148
1738680519604 129.74287791153503 149
1738680519643 161.65911074657495 150
1738680519681 162.913005367107 151
1738680519719 101.04147709240397 152
1738680519757 253.12130268646132 153
1738680519795 171.35340954162726 154
1738680519833 172.53830109415298 155
1738680519871 143.48434631966757 156
1738680519910 169.48439275709922 157
1738680519948 111.63342610694254 158
1738680519986 137.58102937155272 159
1738680520024 71.57135198273093 160
1738680520062 158.24585771366148 161
1738680520100 155.0767831871636 162
1738680520138 206.3748052760872 163
1738680520177 154.82144506224262 164
1738680520215 106.72988821876444 165
1738680520252 168.26078225869017 166
1738680520290 306.19149160199004 167
1738680520328 168.54121243159423 168
1738680520367 148.04700929050108 169
1738680520405 212.47677978087734 170
1738680520443 193.43907720117983 171
1738680520481 179.37295543061188 172
1738680520519 160.53899316641673 173
1738680520558 157.59834208787356 174
1738680520597 185.03921396199036 175
1738680520636 159.2806591328925 176
1738680520675 222.71417260691967 177
1738680520713 123.88483270813354 178
1738680520752 118.7858005813481 179
1738680520790 155.15934376525217 180
1738680520828 182.876284850567 181
1738680520866 123.96662525342762 182
1738680520904 139.89094088664345 183
1738680520943 143.38759072371604 184
1738680520981 201.50375692095272 185
1738680521019 178.49064937761597 186
1738680521056 168.53217045533088 187
1738680521095 123.78040270743098 188
1738680521135 191.140334240971 189
1738680521173 385.610152378903 190
1738680521211 199.84180185478854 191
1738680521249 175.65860627474575 192
1738680521288 108.4513110230514 193
1738680521326 127.69841127444681 194
1738680521364 144.94461129262268 195
1738680521403 127.99177766797882 196
1738680521441 179.78467090325466 197
1738680521479 165.8784269146643 198
1738680521517 183.88274384563255 199
1738680521555 133.00647342085622 200
1738680521593 409.8489811298593 201
1738680521632 170.15907592603884 202
1738680521669 155.39714617062634 203
1738680521707 160.97754631299983 204
1738680521745 142.38736525768834 205
1738680521783 175.9103315230265 206
1738680521822 273.3712390955208 207
1738680521860 176.80037176718278 208
1738680521898 277.0297004235483 209
1738680521936 177.7243671260427 210
1738680521974 151.78300036197538 211
1738680522012 185.1853484142001 212
1738680522050 176.79302200637028 213
1738680522088 58.953629058410925 214
1738680522127 183.60331744135726 215
1738680522164 136.79777744209957 216
1738680522203 165.46072646981006 217
1738680522241 146.62464275404528 218
1738680522280 110.50508786483674 219
1738680522318 129.58775449822457 220
1738680522356 180.4209826708177 221
1738680522394 139.78668589037667 222
1738680522432 408.4427110047188 223
1738680522470 228.77123205874676 224
1738680522508 176.51555766452358 225
1738680522546 194.08474619936766 226
1738680522584 152.0530006089347 227
1738680522621 142.34978836622034 228
1738680522660 320.8538628494167 229
1738680522698 158.92483976103867 230
1738680522737 158.41774726327185 231
1738680522775 191.07243081440203 232
1738680522813 199.55923857227114 233
1738680522852 150.94700378530675 234
1738680522889 120.81308460503078 235
1738680522928 157.7609492129713 236
1738680522966 149.16850201596122 237
1738680523004 184.06561011857673 238
1738680523044 171.54368955981855 239
1738680523082 54.43852340100442 240
1738680523121 116.62189565889977 241
1738680523159 320.4599962661333 242
1738680523197 126.15001773112695 243
1738680523235 159.84549467945914 244
1738680523273 161.40524467032606 245
1738680523311 160.3313561550728 246
1738680523350 172.16718910972597 247
1738680523389 155.2710786336233 248
1738680523426 169.1287555630301 249
1738680523464 174.03533361211214 250
1738680523502 108.55166225654033 251
1738680523541 153.2090229932754 252
1738680523579 146.617303676532 253
1738680523617 183.58138735181578 254
1738680523655 302.5439111020628 255
1738680523693 184.3166875332861 256
1738680523731 120.77095338679538 257
1738680523769 71.3578884587779 258
1738680523807 266.8505722766678 259
1738680523845 171.56460049655158 260
1738680523883 117.42986437311045 261
1738680523922 167.04390290440253 262
1738680523960 328.59247536795107 263
1738680523998 145.27409052898915 264
1738680524036 83.24810458608195 265
1738680524074 223.8460191147591 266
1738680524112 187.4122159918916 267
1738680524150 190.462740850809 268
1738680524188 108.06377773855732 269
1738680524226 146.8577187470242 270
1738680524264 97.73824192924384 271
1738680524302 162.32864724526735 272
1738680524340 93.15474667458464 273
1738680524379 158.08678621719332 274
1738680524416 21.748922239870282 275
1738680524455 137.86075810170078 276
1738680524493 96.9182865633808 277
1738680524532 144.02547529163735 278
1738680524570 165.9930612463883 279
1738680524608 155.08626256736727 280
1738680524647 146.4507369985772 281
1738680524685 189.53677872033913 282
1738680524723 176.49730139811405 283
1738680524761 156.57975990378446 284
1738680524799 170.3403142526431 285
1738680524836 215.67869858912866 286
1738680524875 214.04530888249158 287
1738680524913 179.6628514218386 288
1738680524951 221.46118541330887 289
1738680524990 155.42027860952433 290
1738680525029 144.15234726649678 291
1738680525067 171.3034439941606 292
1738680525105 252.10316193557495 293
1738680525143 165.75739028548583 294
1738680525181 167.33616662604115 295
1738680525219 84.58254661506109 296
1738680525257 298.19415803681585 297
1738680525295 158.04658056401647 298
1738680525333 141.90176649248164 299
1738680525371 241.21272020224657 300
1738680525411 115.31763520909183 301
1738680525449 157.2961302402457 302
1738680525487 178.87827925212548 303
1738680525526 197.08510293903439 304
1738680525565 158.38773717331708 305
1738680525603 214.32053262290685 306
1738680525641 112.52516519600546 307
1738680525679 177.79156643441246 308
1738680525717 236.18622824777395 309
1738680525755 132.8951603009183 310
1738680525794 188.80996478638065 311
1738680525832 231.0980158605645 312
1738680525870 169.00567607640875 313
1738680525908 143.6121435632383 314
1738680525946 170.9195211426765 315
1738680525984 152.1969876365264 316
1738680526022 161.56821099828235 317
1738680526061 189.1944976440036 318
1738680526100 132.61770167678574 319
1738680526138 291.9036501928407 320
1738680526176 192.82882317366443 321
1738680526214 183.42267623534153 322
1738680526253 216.7049704332618 323
1738680526292 129.00786410232573 324
1738680526330 167.6740681941723 325
1738680526368 144.60166353721226 326
1738680526406 159.9306479574612 327
1738680526444 218.70771169363616 328
1738680526483 188.6406824932613 329
1738680526521 151.32926041004285 330
1738680526559 112.31698536521463 331
1738680526598 157.148215614584 332
1738680526636 99.43785696099734 333
1738680526674 191.57788381215516 334
1738680526712 173.15658674123264 335
1738680526750 178.86757065680806 336
1738680526788 138.39233634773825 337
1738680526826 178.54925482817694 338
1738680526864 73.32447298785235 339
1738680526902 133.17833959328792 340
1738680526940 162.95341850467545 341
1738680526978 138.4092443759967 342
1738680527016 252.86202129965088 343
1738680527053 153.1948451159436 344
1738680527092 167.32124289781518 345
1738680527131 152.85261204848294 346
1738680527170 173.80208154652382 347
1738680527208 175.34615862984413 348
1738680527246 165.35308992573582 349
1738680527284 139.7492552280615 350
1738680527322 330.42327194932653 351
1738680527360 114.3017629806024 352
1738680527398 143.53577908121818 353
1738680527437 182.07012614932404 354
1738680527475 139.31841914887184 355
1738680527513 200.71782995584078 356
1738680527550 81.91071409590648 357
1738680527588 94.4316833782311 358
1738680527627 153.1900977734712 359
1738680527666 191.618928332194 360
1738680527704 168.5144992487365 361
1738680527742 140.75736054563 362
1738680527780 138.82023963585152 363
1738680527817 141.410827179544 364
1738680527855 116.7598176401481 365
1738680527893 186.8141859897445 366
1738680527931 215.86595085879674 367
1738680527969 253.88523730105413 368
1738680528008 177.0069986415847 369
1738680528046 146.87105386031774 370
1738680528084 179.41261640855907 371
1738680528122 167.87919206522633 372
1738680528160 193.85960550955042 373
1738680528199 157.02710872148864 374
1738680528238 190.23430752822736 375
1738680528276 148.75579865021646 376
1738680528314 183.19255496886117 377
1738680528351 164.56233731878592 378
1738680528390 204.71102871346113 379
1738680528428 158.346025774077 380
1738680528466 156.4855750665163 381
1738680528504 167.7570117979319 382
1738680528542 115.96847994968395 383
1738680528580 176.16623008551994 384
1738680528618 186.9666321105415 385
1738680528657 175.80761292542854 386
1738680528695 184.80634742881387 387
1738680528734 178.89890296532832 388
1738680528772 132.19692033771207 389
1738680528809 124.11023985790885 390
1738680528847 177.75919506218625 391
1738680528885 169.58086784807492 392
1738680528923 165.4939057402004 393
1738680528961 193.21882765501314 394
1738680528999 123.21138902299163 395
1738680529037 240.3466290282925 396
1738680529075 169.77378645329563 397
1738680529113 175.380161135653 398
1738680529151 136.68689793936775 399
1738680529190 188.38164317377309 400
1738680529228 166.2532357891156 401
1738680529267 137.2084254150318 402
1738680529305 154.88012726769472 403
1738680529343 160.94768117448086 404
1738680529381 194.83702394093064 405
1738680529420 231.81004313147088 406
1738680529458 183.64175007582878 407
1738680529496 181.03763526273372 408
1738680529534 181.68355150277492 409
1738680529573 137.28493897402248 410
1738680529611 163.4614419944321 411
1738680529648 150.72240331533988 412
1738680529686 183.20088054636966 413
1738680529724 143.769536777115 414
1738680529763 137.73876454571095 415
1738680529802 146.1627887840218 416
1738680529840 219.75210736430273 417
1738680529878 62.60422018626484 418
1738680529916 212.81699019663392 419
1738680529954 139.18420049790788 420
1738680529992 186.59734832755916 421
1738680530029 192.2844884505495 422
1738680530067 117.8665537638678 423
1738680530105 140.45176861059264 424
1738680530143 186.20064126328163 425
1738680530181 207.0020144491776 426
1738680530219 139.18074315719144 427
1738680530258 291.2942400144222 428
1738680530296 147.86385199782362 429
1738680530335 193.67598734687363 430
1738680530374 284.224027994545 431
1738680530412 67.98060622942558 432
1738680530450 122.99524067624559 433
1738680530488 169.6353532993826 434
1738680530527 40.42146580739026 435
1738680530564 580.4400897457344 436
1738680530602 153.43535010107726 437
1738680530640 195.62257158619877 438
1738680530679 103.67592190544048 439
1738680530716 177.23177731266614 440
1738680530755 78.95347885301219 441
1738680530795 110.73867727263536 442
1738680530833 192.04146067216612 443
1738680530872 177.21995551525725 444
1738680530910 168.82820222201985 445
1738680530949 169.75944601270245 446
1738680530987 103.99233201525956 447
1738680531025 102.10979640682618 448
1738680531063 34.7365924291329 449
1738680531101 149.5781891830268 450
1738680531139 108.30035086943565 451
1738680531176 163.99132040398237 452
1738680531214 186.3820670380648 453
1738680531253 140.1349053510108 454
1738680531291 158.9632355568811 455
1738680531329 117.82087732914148 456
1738680531367 146.687496969654 457
1738680531406 116.7303452084504 458
1738680531444 122.16758098381239 459
1738680531483 181.02642575565775 460
1738680531521 119.99523153848173 461
1738680531558 139.1001949583851 462
1738680531597 154.99534421039803 463
1738680531635 156.65370789386554 464
1738680531673 154.32960605564327 465
1738680531711 107.67511967455104 466
1738680531749 102.11491540209786 467
1738680531788 169.4513053804217 468
1738680531826 99.36501563946025 469
1738680531864 181.52134017999109 470
1738680531902 166.76330481252336 471
1738680531940 114.03939933999732 472
1738680531978 154.80334313204654 473
1738680532017 297.77277635433416 474
1738680532055 197.34514123676945 475
1738680532101 72.67655372865136 476
1738680532143 159.9845756745339 477
1738680532185 161.7423009783664 478
1738680532227 173.70235481043827 479
1738680532269 143.91649231744145 480
1738680532310 218.2057805675208 481
1738680532352 168.3356276401995 482
1738680532393 153.5367435711273 483
1738680532435 178.3045077498075 484
1738680532477 188.42573376704357 485
1738680532518 156.40458440484167 486
1738680532560 496.071332043179 487
1738680532602 150.9787637434702 488
1738680532644 172.9409163562381 489
1738680532686 172.17876551438664 490
1738680532728 156.16908765037 491
1738680532770 144.73087960395765 492
1738680532813 107.96592973910037 493
1738680532854 167.44621235809356 494
1738680532896 272.54079615207127 495
1738680532937 224.35377269213853 496
1738680532979 206.83947562848377 497
1738680533021 136.93986802654985 498
1738680533062 153.9749632721521 499
