1738681009925 176.9723204460833 0
1738681009971 167.65256641064994 1
1738681010016 165.8628743148546 2
1738681010061 172.2633083088567 3
1738681010107 180.65389908098018 4
1738681010154 164.87671736965294 5
1738681010204 177.6313497854866 6
1738681010251 165.0008565223784 7
1738681010296 166.75872477718346 8
1738681010342 188.29464594013916 9
1738681010387 164.9358444159659 10
1738681010432 178.100325826127 11
1738681010476 158.83359253269975 12
1738681010521 179.94882573266565 13
1738681010566 165.6077564846134 14
1738681010612 179.80547208472723 15
1738681010657 163.54307911278164 16
1738681010702 171.37071409561676 17
1738681010748 196.68156011316393 18
1738681010795 165.16690670587553 19
1738681010840 185.51797803960451 20
1738681010885 170.54466495493014 21
1738681010930 161.59423544994684 22
1738681010975 159.00836702402813 23
1738681011020 178.77408947056594 24
1738681011065 167.0823896833781 25
1738681011111 167.40587491737105 26
1738681011156 173.83936200548365 27
1738681011200 182.56255258825112 28
1738681011245 178.64983171621913 29
1738681011290 174.07422010698426 30
1738681011335 179.49960071491972 31
1738681011380 169.65419308409375 32
1738681011425 175.29712380400545 33
1738681011470 144.93928339575643 34
1738681011516 142.66962599058246 35
1738681011561 150.4658734515183 36
1738681011607 191.21213141218368 37
1738681011652 183.41054675173223 38
1738681011698 159.02036276521363 39
1738681011742 157.0977289160049 40
1738681011787 173.70462059134982 41
1738681011832 181.4162022912038 42
1738681011877 184.67447124483053 43
1738681011922 150.84995983436383 44
1738681011967 165.4092083296891 45
1738681012012 162.8694243474712 46
1738681012056 174.4699654881813 47
1738681012108 188.9497699997688 48
1738681012158 176.69999312992417 49
1738681012207 162.44221420057008 50
1738681012255 206.19860278285915 51
1738681012303 150.6896646828868 52
1738681012352 177.0755368581018 53
1738681012402 178.24074249266033 54
1738681012451 177.95959895805527 55
1738681012501 155.5065129637464 56
1738681012550 178.5892122240034 57
1738681012600 173.27535050074167 58
1738681012649 184.4678736260669 59
1738681012698 158.56321585032856 60
1738681012746 181.75659885608133 61
1738681012794 180.99317096475693 62
1738681012843 193.43063302702188 63
1738681012891 175.04144262448403 64
1738681012940 191.1781770983012 65
1738681012989 177.3716857538317 66
1738681013039 170.02543862060332 67
1738681013087 150.38720638312822 68
1738681013137 182.53368931743591 69
1738681013185 154.86436300942893 70
1738681013233 146.54856879752302 71
1738681013283 144.80217168666783 72
1738681013331 146.96037316424238 73
1738681013380 184.66731078214653 74
1738681013428 169.47879074933374 75
1738681013478 140.96734366126452 76
1738681013526 167.21572447394053 77
1738681013576 158.77805145816137 78
1738681013625 153.32616900877252 79
1738681013674 177.60888125167105 80
1738681013721 190.84396517743275 81
1738681013767 171.21049657866962 82
1738681013812 153.35680971966963 83
1738681013857 144.4953592601829 84
1738681013902 163.20529088585894 85
1738681013948 164.86612616295946 86
1738681013993 171.9100435172841 87
1738681014038 146.385186459872 88
1738681014083 178.78248841120333 89
1738681014129 167.24356018244157 90
1738681014174 198.47088561459094 91
1738681014218 174.417833867428 92
1738681014263 149.7533596540158 93
1738681014308 176.2693233980589 94
1738681014354 179.5214455553564 95
1738681014400 189.1914353619239 96
1738681014445 187.4232805718988 97
1738681014490 162.8511381768074 98
1738681014536 169.98884629218557 99
1738681014581 159.1628450420291 100
1738681014625 166.8481239821849 101
1738681014670 189.43953498710334 102
1738681014716 86.80168930231919 103
1738681014766 164.3082328181296 104
1738681014812 150.2881017767846 105
1738681014858 135.32719679727634 106
1738681014903 190.08406624665088 107
1738681014948 140.37391887421188 108
1738681014995 173.41159155582213 109
1738681015040 151.91399683524747 110
1738681015085 163.43880843855635 111
1738681015130 164.7033441766601 112
1738681015175 159.14470907990807 113
1738681015220 174.98876278977275 114
1738681015265 156.12538031428588 115
1738681015310 173.47891924568697 116
1738681015355 179.9763048453642 117
1738681015400 190.86186583944595 118
1738681015445 137.7988548209163 119
1738681015490 189.52984932830037 120
1738681015536 181.48163281414048 121
1738681015581 182.13367798331774 122
1738681015626 188.7705174784788 123
1738681015671 152.0271898966295 124
1738681015716 175.91208476959312 125
1738681015762 174.27924243697245 126
1738681015807 174.68085501648386 127
1738681015852 171.32856596366608 128
1738681015897 152.70476024179408 129
1738681015942 172.1905091155713 130
1738681015987 166.77177188247234 131
1738681016032 158.42758951033542 132
1738681016077 155.59127751870247 133
1738681016123 167.34289183837566 134
1738681016168 166.90754879745174 135
1738681016213 172.07556719851107 136
1738681016258 161.81057680346558 137
1738681016303 169.78239530240677 138
1738681016349 175.72776025962534 139
1738681016394 173.95606020626406 140
1738681016438 183.1187607699667 141
1738681016483 176.5887802872706 142
1738681016528 158.2881824674233 143
1738681016573 164.52176022896737 144
1738681016619 173.74054466720506 145
1738681016665 165.65293108372808 146
1738681016710 158.3652631000861 147
1738681016755 133.39130003540185 148
1738681016799 185.23192080229367 149
1738681016844 185.31368044158302 150
1738681016889 166.92904227573771 151
1738681016935 174.29742140777972 152
1738681016982 169.37247704195255 153
1738681017031 164.20295591500852 154
1738681017078 176.51425647051275 155
1738681017124 168.6311714154698 156
1738681017169 177.86332863941217 157
1738681017214 166.98168442237738 158
1738681017259 171.54902673459782 159
1738681017304 163.5423450791938 160
1738681017350 148.54776912803868 161
1738681017395 179.52716693415553 162
1738681017441 152.88641054922888 163
1738681017486 169.07527470445316 164
1738681017530 175.49498338496883 165
1738681017575 162.04087489483462 166
1738681017620 176.13890363694824 167
1738681017665 172.08478974836268 168
1738681017711 147.99378297516995 169
1738681017757 178.6418679031911 170
1738681017802 185.11806009073783 171
1738681017847 171.68017966332067 172
1738681017892 171.60663696815467 173
1738681017936 178.0603821034378 174
1738681017981 167.38204345491982 175
1738681018026 131.45404356401042 176
1738681018071 165.43092078174905 177
1738681018116 161.0847397742006 178
1738681018162 176.99600019866412 179
1738681018207 172.80489097626793 180
1738681018253 157.01989059040216 181
1738681018298 169.25778255865092 182
1738681018343 176.18206324306502 183
1738681018388 186.0010168424554 184
1738681018433 181.5275652416995 185
1738681018478 174.3210001323734 186
1738681018523 162.5520047176934 187
1738681018568 176.37314884817053 188
1738681018613 159.1255513794848 189
1738681018658 180.10527468343523 190
1738681018703 130.14723799226954 191
1738681018749 174.1948798750789 192
1738681018794 159.8312394894011 193
1738681018839 148.2639040119656 194
1738681018884 178.60874843714353 195
1738681018929 180.3747034939172 196
1738681018974 168.13017179505238 197
1738681019019 152.24907067200212 198
1738681019064 207.55622895159777 199
1738681019108 167.24077134680616 200
1738681019154 183.6276678907118 201
1738681019199 183.68105486111173 202
1738681019243 192.79074063208859 203
1738681019289 168.20451494137947 204
1738681019335 179.73108516407683 205
1738681019379 173.68191776232547 206
1738681019424 172.68315414357107 207
1738681019470 142.16174147156713 208
1738681019514 170.5295109812953 209
1738681019559 165.11530363276245 210
1738681019604 191.5962301818514 211
1738681019649 147.44162528817697 212
1738681019695 168.89002742194404 213
1738681019741 149.29898111435207 214
1738681019785 170.45221062713438 215
1738681019831 182.1166402262015 216
1738681019879 161.34948755165172 217
1738681019925 165.83716151980374 218
1738681019970 179.7984263661359 219
1738681020015 176.2070760755026 220
1738681020060 156.67842076516777 221
1738681020105 170.37438155684887 222
1738681020150 201.80788235544162 223
1738681020195 198.66905260798606 224
1738681020240 173.37075030214785 225
1738681020285 189.82844384855906 226
1738681020330 174.35024599147994 227
1738681020376 179.60727173290553 228
1738681020422 156.2868917800204 229
1738681020467 181.29555899859986 230
1738681020512 172.4247874924271 231
1738681020557 166.07312854385745 232
1738681020602 169.38557974076758 233
1738681020647 169.34574935788046 234
1738681020692 179.2015323887603 235
1738681020737 155.83217299010076 236
1738681020783 178.86069310716877 237
1738681020828 193.6620818344371 238
1738681020873 172.90630961281394 239
1738681020919 180.6163693534729 240
1738681020964 159.65393047652313 241
1738681021009 165.29636453247045 242
1738681021053 164.9777011792121 243
1738681021098 183.8720516722981 244
1738681021144 176.070815204111 245
1738681021189 170.26641593350007 246
1738681021234 153.9964694536473 247
1738681021279 167.97197195656653 248
1738681021323 178.88110671799944 249
1738681021369 187.79422858328198 250
1738681021414 172.24024477519762 251
1738681021461 173.0226447219975 252
1738681021507 172.11592461281683 253
1738681021552 189.60280728000188 254
1738681021596 150.69602766512622 255
1738681021642 163.7990213007265 256
1738681021687 129.60947120802433 257
1738681021732 177.4023192007411 258
1738681021777 169.36484621961355 259
1738681021822 194.97306640546176 260
1738681021866 186.32053236907467 261
1738681021911 138.63777549082045 262
1738681021957 178.96529681982958 263
1738681022002 161.85618883180715 264
1738681022047 165.19752750466776 265
1738681022093 191.99621210507453 266
1738681022138 180.63670489784238 267
1738681022183 198.04129294375056 268
1738681022228 162.97502253260575 269
1738681022273 189.73055700042895 270
1738681022317 152.7048238280445 271
1738681022363 180.70217229154088 272
1738681022408 172.26177484212002 273
1738681022453 177.30256384538242 274
1738681022498 186.34128230848677 275
1738681022543 185.29639429224824 276
1738681022588 191.37421918972507 277
1738681022633 181.2272068100239 278
1738681022679 149.22928288358295 279
1738681022724 173.110089092039 280
1738681022769 155.03404668781442 281
1738681022814 185.91036099151268 282
1738681022859 168.56517401924256 283
1738681022904 189.10967385080383 284
1738681022948 243.21779950573975 285
1738681022994 135.13631551294583 286
1738681023040 158.8220734801988 287
1738681023085 160.0623074992274 288
1738681023130 161.93721290003327 289
1738681023176 168.4365847433369 290
1738681023221 165.50235834992966 291
1738681023266 180.4555273943915 292
1738681023311 163.0233291203239 293
1738681023355 187.56626020956728 294
1738681023400 175.14802695106283 295
1738681023445 160.03823413301947 296
1738681023490 184.91247450346432 297
1738681023535 180.70061732383536 298
1738681023580 165.05810285362955 299
1738681023625 169.8189490834598 300
1738681023670 174.76881910974075 301
1738681023715 180.1079222324609 302
1738681023760 180.50265936776896 303
1738681023805 169.00326313499303 304
1738681023850 174.03304282453468 305
1738681023895 185.22535560570648 306
1738681023940 194.8961002511411 307
1738681023984 180.9674350489937 308
1738681024030 189.6125897348069 309
1738681024075 163.88911143026905 310
1738681024120 157.94261940864067 311
1738681024165 173.3550341471977 312
1738681024210 158.4943457661422 313
1738681024255 191.365494175181 314
1738681024301 166.14891409321658 315
1738681024345 173.88737573866544 316
1738681024391 162.7468286645104 317
1738681024435 158.56425083422906 318
1738681024480 168.4665383709893 319
1738681024525 152.33460883746065 320
1738681024570 166.97505167555138 321
1738681024617 172.93739646074883 322
1738681024661 152.7663955400922 323
1738681024706 158.3344230873634 324
1738681024752 156.3280563522106 325
1738681024797 141.68626847114191 326
1738681024842 161.6339541357008 327
1738681024887 84.03643844005832 328
1738681024932 142.76755001762814 329
1738681024977 185.8979781007885 330
1738681025022 156.7016984314797 331
1738681025067 196.51218445822036 332
1738681025112 144.03608867008452 333
1738681025158 176.35470516174718 334
1738681025203 185.90588537969967 335
1738681025248 141.8881934434128 336
1738681025293 158.77459415250985 337
1738681025338 144.93049048765036 338
1738681025383 189.85337776079865 339
1738681025428 178.919482743587 340
1738681025472 167.42533352818467 341
1738681025517 139.25223130729978 342
1738681025562 170.69083901178467 343
1738681025607 176.96480359519103 344
1738681025652 137.94694300361292 345
1738681025698 178.3507789670423 346
1738681025743 164.12047720756692 347
1738681025787 150.4926026540692 348
1738681025832 175.11171688568032 349
1738681025877 182.7551695578593 350
1738681025922 164.79897978399748 351
1738681025967 180.81977823926894 352
1738681026012 147.42076130012902 353
1738681026058 217.16320021874822 354
1738681026103 169.94952390797445 355
1738681026147 155.6732256424757 356
1738681026192 171.48675022905945 357
1738681026238 173.0366804956951 358
1738681026282 198.7519516768981 359
1738681026327 174.60847688515477 360
1738681026372 157.59691667070305 361
1738681026417 147.96675214353058 362
1738681026462 180.54932108820722 363
1738681026506 165.00747474884878 364
1738681026551 174.94105938652095 365
1738681026596 166.41997304495166 366
1738681026641 181.7748972689474 367
1738681026686 148.64348703044064 368
1738681026731 134.8153118912652 369
1738681026776 150.86822460005166 370
1738681026821 175.2388258612739 371
1738681026866 226.1055843685701 372
1738681026911 179.61465433273247 373
1738681026955 147.57156350249542 374
1738681027000 169.12457867213737 375
1738681027045 188.56340392823927 376
1738681027090 162.85739761624268 377
1738681027135 168.34839841730223 378
1738681027180 190.64009079220318 379
1738681027225 163.28811891381068 380
1738681027270 139.13433427331384 381
1738681027315 178.84190080971365 382
1738681027360 153.22309759971583 383
1738681027404 166.9905537130142 384
1738681027449 170.26356615194365 385
1738681027494 170.0622790654302 386
1738681027539 175.9029961848936 387
1738681027583 175.01204951232117 388
1738681027629 143.50485623029803 389
1738681027674 156.1805424639858 390
1738681027719 180.29189874190828 391
1738681027764 172.221544217611 392
1738681027809 160.5626076101604 393
1738681027855 159.35541717687295 394
1738681027899 166.14504478787825 395
1738681027944 163.52425323827148 396
1738681027989 143.54377424211816 397
1738681028034 145.51707498948966 398
1738681028079 166.09408418214971 399
1738681028124 157.8132931330491 400
1738681028169 180.03584459469917 401
1738681028214 160.89657193787113 402
1738681028259 164.03168728881388 403
1738681028304 168.1564741707174 404
1738681028350 130.4375711323901 405
1738681028396 166.63792067658693 406
1738681028440 181.12429705226424 407
1738681028485 167.07130031751726 408
1738681028530 170.15613930745516 409
1738681028575 201.6942096638411 410
1738681028620 195.27714973654363 411
1738681028664 179.2805845821015 412
1738681028709 176.11594182299885 413
1738681028754 162.40960298945689 414
1738681028799 165.34532768542724 415
1738681028844 170.64233449715027 416
1738681028890 176.23739773589136 417
1738681028936 207.64212991033227 418
1738681028981 164.12667232395782 419
1738681029026 184.20800085912157 420
1738681029071 168.44732178393187 421
1738681029116 177.70000437668372 422
1738681029161 169.81697212844185 423
1738681029205 165.46540300546206 424
1738681029250 161.3040913355335 425
1738681029295 153.19410696337437 426
1738681029340 178.73398146939257 427
1738681029385 152.28614134226072 428
1738681029431 155.54194432487898 429
1738681029476 165.85329179797324 430
1738681029521 155.619999677352 431
1738681029566 205.58457658313458 432
1738681029611 173.90863797658517 433
1738681029656 178.40312751457472 434
1738681029701 158.39531587363263 435
1738681029745 174.51792048628366 436
1738681029791 156.1157278897364 437
1738681029836 160.45407106446572 438
1738681029880 159.8833130673161 439
1738681029926 167.57309923907076 440
1738681029971 173.71845757770043 441
1738681030016 153.860359302428 442
1738681030061 193.75937327447264 443
1738681030105 230.2513925898277 444
1738681030150 181.4023210797509 445
1738681030194 172.96841317207583 446
1738681030239 185.19096016848874 447
1738681030284 108.27267198325376 448
1738681030329 161.8989353218709 449
1738681030374 175.1373008750071 450
1738681030418 181.38037337955038 451
1738681030463 174.9667764298584 452
1738681030509 184.3522451260462 453
1738681030554 160.84646361319267 454
1738681030598 171.65960659749555 455
1738681030643 139.72572749404438 456
1738681030688 171.13472502630748 457
1738681030733 162.3403740031222 458
1738681030778 177.30205935555205 459
1738681030823 169.90597432255734 460
1738681030868 165.782528960568 461
1738681030912 159.74009627323943 462
1738681030957 181.57373088204704 463
1738681031002 191.1362831889716 464
1738681031051 170.7542594940724 465
1738681031097 173.37486187216655 466
1738681031142 148.6550468500321 467
1738681031187 177.33263913405736 468
1738681031232 169.3183008918172 469
1738681031277 166.95423595027876 470
1738681031322 155.8774386021532 471
1738681031367 193.6051937893484 472
1738681031411 151.2467917411733 473
1738681031456 171.87571542290345 474
1738681031501 170.01111781631602 475
1738681031546 126.74476061549363 476
1738681031591 158.9066393580674 477
1738681031636 145.28477195047958 478
1738681031681 175.1146336940372 479
1738681031726 179.73059962108616 480
1738681031770 163.55270947977868 481
1738681031815 169.2314611995683 482
1738681031860 178.95881509394331 483
1738681031905 166.52473675250417 484
1738681031950 174.54104293162644 485
1738681031995 168.3433440915053 486
1738681032040 179.21457888487984 487
1738681032086 178.4678167760591 488
1738681032131 188.19840252452187 489
1738681032176 166.04751635960466 490
1738681032220 162.3400859704078 491
1738681032265 189.84895812550937 492
1738681032310 158.58418031450356 493
1738681032355 177.22778846867655 494
1738681032400 106.79804429015498 495
1738681032445 176.9356850428916 496
1738681032489 198.9679291442769 497
1738681032534 183.19236601223417 498
1738681032578 182.1766076125607 499
