1738680301695 173.02826447732272 0
1738680301730 181.0560281807608 1
1738680301764 167.10161507404885 2
1738680301797 165.75111578305396 3
1738680301831 169.60794281603367 4
1738680301865 164.72099599323758 5
1738680301900 164.58604661672337 6
1738680301935 177.986432915722 7
1738680301971 166.9488502279993 8
1738680302008 147.36233488507816 9
1738680302045 154.72245608015368 10
1738680302081 176.4769121143607 11
1738680302115 156.91198423890222 12
1738680302149 164.2998384803331 13
1738680302182 160.9997032172358 14
1738680302216 164.98413390531974 15
1738680302250 176.2556014328912 16
1738680302283 160.1913441003641 17
1738680302315 165.79773298846757 18
1738680302348 175.34626838888218 19
1738680302382 154.878518100602 20
1738680302415 184.07749130456546 21
1738680302448 165.67395069288486 22
1738680302481 161.07904155802558 23
1738680302515 156.06871085849542 24
1738680302548 165.59557460940312 25
1738680302581 179.0760298060092 26
1738680302614 160.16487028726544 27
1738680302650 170.1871170983985 28
1738680302683 163.63245998294227 29
1738680302716 185.93555828873613 30
1738680302748 176.6793410825607 31
1738680302781 179.5692946314995 32
1738680302814 165.68340339597464 33
1738680302848 155.3326003289302 34
1738680302881 166.8123016134428 35
1738680302914 173.34135934991434 36
1738680302948 174.1599513202384 37
1738680302981 166.29994433950856 38
1738680303014 158.46532780831163 39
1738680303048 161.84138691577095 40
1738680303083 165.4917873566666 41
1738680303116 177.3075846008916 42
1738680303150 146.22026692018585 43
1738680303183 157.54350821251364 44
1738680303217 180.58367968473655 45
