1738679788928 173.3779876206137 0
1738679788966 172.561974766349 1
1738679789003 162.90503202723713 2
1738679789040 161.91950705376357 3
1738679789076 169.83130484364213 4
1738679789113 160.11963147230387 5
1738679789166 170.05595364580736 6
1738679789208 179.04523267642412 7
1738679789247 172.72554490329077 8
1738679789284 167.81557128120426 9
1738679789321 161.9938826713662 10
1738679789363 183.32000159585627 11
1738679789400 174.91803500677233 12
1738679789436 171.40971568116936 13
1738679789472 160.73048997216418 14
1738679789507 178.84199078666552 15
1738679789544 159.75206841183933 16
1738679789580 178.71033362794344 17
