1738679045785 161.08456186629854 0
1738679045793 166.1499755298657 1
1738679045799 171.51280963459084 2
1738679045805 164.61976712283388 3
1738679045811 165.4277376360529 4
1738679045816 169.25145360519494 5
1738679045822 167.31254009885643 6
1738679045828 174.95325926197202 7
1738679045833 173.3148343427741 8
1738679045840 165.79663178683356 9
1738679045845 165.54266171515425 10
1738679045851 171.94176077486432 11
1738679045857 173.87836355700503 12
1738679045863 171.00465287668254 13
1738679045869 162.56663589403027 14
1738679045875 172.17141883110125 15
1738679045881 171.59775994932193 16
1738679045887 168.1638671760799 17
1738679045894 172.00248454312558 18
1738679045900 167.64374465205347 19
1738679045906 170.46631988631884 20
1738679045912 167.6967172123282 21
1738679045919 163.9676420200978 22
1738679045925 169.69741587823447 23
1738679045931 168.51116464390293 24
1738679045937 164.89475462392795 25
1738679045943 168.4646161339411 26
1738679045949 168.52281688030044 27
1738679045955 170.69058416521773 28
1738679045961 174.41654463656073 29
1738679045967 170.04168952788518 30
1738679045974 170.55325091462987 31
1738679045980 169.41148629961918 32
1738679045985 170.14000482106098 33
1738679046009 168.48128338113463 34
1738679046015 172.5485780305027 35
1738679046025 169.0634546112543 36
1738679046031 169.59980247913842 37
1738679046037 165.48094244111587 38
1738679046043 174.07227526480818 39
1738679046050 166.33155661810176 40
1738679046057 167.4648323812834 41
1738679046063 162.15934473182134 42
1738679046070 166.4406187930453 43
1738679046076 174.29609713645794 44
1738679046082 172.76838035132678 45
1738679046088 165.01302203568233 46
1738679046094 167.86132755236272 47
1738679046100 166.5496567446312 48
1738679046106 168.6060236396522 49
1738679046112 170.32186108961986 50
1738679046118 171.5175396389735 51
1738679046124 170.47860811156798 52
1738679046130 170.70948007130997 53
1738679046135 168.32834690407554 54
1738679046141 172.11629743864478 55
1738679046147 168.76275641794626 56
1738679046153 168.89739913911902 57
1738679046158 169.16083644693165 58
