1738679289871 168.49341857074697 0
1738679289878 166.73297509327995 1
1738679289885 167.0972444874232 2
1738679289891 167.79718888118902 3
1738679289897 169.95759734374425 4
1738679289904 166.70681584131776 5
1738679289911 168.14989269589077 6
1738679289917 167.23428135567906 7
1738679289924 167.36004108752854 8
1738679289930 170.76153344706742 9
1738679289936 167.3439636923059 10
1738679289942 170.0701799409436 11
1738679289948 167.00439449556893 12
1738679289955 170.3257391809657 13
1738679289961 169.30724539313573 14
1738679289967 167.43538495043214 15
1738679289974 170.32331049403075 16
1738679289980 168.87982097716417 17
1738679289986 168.58773719728853 18
1738679289992 169.76990731443664 19
1738679289999 170.18810181240838 20
1738679290005 170.85087583182158 21
1738679290012 168.97525388201495 22
1738679290019 168.38852026740145 23
1738679290025 170.67319818914157 24
1738679290031 168.35698727773377 25
1738679290037 168.2930681130351 26
1738679290044 165.99747383137463 27
1738679290050 168.89786203631874 28
1738679290056 171.276114572556 29
1738679290062 169.20345580639483 30
1738679290069 168.55147081854128 31
1738679290075 168.27242823949416 32
1738679290082 171.00439009814605 33
1738679290089 166.77476382620085 34
1738679290095 165.36193781725663 35
1738679290102 167.02681397507973 36
1738679290127 168.15906016419086 37
1738679290135 168.0118594669645 38
1738679290142 167.97827378345832 39
1738679290148 170.28649835979508 40
1738679290154 169.5297366482023 41
1738679290160 168.93373784661404 42
1738679290166 168.37785159800623 43
1738679290172 169.26966546216485 44
1738679290178 168.9219610449025 45
1738679290185 168.1642794380325 46
1738679290191 166.57506880674163 47
1738679290197 169.09311078420288 48
1738679290204 170.2412919930385 49
1738679290212 171.11718976530298 50
1738679290219 168.90194692251347 51
1738679290225 168.3320440090183 52
1738679290231 168.68790662734492 53
1738679290237 172.63806918908787 54
1738679290243 169.5082246466014 55
1738679290249 163.68699738534113 56
1738679290257 169.0785801240362 57
1738679290263 166.6679486333335 58
1738679290270 168.172883606817 59
1738679290276 169.34547303466144 60
1738679290283 170.0209406701282 61
1738679290289 168.75063551021253 62
1738679290295 172.2743349280822 63
1738679290301 166.76610742683985 64
1738679290307 171.36420220246592 65
1738679290313 169.0660934682257 66
