1738680921726 166.91071109917297 0
1738680921734 168.12437290815402 1
1738680921741 171.19830223436537 2
1738680921748 166.8263021496048 3
1738680921755 168.71330538425158 4
1738680921762 169.2238868593664 5
1738680921769 168.03809284321514 6
1738680921776 169.75630006940864 7
1738680921783 169.9089560942022 8
1738680921790 165.48264420516804 9
1738680921798 170.9437655444908 10
1738680921805 167.45722673572453 11
1738680921812 170.28828600614833 12
1738680921819 168.97176440287762 13
1738680921826 168.19470575600826 14
1738680921834 170.1417243472627 15
1738680921841 169.05043537212822 16
1738680921848 168.25233710895435 17
1738680921854 167.75449373431246 18
1738680921860 168.90490883914322 19
1738680921867 171.5569946265767 20
1738680921873 170.77686420740534 21
1738680921880 168.63434268231208 22
1738680921887 170.5617230338588 23
1738680921893 169.45725415616943 24
1738680921900 169.02565964840164 25
1738680921906 169.37907601576396 26
1738680921913 167.78538733619192 27
1738680921921 168.6375662748962 28
1738680921929 169.33826228286597 29
1738680921935 168.57621489508298 30
1738680921942 170.1428702439235 31
1738680921948 167.75063809680077 32
1738680921956 168.8866652491136 33
1738680921962 170.1229809773026 34
1738680921969 170.07160175544558 35
1738680921975 171.09325466634238 36
1738680921982 169.10421660666574 37
1738680921989 168.45572942214062 38
1738680921995 169.16358015670403 39
1738680922002 170.21727316528367 40
1738680922009 167.96282699161665 41
1738680922015 168.7719492320438 42
1738680922022 169.61670720958693 43
1738680922029 168.52324998388752 44
