1738679115295 162.30447020533515 0
1738679115334 166.14605599781126 1
1738679115372 179.03494197827013 2
1738679115410 201.688573598773 3
1738679115448 166.47400852953803 4
1738679115488 187.13879776112648 5
1738679115529 163.2742235402779 6
1738679115570 170.69862806770126 7
1738679115608 149.54512768291127 8
1738679115646 184.8386527934746 9
1738679115683 151.37863604066015 10
1738679115721 147.6596665005005 11
1738679115764 152.17751674676228 12
1738679115803 167.28278267168992 13
1738679115857 181.58731336479113 14
1738679115896 190.04618792585364 15
1738679115934 195.96924331887357 16
1738679115972 165.54733535297444 17
1738679116010 148.39446894065722 18
1738679116049 172.68640833567753 19
1738679116122 160.90536150709107 20
1738679116161 164.7704369934756 21
1738679116198 168.49749329676249 22
1738679116236 174.5173886218551 23
1738679116274 178.50270617210472 24
1738679116312 157.70105750674148 25
1738679116351 156.03494861419185 26
1738679116389 173.9820205201315 27
1738679116437 179.03056950344623 28
1738679116476 168.41958545863383 29
1738679116542 160.710718714084 30
1738679116579 166.4631730826787 31
1738679116617 171.00215327026336 32
1738679116655 170.90953443973663 33
1738679116691 154.0858120075021 34
1738679116729 160.66061321621657 35
1738679116767 166.9514161712571 36
1738679116804 151.41521856275378 37
1738679116842 174.30401429056113 38
1738679116879 168.5223998055221 39
1738679116916 178.22983276368856 40
1738679116952 155.31740181738496 41
1738679116989 168.9452033407006 42
1738679117027 157.45470581439795 43
1738679117083 179.6408380668215 44
1738679117121 156.8960708185116 45
1738679117158 180.14540307181147 46
