1738823994830 169.91113050996353 0
1738823994848 169.90784322290247 1
1738823994864 169.90456730310916 2
1738823994882 169.90130270809684 3
1738823994901 169.89804939554438 4
1738823994919 169.89480732329523 5
1738823994932 169.89157644935727 6
1738823994947 169.8883567319017 7
1738823994961 169.88514812926263 8
1738823994975 169.88195059993643 9
1738823994991 169.87876410258102 10
1738823995005 169.87558859601515 11
1738823995024 169.87242403921798 12
1738823995035 169.86927039132826 13
1738823995048 169.8661276116437 14
1738823995060 169.86299565962048 15
1738823995077 169.85987449487254 16
1738823995092 169.85676407717082 17
1738823995105 169.8536643664428 18
1738823995119 169.8505753227719 19
1738823995135 169.8474969063968 20
1738823995150 169.84442907771069 21
1738823995168 169.8413717972609 22
1738823995181 169.8383250257481 23
1738823995200 169.83528872402582 24
1738823995218 169.8322628530997 25
1738823995234 169.82924737412708 26
1738823995253 169.82624224841618 27
1738823995269 169.82324743742564 28
1738823995286 169.82026290276394 29
1738823995301 169.81728860618864 30
1738823995314 169.81432450960597 31
1738823995330 169.81137057507019 32
1738823995347 169.80842676478287 33
1738823995360 169.80549304109257 34
1738823995375 169.80256936649403 35
1738823995392 169.79965570362754 36
1738823995407 169.79675201527868 37
1738823995421 169.79385826437738 38
1738823995434 169.79097441399765 39
1738823995448 169.78810042735674 40
1738823995461 169.78523626781478 41
1738823995474 169.78238189887406 42
1738823995487 169.77953728417862 43
1738823995500 169.77670238751358 44
1738823995513 169.77387717280456 45
1738823995531 169.7710616041171 46
1738823995551 169.76825564565644 47
1738823995568 169.76545926176632 48
1738823995586 169.76267241692912 49
1738823995601 169.7598950757648 50
1738823995618 169.75712720303065 51
1738823995635 169.75436876362056 52
1738823995674 169.75161972256464 53
1738823995693 169.74888004502856 54
1738823995712 169.74614969631304 55
1738823995733 169.74342864185337 56
1738823995754 169.74071684721875 57
1738823995768 169.73801427811188 58
1738823995782 169.7353209003684 59
1738823995801 169.73263667995639 60
1738823995817 169.72996158297568 61
1738823995834 169.72729557565765 62
1738823995851 169.72463862436425 63
1738823995868 169.72199069558795 64
1738823995884 169.71935175595095 65
1738823995913 169.71672177220472 66
1738823995931 169.71410071122952 67
1738823995948 169.71148854003386 68
1738823995968 169.70888522575387 69
1738823995984 169.70629073565317 70
1738823996001 169.70370503712195 71
1738823996015 169.70112809767664 72
1738823996030 169.69855988495942 73
1738823996044 169.69600036673774 74
1738823996064 169.69344951090378 75
1738823996082 169.69090728547383 76
1738823996101 169.68837365858815 77
1738823996119 169.68584859851006 78
1738823996136 169.68333207362582 79
1738823996152 169.68082405244382 80
1738823996171 169.67832450359433 81
1738823996190 169.67583339582893 82
1738823996206 169.67335069802002 83
1738823996223 169.67087637916043 84
1738823996238 169.66841040836266 85
1738823996255 169.66595275485886 86
1738823996271 169.66350338799992 87
1738823996287 169.66106227725544 88
1738823996302 169.65862939221262 89
1738823996322 169.65620470257656 90
1738823996339 169.65378817816915 91
1738823996355 169.65137978892906 92
1738823996375 169.64897950491098 93
1738823996390 169.64658729628533 94
1738823996404 169.64420313333758 95
1738823996415 169.64182698646826 96
1738823996428 169.63945882619188 97
1738823996443 169.6370986231371 98
1738823996458 169.63474634804567 99
1738823996471 169.63240197177248 100
1738823996485 169.63006546528493 101
1738823996500 169.62773679966236 102
1738823996514 169.62541594609584 103
1738823996530 169.62310287588744 104
1738823996544 169.6207975604502 105
1738823996561 169.6184999713073 106
1738823996575 169.61621008009175 107
1738823996593 169.61392785854602 108
1738823996610 169.61165327852157 109
1738823996626 169.60938631197848 110
1738823996648 169.60712693098483 111
1738823996669 169.60487510771645 112
1738823996688 169.60263081445643 113
1738823996703 169.6003940235948 114
1738823996719 169.59816470762786 115
1738823996740 169.59594283915797 116
1738823996760 169.59372839089312 117
1738823996777 169.5915213356465 118
1738823996792 169.58932164633586 119
1738823996807 169.58712929598343 120
1738823996820 169.58494425771536 121
1738823996834 169.5827665047613 122
1738823996849 169.58059601045395 123
1738823996863 169.57843274822872 124
1738823996877 169.5762766916234 125
1738823996892 169.5741278142775 126
1738823996910 169.5719860899321 127
1738823996925 169.5698514924294 128
1738823996945 169.5677239957122 129
1738823996961 169.56560357382358 130
1738823996980 169.56349020090659 131
1738823997000 169.56138385120366 132
1738823997017 169.55928449905642 133
1738823997030 169.5571921189051 134
1738823997043 169.55510668528828 135
1738823997057 169.55302817284252 136
1738823997070 169.5509565563018 137
1738823997085 169.54889181049742 138
1738823997098 169.54683391035726 139
1738823997110 169.54478283090577 140
1738823997123 169.54273854726327 141
1738823997138 169.54070103464574 142
1738823997154 169.53867026836437 143
1738823997172 169.5366462238254 144
1738823997188 169.5346288765292 145
1738823997208 169.53261820207072 146
1738823997225 169.5306141761383 147
1738823997241 169.5286167745139 148
1738823997258 169.5266259730723 149
1738823997277 169.524641747781 150
1738823997295 169.52266407469986 151
1738823997309 169.52069292998056 152
1738823997322 169.51872828986635 153
1738823997338 169.51677013069164 154
1738823997356 169.51481842888177 155
1738823997370 169.51287316095244 156
1738823997385 169.5109343035095 157
1738823997402 169.50900183324853 158
1738823997419 169.5070757269547 159
1738823997434 169.5051559615019 160
1738823997450 169.50324251385302 161
1738823997468 169.50133536105915 162
1738823997484 169.49943448025937 163
1738823997499 169.49753984868045 164
1738823997514 169.49565144363655 165
1738823997529 169.4937692425286 166
1738823997545 169.49189322284434 167
1738823997562 169.4900233621577 168
1738823997578 169.48815963812854 169
1738823997594 169.4863020285023 170
1738823997609 169.4844505111098 171
1738823997629 169.48260506386663 172
1738823997666 169.48076566477306 173
1738823997687 169.47893229191357 174
1738823997715 169.47710492345664 175
1738823997740 169.47528353765426 176
1738823997759 169.47346811284174 177
