1738823038597 43.139861978481505 0
1738823038655 29.29787857171517 1
1738823038711 36.78727141439444 2
1738823038772 8.004370073606816 3
1738823038831 5.866104362731257 4
1738823038889 3.7749947707653247e-05 5
1738823038951 1.1412876811494743 6
1738823039017 0.42694831544657824 7
1738823039090 3.3008853955705897 8
1738823039162 1.050143711656222 9
1738823039228 0.36640418697767924 10
1738823039277 0.011182911803513162 11
1738823039337 0.21175263178106 12
1738823039415 0.23402632654647207 13
1738823039476 0.008565851543841962 14
1738823039539 0.11930092400846351 15
1738823039606 0.22986877225664132 16
1738823039668 0.06310219462884098 17
1738823039732 0.008348089741276083 18
1738823039800 0.0030816947839046676 19
1738823039872 0.08918922127622818 20
1738823039930 0.0032439777546547886 21
1738823039991 0.0015747603470676488 22
1738823040066 0.011812745297911705 23
1738823040120 0.15751602662601144 24
1738823040175 0.3965373043471636 25
1738823040235 0.024954293997212912 26
1738823040295 0.21699589100443453 27
1738823040361 0.22763001321920587 28
1738823040421 0.06597028542260278 29
1738823040483 2.768157403550423e-07 30
1738823040544 0.11748000952422974 31
1738823040609 0.020217996956806355 32
1738823040676 0.25822409529213464 33
1738823040734 0.12082007131464992 34
1738823040792 0.45824315237576013 35
1738823040855 0.00144772258142365 36
1738823040914 0.09074848005978686 37
1738823040974 0.011019088818157448 38
1738823041035 0.13311590812929003 39
1738823041099 0.020065499808213552 40
1738823041159 1.81564530772472e-07 41
1738823041225 0.0011091291208350292 42
1738823041309 0.0005885234534067758 43
1738823041373 0.11479642561912623 44
1738823041438 0.04251450421868284 45
1738823041499 0.06511069670705967 46
1738823041558 0.03877851293780942 47
1738823041621 0.31109567912196406 48
1738823041684 0.009346426858031788 49
1738823041780 0.1376909806016472 50
1738823041841 0.08201421800648563 51
1738823041905 0.001307319230421883 52
1738823041976 0.18088372286180598 53
1738823042051 0.05134752974433349 54
1738823042116 0.2481282194861951 55
1738823042178 1.2607622811129018 56
1738823042256 0.00022346858637819198 57
1738823042319 0.0014322332007839743 58
1738823042384 0.027244799547691486 59
1738823042456 0.0039830204498466065 60
1738823042513 0.0013506050337774257 61
1738823042572 0.05577303144416029 62
1738823042640 0.009836481547023702 63
1738823042696 0.030132386665616538 64
1738823042752 0.06992343876577983 65
1738823042812 0.15513050142581838 66
1738823042881 0.012209980059857017 67
1738823042945 0.04385430929080598 68
1738823043008 0.21489350780135727 69
1738823043065 4.579693588014344e-05 70
1738823043134 0.010493845180714537 71
1738823043198 0.031102264930630365 72
1738823043268 0.10153363244949985 73
1738823043337 0.035534651134337715 74
1738823043399 0.01853200723729345 75
1738823043456 0.34853502206725656 76
1738823043506 0.10943424309028627 77
1738823043574 0.6873343753371134 78
1738823043643 0.005240905427886088 79
1738823043715 0.003595529775533802 80
1738823043780 3.4392324988515474e-05 81
1738823043842 0.0031129803689085313 82
1738823043905 0.002870819414036957 83
1738823043961 0.012218403379261068 84
1738823044030 0.012469768448113181 85
1738823044106 0.08852462708861598 86
1738823044169 0.4520991772455434 87
1738823044232 0.03930975238770311 88
1738823044295 0.09399307302609411 89
1738823044365 0.3859350712169159 90
1738823044443 0.2539310179203253 91
1738823044512 0.01646536205371702 92
1738823044583 0.05948440863262753 93
1738823044676 0.019355813387610967 94
1738823044734 0.09805312314308602 95
1738823044811 0.09902862279307759 96
1738823044876 0.042259583796036886 97
1738823044965 0.09357737991603739 98
1738823045025 0.0057952405028676365 99
1738823045095 0.02232750443254159 100
1738823045163 0.08125232113771838 101
1738823045224 0.02995106738645561 102
1738823045289 5.5911856163856005e-05 103
1738823045356 0.5531341500059422 104
1738823045417 5.680569502508755e-06 105
1738823045481 0.045935792560432065 106
1738823045543 0.09219018836246338 107
1738823045613 0.011111205861985293 108
1738823045674 0.06877947595438352 109
1738823045750 0.00019994028635680588 110
1738823045814 0.013628576808183395 111
1738823045879 0.03550659887674815 112
1738823045943 0.1690066443394646 113
1738823046009 0.009900313275239858 114
1738823046072 0.05151829445028711 115
1738823046133 0.2748034727690276 116
1738823046191 0.20999489301509425 117
1738823046257 0.04436200158019545 118
1738823046320 0.0059266361948128515 119
1738823046378 0.09138550060711427 120
1738823046442 0.6155328601448435 121
1738823046497 0.004224178552468664 122
1738823046567 0.10391156930115415 123
1738823046631 0.009691381916072293 124
1738823046723 0.04833168287101638 125
1738823046783 0.00032186561006863554 126
1738823046850 0.00793933739827404 127
1738823046909 0.002646949421016169 128
1738823046974 0.0195815302793631 129
1738823047037 0.0005768156477874246 130
1738823047098 0.0007806786626212396 131
1738823047158 9.133078580193362e-05 132
1738823047221 0.00784585557117947 133
1738823047275 0.006627319747696072 134
1738823047338 0.09484286838406193 135
1738823047399 0.003335107023128231 136
1738823047464 0.16984272522193414 137
1738823047525 0.020271317421056305 138
1738823047592 0.02413281948335249 139
1738823047657 0.05185232171294416 140
1738823047727 0.04309692096108557 141
1738823047790 0.01149419123958279 142
1738823047854 0.1172357425284748 143
1738823047912 0.08010854130911631 144
1738823047971 0.010725692942964165 145
1738823048029 0.025136673090661536 146
1738823048087 0.13748578828834626 147
1738823048156 0.008471518531084318 148
1738823048217 0.0006551786977944272 149
1738823048282 0.07642478942164312 150
1738823048348 0.33903876915667375 151
1738823048409 1.8638187621809243e-05 152
1738823048472 0.061726083490207896 153
1738823048538 0.01545047229392861 154
1738823048606 0.0430030610847862 155
1738823048672 0.005366116673951695 156
1738823048743 0.0007617473563087713 157
1738823048805 0.2675907348784305 158
1738823048867 0.041028467102184586 159
1738823048931 0.002684881126604108 160
1738823048994 0.019284028668395913 161
1738823049064 0.0025081895047637803 162
1738823049130 1.2795813753742886 163
1738823049187 0.004329244227783949 164
1738823049255 0.047948462528835153 165
1738823049315 0.24796182818119006 166
1738823049378 0.06208730773314123 167
1738823049439 0.009781256445867605 168
1738823049502 0.12815612458020392 169
1738823049564 0.07889847450760137 170
1738823049632 0.018479746106900414 171
1738823049696 0.061224939091982684 172
1738823049758 0.16073931783323894 173
1738823049833 0.00039422611471028306 174
1738823049895 0.017537518177036776 175
1738823049956 0.0012670029829528388 176
1738823050022 0.02674788055641943 177
1738823050086 0.00932310745784343 178
1738823050135 0.025824585713104618 179
1738823050194 0.05235857795523228 180
1738823050269 0.020925159861137216 181
1738823050336 0.7980368594674889 182
1738823050397 0.019185566937507358 183
1738823050457 0.02995053716140887 184
1738823050522 0.0030375937116861305 185
1738823050573 0.03129973128301428 186
1738823050624 0.008986604399610448 187
1738823050678 0.0002844594250982328 188
1738823050739 0.1119649915488206 189
1738823050798 0.0012494724791999306 190
1738823050855 0.10126142678765292 191
1738823050921 0.12550304717878508 192
1738823050986 0.0023704252116159346 193
1738823051054 0.029642427600735644 194
1738823051113 0.000966370227750034 195
1738823051175 0.08858617992946127 196
1738823051242 0.04224047779371929 197
1738823051311 0.09780371829444556 198
1738823051384 0.11465369819355173 199
1738823051453 0.024237273352574345 200
1738823051514 0.08686968074979683 201
1738823051568 0.1923974178788578 202
1738823051629 0.00519995059480437 203
1738823051687 0.0003229264171924804 204
1738823051755 0.021758308591062273 205
1738823051813 0.41488299345947083 206
1738823051868 0.1797813089425466 207
1738823051929 0.01392934462168217 208
1738823052025 0.021336931669307568 209
1738823052081 0.002780744002547832 210
1738823052153 0.0767917105865044 211
1738823052227 0.0028520598813548625 212
1738823052287 0.04575684911917912 213
1738823052353 0.0009577991119244205 214
1738823052414 0.030147475826257035 215
1738823052478 0.0004567350746423999 216
1738823052543 0.006308231879806821 217
1738823052601 0.0027745456956059225 218
1738823052657 0.03780406540891692 219
1738823052708 0.49883717157248747 220
1738823052767 0.0007008680711635166 221
1738823052827 5.809179352048025e-05 222
1738823052887 0.023077937111002037 223
1738823052945 0.0013493864730176894 224
1738823053005 0.057864967076273796 225
1738823053063 0.07244021405134568 226
1738823053142 0.011133370114458429 227
1738823053204 0.020727981150753944 228
1738823053264 0.22650497500231068 229
1738823053330 0.18904556823856686 230
1738823053395 0.002898699850042204 231
1738823053458 0.00022219754104063925 232
1738823053520 0.003669574496497869 233
1738823053584 0.6066828750764873 234
1738823053644 0.002624890846140386 235
1738823053702 0.06941415030461119 236
1738823053771 0.0003244570208640095 237
1738823053831 0.00905730408075135 238
1738823053891 0.16946016716418677 239
1738823053944 0.0040945848857472525 240
1738823053999 0.09452159098504487 241
1738823054056 0.010123095976590661 242
1738823054135 0.13490670483568581 243
1738823054198 0.14032017314155756 244
1738823054264 0.13422622646466423 245
1738823054326 0.31568413572061865 246
1738823054394 0.17887280965204072 247
1738823054457 0.2635455630351762 248
1738823054520 0.08051681998924441 249
1738823054601 0.034095682287916644 250
1738823054666 0.26572935858106184 251
1738823054732 0.01138809281297083 252
1738823054792 0.19233003947313282 253
1738823054844 0.382679010817694 254
1738823054906 0.0321165899557584 255
1738823054955 0.13343936444601595 256
1738823055011 0.03949468821326386 257
1738823055071 0.015915133498345172 258
1738823055129 0.02126773180970374 259
1738823055189 0.00355181189140317 260
1738823055252 0.03724004795716676 261
1738823055312 0.10016038367254178 262
1738823055374 0.002643671424969863 263
1738823055429 0.0043804206866045435 264
1738823055534 0.0029839930262574167 265
1738823055588 0.12659958549660072 266
1738823055659 0.00020629204303013597 267
1738823055713 0.043878332297919743 268
1738823055769 0.0018141491393213326 269
1738823055830 0.1828304431502198 270
1738823055892 0.011318217525779722 271
1738823055954 0.009775490873797432 272
1738823056018 0.020415932730350552 273
1738823056093 0.003724054688741222 274
1738823056156 5.6781072672376645e-05 275
1738823056224 0.013713139135212002 276
1738823056297 0.10416286013512349 277
1738823056360 0.0033491353859004037 278
1738823056430 3.2691724676998565e-06 279
1738823056486 0.0037282714202766716 280
1738823056545 0.31527419500651294 281
1738823056604 0.004107575084484599 282
1738823056662 0.00010078616422607133 283
1738823056727 0.2330900404068902 284
1738823056806 0.012512483013480222 285
1738823056879 0.07717293065841917 286
1738823056951 0.062475490379693945 287
1738823057011 0.00837303628316883 288
1738823057075 0.02807209324373843 289
1738823057135 0.0040552960226208695 290
1738823057205 0.06509791469295709 291
1738823057275 0.006549782811904156 292
1738823057339 0.002335996605513662 293
1738823057436 0.1834376647991654 294
1738823057502 0.007670631993270424 295
1738823057561 0.023552482592710092 296
1738823057622 0.1974276885572816 297
1738823057715 0.1799743752342907 298
1738823057787 0.6053377922454594 299
1738823057858 0.009309100879918684 300
1738823057918 0.021919789800211087 301
1738823057981 0.32821932452677954 302
1738823058029 0.056058034051792556 303
1738823058094 0.018995295460582953 304
1738823058152 0.007882310997588097 305
1738823058213 0.1371258401773175 306
1738823058276 0.011999213773518671 307
1738823058336 0.016980465211605938 308
1738823058414 0.13360359152177473 309
1738823058477 0.207610685840293 310
1738823058540 0.0860130908583469 311
1738823058599 0.0077535297180926395 312
1738823058659 0.0756893694942414 313
1738823058717 0.009861991581447927 314
1738823058787 0.02683385797794645 315
1738823058849 0.2219845040095985 316
1738823058908 0.024139956739893 317
1738823058966 0.11420513512532421 318
1738823059027 0.17515536930400352 319
1738823059092 0.046706723639782684 320
1738823059146 0.008471996762477122 321
1738823059205 0.052137942414308955 322
1738823059269 0.00014679252654415024 323
1738823059332 0.14156716409252945 324
1738823059398 3.4318532060906385e-06 325
1738823059468 0.05558108239507265 326
1738823059532 0.07307095319460208 327
1738823059598 0.11319239784676277 328
1738823059664 0.006523941651985542 329
1738823059724 0.03131989705395009 330
1738823059788 0.05098191178021932 331
1738823059851 0.00164949717553386 332
1738823059911 0.014205600649091977 333
1738823059974 0.04266675992527916 334
1738823060035 0.023538946020161072 335
1738823060098 0.005850252482685287 336
1738823060160 0.07586801967790599 337
1738823060224 0.04618842849860669 338
1738823060283 0.0504148185333244 339
1738823060357 0.006057498762978552 340
1738823060404 0.031164837604952388 341
1738823060475 0.08738618157206855 342
1738823060542 0.17514750998497697 343
1738823060600 0.23085577644096505 344
1738823060656 0.01618593826817999 345
1738823060717 0.005179932585040343 346
1738823060781 0.012522095192732816 347
1738823060841 0.13048447362899232 348
1738823060898 0.4197859712290615 349
1738823060961 0.001207566215006425 350
1738823061027 0.002300253527966019 351
1738823061094 0.4577596061343719 352
1738823061159 0.08634244981248636 353
1738823061220 0.06726338371942805 354
1738823061294 0.013240202154623723 355
1738823061355 0.09764633254155661 356
1738823061412 0.09447710883281493 357
1738823061483 0.1227795053650375 358
1738823061531 2.166035039328887e-05 359
1738823061594 0.06965674523645478 360
1738823061658 0.03566783123478656 361
1738823061728 0.24491289060530255 362
1738823061797 0.07527703135726477 363
1738823061858 0.038019206011272656 364
1738823061909 0.0008423633321206096 365
1738823061963 0.0034376075552093035 366
1738823062028 0.011565421273678225 367
1738823062092 0.03541648521600269 368
1738823062152 0.06136881534394729 369
1738823062218 0.12718199489827126 370
1738823062277 0.1513737106553274 371
1738823062338 0.14772901712822822 372
1738823062400 0.40390522018061686 373
1738823062467 0.09250805201395809 374
1738823062536 0.10011975431332129 375
1738823062595 0.053677906708182524 376
1738823062652 0.38153390245491203 377
1738823062713 0.00017799526840837738 378
1738823062765 0.024317011642390942 379
1738823062829 0.00012686354410616126 380
1738823062889 0.025254906021834646 381
1738823062946 0.0006054717982989528 382
1738823063008 0.05181741412653459 383
1738823063078 0.11424173765912708 384
1738823063133 0.043387975272032135 385
1738823063179 0.15192395445887588 386
1738823063236 0.059036590733446595 387
1738823063297 0.034583916031428207 388
1738823063371 0.520666944512505 389
1738823063418 0.024950359571681492 390
1738823063472 0.046884627509669874 391
1738823063527 0.1319795349114403 392
1738823063594 0.0175910506329886 393
1738823063651 0.1489280417204974 394
1738823063711 0.03435718793321676 395
1738823063761 0.14160033279189488 396
1738823063823 0.03688047005958317 397
1738823063881 0.0013926794505072974 398
1738823063937 0.012515653067727516 399
1738823063993 0.1569515051771798 400
1738823064057 0.25855326289885583 401
1738823064118 0.05648538230992966 402
1738823064178 0.004609631758693429 403
1738823064235 0.23956090382454423 404
1738823064304 0.07564884938976814 405
1738823064367 0.2148140144747863 406
1738823064429 0.08551874495376216 407
1738823064481 0.002691266023454595 408
1738823064538 0.026777761567872108 409
1738823064601 0.00047977722519766615 410
1738823064670 0.001748801350147899 411
1738823064728 0.02253093428434591 412
1738823064775 0.06853670395830637 413
1738823064841 0.0963140605838578 414
1738823064899 0.05089952238460379 415
1738823064963 0.18402683541485307 416
1738823065020 0.0033268927526502487 417
1738823065081 0.09072263619235527 418
1738823065139 0.18294569831650492 419
1738823065197 0.05654892997772712 420
1738823065262 6.217816343417602e-05 421
1738823065332 0.01887939143157377 422
1738823065397 0.012112549415529184 423
1738823065455 0.06146907786788767 424
1738823065509 0.03333100357375782 425
1738823065566 0.07490304176871804 426
1738823065628 0.4934835337869242 427
1738823065694 0.08196140856144943 428
1738823065747 0.04865338607205081 429
1738823065811 0.012824218660344066 430
1738823065873 0.0593688831044671 431
1738823065937 0.07555227505616693 432
1738823066001 0.5833255950131377 433
1738823066062 0.09432540932851323 434
1738823066126 0.009268869922884386 435
1738823066186 0.06686965324878467 436
1738823066250 0.06949106930633477 437
1738823066319 0.07092188291976957 438
1738823066379 5.080321491545061e-05 439
1738823066448 0.0011863374030083756 440
1738823066512 0.07975387267734826 441
1738823066571 0.0993829908798822 442
1738823066641 0.00816450774841453 443
1738823066702 0.0840820855743983 444
1738823066768 0.011357822937739914 445
1738823066832 0.04667453567424595 446
1738823066906 0.5662737744238604 447
1738823066982 0.02259247823114212 448
1738823067042 3.4253535726986304e-05 449
1738823067104 0.07659883287506704 450
1738823067164 0.07295716687967158 451
1738823067221 0.2949004224562673 452
1738823067283 0.0012355068517919759 453
1738823067342 0.001896969563527202 454
1738823067400 0.030303332894021574 455
1738823067465 0.14942731897207356 456
1738823067522 0.11213211086360933 457
1738823067580 0.019350817405487716 458
1738823067644 0.38291830902515417 459
1738823067704 0.0036998015147967083 460
1738823067770 0.00017110545658999724 461
1738823067831 0.0380974333080368 462
1738823067891 0.06617989008738327 463
1738823067951 0.011168685723039652 464
1738823068017 0.04339263105901442 465
1738823068079 0.01778914539009048 466
1738823068146 0.002260855898949215 467
1738823068204 0.01736776892932446 468
1738823068275 0.09228530813309381 469
1738823068334 0.13166207998352203 470
1738823068394 0.19760340342138377 471
1738823068456 0.02698006282592028 472
1738823068513 0.005817562388985373 473
1738823068572 0.0551782028985372 474
1738823068640 0.07097123096769835 475
1738823068699 0.0021071130190383233 476
1738823068760 0.32972999216767784 477
1738823068825 0.08788058452451315 478
1738823068891 0.04976507546192034 479
1738823068960 0.047794743850835465 480
1738823069026 0.7390758909570191 481
1738823069093 0.09226491038721109 482
1738823069153 0.07296394125836064 483
1738823069206 0.051555976552516994 484
1738823069269 0.0065382099122827195 485
1738823069331 0.27210637693629186 486
1738823069392 0.004049233992031737 487
1738823069453 0.033178574091586345 488
1738823069515 0.03669677943723986 489
1738823069581 0.058323223744504264 490
1738823069645 0.013518635241648574 491
1738823069701 0.00907017084858001 492
1738823069759 0.046886973292078235 493
1738823069824 0.025101771863356003 494
1738823069883 0.454417472661515 495
1738823069941 0.11470217180235268 496
1738823069997 0.08046357304921324 497
1738823070049 0.03584034549618893 498
1738823070110 0.08164549758389777 499
