1738679591467 170.07310769870045 0
1738679591474 177.8819655713926 1
1738679591481 168.88845102905677 2
1738679591488 165.90420667886698 3
1738679591494 174.89609439997767 4
1738679591501 165.31561182429007 5
1738679591507 165.23374196807532 6
1738679591513 173.6020509797479 7
1738679591519 171.5800406150721 8
1738679591525 172.44364212657769 9
1738679591530 168.35133743429952 10
1738679591536 172.60133621841737 11
1738679591543 168.20218687103542 12
1738679591549 173.73337096603584 13
1738679591555 171.99888906857822 14
1738679591562 171.9892765053656 15
1738679591568 167.64916575950036 16
1738679591574 169.97607500209938 17
1738679591580 171.8329772588634 18
1738679591586 169.64818136281275 19
1738679591593 167.5003948531542 20
1738679591599 167.1619459110964 21
1738679591605 171.5559567011249 22
1738679591611 168.67169904766766 23
1738679591617 168.610001593351 24
1738679591623 168.5579217160468 25
1738679591628 172.18505734186627 26
1738679591634 169.05541468058018 27
1738679591640 171.44524334033795 28
1738679591646 171.73813434274265 29
1738679591652 170.73328720417646 30
1738679591660 167.15510614069916 31
1738679591667 165.82257177982146 32
1738679591674 166.405270178691 33
1738679591680 169.47804380409264 34
1738679591687 167.12259091811234 35
1738679591692 167.76777273988438 36
1738679591698 169.7445963254127 37
1738679591704 165.35483816655412 38
1738679591710 168.22376125850994 39
1738679591715 169.3155182509491 40
1738679591721 167.98628757788526 41
1738679591727 171.84963017054304 42
1738679591733 165.89660692969142 43
1738679591739 167.02789258968795 44
1738679591745 167.90672345897462 45
1738679591770 166.4024670700319 46
1738679591777 165.84397539454704 47
1738679591784 167.06635417273023 48
1738679591792 172.84727483401429 49
1738679591798 168.1367251768972 50
1738679591805 169.593437591878 51
1738679591811 170.0879035309263 52
1738679591817 165.42051604813156 53
1738679591823 172.3781849344433 54
1738679591829 167.5518448045142 55
1738679591835 165.38990996227298 56
1738679591841 168.1507519713455 57
1738679591846 169.87089617229688 58
1738679591852 167.24825518619505 59
1738679591858 164.89624624869302 60
