1738678055498 56.88514812848674 0
1738678055561 5.705516070525095 1
1738678055627 4.423074300517788 2
1738678055715 9.027178751263975 3
1738678055822 2.51641845158318 4
1738678055885 0.009255012916024798 5
1738678055948 2.325481915673161 6
1738678056011 0.13198805156554322 7
1738678056075 10.794711411488855 8
1738678056136 0.2633440965160698 9
1738678056195 0.036444563128544626 10
1738678056254 0.09834482283465593 11
1738678056318 0.4972526913536857 12
1738678056385 0.02366329854327398 13
1738678056445 0.15466360022054096 14
1738678056511 0.08249064312678359 15
1738678056568 0.009197179864110686 16
1738678056630 0.07358084293264594 17
1738678056704 0.003502697788104137 18
1738678056768 0.01668086225023287 19
1738678056832 0.17050221837259305 20
1738678056894 0.02133938496396394 21
1738678056944 0.21614391104984138 22
1738678057010 0.22617397468566258 23
1738678057066 0.006205428580592257 24
1738678057120 0.0013848266862473916 25
1738678057183 0.09171625827000336 26
1738678057240 0.0055461295841041595 27
1738678057312 0.13773750067774465 28
1738678057381 0.027099392750516357 29
1738678057439 0.1562377096681335 30
1738678057509 0.003603716069554496 31
1738678057567 0.08499098007639365 32
1738678057629 0.001967904072363794 33
1738678057692 0.44059507140940146 34
1738678057755 0.04235134145106697 35
1738678057814 0.06334618217028716 36
1738678057875 0.0794817377040591 37
1738678057936 0.047930807032609844 38
1738678057998 0.01216008056161323 39
1738678058063 0.06284908063254806 40
1738678058126 0.09221891076562322 41
1738678058186 0.013921534723101993 42
1738678058248 0.05252824704708344 43
1738678058315 0.08831740953933971 44
1738678058375 0.016075691833703103 45
1738678058436 0.0014894440633729832 46
1738678058498 0.0010868270289262994 47
1738678058565 0.0635257919513098 48
1738678058631 0.16346178111318352 49
1738678058699 0.4862135687596498 50
1738678058759 0.0013041405274885707 51
1738678058830 0.0055189174601800225 52
1738678058900 0.03322771824701338 53
1738678058967 0.057839565495403394 54
1738678059044 0.137568595767232 55
1738678059108 0.07573678294346028 56
1738678059162 0.032573589835990846 57
1738678059221 0.00046710886737532205 58
1738678059293 0.10378180545145739 59
1738678059360 0.006761749518255131 60
1738678059423 0.034312209721645094 61
1738678059482 0.011770437810240853 62
1738678059544 0.001572700141610422 63
1738678059600 0.02741593222967523 64
1738678059659 0.056373415457585174 65
1738678059722 0.03638180416548664 66
1738678059782 0.37490354360132494 67
1738678059842 0.19520721353033235 68
1738678059901 0.03344982463304587 69
1738678059964 0.03565682818425218 70
1738678060013 0.02032763228249916 71
1738678060079 0.014364071902069562 72
1738678060135 0.028197530230239725 73
1738678060194 0.004409523414964638 74
1738678060259 0.03855051795302281 75
1738678060326 0.01406693792087389 76
1738678060394 0.125788410079965 77
1738678060462 0.0067220115959548184 78
1738678060522 0.03873418813188441 79
1738678060594 0.009756257514520675 80
1738678060655 0.055655214037391175 81
1738678060722 0.04180097474739256 82
1738678060787 0.12289940772462057 83
1738678060854 0.1350995738669125 84
1738678060919 0.045264387096205866 85
1738678060984 1.614732313944951 86
1738678061049 0.028572916162214454 87
1738678061115 0.10256838637945968 88
1738678061190 0.000740647857272455 89
1738678061254 0.06090813554731548 90
1738678061322 0.010335494045444971 91
1738678061384 0.7880486854967187 92
1738678061445 0.004821905678309624 93
1738678061513 0.04600471072966564 94
1738678061574 0.19956385553911143 95
1738678061636 0.015279809041906553 96
1738678061699 0.08139038251070718 97
1738678061762 0.191726475414713 98
1738678061825 0.021879831644611533 99
1738678061887 0.027489327695266776 100
1738678061943 0.06181471663453189 101
1738678062001 0.04083511431632346 102
1738678062068 0.12419129930964569 103
1738678062131 0.27038380911966053 104
1738678062193 0.05799551813445547 105
1738678062257 0.04989516691657411 106
1738678062313 0.008689733789221183 107
1738678062369 0.002149036331489835 108
1738678062432 0.0537261454783976 109
1738678062493 0.014263839674845017 110
1738678062566 0.0565179009719893 111
1738678062641 0.028363128858515333 112
1738678062710 0.01973552378549415 113
1738678062769 0.30896493364880934 114
1738678062829 0.1913660933815509 115
1738678062893 0.005976209197834395 116
1738678062977 0.0422624022677423 117
1738678063032 0.21387578799847426 118
1738678063086 0.0918034823611263 119
1738678063145 0.00026181364591729107 120
1738678063204 0.024144381508742315 121
1738678063264 0.10829871747197953 122
1738678063333 0.04659081544340857 123
1738678063392 0.09034256471574385 124
1738678063455 0.015452363364457421 125
1738678063527 0.009860541253129936 126
1738678063579 0.14427830523451557 127
1738678063638 0.11654586735293461 128
1738678063695 0.011165259194152184 129
1738678063752 0.0088349507570831 130
1738678063811 0.00012919430772824613 131
1738678063873 0.0023944278301357186 132
1738678063930 0.004191722013409617 133
1738678063990 0.024601680733972328 134
1738678064044 0.0007724997025155106 135
1738678064124 0.033214954175820294 136
1738678064180 0.0038069818208142907 137
1738678064228 0.032160464899885936 138
1738678064276 0.007121405087203083 139
1738678064329 0.10451332096850137 140
1738678064391 0.12855423793118295 141
1738678064449 0.14713818808591786 142
1738678064511 0.024436953051480092 143
1738678064573 0.10108030583870127 144
1738678064634 0.00037542407345430456 145
1738678064692 0.239392317103455 146
1738678064749 0.07058642588752984 147
1738678064808 0.2531153716766792 148
1738678064864 0.04445835848318928 149
1738678064923 0.001130532418748974 150
1738678064984 0.015941742053369134 151
1738678065031 0.06420466614880602 152
1738678065091 0.34534142093419756 153
1738678065151 0.06930661126044427 154
1738678065203 0.002441041436270274 155
1738678065262 0.08580231507823721 156
1738678065321 0.0020433377326554794 157
1738678065381 3.468834607320912e-06 158
1738678065440 0.05691346573004985 159
