1738679690285 180.5521368700541 0
1738679690324 182.8634041350324 1
1738679690361 143.87930242401268 2
1738679690397 161.22670305530073 3
1738679690434 171.18467860967542 4
1738679690472 198.78397718292922 5
1738679690511 176.2528994245287 6
1738679690550 175.8852553350975 7
1738679690588 167.750804157971 8
1738679690625 160.08355479832525 9
1738679690662 165.50332126766705 10
1738679690698 170.3103298917876 11
1738679690734 174.93313970665696 12
1738679690771 167.87498660202306 13
1738679690807 158.44979442324384 14
1738679690843 162.5088213032824 15
1738679690880 203.06966001739409 16
1738679690918 168.34807333884774 17
1738679690954 189.89394916361059 18
1738679690989 167.3565202799971 19
1738679691026 195.67059908089763 20
1738679691062 175.09764030799488 21
1738679691098 168.99436037338754 22
1738679691135 170.12098938016155 23
1738679691171 177.4097898282117 24
1738679691207 175.52117562384217 25
1738679691243 174.08888708179177 26
1738679691278 165.27374853208613 27
1738679691315 165.36698008629995 28
1738679691350 173.36500759946878 29
1738679691386 174.848438609442 30
1738679691422 170.76488823001017 31
1738679691459 174.05890403982082 32
1738679691495 155.43488585253144 33
1738679691531 172.1505354286245 34
1738679691567 152.32472735153172 35
1738679691602 188.79964407855022 36
1738679691638 176.16513739943588 37
1738679691674 171.5852756872319 38
1738679691710 146.21384583013275 39
1738679691747 164.38023221189013 40
1738679691783 171.8654386615075 41
1738679691819 169.98471145067154 42
1738679691855 179.93294259502352 43
1738679691895 167.15487607015743 44
1738679691934 161.02865810067206 45
1738679691972 171.91671944936417 46
1738679692009 169.41927228681962 47
1738679692046 178.8102286653008 48
1738679692083 166.57710817551197 49
1738679692122 159.02968004631404 50
1738679692162 173.93373286335196 51
1738679692202 157.0025769530439 52
1738679692241 163.6424826291371 53
1738679692280 168.11932943660156 54
1738679692319 166.19843783127752 55
1738679692358 168.51512626380017 56
1738679692397 153.52100511241687 57
1738679692436 164.0453878886002 58
1738679692474 172.21852809171406 59
1738679692513 174.17807016659424 60
1738679692552 169.98481422024764 61
1738679692591 159.4444237972742 62
1738679692630 170.12508571344506 63
1738679692670 162.6263475534147 64
1738679692710 142.4483292800967 65
1738679692750 176.20680722002794 66
1738679692790 164.96260405662133 67
1738679692829 175.3493706361765 68
1738679692868 157.2840844483478 69
1738679692908 144.92214389230577 70
1738679692948 172.50996208812165 71
1738679692986 157.04618777577664 72
1738679693025 158.44837503492928 73
1738679693061 140.1111059865361 74
1738679693097 169.42264358321071 75
1738679693133 167.69299803462548 76
1738679693170 159.62298545655813 77
1738679693206 165.86094757638233 78
1738679693243 202.75800336772002 79
1738679693278 167.87681112393412 80
1738679693314 165.57797664076656 81
1738679693350 154.77577721652983 82
1738679693386 202.4223973757754 83
1738679693422 137.62214643645518 84
1738679693457 155.4761397751548 85
1738679693493 172.6209282621881 86
1738679693529 165.98627363295523 87
1738679693564 162.97796153133493 88
1738679693600 172.93003023402613 89
1738679693636 175.98672106374633 90
1738679693672 170.9583832739329 91
1738679693708 164.8881569660523 92
1738679693744 160.27990978490206 93
1738679693780 165.62738314389173 94
1738679693815 168.65642081642864 95
1738679693851 137.11781533989972 96
1738679693888 189.775302917311 97
1738679693924 174.1456810063901 98
1738679693960 154.17724114165176 99
1738679693996 168.0018957392191 100
1738679694032 178.10293426983594 101
1738679694069 149.79437977923266 102
1738679694105 156.89928578606086 103
1738679694141 152.8664947354607 104
1738679694177 178.66450655851938 105
1738679694212 162.3484847519836 106
1738679694248 169.3610874636812 107
1738679694284 166.74852630005182 108
1738679694320 174.158245317887 109
1738679694356 174.62229528395167 110
1738679694392 188.32062506597492 111
1738679694428 174.90033758129456 112
1738679694464 155.8561214553709 113
1738679694500 158.71186627112635 114
1738679694537 175.67821709072658 115
1738679694573 197.50652082971172 116
1738679694608 172.84766280369044 117
1738679694645 158.2346137604966 118
1738679694680 174.32479837565862 119
1738679694716 166.24202198988914 120
1738679694752 176.8029224556457 121
1738679694788 161.31943679829564 122
1738679694825 173.7233868899942 123
1738679694867 161.89001818539984 124
1738679694903 136.58625491403797 125
1738679694939 182.85018242880275 126
1738679694975 144.0624758939107 127
1738679695011 164.5226655395337 128
1738679695047 182.93185844905855 129
1738679695083 194.69889612677983 130
1738679695120 170.0049859510011 131
1738679695155 177.91470073757696 132
1738679695191 174.41392733759804 133
1738679695227 154.71369994577967 134
1738679695267 159.49784311150873 135
1738679695305 164.82857769623752 136
1738679695342 175.38976876077317 137
1738679695378 179.9301187051106 138
1738679695414 144.5115101971841 139
1738679695451 187.30514776656688 140
1738679695487 167.13980545683546 141
1738679695523 178.96074152286613 142
1738679695560 223.5491281627201 143
1738679695596 156.33353242763766 144
1738679695632 169.0622262616172 145
1738679695669 172.1309407968084 146
1738679695704 181.373584457181 147
1738679695740 166.68531543224105 148
1738679695776 163.65091672337806 149
1738679695812 163.631536696383 150
1738679695848 157.98227103372687 151
1738679695884 172.37367230213584 152
1738679695921 140.07885281738564 153
1738679695957 183.63842873537885 154
1738679695992 195.92838895285033 155
1738679696028 160.46527674086423 156
1738679696064 165.5782976714173 157
1738679696100 160.3721032518821 158
1738679696136 174.957394100511 159
1738679696172 170.5459928535855 160
1738679696208 176.10961859233558 161
1738679696244 162.11503563619078 162
1738679696279 138.76191379960196 163
1738679696315 165.70193759989579 164
1738679696351 183.29442505755907 165
1738679696386 164.92823999647948 166
1738679696423 174.5834250377534 167
1738679696458 161.73502372207267 168
1738679696495 191.20949210431232 169
1738679696531 151.37119687503125 170
1738679696568 174.10532498803107 171
1738679696604 178.07610233094798 172
1738679696640 169.31832812511823 173
1738679696676 155.678627289948 174
1738679696712 198.73865568325394 175
1738679696748 174.09074137088587 176
1738679696783 176.56287138210553 177
1738679696819 172.32889777785314 178
1738679696855 183.25816550980906 179
1738679696891 169.56630781264485 180
1738679696927 169.79034145353106 181
1738679696963 153.05947317464995 182
1738679696999 177.17283482960028 183
1738679697038 154.52269829906524 184
1738679697074 160.50681831092288 185
1738679697110 133.1546148158541 186
1738679697146 197.3825761245582 187
1738679697182 171.00368115445607 188
1738679697218 206.70833613602534 189
1738679697254 156.07535503692762 190
1738679697289 210.84226289162712 191
1738679697325 159.84353650247294 192
1738679697361 169.79456658578675 193
1738679697397 171.91720872492172 194
1738679697433 160.57394892321383 195
1738679697468 173.9402665112814 196
1738679697504 188.92803030377485 197
1738679697540 184.27611697377935 198
1738679697576 141.58376658950897 199
1738679697613 174.31468919633272 200
1738679697649 164.16873786666235 201
1738679697685 173.69736801066315 202
1738679697721 168.8582894106539 203
1738679697757 178.15994694806105 204
1738679697792 164.3208804925067 205
1738679697828 167.67462587457078 206
1738679697864 160.72157938689483 207
1738679697900 168.52600185371318 208
1738679697936 178.73303162337933 209
1738679697972 157.22786356448574 210
1738679698008 167.25507636503505 211
1738679698045 146.7772384953742 212
1738679698080 166.5660381125846 213
1738679698117 176.11690785196245 214
1738679698153 137.20098526140472 215
1738679698189 162.730524489466 216
1738679698225 161.00998878104855 217
1738679698261 152.77452067711022 218
1738679698297 171.0400000154222 219
1738679698333 198.9396682413235 220
1738679698369 177.8194339240568 221
1738679698405 160.01859571760744 222
1738679698440 173.67234563849868 223
1738679698476 175.78494963453494 224
1738679698513 182.34843111334408 225
1738679698550 173.82528381625553 226
1738679698587 180.2018439463623 227
1738679698625 174.94960627711126 228
1738679698661 171.60923557533707 229
1738679698698 171.2394719011472 230
1738679698734 154.86735721516203 231
1738679698769 138.78512711087586 232
1738679698805 171.8395808566896 233
1738679698841 180.35510185291184 234
1738679698876 162.33677903995965 235
1738679698913 161.28583859528035 236
1738679698948 154.70098428309097 237
1738679698984 163.90362000801446 238
1738679699020 164.0911869682758 239
1738679699056 171.23777008527094 240
1738679699092 147.91993656355777 241
1738679699127 144.00485326219692 242
1738679699163 165.94248638291666 243
1738679699200 166.28984854434614 244
1738679699237 167.01931704415398 245
1738679699273 147.56230229533261 246
1738679699309 170.83980516954102 247
1738679699345 169.78034928316382 248
1738679699381 175.94182305845462 249
1738679699417 174.6991771574095 250
1738679699453 140.38577353365358 251
1738679699489 154.98545432503215 252
1738679699525 134.97420304467175 253
1738679699562 165.89386245735653 254
1738679699598 218.48323700528536 255
1738679699634 164.13467724363582 256
1738679699670 164.47972825822282 257
1738679699705 173.25243075013643 258
1738679699742 165.21403697387052 259
1738679699777 157.9850434326533 260
1738679699813 159.66164012673977 261
1738679699849 170.17813534032365 262
1738679699884 177.4797500130796 263
1738679699921 169.12822221704647 264
1738679699956 167.79006833461855 265
1738679699992 199.29639716565782 266
1738679700028 163.07548837037726 267
1738679700064 178.22565514155465 268
1738679700100 168.39710061208913 269
1738679700138 176.467545081157 270
1738679700175 190.31830468417508 271
1738679700211 161.5943670066561 272
1738679700246 155.01854210178644 273
1738679700282 172.25343608640944 274
1738679700318 177.75484775824577 275
1738679700353 168.02016197531643 276
1738679700389 178.0846740336017 277
1738679700426 166.46503387746264 278
1738679700462 149.67921458946347 279
1738679700498 163.6318716747833 280
1738679700534 166.7597685549668 281
1738679700570 165.32018905193516 282
1738679700606 162.3967727419009 283
1738679700642 165.89158953352975 284
1738679700678 184.08629750953332 285
1738679700714 145.3718463513721 286
1738679700750 161.7015749494037 287
1738679700785 167.5865080638442 288
1738679700821 155.7634305848289 289
1738679700857 175.19744212087863 290
1738679700892 167.5871580953726 291
1738679700929 161.5262867572744 292
1738679700964 180.98059467921217 293
1738679701000 168.0184271263334 294
1738679701037 169.98702721478634 295
1738679701073 164.82787220169095 296
1738679701108 166.07797525676176 297
1738679701145 185.47333358115668 298
1738679701181 160.09199170353625 299
1738679701217 170.01582891175005 300
1738679701253 179.61345786182252 301
1738679701289 171.4016113016363 302
1738679701325 171.42788687865306 303
1738679701362 167.86889578291118 304
1738679701399 189.2436530382091 305
1738679701435 164.47914320940293 306
1738679701471 173.4017795274367 307
1738679701506 168.101539812485 308
1738679701542 230.64036074645014 309
1738679701578 172.23622297458297 310
1738679701614 151.4241036995567 311
1738679701650 168.87176131203714 312
1738679701687 161.66092883248183 313
1738679701723 165.67772439970756 314
1738679701760 145.94334586845116 315
1738679701796 156.97659469709347 316
1738679701832 180.38083442230976 317
1738679701868 187.42232400023852 318
1738679701904 171.3548964958269 319
1738679701940 166.20830301332157 320
1738679701976 173.8127961436264 321
1738679702012 160.51821219305108 322
1738679702049 169.69467942897316 323
1738679702084 173.20627622589942 324
1738679702120 172.98353842605937 325
1738679702156 178.25328360145727 326
1738679702192 157.6237871357429 327
1738679702228 170.39782113692922 328
1738679702264 162.71108570144307 329
1738679702302 162.79734989566495 330
1738679702338 185.07457169992247 331
1738679702374 164.77540307977256 332
1738679702410 184.64083103417803 333
1738679702446 158.88527047143455 334
1738679702482 178.77507066840306 335
1738679702518 154.4221080733146 336
1738679702554 158.6761843235647 337
1738679702590 174.04268434299422 338
1738679702625 179.562589008131 339
1738679702661 149.70914237827282 340
1738679702697 184.2810940904069 341
1738679702733 155.24672415152344 342
1738679702769 162.19426822940065 343
1738679702804 151.195264495604 344
1738679702841 165.62854045433338 345
1738679702877 196.00298485093825 346
1738679702913 152.7254704913197 347
1738679702948 177.79063530471015 348
1738679702984 170.8903524602589 349
1738679703020 160.70368712973794 350
1738679703056 191.44106610330815 351
1738679703092 174.05000867763366 352
1738679703128 158.7262071214224 353
1738679703164 179.87985667916135 354
1738679703200 172.80330572461298 355
1738679703235 191.67280379932978 356
1738679703271 184.2994278049781 357
1738679703307 155.3243515499332 358
1738679703343 143.95522443520238 359
1738679703378 165.95771293808568 360
1738679703415 133.50139345631501 361
1738679703450 174.88772948204925 362
1738679703486 160.92450388289149 363
1738679703522 178.6599053862221 364
1738679703558 166.35214284436645 365
1738679703594 151.9344494926648 366
1738679703629 153.0907401900052 367
1738679703665 174.84333081348808 368
1738679703702 152.9254952164046 369
1738679703738 155.93691341098253 370
1738679703774 161.0296973978546 371
1738679703809 217.32347766369293 372
1738679703845 176.89344687174753 373
1738679703881 176.28921563783103 374
1738679703916 147.69809867079672 375
1738679703952 251.98721743426947 376
1738679703988 165.48985138134717 377
1738679704023 177.62019192997124 378
1738679704059 96.93971980622665 379
1738679704096 196.9235744885716 380
1738679704131 164.65026319960674 381
1738679704167 169.84044832503955 382
1738679704203 179.3192668857904 383
1738679704240 172.83831286249148 384
1738679704275 180.66705183697314 385
1738679704311 164.65128284689325 386
1738679704347 182.9536549776668 387
1738679704382 162.30881898825348 388
1738679704418 172.72832329444864 389
1738679704454 168.32941189237337 390
1738679704489 164.1859888416914 391
1738679704525 174.98057277308507 392
1738679704561 141.66161012466003 393
1738679704596 170.45095864786475 394
1738679704632 170.21851621046483 395
1738679704668 151.73411928424127 396
1738679704704 208.81197562574812 397
1738679704739 165.12237677388845 398
1738679704775 148.7843937786779 399
1738679704810 168.59723226855667 400
1738679704847 174.5957412523067 401
1738679704882 154.34831008638338 402
1738679704918 169.8104023824202 403
1738679704953 151.95002068982285 404
1738679704989 181.3181308116205 405
1738679705025 152.8835657890652 406
1738679705061 163.89506688685196 407
1738679705097 173.72151835665153 408
1738679705132 223.89260750625203 409
1738679705168 169.16419181725706 410
1738679705204 185.35003466117487 411
1738679705239 154.57701040577678 412
1738679705275 177.73211141432358 413
1738679705310 146.41132060489088 414
1738679705346 174.47229183034383 415
1738679705383 174.80380852583977 416
1738679705418 156.14672189000365 417
1738679705454 158.76429689398566 418
1738679705490 178.77289849498501 419
1738679705526 168.60372612119554 420
1738679705561 164.70111981498798 421
1738679705596 148.39370372033068 422
1738679705632 176.7784752478532 423
1738679705667 213.26868925357337 424
1738679705703 150.11164088702742 425
1738679705739 133.7745321339132 426
1738679705774 173.93981392885695 427
1738679705810 168.67730816260234 428
1738679705845 187.31733856701766 429
1738679705881 163.2200492766882 430
1738679705917 159.80705721437155 431
1738679705953 167.9526623114134 432
1738679705989 162.34139225682424 433
1738679706024 179.59078517177034 434
1738679706060 170.4688278945974 435
1738679706096 155.39662687045035 436
1738679706132 166.47704489969914 437
1738679706167 185.47423337996358 438
1738679706203 163.34640352800082 439
1738679706238 166.5706873356178 440
1738679706274 171.09732286998934 441
1738679706310 150.29650054662892 442
1738679706346 215.93483551724705 443
1738679706383 199.3872681455027 444
1738679706419 178.97001302141308 445
1738679706455 176.62005621530673 446
1738679706490 158.68495043664132 447
1738679706526 161.10663694413736 448
1738679706563 162.352847159476 449
1738679706599 162.8081329251517 450
1738679706634 160.2978638038148 451
1738679706670 161.02464464010592 452
1738679706706 154.98414915135442 453
1738679706742 174.53808397483104 454
1738679706778 148.4168202540596 455
1738679706813 154.80913510169157 456
1738679706849 145.46145134306917 457
1738679706885 169.25602371229886 458
1738679706921 172.28034289496503 459
1738679706958 175.3457857926102 460
1738679706994 175.66406959131027 461
1738679707030 168.08283608461622 462
1738679707065 183.0539535812994 463
1738679707101 174.16144379476665 464
1738679707136 175.4540263251115 465
1738679707172 150.1546298688932 466
1738679707208 172.06656282339554 467
1738679707244 171.72799520448936 468
1738679707279 166.39210623989652 469
1738679707315 151.08250295658502 470
1738679707350 186.69361853954265 471
1738679707386 156.14828772865673 472
1738679707422 168.6378594292019 473
1738679707457 156.61107345889266 474
1738679707493 188.48641250390023 475
1738679707529 162.32391685956796 476
1738679707565 169.71928462662822 477
1738679707601 178.69745096388462 478
1738679707636 165.36226605590733 479
1738679707672 196.35980017964553 480
1738679707708 142.32207490963447 481
1738679707744 164.54983592637123 482
1738679707779 147.21617790737162 483
1738679707815 163.7288189050592 484
1738679707851 177.63801118581222 485
1738679707886 163.6852796646453 486
1738679707922 170.13672038682446 487
1738679707958 157.8508461747305 488
1738679707993 166.490005155006 489
1738679708029 178.35199748738006 490
1738679708066 177.5650642893089 491
1738679708101 173.559621412255 492
1738679708137 172.6628154207907 493
1738679708173 154.83584609643117 494
1738679708209 162.73021944429155 495
1738679708245 159.23543296615605 496
1738679708280 157.9865523209333 497
1738679708316 154.02018858323805 498
1738679708351 143.95461715562118 499
