1738824560833 143.6590437025561 0
1738824560879 166.37886062274202 1
1738824560925 169.76709748391696 2
1738824560969 170.05853305416002 3
1738824561024 158.12837929231642 4
1738824561070 174.02822312969755 5
1738824561115 177.7912462829117 6
1738824561160 169.33675745968787 7
1738824561204 167.2156397679624 8
1738824561248 168.77671912565708 9
1738824561291 157.10159984603197 10
1738824561334 143.06918408744158 11
1738824561377 164.50640995206803 12
1738824561419 159.88311962604325 13
1738824561460 167.89386688492567 14
1738824561501 166.74760496166277 15
1738824561544 153.01291206066887 16
1738824561587 176.64503812441308 17
1738824561630 169.7582305879212 18
1738824561675 179.95371380860496 19
1738824561722 154.7553034119532 20
1738824561767 174.4308793393969 21
1738824561820 185.1361428028751 22
1738824561870 162.21457147849222 23
1738824561913 142.32971304941782 24
