1738824761697 169.10249672070302 0
1738824761736 160.00869998853514 1
1738824761774 169.45349024416097 2
1738824761812 312.4667102442523 3
1738824761850 163.19934797589954 4
1738824761889 173.06147823292665 5
1738824761928 189.25516540184978 6
1738824761966 142.41003830250588 7
1738824762005 115.00121744987725 8
1738824762042 132.6495690891618 9
1738824762080 187.5762356908686 10
1738824762117 181.88133718862704 11
1738824762155 195.43756032578827 12
1738824762193 186.29706738322938 13
1738824762231 218.08737334421465 14
1738824762270 229.82184742671586 15
1738824762308 187.011132836057 16
1738824762346 164.3845115640541 17
1738824762384 154.64054804478164 18
1738824762422 168.37160321104696 19
1738824762460 147.3072491125322 20
1738824762498 199.63491111026238 21
1738824762537 161.174228741662 22
1738824762575 201.70773274482985 23
1738824762613 179.56987890902565 24
1738824762651 241.36668855947104 25
1738824762689 198.40069557813496 26
1738824762727 190.19866846902175 27
1738824762765 169.15635028590222 28
1738824762803 170.08866001726156 29
1738824762839 140.64406403941044 30
1738824762876 170.6976475252646 31
1738824762915 175.65897444641683 32
1738824762952 159.78396549976654 33
1738824762991 203.49882153653712 34
1738824763029 155.61348486968961 35
1738824763066 92.50537892530767 36
1738824763104 153.9664371563821 37
1738824763142 154.14197400753952 38
1738824763180 138.5639137338392 39
1738824763218 74.37875961577603 40
1738824763256 169.78473641498823 41
1738824763293 172.5164871973182 42
1738824763331 156.203319994604 43
1738824763368 129.28185486479623 44
1738824763406 149.94462771471913 45
1738824763444 144.68896825316514 46
1738824763483 124.88182813666988 47
1738824763521 139.4448877915363 48
1738824763559 152.88474431085876 49
1738824763596 154.65624164186877 50
1738824763634 178.4784950951008 51
1738824763671 190.7361195287868 52
1738824763709 171.75283054802068 53
1738824763747 108.26515934298878 54
1738824763785 268.33996636394085 55
1738824763821 126.9979316289752 56
1738824763858 165.11669160804632 57
1738824763895 137.59925709276044 58
1738824763932 175.95906226082724 59
1738824763969 169.83116752929664 60
1738824764005 149.82153752408942 61
1738824764042 133.58736488546904 62
1738824764079 155.52674842143657 63
1738824764116 140.41313315899052 64
1738824764154 198.74824825347523 65
1738824764192 221.87767623218465 66
1738824764229 157.87530116535473 67
1738824764267 187.7440045527705 68
1738824764305 186.1153124690026 69
1738824764342 118.0972035975594 70
1738824764380 92.99000399896359 71
1738824764418 191.543107381917 72
1738824764456 174.2999771004995 73
1738824764495 132.3373492824225 74
1738824764537 211.24908865820765 75
1738824764595 200.31217655321927 76
1738824764635 253.96669115363173 77
1738824764674 231.6835988389479 78
1738824764714 202.01768350388372 79
1738824764752 150.9978342512437 80
1738824764792 93.20504751462556 81
1738824764831 242.59543058873157 82
1738824764868 171.6722295645564 83
1738824764906 149.47881896405715 84
1738824764943 139.09517605251688 85
1738824764981 186.77906061740669 86
1738824765019 150.20759273446245 87
1738824765057 146.55573543508032 88
1738824765095 225.196961940327 89
1738824765132 172.99414116183996 90
1738824765170 153.29698246726224 91
1738824765236 298.04308070778023 92
1738824765276 143.85214947113667 93
1738824765315 144.66850617735264 94
1738824765353 107.65795598684068 95
1738824765391 156.18163980922694 96
1738824765429 184.60166629749574 97
1738824765474 175.9950311642436 98
1738824765514 290.5845608522448 99
1738824765554 121.15036812617647 100
1738824765593 154.2576300686752 101
1738824765632 137.3651148824213 102
1738824765671 136.3453699699298 103
1738824765709 152.9025525682207 104
1738824765747 195.7970387027941 105
1738824765785 211.3732864745167 106
1738824765825 157.51398782177816 107
1738824765864 122.85050330500448 108
1738824765903 181.68215173817413 109
1738824765942 196.10637648542624 110
1738824765980 188.80533830992053 111
1738824766019 74.8719987774997 112
1738824766057 172.14143230478595 113
1738824766095 160.64395678127372 114
1738824766134 169.2915289454794 115
1738824766172 182.91821909226837 116
1738824766211 228.02104842989345 117
1738824766249 180.7549133849406 118
1738824766287 108.70189226450825 119
1738824766326 109.7197771328242 120
1738824766364 162.32207272408402 121
1738824766401 269.18060096918435 122
1738824766439 212.90127755541673 123
1738824766476 180.37959504787273 124
1738824766514 137.40956312854763 125
1738824766552 175.65726343833387 126
1738824766590 200.69764875788175 127
1738824766628 354.4653558041863 128
1738824766667 274.51862645875224 129
1738824766706 165.48076744423466 130
1738824766744 116.02921088976612 131
1738824766782 186.95727838811794 132
1738824766821 166.0820182999489 133
1738824766859 211.52852495445072 134
1738824766896 170.5611602388283 135
1738824766934 171.23615905602364 136
1738824766972 281.66820416196634 137
1738824767010 136.86318556042065 138
1738824767049 218.86032503858362 139
1738824767086 166.62996281419353 140
1738824767124 147.6005943762089 141
1738824767163 116.52163372416035 142
1738824767202 162.07194511656306 143
1738824767240 156.55344078498004 144
1738824767278 174.10070947633537 145
1738824767317 208.41718358069076 146
1738824767355 192.93973220518095 147
1738824767393 132.75275737950685 148
1738824767431 254.2844369351227 149
1738824767469 169.01373296351898 150
1738824767507 193.45410799185143 151
1738824767546 169.08684699527117 152
1738824767586 131.43276869314568 153
1738824767624 131.66916156453374 154
1738824767662 197.9982894114896 155
1738824767700 180.33469934271943 156
1738824767739 164.27228155122685 157
1738824767776 162.98219925070563 158
1738824767814 167.7537869895279 159
1738824767852 213.2996401755557 160
1738824767891 181.53181287461672 161
1738824767928 200.2576857528259 162
1738824767966 170.97344737425394 163
1738824768004 177.02502399535328 164
1738824768042 167.7151342196083 165
1738824768080 160.53535538241246 166
1738824768118 170.77762320682547 167
1738824768156 170.98730888489453 168
1738824768194 162.7974337573574 169
1738824768232 182.9639757975185 170
1738824768270 183.47298488954374 171
1738824768307 168.6452132266374 172
1738824768344 124.56693937675995 173
1738824768388 101.69748568936886 174
1738824768429 179.58285716115807 175
1738824768468 177.60462131381206 176
1738824768505 185.36692187591362 177
1738824768544 262.3864953788283 178
1738824768582 398.97250940772983 179
1738824768621 91.00651278286355 180
1738824768660 184.73885938722955 181
1738824768698 243.8566803208389 182
1738824768736 183.35889874886917 183
1738824768774 193.75450933937188 184
1738824768811 155.01163691789375 185
1738824768849 237.45285588480996 186
1738824768886 174.85782582361836 187
1738824768923 200.33099540962613 188
1738824768962 202.40688284021843 189
1738824769000 119.05217626497816 190
1738824769038 161.93324362382342 191
1738824769075 114.08515399042824 192
1738824769113 196.4685381258854 193
1738824769152 119.74266811778872 194
1738824769189 173.0846268242516 195
1738824769227 39.98222381378986 196
1738824769264 144.3385092493146 197
1738824769302 175.598224276357 198
1738824769340 210.13149288622944 199
1738824769378 172.45923963211612 200
1738824769417 133.72740932360009 201
1738824769454 162.39203758593027 202
1738824769505 187.49328498796007 203
1738824769547 107.94847255272094 204
1738824769586 226.11192086607815 205
1738824769625 185.186198323386 206
1738824769664 133.14363264678562 207
1738824769702 174.2948701578557 208
1738824769740 179.3945344305491 209
1738824769778 185.2477526869449 210
1738824769817 153.16956786588702 211
1738824769855 209.8072089402327 212
1738824769893 199.5990174116627 213
1738824769931 132.62149094096193 214
1738824769969 119.94979082303752 215
1738824770007 146.6245414470153 216
1738824770045 164.3634827897949 217
1738824770082 117.19098531377153 218
1738824770120 178.9910144718326 219
1738824770158 177.01160364384373 220
1738824770195 200.1630774609277 221
1738824770233 140.88103818173397 222
1738824770270 142.95195463269022 223
1738824770329 119.5069030660458 224
1738824770369 157.03152302867628 225
1738824770407 132.69344782804694 226
1738824770445 197.35730879021855 227
1738824770484 120.52531071570351 228
1738824770524 109.1094781454041 229
1738824770564 211.38089116544873 230
1738824770603 189.172877337715 231
1738824770642 175.27306827569686 232
1738824770680 126.38041608369485 233
1738824770719 143.40203025393387 234
1738824770757 164.68095930625856 235
1738824770795 144.6569398220827 236
1738824770833 149.31583074017664 237
1738824770870 107.9372741387492 238
1738824770908 156.39004846197352 239
1738824770946 200.05629263431948 240
1738824770983 210.3333892256565 241
1738824771021 150.44549200299238 242
1738824771059 146.93901519711025 243
1738824771097 176.04157705887732 244
1738824771135 318.95474629277567 245
1738824771173 128.46778260502236 246
1738824771211 212.39988788915986 247
1738824771249 211.23298427023423 248
1738824771287 198.31156912975243 249
1738824771325 173.41524320865972 250
1738824771363 208.0414021176095 251
1738824771400 163.9332062960797 252
1738824771438 179.65514164919645 253
1738824771475 149.98863242527545 254
1738824771512 185.68237999200352 255
1738824771550 176.16876449570415 256
1738824771588 215.30463813086615 257
1738824771626 137.16225482006928 258
1738824771664 173.7179135877608 259
1738824771702 187.41137374839641 260
1738824771740 367.30581483826774 261
1738824771778 305.03219745192564 262
1738824771816 233.60987653729737 263
1738824771854 154.81561538176797 264
1738824771892 164.48933884641227 265
1738824771930 177.77122431220334 266
1738824771968 142.96113522891943 267
1738824772006 157.94116024891164 268
1738824772044 164.62618120592956 269
1738824772082 138.94208543288354 270
1738824772120 134.8479569634214 271
1738824772158 152.81186681592968 272
1738824772196 109.75067362220365 273
1738824772234 146.18474193040768 274
1738824772271 97.22354030203788 275
1738824772309 274.44438886892146 276
1738824772347 172.10445645420054 277
1738824772385 76.51623981967242 278
1738824772422 167.74829371745744 279
1738824772460 203.87772395927894 280
1738824772498 175.35753124354792 281
1738824772536 175.6308786889279 282
1738824772574 169.6851211654308 283
1738824772612 152.93765993905683 284
1738824772651 184.60328154106884 285
1738824772688 159.93562611208583 286
1738824772726 54.20403765422614 287
1738824772764 97.09320895051613 288
1738824772801 155.54633221135407 289
1738824772839 193.94353755532953 290
1738824772877 200.50442203275213 291
1738824772914 174.49503454235506 292
1738824772952 180.53111847325127 293
1738824772990 174.23438194891506 294
1738824773028 191.16788101923925 295
1738824773066 154.8264585809033 296
1738824773104 164.7826007735875 297
1738824773141 171.871827731408 298
1738824773179 166.03477007457678 299
1738824773216 204.79986723177262 300
1738824773253 175.99068055996074 301
1738824773291 194.5231214053982 302
1738824773329 245.635179626134 303
1738824773368 133.23499679146005 304
1738824773406 176.98439249291266 305
1738824773444 203.19251283179852 306
1738824773481 184.92054905249094 307
1738824773543 162.09371543068062 308
1738824773583 163.8889639191994 309
1738824773623 257.56314792996426 310
1738824773661 191.33127479948058 311
1738824773699 181.1568935931833 312
1738824773737 153.15210286650657 313
1738824773775 178.67981322175288 314
1738824773813 189.24198727961456 315
1738824773851 137.05464007950408 316
1738824773889 174.58582693791007 317
1738824773926 190.03586514994998 318
1738824773964 104.13130605653078 319
1738824774002 158.79790908338188 320
1738824774040 178.51493775089048 321
1738824774078 240.1251494404293 322
1738824774115 240.42477400464867 323
1738824774153 201.28437677970493 324
1738824774192 160.3362219360453 325
1738824774230 148.6600822689697 326
1738824774268 185.11585184935095 327
1738824774305 171.35303890448716 328
1738824774343 121.28832702030874 329
1738824774381 179.30532619333744 330
1738824774419 98.84085020278569 331
1738824774457 121.75613231364267 332
1738824774495 256.6205050952395 333
1738824774532 134.5878793113793 334
1738824774570 185.23156609630257 335
1738824774608 163.33872021593177 336
1738824774646 166.67846448351796 337
1738824774683 178.81189204361286 338
1738824774721 106.43047357214067 339
1738824774759 120.84666406786208 340
1738824774797 162.2464920970716 341
1738824774835 169.50473074813823 342
1738824774873 138.3351257667401 343
1738824774911 325.77508605650223 344
1738824774949 164.42476248078148 345
1738824774987 176.63241465699863 346
1738824775025 95.52276175469528 347
1738824775063 82.6181808191682 348
1738824775101 127.20261844547639 349
1738824775139 165.33450708476897 350
1738824775177 164.46160496064059 351
1738824775214 255.25090065996008 352
1738824775252 216.6838405714136 353
1738824775290 309.6909952995332 354
1738824775329 199.53471983838315 355
1738824775367 193.47410252561656 356
1738824775405 196.4132230024489 357
1738824775443 229.57619635198236 358
1738824775481 139.30483451887977 359
1738824775519 201.01273270637026 360
1738824775557 129.35964760488108 361
1738824775595 189.1269503370594 362
1738824775633 189.91929896189157 363
1738824775670 163.9750449861506 364
1738824775707 152.78832449418948 365
1738824775744 171.136868707727 366
1738824775782 188.79946885774746 367
1738824775819 125.8556451652034 368
1738824775857 179.45784208858606 369
1738824775893 219.2368295883663 370
1738824775932 162.6185170131657 371
1738824775970 200.43280081520024 372
1738824776008 115.13228223705383 373
1738824776046 109.2437656413858 374
1738824776083 120.33985991387254 375
1738824776120 195.0431555837881 376
1738824776158 211.3397219729367 377
1738824776197 198.98606319871288 378
1738824776235 127.98217025118844 379
1738824776273 157.23982931043835 380
1738824776311 194.2688615486957 381
1738824776350 480.9565742703756 382
1738824776388 109.8431434551711 383
1738824776427 167.31137216540233 384
1738824776465 162.61710738765245 385
1738824776502 212.2352847511174 386
1738824776541 218.46089445750124 387
1738824776578 128.4656981751533 388
1738824776616 183.90317662512138 389
1738824776654 209.38683365955015 390
1738824776692 149.69408864395317 391
1738824776730 176.34692425706783 392
1738824776767 241.9073202312316 393
1738824776805 174.85458391787162 394
1738824776844 182.19134915770738 395
1738824776881 193.85481760608775 396
1738824776919 147.51680989214142 397
1738824776957 201.46703900742907 398
1738824776995 159.44250126174956 399
1738824777033 147.16126083413135 400
1738824777071 179.42097209416255 401
1738824777108 224.68840752003177 402
1738824777146 204.11430777104022 403
1738824777184 176.3128325199663 404
1738824777222 182.64210110758302 405
1738824777261 152.6141842432542 406
1738824777299 199.94916328988816 407
1738824777337 191.03532326130576 408
1738824777375 145.01557620934184 409
1738824777413 173.8153744827546 410
1738824777451 195.8564876801587 411
1738824777488 167.40409386510075 412
1738824777526 167.1195008641542 413
1738824777563 83.22095246782182 414
1738824777601 136.28303350796668 415
1738824777639 185.38753720675638 416
1738824777676 159.93910993976857 417
1738824777713 320.49188373757045 418
1738824777751 188.31498629016133 419
1738824777788 176.06466586099353 420
1738824777826 160.91274666331026 421
1738824777865 126.28715908248867 422
1738824777902 202.86198201984718 423
1738824777939 181.12791315832143 424
1738824777977 223.6132803620097 425
1738824778015 208.40339831591268 426
1738824778053 121.80067747011924 427
1738824778090 129.8927426688885 428
1738824778127 165.5353166542868 429
1738824778165 191.9833597219175 430
1738824778202 147.8838171918988 431
1738824778241 179.17173422170242 432
1738824778285 148.29160668569327 433
1738824778325 120.74902715381772 434
1738824778364 230.979560148354 435
1738824778402 192.04968181695898 436
1738824778440 157.06012707733035 437
1738824778478 155.92698812597953 438
1738824778517 170.54476741607078 439
1738824778555 184.52753373528142 440
1738824778593 170.23140513226437 441
1738824778632 204.90212168032713 442
1738824778669 170.71272235695335 443
1738824778707 162.5881783034437 444
1738824778744 195.76561715215988 445
1738824778783 194.43179122762223 446
1738824778821 137.38421744802193 447
1738824778858 262.3132678888919 448
1738824778895 203.5137665116653 449
1738824778933 155.41932870431785 450
1738824778970 174.7477672325165 451
1738824779008 160.38747160380106 452
1738824779046 176.45639642537958 453
1738824779084 165.2541810992078 454
1738824779122 109.5909650870372 455
1738824779159 132.30846548448568 456
1738824779196 192.0909028522002 457
1738824779234 177.83724120824783 458
1738824779272 157.60387094113437 459
1738824779310 165.48267472793853 460
1738824779347 375.8022903280839 461
1738824779385 35.054018549446816 462
1738824779423 155.76254447942705 463
1738824779464 194.7864161237744 464
1738824779504 148.88415978195874 465
1738824779543 177.9936683354096 466
1738824779581 208.84959581023804 467
1738824779619 176.154883351031 468
1738824779657 179.01680220537145 469
1738824779695 189.76032844321944 470
1738824779733 131.202992590226 471
1738824779771 187.50903971329927 472
1738824779809 168.95157082554462 473
1738824779847 150.70308636299833 474
1738824779885 189.23578763458227 475
1738824779923 202.44546935763475 476
1738824779961 136.21859430412198 477
1738824779999 49.047410577021886 478
1738824780036 173.94328988243055 479
1738824780074 180.611899135902 480
1738824780112 110.06017030784737 481
1738824780150 84.50146415535656 482
1738824780188 170.8747778923338 483
1738824780226 217.44455515254006 484
1738824780263 138.71484940016586 485
1738824780301 149.28243074900308 486
1738824780339 228.6185576993747 487
1738824780377 208.81333537130607 488
1738824780415 215.8484557601405 489
1738824780454 182.9425137959 490
1738824780492 201.31315145659158 491
1738824780530 158.50355033722883 492
1738824780568 189.18781947821753 493
1738824780606 205.12144680208706 494
1738824780643 125.17001929502837 495
1738824780681 217.9322014470886 496
1738824780718 90.86789800948563 497
1738824780756 164.29566834389567 498
1738824780793 174.80981380787003 499
