1738680024447 167.84870090935252 0
1738680024490 186.23574914490658 1
1738680024531 169.21114393161488 2
1738680024572 160.14161279436112 3
1738680024613 179.66942993327012 4
1738680024656 170.02877775907388 5
1738680024698 175.09535556567937 6
1738680024741 178.39000467287678 7
1738680024786 145.91217704518704 8
1738680024829 173.58991490753112 9
1738680024872 151.93216292838727 10
1738680024914 168.56099070813846 11
1738680024955 127.0605864459986 12
1738680024996 165.32257662705504 13
1738680025037 171.95847060080683 14
1738680025078 158.40367938331133 15
1738680025118 168.3102443888529 16
1738680025158 166.93447836638634 17
1738680025199 176.36364317834852 18
1738680025239 173.94313717640338 19
1738680025280 169.69817209198817 20
1738680025320 191.50452009836036 21
1738680025360 194.55279864291 22
1738680025402 174.92402024412965 23
1738680025442 160.74313819880678 24
1738680025483 179.08294925161798 25
1738680025524 159.61516720835724 26
1738680025565 128.0841941868041 27
1738680025606 175.00319536617855 28
1738680025648 148.35499310991673 29
1738680025691 180.26660714865025 30
1738680025732 160.29421556165212 31
1738680025773 164.3507994378042 32
1738680025814 150.24002973570302 33
1738680025855 174.93656815257518 34
1738680025895 163.94348949702686 35
1738680025936 185.8921623454966 36
1738680025976 139.51445797164942 37
1738680026017 169.6467725984818 38
1738680026058 175.49208175781837 39
1738680026099 174.129319639754 40
1738680026139 172.69758521802726 41
1738680026180 131.63576692045362 42
1738680026221 182.15862713880338 43
1738680026262 169.52065683401113 44
1738680026302 164.29836875711885 45
1738680026344 206.24620309816754 46
1738680026384 166.46467977263208 47
1738680026425 165.85447773001974 48
1738680026466 164.01810634823977 49
1738680026507 167.36466677222091 50
1738680026550 171.34860537980535 51
1738680026590 153.7391864565643 52
1738680026631 154.2342005052739 53
1738680026672 169.72403041258482 54
1738680026712 162.58046416742297 55
1738680026753 174.2439780094503 56
1738680026794 203.02990225234416 57
1738680026837 170.70456032749152 58
1738680026879 168.4920042175837 59
1738680026920 178.4062526993162 60
1738680026962 165.98136974414265 61
1738680027003 177.45865243919033 62
1738680027044 160.7062407377174 63
1738680027085 159.20692534746777 64
1738680027125 170.51882234455786 65
1738680027166 160.92428738775877 66
1738680027206 170.67865470239113 67
1738680027247 160.07300998207373 68
1738680027287 187.1577662491577 69
1738680027328 167.1656212209967 70
1738680027368 172.19873311074028 71
1738680027409 160.21770550254604 72
1738680027449 182.47135857984526 73
1738680027489 164.46717211810173 74
1738680027530 165.21357613283251 75
1738680027571 162.86470288202506 76
1738680027611 162.47042713945206 77
1738680027652 162.17028996793283 78
1738680027692 160.35834159719772 79
1738680027733 184.2208306421016 80
1738680027774 175.41740051990993 81
1738680027815 175.1368127508519 82
1738680027855 178.61434107747436 83
1738680027896 159.92534525071704 84
1738680027936 172.1166380793052 85
1738680027977 152.11116981537816 86
1738680028017 162.48425561859918 87
1738680028058 168.5623427744101 88
1738680028098 142.13278552468114 89
1738680028139 159.94660127484207 90
1738680028179 171.86057955590297 91
1738680028219 177.81650914495705 92
1738680028260 153.86945152740188 93
1738680028301 165.65195290039918 94
1738680028341 156.30690646280033 95
1738680028382 169.40803779626384 96
1738680028422 143.9004830500528 97
1738680028463 180.2495595427347 98
1738680028503 150.1433376222242 99
1738680028544 151.9882531607006 100
1738680028585 165.14464688989656 101
1738680028626 164.21132822989424 102
1738680028666 178.13504277584408 103
1738680028707 177.53138190867432 104
1738680028748 170.50344226974343 105
1738680028789 168.2660833380306 106
1738680028829 155.07530447382106 107
1738680028870 165.84556813263814 108
1738680028911 188.1807525435108 109
1738680028951 176.42757121593152 110
1738680028992 163.2299889791584 111
1738680029032 167.94545590379764 112
1738680029073 159.4307993799222 113
1738680029113 181.41769670229917 114
1738680029154 145.9746528438018 115
1738680029194 166.855461051919 116
1738680029235 154.26228361136125 117
1738680029275 159.0825750496943 118
1738680029316 169.84937843203903 119
1738680029357 175.9863434296962 120
1738680029397 157.5826504229183 121
1738680029437 181.44991125716237 122
1738680029478 166.42367720635033 123
1738680029519 166.6783127805187 124
1738680029560 172.1616669957408 125
1738680029600 147.9476501222112 126
1738680029641 153.0159094840581 127
1738680029682 173.41826486862624 128
1738680029723 137.7355826083511 129
1738680029763 157.1448016963348 130
1738680029804 178.47535675459196 131
1738680029844 183.16597013836378 132
1738680029885 166.37203606986145 133
1738680029925 165.9772820815722 134
1738680029966 158.57714085739408 135
1738680030007 163.6801669996074 136
1738680030047 169.21271894582785 137
1738680030088 159.87397488801219 138
1738680030128 168.55003313569412 139
1738680030168 162.77012975069215 140
1738680030209 164.98538690241435 141
1738680030250 177.12076812837907 142
1738680030291 172.27596293891605 143
1738680030331 178.7155968719409 144
1738680030372 181.49395692441135 145
1738680030412 166.1937999040029 146
1738680030453 163.74078178687202 147
1738680030493 172.91541593375382 148
1738680030534 167.82964446373958 149
1738680030575 169.55003926155382 150
1738680030616 155.35262185397738 151
1738680030657 170.82314034246173 152
1738680030698 204.78615281240855 153
1738680030739 192.15801346526857 154
1738680030781 153.61291516908105 155
1738680030822 164.44118238357686 156
1738680030862 173.963999353984 157
1738680030902 162.64435992925365 158
1738680030943 170.06162434618125 159
1738680030983 179.46310249087463 160
1738680031024 177.48678531884894 161
1738680031064 173.5700196439649 162
1738680031104 177.4129267793084 163
1738680031145 158.83346177663194 164
1738680031185 165.5502461599905 165
1738680031225 162.80241242215857 166
1738680031266 161.2273525013512 167
1738680031306 182.47133151206762 168
1738680031347 162.3958265959205 169
1738680031388 168.84868738378506 170
1738680031429 171.14353130082526 171
1738680031469 176.5075808179215 172
1738680031509 161.8408645701674 173
1738680031551 173.36867474444625 174
1738680031591 169.15647114483053 175
1738680031632 175.57263895802055 176
1738680031672 167.71841785874582 177
1738680031713 180.69343496475688 178
1738680031754 176.84803012098723 179
1738680031794 147.21088222573113 180
1738680031835 187.46487727776307 181
1738680031875 142.21102631311865 182
1738680031915 183.57604386363363 183
1738680031958 148.06288453703849 184
1738680031999 179.90741583644015 185
1738680032040 172.53727800461235 186
1738680032080 161.67136454195742 187
1738680032120 171.3441862858628 188
1738680032161 168.10034668719717 189
1738680032202 180.04458387041458 190
1738680032242 159.8179710172757 191
1738680032283 184.7271419959147 192
1738680032323 164.11292708021833 193
1738680032364 150.6599394924853 194
1738680032404 174.2079363278986 195
1738680032444 198.69553768575827 196
1738680032486 156.3242150967651 197
1738680032528 174.99832482344672 198
1738680032569 169.57558296849922 199
1738680032609 176.44551666818575 200
1738680032650 183.81422054396032 201
1738680032690 150.40685014646402 202
1738680032731 158.20739179873422 203
1738680032772 172.86997859114808 204
1738680032812 206.4264167802172 205
1738680032853 140.59905808212957 206
1738680032893 170.29757817989292 207
1738680032934 164.9799539449868 208
1738680032975 149.1406707127411 209
1738680033015 160.50388134900516 210
1738680033055 176.7032458054709 211
1738680033095 163.7723910654191 212
1738680033136 171.13898371504956 213
1738680033176 168.74326574398842 214
1738680033216 170.9358292528024 215
1738680033256 193.192958853319 216
1738680033297 136.45290253448934 217
1738680033337 186.97149101760758 218
1738680033378 163.7954449797441 219
1738680033418 143.69873313845935 220
1738680033459 169.82949787903723 221
1738680033499 168.66828660273575 222
1738680033540 188.21975191126197 223
1738680033581 163.28400445714985 224
1738680033622 171.3935222358407 225
1738680033662 149.3814710832808 226
1738680033703 153.89228981983828 227
1738680033743 162.68651901757778 228
1738680033784 189.28832721714116 229
1738680033825 162.1091393581996 230
1738680033865 178.8578665292665 231
1738680033906 157.58181319173084 232
1738680033946 167.8120829763156 233
1738680033987 178.54695369065595 234
1738680034027 177.3296254248078 235
1738680034068 179.03283527937046 236
1738680034109 167.23125378062574 237
1738680034150 183.4189532348859 238
1738680034190 173.70722094585835 239
1738680034231 153.5787431462929 240
1738680034271 173.18110077026245 241
1738680034312 156.80293172612048 242
1738680034352 167.4573546540967 243
1738680034392 171.64489157598683 244
1738680034433 188.56551521674766 245
1738680034474 131.11921376866044 246
1738680034514 166.5844614786609 247
1738680034555 172.1730800402027 248
1738680034596 159.50295913391972 249
1738680034637 160.332677767362 250
1738680034677 164.10539011375897 251
1738680034718 172.36688690430665 252
1738680034758 153.95230696671683 253
1738680034801 168.24401936771724 254
1738680034841 158.21630354229015 255
1738680034882 141.70502165237943 256
1738680034923 157.21227868491954 257
1738680034963 195.8854860968392 258
1738680035004 152.26240908767977 259
1738680035046 163.74253671695914 260
1738680035087 156.81286646113892 261
1738680035128 160.6087671259438 262
1738680035169 161.22090914048482 263
1738680035210 172.26478832389373 264
1738680035250 170.99633682683645 265
1738680035291 167.23442441577518 266
1738680035331 193.1871573061046 267
1738680035373 166.85631488309144 268
1738680035413 166.5870329863043 269
1738680035454 164.25734772235063 270
1738680035494 178.51298912691271 271
1738680035535 179.66547408758433 272
1738680035576 158.16228807270062 273
1738680035616 201.91118808014068 274
1738680035657 171.539994721302 275
1738680035697 158.70441769225428 276
1738680035738 189.7527282619125 277
1738680035778 175.7171061299599 278
1738680035819 147.31768798032786 279
1738680035860 185.42337741434613 280
1738680035900 161.85171660693192 281
1738680035941 175.699929002761 282
1738680035982 180.45882731689736 283
1738680036022 173.3047461431051 284
1738680036063 161.05713545470897 285
1738680036103 140.3679267625636 286
1738680036143 135.25553583038592 287
1738680036184 152.75033451586768 288
1738680036225 158.52363822690907 289
1738680036266 168.84311011738018 290
1738680036306 189.82690155042144 291
1738680036347 179.50502798700046 292
1738680036387 180.7106123542648 293
1738680036428 149.9605931984745 294
1738680036469 167.9608819755367 295
1738680036509 210.24875041851118 296
1738680036550 166.47883817485882 297
1738680036591 170.63128284591602 298
1738680036631 160.8331487437288 299
1738680036672 174.84048783797766 300
1738680036713 175.67963199221046 301
1738680036753 175.73860521929618 302
1738680036793 177.88320147011254 303
1738680036834 151.58632769226733 304
1738680036874 161.45134659251372 305
1738680036915 189.80614491600767 306
1738680036956 160.28660414904303 307
1738680036997 156.37131696504218 308
1738680037038 138.65869510309045 309
1738680037079 173.51256821680911 310
1738680037120 176.57255215151503 311
1738680037160 165.71415786386297 312
1738680037201 164.03204997342004 313
1738680037242 160.25988851789612 314
1738680037282 173.6623714320755 315
1738680037323 158.1788656173397 316
1738680037363 179.78024318735152 317
1738680037404 188.73898413223333 318
1738680037444 179.55191322972556 319
1738680037484 167.90639697431834 320
1738680037525 148.48688649204206 321
1738680037566 162.25036828178105 322
1738680037606 153.53240980028164 323
1738680037647 157.78022966894596 324
1738680037687 176.88131953044442 325
1738680037728 165.3610401231816 326
1738680037769 155.25836994003393 327
1738680037809 177.81790386757552 328
1738680037850 198.21044993783184 329
1738680037890 166.35551564174415 330
1738680037931 158.63052361478967 331
1738680037972 174.588817406006 332
1738680038013 180.60866136129653 333
1738680038054 169.53616200358914 334
1738680038095 163.78215916818948 335
