1738825997471 159.71118024353 0
1738825997514 176.82580395542112 1
1738825997558 164.78074006682476 2
1738825997602 174.3241431971102 3
1738825997646 172.67559962400378 4
1738825997689 184.46021460492733 5
1738825997732 163.247487224182 6
1738825997774 160.07703519862235 7
1738825997817 150.3969099667835 8
1738825997860 158.3893430738342 9
1738825997903 169.86461592521508 10
1738825997946 180.96723827857463 11
1738825997988 181.7492065119657 12
1738825998031 148.9959853765428 13
1738825998073 154.60122231807088 14
1738825998115 153.58620460796462 15
1738825998159 158.84599172127136 16
1738825998201 185.5354441174432 17
1738825998243 166.6569934903258 18
1738825998287 175.40255397526232 19
1738825998330 183.2691779545176 20
1738825998374 161.7120142996059 21
1738825998417 191.8526477823997 22
1738825998461 218.604981810808 23
1738825998503 137.1052561634528 24
1738825998547 176.80521005425632 25
1738825998589 165.53549306422477 26
1738825998632 157.49232813154603 27
1738825998675 164.08677893229526 28
1738825998719 180.47374023738004 29
1738825998761 196.9027253992292 30
1738825998804 155.2655977945824 31
1738825998855 166.32676425965 32
1738825998898 165.46490388902532 33
1738825998942 175.54184318883455 34
1738825998986 145.37876257206784 35
1738825999030 155.09053083540724 36
1738825999073 170.29449474676846 37
1738825999117 165.33023796174496 38
1738825999160 175.80341358652566 39
1738825999204 167.0078238617363 40
1738825999247 194.0597880084634 41
1738825999295 148.55714512476445 42
1738825999341 184.96443812672803 43
1738825999385 166.8176432621152 44
1738825999426 172.46312733344345 45
1738825999475 170.91182928228287 46
1738825999519 151.76369166971065 47
1738825999569 156.34947275169858 48
1738825999612 210.8612222536574 49
1738825999656 179.7489139741834 50
1738825999699 159.53329092799987 51
1738825999741 170.2008233487719 52
1738825999785 170.99279939637594 53
1738825999828 163.1222085263711 54
1738825999871 163.47437725117496 55
1738825999914 174.4106201729579 56
1738825999961 166.50062182513471 57
1738826000004 144.4295516701171 58
1738826000046 164.08239392074654 59
1738826000089 163.26584967452715 60
1738826000131 179.85376117047903 61
1738826000173 195.64941579676108 62
1738826000215 175.1420059726023 63
1738826000258 146.38771330510264 64
1738826000301 170.7219683149242 65
1738826000343 169.6440184990054 66
1738826000387 157.7248225655498 67
1738826000433 176.73369843394048 68
1738826000476 178.17843690856964 69
1738826000522 168.8386977426782 70
1738826000569 167.45303755264183 71
1738826000613 165.76460578164154 72
1738826000656 176.53468464380333 73
1738826000699 153.99711789636257 74
1738826000743 189.11748038551343 75
1738826000786 169.76666546209034 76
1738826000830 161.40066254099528 77
1738826000873 175.98246160230875 78
1738826000917 226.02142340928805 79
1738826000961 170.7910534973374 80
1738826001004 153.47776266166133 81
1738826001048 165.95488625130545 82
1738826001091 182.84159376038733 83
1738826001138 159.18787307832864 84
1738826001182 169.37912924015757 85
1738826001225 169.5298330747806 86
1738826001268 173.4343601299542 87
1738826001312 163.20613149936597 88
1738826001355 167.3569497588152 89
1738826001399 167.63641123674844 90
1738826001442 171.95353107732183 91
1738826001486 167.516382228244 92
1738826001529 173.42486261224846 93
1738826001574 174.66256858779326 94
1738826001618 164.0680223048163 95
1738826001661 167.51716076526657 96
1738826001705 165.34594799040693 97
1738826001748 158.10433478591463 98
1738826001792 162.9763376986594 99
1738826001835 153.31688146319343 100
1738826001879 158.2642947146051 101
1738826001923 171.70611265107996 102
1738826001967 171.67590847855848 103
1738826002010 176.67496290190445 104
1738826002054 168.3813652185787 105
1738826002097 168.95215606178962 106
1738826002139 185.8056473066008 107
1738826002182 177.59909592838207 108
1738826002224 158.45476059917786 109
1738826002267 180.5644635121902 110
1738826002310 146.47816746076077 111
1738826002352 204.34184778881917 112
1738826002396 162.1539282104914 113
1738826002439 169.75852798966773 114
1738826002482 170.01194002258944 115
