1738679854708 176.46981192532493 0
1738679854715 168.42903231906251 1
1738679854722 167.67150879671368 2
1738679854728 175.32269672451656 3
1738679854734 175.16717321900774 4
1738679854741 166.26617963118622 5
1738679854747 177.05070197506853 6
1738679854754 175.01905996526773 7
1738679854760 170.97237399694285 8
1738679854766 176.60414206016293 9
1738679854773 172.81625775216867 10
1738679854779 168.9172024982303 11
1738679854786 174.02994571349615 12
1738679854792 165.61425412872657 13
1738679854798 167.93344715615595 14
1738679854807 169.50233006315094 15
1738679854814 168.28187661345717 16
1738679854821 175.59782416893643 17
1738679854828 168.11083054882386 18
1738679854834 169.0324246357432 19
1738679854841 171.97024959060064 20
1738679854847 167.3129290688359 21
1738679854854 171.5375484056937 22
1738679854860 167.23376574229823 23
1738679854868 163.54125945758534 24
1738679854875 170.42803797179076 25
1738679854882 170.61602784135246 26
1738679854889 166.19215974802995 27
1738679854896 170.05161705430456 28
1738679854903 170.50007464140685 29
1738679854910 173.81287487993168 30
1738679854917 169.38954825712327 31
1738679854939 170.45918366793342 32
1738679854947 164.7218892415818 33
1738679854955 155.84155206526836 34
1738679854963 170.53807960152594 35
1738679854970 167.11591320370323 36
1738679854977 165.99414958266726 37
1738679854988 170.31337793600636 38
1738679854994 170.61376001501338 39
1738679855000 172.90763649750056 40
1738679855007 168.1904219738641 41
1738679855014 168.43885580869156 42
1738679855020 173.77504873772384 43
1738679855026 166.52915048007296 44
1738679855032 167.92092630735098 45
1738679855038 168.04743408255766 46
1738679855044 168.39084880510595 47
1738679855050 170.8712720626473 48
1738679855056 169.4161006798391 49
1738679855062 172.1786408001981 50
1738679855069 170.6021735965058 51
1738679855075 171.8258968926086 52
1738679855081 166.16464703548175 53
1738679855087 168.4659554741878 54
1738679855093 165.3498115157281 55
1738679855099 171.1186504687802 56
1738679855106 167.73951010294203 57
1738679855112 168.26955116856584 58
1738679855118 165.2631338859865 59
1738679855125 168.2851569874798 60
1738679855132 172.8895596732515 61
1738679855138 165.65836390457582 62
1738679855145 172.5279558038585 63
1738679855151 168.38259223710574 64
1738679855157 166.9216887909139 65
1738679855163 169.06319412307846 66
1738679855169 166.16150693500325 67
1738679855176 168.36164553414585 68
1738679855182 172.8303714651798 69
1738679855188 165.21124033672956 70
1738679855194 169.89995898977995 71
1738679855201 173.76563297118923 72
1738679855207 165.33558834021005 73
1738679855213 170.28892679392405 74
1738679855220 170.98225006295723 75
1738679855226 168.2043617102407 76
1738679855232 167.8256616438663 77
1738679855239 172.74065063490562 78
1738679855245 171.06216686514165 79
1738679855251 169.01236781668047 80
1738679855257 169.0393689047326 81
1738679855264 166.33112303971583 82
1738679855270 168.81319108221155 83
1738679855276 167.42088075340004 84
1738679855282 168.6869485915592 85
1738679855288 170.46845445273794 86
1738679855295 169.23426176955772 87
