1738823380001 176.81776630206681 0
1738823380026 176.53678856020306 1
1738823380051 176.07063627582406 2
1738823380070 175.4405717901575 3
1738823380093 174.66669327795034 4
1738823380110 173.76783955711628 5
1738823380130 172.76153872206046 6
1738823380154 171.66399109773735 7
1738823380176 170.4900787050932 8
1738823380198 169.25339484586794 9
1738823380213 167.96628859876276 10
1738823380231 166.6399200061839 11
1738823380248 165.284322552097 12
1738823380264 163.90847021318584 13
1738823380278 162.52034692973166 14
1738823380303 161.12701680822357 15
1738823380327 159.73469375059602 16
1738823380348 158.3488095186258 17
1738823380368 156.97407949777286 18
1738823380390 155.61456563221532 19
1738823380410 154.27373617009854 20
1738823380427 152.9545219919009 21
1738823380445 151.65936940105595 22
1738823380459 150.3902893393667 23
1738823380476 149.14890305435463 24
1738823380492 147.93648429488235 25
1738823380512 146.75399814800463 26
1738823380528 145.60213665640933 27
1738823380542 144.48135137396298 28
1738823380555 143.39188302842467 29
1738823380569 142.33378846668197 30
1738823380587 141.3069650600212 31
1738823380602 140.3111727458916 32
1738823380617 139.34605387911668 33
1738823380635 138.41115106016815 34
1738823380653 137.505923101448 35
1738823380668 136.62975928493134 36
1738823380689 135.78199205633672 37
1738823380724 134.96190829246424 38
1738823380744 134.16875926968999 39
1738823380765 133.401769452979 40
1738823380788 132.66014421630877 41
1738823380812 131.94307659716586 42
1738823380831 131.24975317986446 43
1738823380848 130.5793591948773 44
1738823380876 129.9310829142045 45
1738823380898 129.30411941604646 46
1738823380919 128.69767378570523 47
1738823380946 128.1109638137131 48
1738823380963 127.54322224666997 49
1738823380984 126.99369864115462 50
1738823381005 126.46166086634192 51
1738823381026 125.94639629659257 52
1738823381044 125.44721273126866 53
1738823381109 124.96343907534079 54
1738823381129 124.49442581098015 55
1738823381160 124.03954528724438 56
1738823381185 123.59819185215257 57
1738823381204 123.16978184888443 58
1738823381226 122.75375349551052 59
1738823381254 122.34956666554818 60
1738823381273 121.95670258472397 61
1738823381298 121.57466345759298 62
1738823381313 121.20297203610097 63
1738823381327 120.84117114076678 64
1738823381344 120.4888231438909 65
1738823381361 120.1455094230563 66
1738823381381 119.81082979216124 67
1738823381397 119.48440191630519 68
1738823381419 119.16586071602656 69
1738823381443 118.85485776565545 70
1738823381468 118.55106068988869 71
1738823381488 118.25415256210952 72
1738823381510 117.96383130745572 73
1738823381535 117.67980911317673 74
1738823381552 117.40181184841354 75
1738823381568 117.12957849517227 76
1738823381584 116.86286059194413 77
1738823381596 116.60142169114401 78
1738823381618 116.34503683129327 79
1738823381634 116.09349202465678 80
1738823381651 115.8465837608565 81
1738823381664 115.60411852681959 82
1738823381696 115.36591234327815 83
1738823381719 115.13179031791485 84
1738823381755 114.90158621514368 85
1738823381779 114.67514204242676 86
1738823381796 114.45230765295052 87
1738823381818 114.23294036442238 88
1738823381840 114.01690459369468 89
1738823381864 113.80407150688043 90
1738823381898 113.59431868458812 91
1738823381917 113.38752980187635 92
1738823381941 113.18359432250622 93
1738823381964 112.9824072070536 94
1738823381989 112.78386863443126 95
1738823382013 112.58788373636479 96
1738823382035 112.39436234436083 97
1738823382052 112.20321874870702 98
1738823382067 112.01437146904433 99
1738823382084 111.82774303605636 100
1738823382106 111.64325978382742 101
1738823382122 111.46085165242772 102
1738823382142 111.28045200029365 103
1738823382160 111.10199742598111 104
1738823382174 110.9254275988806 105
1738823382187 110.75068509849426 106
1738823382205 110.57771526188742 107
1738823382225 110.4064660389394 108
1738823382239 110.23688785503077 109
1738823382257 110.06893348081762 110
1738823382273 109.90255790875528 111
1738823382288 109.73771823604797 112
1738823382308 109.57437355371208 113
1738823382334 109.41248484145464 114
1738823382364 109.25201486807987 115
1738823382379 109.09292809714923 116
1738823382398 108.93519059763216 117
1738823382422 108.77876995929623 118
1738823382436 108.62363521259614 119
1738823382455 108.46975675283271 120
1738823382470 108.31710626836266 121
1738823382485 108.1656566726508 122
1738823382501 108.01538203996544 123
1738823382518 107.86625754452797 124
1738823382535 107.7182594029358 125
1738823382553 107.57136481968776 126
1738823382573 107.42555193564787 127
1738823382597 107.28079977929329 128
1738823382619 107.13708822059786 129
1738823382644 106.99439792741262 130
1738823382663 106.85271032420859 131
1738823382678 106.71200755305708 132
1738823382702 106.57227243672654 133
1738823382718 106.43348844378299 134
1738823382738 106.29563965558584 135
1738823382756 106.15871073507692 136
1738823382769 106.02268689726567 137
1738823382785 105.88755388131895 138
1738823382805 105.7532979241681 139
1738823382822 105.61990573555092 140
1738823382847 105.48736447441031 141
1738823382869 105.35566172657597 142
1738823382884 105.22478548365868 143
1738823382907 105.0947241230911 144
1738823382931 104.9654663892525 145
1738823382951 104.83700137561765 146
1738823382970 104.70931850787386 147
1738823382990 104.58240752795348 148
1738823383010 104.45625847893042 149
1738823383023 104.3308616907346 150
1738823383045 104.20620776663809 151
1738823383070 104.08228757047121 152
1738823383090 103.95909221452787 153
1738823383109 103.83661304812269 154
1738823383126 103.71484164676318 155
1738823383145 103.59376980190378 156
1738823383167 103.47338951124927 157
1738823383190 103.35369296957705 158
1738823383206 103.23467256005 159
1738823383229 103.11632084599249 160
1738823383246 102.99863056310417 161
1738823383263 102.88159461208714 162
1738823383279 102.76520605166378 163
1738823383296 102.64945809196348 164
1738823383314 102.53434408825821 165
1738823383326 102.41985753502713 166
1738823383353 102.30599206033263 167
1738823383390 102.19274142048992 168
1738823383412 102.08009949501479 169
1738823383430 101.96806028183332 170
1738823383446 101.85661789273955 171
1738823383466 101.74576654908749 172
1738823383488 101.63550057770416 173
1738823383509 101.52581440701188 174
1738823383526 101.41670256334787 175
1738823383557 101.30815966747075 176
1738823383574 101.20018043124318 177
1738823383596 101.09275965448134 178
1738823383617 100.98589222196183 179
1738823383635 100.87957310057747 180
1738823383656 100.77379733663365 181
1738823383675 100.66856005327791 182
1738823383689 100.56385644805509 183
1738823383704 100.45968179058104 184
1738823383723 100.35603142032922 185
1738823383742 100.25290074452295 186
1738823383759 100.15028523612837 187
1738823383772 100.04818043194224 188
1738823383786 99.94658193076958 189
1738823383809 99.84548539168614 190
1738823383830 99.74488653238129 191
1738823383853 99.64478112757682 192
1738823383884 99.54516500751755 193
1738823383904 99.44603405653007 194
1738823383922 99.34738421164573 195
1738823383946 99.24921146128462 196
1738823383968 99.15151184399703 197
1738823383988 99.05428144725954 198
1738823384010 98.95751640632281 199
1738823384038 98.86121290310831 200
1738823384055 98.76536716515112 201
1738823384070 98.6699754645869 202
1738823384085 98.5750341171802 203
1738823384104 98.4805394813923 204
1738823384119 98.3864879574862 205
1738823384135 98.29287598666711 206
1738823384153 98.1997000502565 207
1738823384169 98.10695666889772 208
1738823384194 98.01464240179195 209
1738823384223 97.92275384596283 210
1738823384253 97.83128763554801 211
1738823384280 97.74024044111655 212
1738823384302 97.64960896901087 213
1738823384319 97.55938996071178 214
1738823384342 97.46958019222559 215
1738823384368 97.38017647349224 216
1738823384385 97.29117564781326 217
1738823384406 97.20257459129867 218
1738823384429 97.11437021233196 219
1738823384449 97.02655945105202 220
1738823384471 96.93913927885147 221
1738823384489 96.8521066978906 222
1738823384513 96.76545874062573 223
1738823384535 96.67919246935205 224
1738823384559 96.59330497575941 225
1738823384580 96.50779338050143 226
1738823384605 96.42265483277612 227
1738823384629 96.33788650991866 228
1738823384651 96.25348561700505 229
1738823384668 96.16944938646628 230
1738823384688 96.0857750777127 231
1738823384703 96.00245997676808 232
1738823384720 95.91950139591268 233
1738823384742 95.83689667333546 234
1738823384759 95.75464317279452 235
1738823384776 95.67273828328567 236
1738823384796 95.59117941871884 237
1738823384813 95.50996401760163 238
1738823384830 95.42908954273044 239
1738823384852 95.34855348088793 240
1738823384868 95.26835334254741 241
1738823384888 95.18848666158321 242
1738823384910 95.10895099498735 243
1738823384929 95.02974392259188 244
1738823384949 94.95086304679678 245
1738823384969 94.87230599230335 246
1738823384988 94.79407040585258 247
1738823385009 94.71615395596874 248
1738823385031 94.6385543327076 249
1738823385060 94.56126924740934 250
1738823385079 94.48429643245592 251
1738823385102 94.40763364103272 252
1738823385120 94.33127864689445 253
1738823385142 94.25522924413504 254
1738823385163 94.17948324696131 255
1738823385180 94.10403848947065 256
1738823385205 94.02889282543211 257
1738823385226 93.95404412807113 258
1738823385247 93.87949028985778 259
1738823385273 93.80522922229808 260
1738823385293 93.73125885572888 261
1738823385314 93.65757713911552 262
1738823385338 93.58418203985283 263
1738823385356 93.51107154356887 264
1738823385376 93.43824365393165 265
1738823385392 93.36569639245862 266
1738823385413 93.2934277983289 267
1738823385435 93.22143592819808 268
1738823385455 93.14971885601577 269
1738823385468 93.07827467284548 270
1738823385493 93.00710148668705 271
1738823385507 92.93619742230146 272
1738823385525 92.86556062103803 273
1738823385544 92.79518924066377 274
1738823385564 92.72508145519514 275
1738823385579 92.65523545473177 276
1738823385595 92.58564944529263 277
1738823385612 92.51632164865393 278
1738823385628 92.44725030218929 279
1738823385646 92.37843365871191 280
1738823385663 92.3098699863185 281
1738823385680 92.24155756823545 282
1738823385703 92.17349470266655 283
1738823385723 92.10567970264285 284
1738823385740 92.03811089587398 285
1738823385768 91.97078662460177 286
1738823385790 91.90370524545497 287
1738823385813 91.83686512930622 288
1738823385830 91.77026466113045 289
1738823385852 91.7039022398649 290
1738823385873 91.63777627827092 291
1738823385896 91.57188520279725 292
1738823385920 91.50622745344492 293
1738823385943 91.4408014836336 294
1738823385962 91.37560576006967 295
1738823385988 91.31063876261555 296
1738823386032 91.24589898416063 297
1738823386052 91.1813849304936 298
1738823386076 91.11709512017633 299
1738823386090 91.05302808441891 300
1738823386105 90.98918236695627 301
1738823386120 90.92555652392613 302
1738823386136 90.86214912374824 303
1738823386152 90.79895874700489 304
1738823386165 90.735983986323 305
1738823386189 90.67322344625707 306
1738823386210 90.61067574317374 307
1738823386230 90.54833950513745 308
1738823386255 90.48621337179742 309
1738823386280 90.42429599427565 310
1738823386304 90.36258603505638 311
1738823386330 90.30108216787664 312
1738823386353 90.23978307761782 313
1738823386375 90.17868746019852 314
1738823386393 90.11779402246869 315
1738823386406 90.05710148210453 316
1738823386426 89.99660856750484 317
1738823386447 89.93631401768822 318
1738823386476 89.87621658219163 319
1738823386496 89.81631502096964 320
1738823386513 89.75660810429501 321
1738823386539 89.69709461266038 322
1738823386556 89.63777333668065 323
1738823386573 89.57864307699664 324
1738823386587 89.51970264417977 325
1738823386605 89.46095085863762 326
1738823386618 89.40238655052042 327
1738823386634 89.34400855962863 328
1738823386651 89.28581573532159 329
1738823386664 89.2278069364267 330
1738823386686 89.16998103115002 331
1738823386710 89.1123368969875 332
1738823386729 89.05487342063714 333
1738823386755 88.99758949791222 334
1738823386776 88.94048403365524 335
1738823386793 88.88355594165284 336
1738823386813 88.82680414455162 337
1738823386836 88.77022757377463 338
1738823386862 88.71382516943902 339
1738823386884 88.6575958802743 340
1738823386902 88.60153866354145 341
1738823386919 88.545652484953 342
1738823386937 88.48993631859372 343
1738823386970 88.43438914684242 344
1738823387011 88.37900996029411 345
1738823387043 88.32379775768341 346
1738823387064 88.26875154580839 347
1738823387088 88.21387033945533 348
1738823387109 88.15915316132428 349
1738823387130 88.10459904195538 350
1738823387154 88.05020701965562 351
1738823387175 87.99597614042686 352
1738823387193 87.94190545789428 353
1738823387213 87.88799403323529 354
1738823387236 87.83424093510979 355
1738823387254 87.78064523959067 356
1738823387272 87.72720603009505 357
1738823387303 87.67392239731635 358
1738823387323 87.62079343915705 359
1738823387343 87.56781826066191 360
1738823387363 87.51499597395217 361
1738823387385 87.46232569816017 362
1738823387402 87.40980655936468 363
1738823387418 87.35743769052692 364
1738823387435 87.30521823142732 365
1738823387454 87.25314732860265 366
1738823387472 87.20122413528395 367
1738823387493 87.1494478113352 368
1738823387509 87.09781752319225 369
1738823387529 87.04633244380277 370
1738823387548 86.99499175256649 371
1738823387568 86.94379463527615 372
1738823387589 86.8927402840591 373
1738823387610 86.84182789731938 374
1738823387635 86.79105667968035 375
1738823387660 86.74042584192813 376
1738823387680 86.68993460095525 377
1738823387698 86.63958217970512 378
1738823387713 86.589367807117 379
1738823387729 86.53929071807143 380
1738823387743 86.48935015333625 381
1738823387763 86.43954535951329 382
1738823387780 86.38987558898526 383
1738823387802 86.34034009986354 384
1738823387821 86.29093815593626 385
1738823387838 86.2416690266169 386
1738823387863 86.19253198689356 387
1738823387886 86.14352631727846 388
1738823387907 86.09465130375828 389
1738823387924 86.04590623774467 390
1738823387942 85.99729041602548 391
1738823387961 85.94880314071627 392
1738823387980 85.90044371921246 393
1738823388009 85.85221146414203 394
1738823388031 85.80410569331832 395
1738823388051 85.75612572969366 396
1738823388067 85.70827090131331 397
1738823388077 85.66054054126988 398
1738823388089 85.61293398765811 399
1738823388101 85.56545058353029 400
1738823388110 85.51808967685184 401
1738823388118 85.47085062045763 402
1738823388126 85.42373277200849 403
1738823388137 85.37673549394827 404
1738823388160 85.32985815346127 405
1738823388183 85.2831001224301 406
1738823388218 85.23646077739396 407
1738823388236 85.18993949950736 408
1738823388260 85.14353567449912 409
1738823388290 85.09724869263191 410
1738823388319 85.0510779486622 411
1738823388339 85.00502284180028 412
1738823388360 84.95908277567135 413
1738823388379 84.91325715827605 414
1738823388402 84.86754540195231 415
1738823388419 84.8219469233369 416
1738823388439 84.7764611433277 417
1738823388455 84.73108748704617 418
1738823388473 84.68582538380032 419
1738823388489 84.64067426704793 420
1738823388504 84.59563357436019 421
1738823388519 84.55070274738566 422
1738823388535 84.5058812318145 423
1738823388556 84.46116847734328 424
1738823388575 84.41656393763992 425
1738823388595 84.37206707030906 426
1738823388614 84.3276773368576 427
1738823388645 84.28339420266097 428
1738823388685 84.23921713692924 429
1738823388702 84.19514561267387 430
1738823388718 84.1511791066747 431
1738823388733 84.10731709944727 432
1738823388751 84.0635590752104 433
1738823388767 84.01990452185412 434
1738823388785 83.97635293090792 435
1738823388803 83.93290379750934 436
1738823388829 83.88955662037277 437
1738823388853 83.84631090175857 438
1738823388873 83.80316614744257 439
1738823388895 83.76012186668571 440
1738823388919 83.71717757220428 441
1738823388941 83.67433278013993 442
1738823388962 83.63158701003054 443
1738823388985 83.58893978478092 444
1738823389005 83.54639063063405 445
1738823389030 83.50393907714249 446
1738823389052 83.46158465714008 447
1738823389075 83.4193269067139 448
1738823389093 83.37716536517664 449
1738823389120 83.33509957503884 450
1738823389148 83.29312908198196 451
1738823389173 83.25125343483118 452
1738823389189 83.20947218552882 453
1738823389209 83.16778488910785 454
1738823389223 83.1261911036656 455
1738823389238 83.08469039033797 456
1738823389254 83.04328231327347 457
1738823389270 83.00196643960797 458
1738823389288 82.96074233943946 459
1738823389303 82.91960958580285 460
1738823389319 82.87856775464545 461
1738823389334 82.83761642480233 462
1738823389354 82.7967551779721 463
1738823389368 82.75598359869278 464
1738823389385 82.71530127431797 465
1738823389405 82.67470779499335 466
1738823389420 82.6342027536332 467
1738823389434 82.59378574589724 468
1738823389452 82.55345637016775 469
1738823389467 82.51321422752676 470
1738823389484 82.47305892173361 471
1738823389498 82.43299005920257 472
1738823389517 82.3930072489808 473
1738823389535 82.3531101027265 474
1738823389559 82.3132982346871 475
1738823389578 82.27357126167793 476
1738823389597 82.23392880306085 477
1738823389618 82.19437048072315 478
1738823389636 82.15489591905678 479
1738823389652 82.1155047449376 480
1738823389668 82.07619658770483 481
1738823389685 82.03697107914087 482
1738823389701 81.99782785345107 483
1738823389720 81.95876654724391 484
1738823389736 81.91978679951116 485
1738823389751 81.88088825160847 486
1738823389763 81.84207054723575 487
1738823389779 81.8033333324183 488
1738823389794 81.7646762554875 489
1738823389813 81.72609896706216 490
1738823389835 81.68760112002981 491
1738823389860 81.64918236952808 492
1738823389884 81.61084237292667 493
1738823389912 81.57258078980885 494
1738823389935 81.53439728195382 495
1738823389955 81.49629151331855 496
1738823389981 81.45826315002043 497
1738823389998 81.42031186031964 498
1738823390022 81.3824373146018 499
