1738679135724 155.23110815183873 0
1738679135764 170.3812251034086 1
1738679135803 177.81607185697962 2
1738679135841 173.91823891721305 3
1738679135887 179.61225047877318 4
1738679135942 151.73099916174502 5
1738679135986 179.42875705263873 6
1738679136025 170.2913261715054 7
1738679136063 156.14966104785577 8
1738679136102 162.47461227091355 9
1738679136139 168.09276934616514 10
1738679136178 168.13290717449473 11
1738679136217 152.5678160113569 12
1738679136256 195.89878377953463 13
1738679136294 197.9440589451338 14
1738679136332 196.66666415019935 15
1738679136371 178.19083715430298 16
1738679136409 159.75405880329075 17
1738679136448 171.13767714887032 18
1738679136486 158.58164653106198 19
1738679136525 159.7104153134821 20
1738679136564 156.06699522347688 21
1738679136604 176.07126576178285 22
1738679136643 179.81738040392486 23
1738679136682 138.19272652406408 24
1738679136721 182.16120493361942 25
1738679136760 168.30213039163257 26
1738679136799 158.96889105933857 27
1738679136838 161.24991161571126 28
1738679136877 174.5917932316395 29
1738679136915 168.65167540623597 30
1738679136952 177.18019151948334 31
1738679136991 179.28269244299614 32
1738679137030 167.22363240001636 33
1738679137069 173.44462418444624 34
1738679137109 180.13997048975259 35
1738679137147 166.42517237039803 36
1738679137186 160.78865038358654 37
1738679137225 161.53748951827276 38
1738679137265 171.6231900452232 39
1738679137304 149.24180505849623 40
1738679137343 147.75082351294955 41
1738679137431 149.06887290800287 42
1738679137471 175.7105076166097 43
1738679137511 164.82597553626948 44
1738679137549 180.15001533936336 45
1738679137587 166.81111286706627 46
1738679137625 163.14597536829615 47
1738679137664 172.32406495101597 48
1738679137704 173.87257974401365 49
1738679137743 171.00933839736476 50
1738679137782 170.7873849429188 51
1738679137821 173.97725612994716 52
1738679137859 175.11030757702645 53
1738679137898 170.17066581700797 54
1738679137936 185.7505400323815 55
1738679137973 172.13622057866232 56
1738679138011 151.04478160092174 57
1738679138049 186.79433475039994 58
1738679138088 166.58600962206896 59
1738679138127 177.89400281420677 60
1738679138166 169.2489381619482 61
1738679138204 171.03462191222133 62
1738679138243 169.06230549922984 63
1738679138282 163.61624893798415 64
1738679138321 172.3772510394612 65
1738679138360 164.92439975059185 66
1738679138398 173.38511968252448 67
1738679138438 172.40650293208418 68
1738679138477 176.6083652938834 69
1738679138516 167.14327225905097 70
1738679138556 166.32005183666183 71
1738679138595 168.19195752955923 72
1738679138633 167.31613665006486 73
1738679138673 143.11801843460168 74
1738679138712 180.14358799063646 75
1738679138750 177.2575928959792 76
1738679138790 200.5832952734508 77
1738679138829 160.1128977551524 78
