1738824300125 169.88640380522025 0
1738824300147 169.8852736324398 1
1738824300171 169.88389232271078 2
1738824300192 169.8822858595287 3
1738824300222 169.88047771904442 4
1738824300267 169.87848910246606 5
1738824300289 169.87633914868553 6
1738824300307 169.87404512845555 7
1738824300335 169.87162262143352 8
1738824300355 169.86908567737524 9
1738824300378 169.86644696271506 10
1738824300399 169.86371789370938 11
1738824300425 169.86090875725753 12
1738824300451 169.85802882044445 13
1738824300471 169.8550864297816 14
1738824300490 169.8520891010529 15
1738824300510 169.84904360060443 16
1738824300529 169.84595601885275 17
1738824300546 169.8428318367242 18
1738824300566 169.8396759856774 19
1738824300582 169.8364929019088 20
1738824300600 169.83328657528628 21
1738824300622 169.8300605935101 22
1738824300643 169.82681818195547 23
1738824300667 169.82356223960923 24
1738824300686 169.8202953714765 25
1738824300705 169.81701991779767 26
1738824300736 169.8137379803851 27
1738824300753 169.81045144635894 28
1738824300768 169.80716200953592 29
1738824300790 169.80387118970114 30
1738824300813 169.8005803499689 31
1738824300828 169.7972907124216 32
1738824300845 169.79400337219565 33
1738824300862 169.79071931016662 34
1738824300878 169.78743940437383 35
1738824300892 169.78416444030688 36
1738824300907 169.78089512016814 37
1738824300921 169.77763207121245 38
1738824300936 169.774375853255 39
1738824300957 169.7711269654305 40
1738824301015 169.767885852278 41
1738824301038 169.76465290921834 42
1738824301055 169.76142848748458 43
1738824301080 169.75821289855992 44
1738824301102 169.7550064181723 45
1738824301131 169.75180928988982 46
1738824301167 169.74862172835668 47
1738824301210 169.74544392220565 48
1738824301229 169.74227603667904 49
1738824301243 169.73911821598816 50
1738824301257 169.73597058543575 51
1738824301279 169.73283325332702 52
1738824301290 169.7297063126888 53
1738824301304 169.72658984281694 54
1738824301317 169.7234839106687 55
1738824301331 169.7203885721158 56
1738824301356 169.71730387307187 57
1738824301371 169.7142298505072 58
1738824301381 169.71116653336165 59
1738824301419 169.70811394336633 60
1738824301442 169.70507209578275 61
1738824301489 169.70204100006802 62
1738824301507 169.6990206604734 63
1738824301529 169.69601107658283 64
1738824301547 169.69301224379745 65
1738824301564 169.69002415377156 66
1738824301580 169.68704679480493 67
1738824301598 169.68408015219558 68
1738824301616 169.68112420855752 69
1738824301632 169.678178944106 70
1738824301649 169.67524433691494 71
1738824301665 169.67232036314775 72
1738824301680 169.66940699726536 73
1738824301693 169.66650421221348 74
1738824301713 169.6636119795906 75
1738824301728 169.66076067143564 76
1738824301743 169.6579470911172 77
1738824301755 169.6551683601454 78
1738824301769 169.6524218859514 79
1738824301786 169.6497053329719 80
1738824301801 169.64701659669095 81
1738824301819 169.64435378033195 82
1738824301837 169.64171517392336 83
1738824301856 169.63909923549323 84
1738824301873 169.63650457417188 85
1738824301889 169.63392993500742 86
1738824301907 169.6313741853176 87
1738824301923 169.62883630242126 88
1738824301941 169.62631536260818 89
1738824301965 169.62381053122166 90
1738824301985 169.62132105373973 91
1738824302003 169.6188462477548 92
1738824302022 169.61638549575966 93
1738824302037 169.61393823865885 94
1738824302059 169.61150396993176 95
1738824302077 169.60908223038177 96
1738824302093 169.60667260341225 97
1738824302106 169.60427471077656 98
1738824302120 169.60188820875376 99
1738824302137 169.59951278470785 100
1738824302156 169.5971481539918 101
1738824302169 169.59479405716144 102
1738824302184 169.59245025746807 103
1738824302201 169.59011653860262 104
1738824302216 169.5877927026651 105
1738824302233 169.5854785683373 106
1738824302256 169.58317396923823 107
1738824302276 169.5808787524442 108
1738824302298 169.5785927771566 109
1738824302315 169.57631591350298 110
1738824302331 169.57404804145804 111
1738824302346 169.5717890498724 112
1738824302364 169.5695388355981 113
1738824302379 169.5672973027023 114
1738824302404 169.56506436175837 115
1738824302430 169.56283992920874 116
1738824302455 169.56062392679095 117
1738824302477 169.5584162810211 118
1738824302500 169.5562169227287 119
1738824302516 169.55402578663836 120
1738824302530 169.55184281099267 121
1738824302547 169.5496679372131 122
1738824302565 169.5475011095948 123
1738824302589 169.54534227503143 124
1738824302606 169.5431913827678 125
1738824302623 169.54104838417697 126
1738824302639 169.53891323255976 127
1738824302656 169.536785882964 128
1738824302672 169.53466629202202 129
1738824302688 169.53255441780408 130
1738824302701 169.53045021968663 131
1738824302715 169.5283536582335 132
1738824302729 169.5262646950892 133
1738824302743 169.5241832928822 134
1738824302755 169.5221094151388 135
1738824302772 169.52004302620443 136
1738824302787 169.5179840911737 137
1738824302801 169.51593257582695 138
1738824302820 169.51388844657305 139
1738824302837 169.51185167039807 140
1738824302870 169.509822214819 141
1738824302881 169.50780004784176 142
1738824302900 169.5057851379238 143
1738824302916 169.50377745394005 144
1738824302936 169.50177696515246 145
1738824302958 169.4997836411823 146
1738824302982 169.49779745198532 147
1738824303004 169.49581836782937 148
1738824303023 169.4938463592742 149
1738824303038 169.49188139715304 150
1738824303057 169.4899234525564 151
1738824303080 169.48797249681698 152
1738824303098 169.48602850149618 153
1738824303116 169.48409143837225 154
1738824303131 169.48216127942902 155
1738824303148 169.48023799684614 156
1738824303162 169.47832156299012 157
1738824303176 169.4764119504061 158
1738824303190 169.47450913181063 159
1738824303207 169.47261308008495 160
1738824303222 169.4707237682689 161
1738824303237 169.46884116955556 162
1738824303251 169.46696525728615 163
1738824303264 169.4650960049456 164
1738824303280 169.46323338615846 165
1738824303295 169.46137737468496 166
1738824303310 169.45952794441797 167
1738824303327 169.45768506937944 168
1738824303343 169.455848723718 169
1738824303358 169.45401888170596 170
1738824303377 169.45219551773727 171
1738824303397 169.4503786063251 172
1738824303425 169.44856812209989 173
1738824303442 169.4467640398076 174
1738824303462 169.44496633430788 175
1738824303477 169.44317498057256 176
1738824303497 169.4413899536842 177
1738824303513 169.43961122883465 178
1738824303534 169.43783878132396 179
1738824303552 169.43607258655908 180
1738824303569 169.4343126200527 181
1738824303590 169.43255885742246 182
1738824303609 169.4308112743898 183
1738824303631 169.42906984677904 184
1738824303653 169.42733455051672 185
1738824303675 169.4256053616306 186
1738824303693 169.4238822562489 187
1738824303708 169.4221652105997 188
1738824303724 169.42045420101033 189
1738824303739 169.41874920390623 190
1738824303754 169.41705019581096 191
1738824303770 169.4153571533451 192
1738824303785 169.41367005322593 193
1738824303800 169.41198887226673 194
1738824303813 169.41031358737635 195
1738824303833 169.40864417555855 196
1738824303859 169.4069806139116 197
1738824303874 169.40532287962765 198
1738824303891 169.40367094999252 199
1738824303908 169.4020248023848 200
1738824303924 169.4003844142759 201
1738824303940 169.39874976322898 202
1738824303960 169.39712082689917 203
1738824303977 169.39549758303266 204
1738824303991 169.3938800094665 205
1738824304009 169.39226808412795 206
1738824304026 169.39066178503444 207
1738824304044 169.38906109029273 208
1738824304061 169.3874659780989 209
1738824304077 169.38587642673764 210
1738824304094 169.3842924145821 211
1738824304107 169.3827139200933 212
1738824304124 169.38114092181985 213
1738824304141 169.3795733983976 214
1738824304156 169.37801132854923 215
1738824304170 169.37645469108372 216
1738824304187 169.3749034648963 217
1738824304201 169.3733576289679 218
1738824304214 169.37182738277545 219
1738824304229 169.37031159046958 220
1738824304243 169.3688092304644 221
1738824304260 169.36731938357613 222
