1738826004276 161.69854091615767 0
1738826004319 158.67176769985335 1
1738826004361 173.93746410492878 2
1738826004402 175.14964381484427 3
1738826004445 179.80409921738044 4
1738826004487 168.19591558538266 5
1738826004529 163.74662285105026 6
1738826004571 177.74828197262008 7
1738826004614 170.8027396940068 8
1738826004655 157.97984037280577 9
1738826004698 168.76911668093862 10
1738826004740 143.2388520853816 11
1738826004782 184.08360556247095 12
1738826004825 166.82469504736716 13
1738826004868 174.9771951500316 14
