1738825147558 169.31213782154168 0
1738825147584 169.31007486675608 1
1738825147618 169.30802045265938 2
1738825147650 169.30597454340162 3
1738825147675 169.30393710328426 4
1738825147697 169.30190809675963 5
1738825147723 169.2998874884301 6
1738825147753 169.2978752430479 7
1738825147818 169.2958713255138 8
1738825147839 169.29387570087718 9
1738825147856 169.2918883343348 10
1738825147873 169.2899091912307 11
1738825147889 169.28793823705513 12
1738825147911 169.28597543744422 13
1738825147932 169.2840207581793 14
1738825147953 169.28207416518615 15
