1738677607892 187.4207839094598 0
1738677607910 187.1685180676137 1
1738677607926 186.9171344535072 2
1738677607941 186.6666296959492 3
1738677607959 186.4170004368482 4
1738677607975 186.16824333116085 5
1738677607991 185.92035504684156 6
1738677608006 185.67333226479144 7
1738677608023 185.42717167880775 8
1738677608037 185.1818699955339 9
1738677608051 184.93742393440914 10
1738677608064 184.6938302276187 11
1738677608079 184.45108562004395 12
1738677608094 184.20918686921323 13
1738677608107 183.96813074525204 14
1738677608120 183.72791403083423 15
1738677608136 183.48853352113298 16
1738677608153 183.24998602377215 17
1738677608170 183.0122683587774 18
1738677608185 182.77537735852812 19
1738677608205 182.53930986770922 20
1738677608224 182.30406274326293 21
1738677608237 182.0696328543412 22
1738677608256 181.83601708225802 23
1738677608271 181.60321232044188 24
1738677608298 181.3712154743887 25
1738677608316 181.14002346161453 26
1738677608330 180.90963321160908 27
1738677608345 180.68004166578842 28
1738677608364 180.45124577744892 29
1738677608377 180.22324251172085 30
1738677608392 179.9960288455221 31
1738677608405 179.7696017675122 32
1738677608422 179.5439582780467 33
1738677608435 179.31909538913132 34
1738677608451 179.09501012437676 35
1738677608464 178.87169951895325 36
1738677608477 178.64916061954543 37
1738677608491 178.42739048430772 38
1738677608507 178.2063861828193 39
1738677608521 177.98614479603955 40
1738677608535 177.76666341626412 41
1738677608548 177.54793914707994 42
1738677608564 177.3299691033219 43
1738677608577 177.11275041102866 44
1738677608590 176.8962802073988 45
1738677608604 176.68055564074774 46
1738677608616 176.46557387046403 47
1738677608630 176.25133206696614 48
1738677608646 176.03782741165986 49
1738677608660 175.82505709689488 50
1738677608675 175.61301832592247 51
1738677608689 175.40170831285295 52
1738677608702 175.19112428261326 53
1738677608720 174.98126347090476 54
1738677608734 174.77212312416117 55
1738677608751 174.5637004995069 56
1738677608771 174.35599286471526 57
1738677608785 174.14899749816686 58
1738677608800 173.9427116888083 59
1738677608816 173.7371327361109 60
1738677608834 173.53225795002987 61
1738677608852 173.32808465096318 62
1738677608866 173.12461016971093 63
1738677608880 172.92183184743487 64
1738677608895 172.71974703561773 65
1738677608908 172.5183530960234 66
1738677608926 172.3176474006563 67
1738677608940 172.11762733172213 68
1738677608953 171.91829028158725 69
1738677608970 171.71963365273973 70
1738677608986 171.52165485774967 71
1738677609002 171.32435131922978 72
1738677609016 171.12772046979637 73
1738677609031 170.9317597520302 74
1738677609049 170.7364666184377 75
1738677609064 170.54183853141237 76
1738677609080 170.34787296319598 77
1738677609094 170.1545673958404 78
1738677609110 169.96191932116915 79
1738677609128 169.76992624073944 80
1738677609145 169.5785856658042 81
1738677609159 169.38789511727427 82
1738677609175 169.19785212568055 83
1738677609189 169.00845423113682 84
1738677609202 168.81969898330217 85
1738677609223 168.63158394134368 86
1738677609235 168.44410667389957 87
1738677609253 168.25726475904224 88
1738677609268 168.0710557842414 89
1738677609284 167.88547734632726 90
1738677609299 167.7005270514544 91
1738677609316 167.51620251506526 92
1738677609336 167.33250136185376 93
1738677609348 167.14942122572944 94
1738677609361 166.96695974978135 95
1738677609377 166.78511458624257 96
1738677609395 166.6038833964541 97
1738677609409 166.42326385082973 98
1738677609426 166.24325362882044 99
1738677609440 166.0638504188794 100
1738677609456 165.88505191842646 101
1738677609470 165.70685583381368 102
1738677609487 165.5292598802901 103
1738677609505 165.3522617819674 104
1738677609520 165.17585927178496 105
1738677609535 165.0000500914758 106
1738677609556 164.82483199153202 107
1738677609571 164.6502027311709 108
1738677609587 164.47616007830064 109
1738677609601 164.30270180948656 110
1738677609617 164.12982570991755 111
1738677609634 163.957529573372 112
1738677609650 163.78581120218485 113
1738677609665 163.61466840721374 114
1738677609680 163.44409900780613 115
1738677609694 163.27410083176602 116
1738677609710 163.10467171532105 117
1738677609726 162.93580950308964 118
1738677609742 162.76751204804827 119
1738677609758 162.59977721149895 120
1738677609771 162.43260286303655 121
1738677609787 162.2659868805168 122
1738677609804 162.09992715002383 123
1738677609818 161.93442156583828 124
1738677609833 161.76946803040508 125
1738677609846 161.60506445430192 126
1738677609862 161.4412087562073 127
1738677609884 161.27789886286914 128
1738677609899 161.11513270907318 129
1738677609913 160.95290823761172 130
1738677609929 160.7912233992524 131
1738677609943 160.63007615270715 132
1738677609957 160.46946446460097 133
1738677609976 160.30938630944146 134
1738677609990 160.14983966958792 135
1738677610004 159.9908225352206 136
1738677610020 159.8323329043103 137
1738677610041 159.67436878258832 138
1738677610056 159.51692818351572 139
1738677610070 159.36000912825327 140
1738677610089 159.20360964563187 141
1738677610104 159.04772777212213 142
1738677610122 158.89236155180484 143
1738677610135 158.73750903634127 144
1738677610149 158.58316828494364 145
1738677610164 158.4293373643455 146
1738677610179 158.27601434877295 147
1738677610195 158.1231973199145 148
1738677610216 157.97088436689305 149
1738677610230 157.8190735862361 150
1738677610244 157.6677630818472 151
1738677610256 157.51695096497727 152
1738677610275 157.36663535419578 153
1738677610289 157.21681437536242 154
1738677610304 157.06748616159842 155
1738677610319 156.91864885325856 156
1738677610332 156.77030059790266 157
1738677610346 156.62243955026776 158
1738677610366 156.47506387223999 159
1738677610382 156.32817173282666 160
1738677610399 156.18176130812876 161
1738677610412 156.03583078131302 162
1738677610427 155.89037834258448 163
1738677610443 155.7454021891592 164
1738677610457 155.60090052523654 165
1738677610473 155.45687156197246 166
1738677610486 155.31331351745197 167
1738677610500 155.1702246166624 168
1738677610513 155.0276030914664 169
1738677610527 154.88544718057497 170
1738677610541 154.7437551295212 171
1738677610554 154.6025251906331 172
1738677610569 154.46175562300766 173
1738677610587 154.32144469248425 174
1738677610600 154.18159067161818 175
1738677610614 154.04219183965475 176
1738677610628 153.9032464825031 177
1738677610643 153.76475289271028 178
1738677610666 153.62670936943525 179
1738677610681 153.48911421842325 180
1738677610697 153.35196575198012 181
1738677610712 153.21526228894655 182
1738677610730 153.07900215467288 183
1738677610745 152.94318368099368 184
1738677610759 152.80780520620215 185
1738677610775 152.67286507502544 186
1738677610789 152.53836163859916 187
1738677610804 152.40429325444268 188
1738677610818 152.27065828643418 189
1738677610834 152.13745510478577 190
1738677610851 152.00468208601887 191
1738677610867 151.87233761293973 192
1738677610888 151.7404200746147 193
1738677610905 151.60892786634602 194
1738677610920 151.4778593896476 195
1738677610934 151.34721305222047 196
1738677610949 151.21698726792906 197
1738677610966 151.08718045677688 198
1738677610986 150.9577910448828 199
1738677611001 150.82881746445705 200
1738677611024 150.7002581537777 201
1738677611042 150.5721115571668 202
1738677611061 150.44437612496688 203
1738677611081 150.3170503135176 204
1738677611095 150.19013258513237 205
1738677611112 150.06362140807477 206
1738677611129 149.93751525653576 207
1738677611147 149.81181261061053 208
1738677611165 149.68651195627515 209
1738677611179 149.56161178536405 210
1738677611192 149.43711059554698 211
1738677611205 149.31300689030635 212
1738677611218 149.1892991789145 213
1738677611233 149.0659859764112 214
1738677611246 148.94306580358128 215
1738677611258 148.82053718693197 216
1738677611274 148.69839865867095 217
1738677611288 148.5766487566838 218
1738677611303 148.45528602451216 219
1738677611317 148.3343090113314 220
1738677611335 148.2137162719291 221
1738677611353 148.0935063666826 222
1738677611369 147.9736778615378 223
1738677611384 147.85422932798707 224
1738677611397 147.73515934304774 225
1738677611411 147.61646648924074 226
1738677611427 147.49814935456894 227
1738677611443 147.3802065324959 228
1738677611463 147.2626366219245 229
1738677611479 147.14543822717593 230
1738677611493 147.02860995796837 231
1738677611507 146.9121504293961 232
1738677611521 146.79605826190848 233
1738677611536 146.68033208128915 234
1738677611551 146.56497051863528 235
1738677611564 146.44997221033674 236
1738677611577 146.3353357980554 237
1738677611595 146.22105992870507 238
1738677611616 146.10714325443044 239
1738677611636 145.99358443258708 240
1738677611651 145.88038212572096 241
1738677611665 145.76753500154837 242
1738677611682 145.6550417329357 243
1738677611696 145.54290099787931 244
1738677611714 145.43111147948562 245
1738677611731 145.3196718659514 246
1738677611746 145.2085808505434 247
1738677611759 145.09783713157927 248
1738677611775 144.98743941240735 249
1738677611789 144.87738640138727 250
1738677611803 144.76767681187061 251
1738677611819 144.65830936218106 252
1738677611837 144.5492827755955 253
1738677611851 144.4405957803242 254
1738677611866 144.33224710949213 255
1738677611880 144.22423550111947 256
1738677611897 144.11655969810255 257
1738677611913 144.00921844819507 258
1738677611928 143.902210503989 259
1738677611941 143.79553462289576 260
1738677611958 143.6891895671275 261
1738677611971 143.58317410367835 262
1738677611986 143.47748700430583 263
1738677611997 143.3721270455123 264
1738677612012 143.26709300852642 265
1738677612029 143.16238367928474 266
1738677612042 143.05799784841358 267
1738677612056 142.95393431121036 268
1738677612069 142.8501918676258 269
1738677612081 142.74676932224548 270
1738677612096 142.6436654842721 271
1738677612111 142.54087916750726 272
1738677612125 142.43840919033354 273
1738677612138 142.33625437569685 274
1738677612153 142.23441355108852 275
1738677612167 142.13288554852755 276
1738677612183 142.03166920454316 277
1738677612198 141.93076336015704 278
1738677612213 141.83016686086592 279
1738677612240 141.72987855662416 280
1738677612283 141.62989730182642 281
1738677612325 141.53022195529024 282
1738677612341 141.430851380239 283
1738677612357 141.33178444428455 284
1738677612373 141.23302001941033 285
1738677612387 141.13455698195415 286
1738677612405 141.0363942125914 287
1738677612420 140.93853059631803 288
1738677612435 140.8409650224338 289
1738677612452 140.74369638452555 290
1738677612470 140.64672358045036 291
1738677612485 140.55004551231906 292
1738677612499 140.45366108647963 293
1738677612514 140.35756921350068 294
1738677612530 140.26176880815498 295
1738677612545 140.16625878940317 296
1738677612558 140.0710380803775 297
1738677612573 139.9761056083653 298
1738677612591 139.88146030479314 299
1738677612614 139.78710110521058 300
1738677612632 139.69302694927404 301
1738677612652 139.5992367807309 302
1738677612665 139.50572954740355 303
1738677612687 139.41250420117348 304
1738677612703 139.31955969796564 305
1738677612717 139.22689499773236 306
1738677612734 139.13450906443805 307
1738677612751 139.04240086604335 308
1738677612773 138.95056937448965 309
1738677612791 138.85901356568345 310
1738677612812 138.76773241948118 311
1738677612829 138.6767249196736 312
1738677612841 138.58599005397062 313
1738677612856 138.4955268139859 314
1738677612872 138.40533419522174 315
1738677612885 138.315411197054 316
1738677612902 138.22575682271693 317
1738677612918 138.13637007928813 318
1738677612932 138.0472499776736 319
1738677612946 137.95839553259293 320
1738677612964 137.86980576256437 321
1738677612981 137.78147968989 322
1738677612996 137.69341634064114 323
1738677613010 137.60561474464345 324
1738677613027 137.5180739354626 325
1738677613042 137.43079295038947 326
1738677613059 137.3437708304258 327
1738677613098 137.2570066202696 328
1738677613121 137.17049936830094 329
1738677613139 137.08424812656742 330
1738677613155 136.99825195077008 331
1738677613169 136.91250990024906 332
1738677613182 136.82702103796947 333
1738677613196 136.74178443050718 334
1738677613210 136.65679914803505 335
1738677613223 136.57206426430855 336
1738677613237 136.4875788566521 337
1738677613250 136.40334200594506 338
1738677613263 136.31935279660786 339
1738677613278 136.23561031658832 340
1738677613293 136.15211365734788 341
1738677613307 136.06886191384783 342
1738677613322 135.98585418453587 343
1738677613337 135.9030895713323 344
1738677613350 135.82056717961675 345
1738677613365 135.73828611821457 346
1738677613379 135.65624549938346 347
1738677613396 135.57444443880007 348
1738677613413 135.49288205554677 349
1738677613428 135.41155747209834 350
1738677613444 135.3304698143087 351
1738677613464 135.24961821139794 352
1738677613480 135.16900179593907 353
1738677613496 135.088619703845 354
1738677613513 135.00847107435558 355
1738677613526 134.9285550500246 356
1738677613537 134.84887077670695 357
1738677613549 134.76941740354567 358
1738677613562 134.69019408295935 359
1738677613576 134.61119997062912 360
1738677613589 134.5324342254862 361
1738677613604 134.4538960096991 362
1738677613622 134.37558448866105 363
1738677613635 134.29749883097742 364
1738677613651 134.21963820845338 365
1738677613670 134.14200179608127 366
1738677613686 134.06458877202826 367
1738677613701 133.98739831762396 368
1738677613718 133.9104296173482 369
1738677613731 133.83368185881872 370
1738677613745 133.7571542327789 371
1738677613781 133.68084593308575 372
1738677613793 133.60475615669762 373
1738677613805 133.52888410366225 374
1738677613819 133.4532289771047 375
1738677613832 133.37778998321537 376
1738677613846 133.3025663312381 377
1738677613861 133.22755723345836 378
1738677613881 133.1527619051912 379
1738677613900 133.07817956476964 380
1738677613915 133.00380943353295 381
1738677613931 132.92965073581485 382
1738677613945 132.85570269893185 383
1738677613960 132.78196455317172 384
1738677613976 132.70843553178196 385
1738677613990 132.6351148709581 386
1738677614006 132.56200180983248 387
1738677614021 132.4890955904626 388
1738677614035 132.41639545781993 389
1738677614047 132.3439006597784 390
1738677614060 132.27161044710326 391
1738677614072 132.19952407343968 392
1738677614086 132.12764079530174 393
1738677614098 132.05595987206107 394
1738677614115 131.9844805659358 395
1738677614130 131.9132021419796 396
1738677614140 131.84212386807047 397
1738677614152 131.77124501489993 398
1738677614166 131.7005648559619 399
1738677614178 131.63008266754187 400
1738677614194 131.55979772870617 401
1738677614206 131.48970932129092 402
1738677614218 131.41981672989144 403
1738677614232 131.3501192418514 404
1738677614247 131.28061614725218 405
1738677614259 131.21130673890227 406
1738677614271 131.1421903123266 407
1738677614283 131.07326616575588 408
1738677614296 131.0045336001164 409
1738677614309 130.93599191901913 410
1738677614324 130.8676404287495 411
1738677614338 130.79947843825704 412
1738677614350 130.73150525914494 413
1738677614363 130.66372020565967 414
1738677614375 130.59612259468088 415
1738677614391 130.52871174571095 416
1738677614411 130.4614869808649 417
1738677614426 130.39444762486025 418
1738677614440 130.3275930050069 419
1738677614453 130.26092245119685 420
1738677614469 130.1944352958945 421
1738677614487 130.1281308741264 422
1738677614500 130.06200852347132 423
1738677614512 129.99606758405042 424
1738677614527 129.9303073985172 425
1738677614542 129.86472731204785 426
1738677614559 129.7993266723313 427
1738677614574 129.73410482955947 428
1738677614590 129.66906113641758 429
1738677614605 129.60419494807448 430
1738677614624 129.53950562217284 431
1738677614638 129.4749925188197 432
1738677614654 129.4106550005768 433
1738677614668 129.34649243245107 434
1738677614684 129.28250418188506 435
1738677614699 129.21868961874762 436
1738677614715 129.15504811532423 437
1738677614734 129.09157904630786 438
1738677614749 129.0282817887894 439
1738677614764 128.96515572224848 440
1738677614780 128.90220022854407 441
1738677614792 128.83941469190535 442
1738677614808 128.77679849892235 443
1738677614822 128.7143510385369 444
1738677614838 128.65207170203342 445
1738677614851 128.58995988302988 446
1738677614864 128.5280149774686 447
1738677614877 128.4662363836073 448
1738677614891 128.40462350201017 449
1738677614905 128.34317573553872 450
1738677614920 128.281892489343 451
1738677614939 128.22077317085265 452
1738677614955 128.15981718976803 453
1738677614969 128.09902395805142 454
1738677614984 128.0383928899182 455
1738677615018 127.97792340182814 456
1738677615034 127.91761491247658 457
1738677615050 127.85746684278585 458
1738677615066 127.79747861589654 459
1738677615079 127.73764965715885 460
1738677615095 127.67797939412416 461
1738677615112 127.61846725653632 462
1738677615126 127.5591126763231 463
1738677615147 127.49991508758787 464
1738677615161 127.44087392660101 465
1738677615175 127.38198863179151 466
1738677615188 127.32325864373865 467
1738677615202 127.26468340516352 468
1738677615218 127.20626236092083 469
1738677615236 127.14799495799049 470
1738677615251 127.08988064546944 471
1738677615265 127.0319188745634 472
1738677615282 126.9741090985787 473
1738677615296 126.91645077291398 474
1738677615310 126.85894335505229 475
1738677615325 126.80158630455277 476
1738677615338 126.74437908304273 477
1738677615351 126.68732115420954 478
1738677615365 126.63041198379265 479
1738677615379 126.57365103957558 480
1738677615393 126.51703779137807 481
1738677615407 126.460571711048 482
1738677615428 126.4042522724537 483
1738677615442 126.34807895147603 484
1738677615456 126.29205122600041 485
1738677615472 126.23616857590929 486
1738677615485 126.18043048307425 487
1738677615499 126.1248364313482 488
1738677615514 126.06938590655781 489
1738677615529 126.01407839649586 490
1738677615545 125.95891339091344 491
1738677615584 125.90389038151248 492
1738677615602 125.84900886193816 493
1738677615643 125.79426832777128 494
1738677615661 125.7396682765208 495
1738677615676 125.68520820761638 496
1738677615693 125.63088762240079 497
1738677615708 125.57670602412266 498
1738677615722 125.52266291792891 499
