1738680338802 169.73016356035603 0
1738680338809 171.00102339792417 1
1738680338816 169.32612723820685 2
1738680338823 170.52547526527914 3
1738680338830 170.4134229209638 4
1738680338837 170.05085101900525 5
1738680338843 169.46871286606475 6
1738680338849 167.60686562238078 7
1738680338856 170.38685378527424 8
1738680338862 171.43605002765722 9
1738680338868 169.20436614801375 10
1738680338874 171.41722981038572 11
1738680338881 168.84958440231776 12
1738680338887 170.44695459573856 13
1738680338893 171.03471473579785 14
1738680338899 169.48159166840128 15
1738680338905 168.47068629574935 16
1738680338911 165.17515342906918 17
1738680338917 167.42115085556247 18
1738680338923 167.20771060014894 19
1738680338929 168.354153815169 20
1738680338936 169.15624971988612 21
1738680338942 168.5351413403617 22
1738680338948 166.10210900365783 23
1738680338955 168.4027480159554 24
1738680338962 167.5122552300325 25
1738680338969 169.8577825414007 26
1738680338976 166.2259985775455 27
1738680338983 169.91803184710864 28
1738680338989 168.80570634835408 29
1738680338996 169.8262654854153 30
1738680339003 166.9749143730544 31
1738680339010 168.1718614207526 32
1738680339017 168.4930544495151 33
1738680339025 166.0812071859393 34
1738680339032 169.2369529555776 35
1738680339039 168.48728093611413 36
1738680339046 170.96844473049666 37
1738680339053 171.82387847056634 38
1738680339061 171.71270908445638 39
1738680339069 169.05767785143757 40
1738680339075 168.83503935204658 41
1738680339083 167.57089381872828 42
1738680339090 167.6705798280102 43
1738680339097 169.99683088426696 44
1738680339105 169.3845174518847 45
1738680339112 168.7133105191253 46
1738680339118 170.40594696358892 47
1738680339125 170.58217744450897 48
1738680339132 166.83054977669389 49
1738680339138 168.88056408922606 50
1738680339145 168.4124886323628 51
1738680339152 169.95017598822534 52
1738680339158 165.43734870363366 53
1738680339164 170.02012276172402 54
1738680339170 168.31371054943418 55
1738680339176 165.85300198325032 56
1738680339182 168.79117543992038 57
1738680339188 170.64669900971347 58
1738680339194 166.4236131318557 59
1738680339200 170.43353634335656 60
1738680339206 166.83244239721077 61
1738680339212 167.94041322352388 62
1738680339218 169.0758733290104 63
1738680339224 167.48275473594109 64
1738680339231 168.73601416906936 65
1738680339237 166.45223715846276 66
1738680339243 170.7609921123777 67
1738680339250 167.264130948985 68
1738680339256 168.5482724648612 69
1738680339262 170.1299792843387 70
1738680339268 168.67750781993223 71
1738680339274 167.27173825529673 72
1738680339281 170.47549773022317 73
1738680339287 166.65601249638758 74
1738680339293 170.65738324791667 75
1738680339300 169.75052128714725 76
1738680339306 169.56053360181545 77
1738680339312 169.3175198150839 78
