1738680414177 315.7897104113853 0
1738680414217 172.04567993134208 1
1738680414256 170.96579525579696 2
1738680414295 175.7453902495438 3
1738680414334 251.416227540021 4
1738680414373 125.76107592564918 5
1738680414412 140.29532346219432 6
1738680414450 146.38021411424756 7
1738680414489 183.2384835356002 8
1738680414527 132.69061746673424 9
1738680414566 132.73335982293193 10
1738680414604 199.28935096315232 11
1738680414642 185.7232870122138 12
1738680414680 169.5764464731573 13
1738680414718 123.54547562856231 14
1738680414756 148.67738130831884 15
1738680414794 145.9044497251815 16
1738680414832 150.20761664685367 17
1738680414872 112.46542946978857 18
1738680414911 139.4315962168794 19
1738680414952 182.81348824635404 20
1738680414990 199.27135518012338 21
1738680415029 91.3940233970276 22
1738680415067 118.04388739028836 23
1738680415106 146.15722363682994 24
1738680415145 217.9507058767868 25
1738680415183 163.1818333405169 26
1738680415221 147.3588434078566 27
1738680415260 165.00961227262718 28
1738680415298 165.07384651816764 29
1738680415336 170.64796625179784 30
1738680415374 149.22154845272308 31
1738680415412 224.5191306174996 32
1738680415450 141.4667040497755 33
1738680415489 286.9490353528539 34
1738680415528 200.31030371902776 35
1738680415568 152.21073770720105 36
1738680415607 225.26861257773177 37
1738680415645 171.44472102171156 38
1738680415684 203.53597658928365 39
1738680415725 162.65362318247628 40
1738680415764 204.2886117756598 41
1738680415803 166.75058075390407 42
1738680415841 146.96566496562454 43
1738680415880 175.35796556197738 44
1738680415918 148.60306739272468 45
1738680415956 185.74742672575474 46
1738680415994 199.4619797675174 47
1738680416033 178.735102701655 48
1738680416071 204.9889631614621 49
1738680416109 152.1837838770204 50
1738680416147 188.42238842325395 51
1738680416188 170.51159023003547 52
1738680416230 183.85830298351487 53
1738680416270 287.0498481687616 54
1738680416309 243.9231352995289 55
1738680416349 161.38775425406837 56
1738680416386 188.94084843362788 57
1738680416424 303.90191233475497 58
1738680416462 200.0567662593475 59
1738680416500 173.3174130678652 60
1738680416539 163.0062797208771 61
1738680416577 172.91949850088105 62
1738680416616 173.52262492102432 63
1738680416654 145.95787109838403 64
1738680416692 135.48405821467787 65
1738680416731 173.30394815128548 66
1738680416769 159.06729448691004 67
1738680416807 172.20694769858125 68
1738680416845 171.77877027205744 69
1738680416883 191.3136044525424 70
1738680416921 156.72452830551157 71
1738680416961 135.4087569557888 72
1738680416999 169.60953912851846 73
1738680417037 206.74883214538264 74
1738680417075 168.73537723155255 75
1738680417114 193.02396195958684 76
1738680417152 168.29505085965343 77
1738680417191 159.89361177539826 78
1738680417232 200.2150708206459 79
1738680417270 211.33644469687846 80
1738680417308 123.92778079369944 81
1738680417347 163.83280597261106 82
1738680417385 196.14454258309163 83
1738680417423 140.2274423168844 84
1738680417461 132.67819828662334 85
1738680417500 171.81395790109949 86
1738680417538 174.1062023817928 87
1738680417575 191.67456214494433 88
1738680417613 161.7553550137075 89
1738680417652 146.41360114039935 90
1738680417691 297.3373715638839 91
1738680417729 194.43517330674445 92
1738680417768 185.29677307617783 93
1738680417806 181.72607029373313 94
1738680417844 157.81587421513316 95
1738680417882 208.41567892978867 96
1738680417920 167.23922830962684 97
1738680417958 229.2106866089269 98
1738680417996 141.99694326032326 99
1738680418034 164.00958473264114 100
1738680418072 211.23613250263878 101
1738680418110 174.7687319035098 102
1738680418148 255.2616347837602 103
1738680418187 116.80987369020492 104
1738680418225 229.2361875567504 105
1738680418263 154.88276851522812 106
1738680418301 126.28135912260694 107
1738680418340 150.97712352738924 108
1738680418377 189.9346619960673 109
1738680418416 159.15978307044475 110
1738680418454 232.50060994003402 111
1738680418492 197.4670054953726 112
1738680418530 160.77357379534305 113
1738680418569 323.6154491264969 114
1738680418606 148.4853939292879 115
1738680418645 115.63209388153824 116
1738680418683 136.3859990259991 117
1738680418721 143.8232245964479 118
1738680418759 157.0346839581146 119
1738680418798 140.20020026880292 120
1738680418836 119.95286331462292 121
1738680418874 149.9488501576015 122
1738680418912 177.9093421514546 123
1738680418949 185.34761027321142 124
1738680418987 170.86526321035046 125
1738680419026 131.314354643941 126
1738680419064 236.03656952216727 127
1738680419103 183.9935532797995 128
1738680419141 145.14880642847965 129
1738680419179 159.17860062987728 130
1738680419217 184.24801707226797 131
1738680419256 124.35604929160877 132
1738680419294 183.4486221963501 133
1738680419332 200.08844950244705 134
1738680419370 163.99779741042067 135
1738680419409 152.12732032966966 136
1738680419448 128.16410993352068 137
1738680419485 147.50903376890625 138
1738680419524 156.50027504570045 139
1738680419562 133.931693312586 140
1738680419600 145.79377052718442 141
1738680419638 156.895883959997 142
1738680419676 164.9717252091776 143
1738680419715 129.99094605402848 144
1738680419753 121.54316010436001 145
1738680419791 119.28427988644972 146
1738680419830 151.27427066369017 147
1738680419868 143.75815554997453 148
1738680419906 175.2877739891575 149
1738680419944 175.54478343817075 150
1738680419982 186.67639946989567 151
1738680420021 186.4826833998761 152
1738680420060 158.82226940227503 153
1738680420098 233.5960419532656 154
1738680420136 141.29111030723655 155
1738680420174 182.77674036898662 156
1738680420213 164.51535156450836 157
1738680420251 151.09571246370936 158
1738680420289 168.57196334612763 159
1738680420328 167.02014194171068 160
1738680420366 183.6896125259667 161
1738680420404 202.7191451831008 162
1738680420442 146.60705975253998 163
1738680420480 354.63917437386175 164
1738680420519 47.394919848841475 165
1738680420557 166.67750667793717 166
1738680420596 123.12601861976036 167
1738680420634 179.0212504808319 168
1738680420672 161.8411014141777 169
1738680420710 247.46008036053453 170
1738680420748 117.98724535517114 171
1738680420787 76.57248153844992 172
1738680420825 161.15291774528077 173
1738680420864 138.90691550724415 174
1738680420902 194.6350365739785 175
1738680420940 167.0720186724807 176
1738680420978 286.7423575354241 177
1738680421016 215.6963620528584 178
1738680421054 160.16207592444036 179
1738680421093 213.99814683706347 180
1738680421130 179.1810739331049 181
1738680421168 171.85791626154608 182
1738680421206 128.91038090528536 183
1738680421244 180.6856874281048 184
1738680421282 183.2387952688021 185
1738680421321 156.34280973298516 186
1738680421360 173.88165236850554 187
1738680421398 171.63845062439873 188
1738680421436 213.14187144544584 189
1738680421474 192.81659609304768 190
1738680421512 146.1370682907716 191
1738680421550 203.03999006171887 192
1738680421589 154.80595360052283 193
1738680421627 114.89353460107866 194
1738680421666 114.05392356387472 195
1738680421704 218.2609649513926 196
1738680421742 210.19086752767709 197
1738680421780 203.6504871150364 198
1738680421818 129.06110470525792 199
1738680421857 156.40588378454083 200
1738680421896 84.23826548118045 201
1738680421934 314.40709755399195 202
1738680421972 182.90699603978368 203
1738680422011 211.12005350219508 204
1738680422049 110.32477458174363 205
1738680422087 161.38421747179814 206
1738680422125 141.7167557912072 207
1738680422164 168.27664655362955 208
1738680422203 181.86636696818601 209
1738680422241 84.27698298100087 210
1738680422279 156.90713819829716 211
1738680422317 150.82646922480447 212
1738680422355 194.5086377253599 213
1738680422394 184.78366748811146 214
1738680422433 195.76567564627433 215
1738680422471 157.41711810556748 216
1738680422509 159.25981139084578 217
1738680422548 157.71541551715669 218
1738680422586 108.28673665134913 219
1738680422624 304.30798708527766 220
1738680422662 143.37225965943998 221
1738680422701 157.25376290152866 222
1738680422739 178.18638867536166 223
1738680422777 167.3956920413622 224
1738680422815 132.49109484303892 225
1738680422853 200.27670390946253 226
1738680422891 126.55312547132766 227
1738680422929 99.78307501790758 228
1738680422968 193.3658567691677 229
1738680423007 152.51624232999723 230
1738680423045 61.06548075560484 231
1738680423083 173.53764115482937 232
1738680423120 131.479413438296 233
1738680423159 107.89794827565585 234
1738680423197 158.58358297989975 235
1738680423235 145.7725532134921 236
1738680423272 158.77968269221378 237
1738680423310 158.0002681614155 238
1738680423348 150.84709403202004 239
1738680423387 131.11069336326915 240
1738680423426 189.91185311275254 241
1738680423464 181.48105076719105 242
1738680423502 185.25878532827957 243
1738680423540 114.1254766382385 244
1738680423578 163.9495941641789 245
1738680423617 158.31650255815057 246
1738680423654 152.97238788475127 247
1738680423693 110.24507984653431 248
1738680423731 282.36888398564025 249
1738680423769 161.13905601392645 250
1738680423806 151.85089013858783 251
1738680423844 166.50248169305215 252
1738680423883 212.9195033509426 253
1738680423921 150.66279271375484 254
1738680423959 180.35095296989272 255
1738680423998 165.73889994819973 256
1738680424037 234.72341767048277 257
1738680424075 327.9998690961163 258
1738680424114 216.63356827900841 259
1738680424152 181.23468718976125 260
1738680424191 155.75462374578018 261
1738680424230 186.66156729967818 262
1738680424268 184.66833359965923 263
1738680424306 253.35211221542448 264
1738680424344 197.217522261177 265
1738680424381 171.1202816314039 266
1738680424419 200.26505169129757 267
1738680424458 172.42623451646958 268
1738680424496 278.08015778833976 269
1738680424534 158.7983557359084 270
1738680424573 169.41801478076243 271
1738680424611 124.69955324936099 272
1738680424650 294.9902747241682 273
1738680424688 143.96094928530746 274
1738680424726 198.77052557627914 275
1738680424764 168.87145466931275 276
1738680424802 82.7378180668393 277
1738680424840 204.00053290350976 278
1738680424878 81.49302378787881 279
1738680424916 162.91701170984138 280
1738680424953 175.14031309631983 281
1738680424991 215.08166996332818 282
1738680425029 181.49006295227593 283
1738680425067 232.4229250095893 284
1738680425107 215.0968625785626 285
1738680425145 227.59537136654717 286
1738680425183 210.58141987301764 287
1738680425221 136.97656498441455 288
1738680425259 370.1882013410217 289
1738680425297 176.1081191744548 290
1738680425335 176.66060581574015 291
1738680425373 300.22105819177636 292
1738680425412 142.89406513441773 293
1738680425450 25.09727339317171 294
1738680425488 167.81114004860083 295
1738680425526 180.7563439629325 296
1738680425564 180.25982596465693 297
1738680425602 268.96372164636193 298
1738680425642 99.43100282046338 299
1738680425680 116.40800674496236 300
1738680425718 141.02821560343182 301
1738680425756 127.69427985204366 302
1738680425794 174.58783856263008 303
1738680425832 204.55676174419406 304
1738680425870 171.70734746210735 305
1738680425908 156.91267911012855 306
1738680425947 187.1950367545457 307
1738680425985 215.42053460417034 308
1738680426023 230.95371990363955 309
1738680426061 163.4829441287811 310
1738680426099 258.70497675857615 311
1738680426137 141.17095704282104 312
1738680426176 133.45060652775499 313
1738680426215 187.40517790193894 314
1738680426253 166.0387562934015 315
1738680426290 155.42068398266264 316
1738680426329 161.56681389727106 317
1738680426367 201.62101472687985 318
1738680426405 143.76569832907495 319
1738680426443 225.4100181143667 320
1738680426480 143.82251949549715 321
1738680426519 223.87078832407497 322
1738680426557 146.40419145650063 323
1738680426595 276.3800945328142 324
1738680426632 82.6220354556375 325
1738680426671 181.75987237214923 326
1738680426710 141.719133152941 327
1738680426748 115.18067651751967 328
1738680426786 148.01575080275634 329
1738680426824 182.98767286477934 330
1738680426862 184.41738385509709 331
1738680426900 132.57733879825258 332
1738680426938 144.75839755819658 333
1738680426976 136.04565068989976 334
1738680427014 176.41804896130301 335
1738680427052 203.12550102557108 336
1738680427090 152.89001015968202 337
1738680427128 149.89973814344233 338
1738680427166 170.38021899728923 339
1738680427204 141.95078917095466 340
1738680427244 180.0612957327037 341
1738680427282 194.0891812786956 342
1738680427320 128.37502844176217 343
1738680427359 85.00849093489144 344
1738680427396 174.90095165565018 345
1738680427434 175.12638760772722 346
1738680427473 202.37907324652775 347
1738680427511 195.06910831587578 348
1738680427548 172.90067193544726 349
1738680427586 123.36054012784555 350
1738680427624 48.63733486314157 351
1738680427662 160.1266912680025 352
1738680427700 193.0545359882098 353
1738680427739 174.1846376123958 354
1738680427779 130.3536186044391 355
1738680427817 215.1502574146547 356
1738680427855 187.59356571681042 357
1738680427893 167.69464330860453 358
1738680427931 161.80717735813246 359
1738680427969 123.60355913584341 360
1738680428007 109.40638723989157 361
1738680428045 123.17564305160747 362
1738680428083 166.63362239311763 363
1738680428121 178.2885106007606 364
1738680428159 249.63978115800245 365
1738680428198 199.4351884913668 366
1738680428235 233.20958741822002 367
1738680428273 126.90795925870835 368
1738680428312 161.14801282178726 369
1738680428352 155.0681390786725 370
1738680428390 183.20164869765645 371
1738680428428 165.21856066505995 372
1738680428466 167.78818032311892 373
1738680428504 166.97214122651704 374
1738680428542 219.24206836462164 375
1738680428580 185.12297974878908 376
1738680428618 167.85349070143516 377
1738680428657 158.8533352723712 378
1738680428694 175.00606448541197 379
1738680428733 178.68003047948378 380
1738680428770 208.38196845058835 381
1738680428808 187.97836888133926 382
1738680428847 138.79408030859972 383
1738680428885 125.71159386088571 384
1738680428924 159.35229943519127 385
1738680428963 141.97873430925003 386
1738680429001 170.6193769940649 387
1738680429039 237.41309271701883 388
1738680429077 113.19158837061548 389
1738680429115 156.71871580942485 390
1738680429153 231.1618405496659 391
1738680429192 137.38271524962792 392
1738680429231 196.01372479850653 393
1738680429269 158.01745448824164 394
1738680429307 127.20195983136679 395
1738680429345 161.70071523175883 396
1738680429384 238.27423043870158 397
1738680429422 153.89201867075442 398
1738680429461 217.71923100565508 399
1738680429499 193.35278756239606 400
1738680429537 190.72660762915527 401
1738680429575 272.5952570827072 402
1738680429612 188.4032751038541 403
1738680429650 199.82201853937366 404
1738680429688 206.28594177069874 405
1738680429727 185.22911159751703 406
1738680429764 184.7076386201546 407
1738680429802 176.6811961069577 408
1738680429841 195.19942172043153 409
1738680429879 182.79750591342346 410
1738680429918 179.444328756326 411
1738680429956 204.8820267554463 412
1738680429994 177.79500411568404 413
1738680430033 180.7581023325654 414
1738680430072 189.4577660699265 415
1738680430109 136.41892316137762 416
1738680430148 144.11492827775723 417
1738680430186 277.2819094623457 418
1738680430224 113.08337743380135 419
1738680430263 281.0906705068759 420
1738680430301 171.64851519701273 421
1738680430339 161.2573442914696 422
1738680430377 170.50910027039382 423
1738680430415 159.10149156787818 424
1738680430454 159.3279394297543 425
1738680430492 137.96971633159927 426
1738680430530 112.39296929403716 427
1738680430569 163.3739485495757 428
1738680430607 171.3984743933305 429
1738680430644 174.87843844043704 430
1738680430682 151.4096385526819 431
1738680430721 157.24739121520668 432
1738680430759 166.21688040037327 433
1738680430797 167.24153539313906 434
1738680430838 141.81876140157777 435
1738680430878 161.30901746595958 436
1738680430916 290.66124270368584 437
1738680430955 143.3806711536136 438
1738680430993 177.78650949365948 439
1738680431032 211.3069068517007 440
1738680431074 182.19472625516772 441
1738680431112 130.9276365600097 442
1738680431150 207.88205753851605 443
1738680431188 304.02317178802514 444
1738680431227 136.95254470799927 445
1738680431265 169.48025212219608 446
1738680431303 184.97440608261718 447
1738680431341 315.41302498992553 448
1738680431379 165.52129730022673 449
1738680431417 161.22669861112098 450
1738680431458 169.20446254853866 451
1738680431498 223.1087258511546 452
1738680431536 166.2421678074848 453
1738680431574 173.85489226495696 454
1738680431612 141.61644661686177 455
1738680431650 133.2843993104262 456
1738680431688 182.07685364189624 457
1738680431726 109.63778067443525 458
1738680431764 669.7764732013637 459
1738680431803 154.87146341789548 460
1738680431841 209.3958442075524 461
1738680431880 495.6068310011228 462
1738680431917 186.3455794823622 463
1738680431955 181.53499243224064 464
1738680431994 178.17352670892782 465
1738680432032 165.13984717458908 466
1738680432071 182.54875814962588 467
1738680432109 177.09724039977203 468
1738680432147 182.5633553753211 469
1738680432185 218.31670448255696 470
1738680432222 93.83647841847363 471
1738680432260 150.12089289542305 472
1738680432298 202.76314023812628 473
1738680432337 198.08852336376066 474
1738680432376 159.70565086018502 475
1738680432416 149.29663236114598 476
1738680432454 266.1228180649697 477
1738680432492 193.69683385716866 478
1738680432530 185.05271035552394 479
1738680432569 164.82719182397943 480
1738680432607 128.00841077373983 481
1738680432646 138.98602029534607 482
1738680432684 199.51680262628162 483
1738680432723 146.43769180637264 484
1738680432761 176.07214902960598 485
1738680432799 74.76249376687699 486
1738680432837 161.17982371838622 487
1738680432875 152.65766295052245 488
1738680432913 154.94925551868468 489
1738680432952 172.82128453784173 490
1738680432991 130.8480003810561 491
1738680433030 152.05217640021496 492
1738680433068 187.09428880419014 493
1738680433107 176.86316346088032 494
1738680433145 197.58685193452223 495
1738680433183 174.77549726385135 496
1738680433221 152.64002930364578 497
1738680433259 165.38436386815786 498
1738680433297 163.04912075249302 499
