1738680611601 170.54567885115094 0
1738680611609 168.5729938245423 1
1738680611616 168.26395593128922 2
1738680611623 171.1460837818957 3
1738680611630 169.0316044638905 4
1738680611638 172.20488461029692 5
1738680611645 169.36810881494893 6
1738680611651 171.04127118313937 7
1738680611658 168.9057160241112 8
1738680611666 169.3463961964023 9
1738680611673 168.74274083719357 10
1738680611680 170.53952735187133 11
1738680611686 168.02878027491695 12
1738680611693 170.92716400419766 13
1738680611699 165.39011866384973 14
1738680611706 169.37004103713764 15
1738680611713 168.0174205867591 16
1738680611720 171.9134872272139 17
1738680611729 170.51913159176235 18
1738680611735 168.94166173926735 19
1738680611741 169.180563907059 20
1738680611747 170.00384830443645 21
1738680611754 168.77329998690502 22
1738680611760 167.21019878571755 23
1738680611766 169.78096554202313 24
1738680611773 168.72075513959132 25
1738680611779 171.59421514484998 26
1738680611786 169.94546050287505 27
1738680611793 169.58396267174808 28
1738680611800 168.6953824948356 29
1738680611808 168.91525981748455 30
1738680611816 168.96089011821002 31
1738680611823 171.7587246270769 32
1738680611830 170.34770476969342 33
1738680611836 166.7313160648756 34
1738680611844 168.63434567839013 35
1738680611854 166.04627085151165 36
1738680611861 169.30067581030193 37
1738680611868 170.18504252646693 38
1738680611874 169.51776325551947 39
1738680611881 168.86422065755093 40
1738680611887 170.78807693244113 41
1738680611893 168.61372598339742 42
1738680611899 169.71225675548402 43
1738680611905 168.69452235028416 44
1738680611911 169.1493042300705 45
1738680611917 168.2890066262469 46
1738680611923 169.89052649858016 47
1738680611929 168.5420567891753 48
1738680611935 168.5095792644199 49
1738680611941 170.01047775018947 50
1738680611947 170.63636681312744 51
1738680611953 168.04097602582152 52
1738680611959 170.37448896500555 53
1738680611966 168.40087706329786 54
1738680611973 168.21232347281423 55
1738680611979 168.95090370146295 56
1738680611986 169.2291112007184 57
1738680611993 168.57681780516157 58
1738680611999 167.74318479738653 59
1738680612006 169.87551522507837 60
1738680612012 169.1796291656686 61
1738680612019 169.4817859867404 62
1738680612026 169.63971162890678 63
1738680612032 168.25608305121804 64
1738680612039 168.87695991279804 65
1738680612045 169.65947888077474 66
1738680612051 166.04836035472263 67
1738680612057 167.6214955763817 68
