1738824632254 169.77422155609221 0
1738824632261 170.1070752431117 1
1738824632268 169.31443112418026 2
1738824632275 170.79573022007463 3
1738824632282 168.953247213955 4
1738824632289 169.5854530474419 5
1738824632296 167.84968183782215 6
1738824632303 168.19975109846254 7
1738824632310 168.3942307079698 8
1738824632317 167.79856601761682 9
1738824632324 171.04096693571776 10
1738824632331 166.86826652317876 11
1738824632337 167.2328542169935 12
1738824632344 171.07298992307528 13
1738824632351 169.34541910326385 14
1738824632359 168.42256954320533 15
1738824632365 168.2878357940237 16
1738824632372 169.14953261181515 17
1738824632379 167.92570660816185 18
1738824632386 167.831348840427 19
1738824632394 168.27702581950197 20
1738824632401 168.62682754966457 21
1738824632413 168.06258312785894 22
1738824632432 167.53612373889968 23
1738824632444 167.96493435271464 24
1738824632452 167.81306901634431 25
1738824632460 168.6643215980553 26
1738824632466 169.6717153610782 27
1738824632473 169.8069075329234 28
1738824632480 168.14275047803275 29
1738824632487 169.55556858603723 30
1738824632494 171.45777175700647 31
1738824632501 167.33616127911264 32
1738824632508 171.75363626752758 33
1738824632514 167.7728956020688 34
1738824632521 167.42405911062423 35
1738824632528 169.20184892798378 36
1738824632534 168.40661933988267 37
1738824632541 168.56843829469503 38
1738824632547 168.41722445025036 39
1738824632554 168.60969561537655 40
1738824632561 167.83403020567036 41
1738824632567 168.7812543810548 42
1738824632574 169.38309694371603 43
1738824632580 166.88852348947844 44
1738824632586 166.16012546857283 45
1738824632593 170.7946847057925 46
1738824632599 166.95217738505784 47
1738824632606 169.2752238611875 48
1738824632612 169.03964122483393 49
1738824632618 170.29402993141824 50
1738824632625 168.42764512663192 51
1738824632631 168.0178080714324 52
1738824632637 172.1346899817311 53
1738824632645 167.74697856639122 54
1738824632652 169.91543754761253 55
1738824632659 169.69035052435387 56
1738824632665 169.87432805133668 57
1738824632672 169.99252375299352 58
1738824632679 169.20884600423787 59
1738824632685 169.18229327137195 60
1738824632692 168.74801938987176 61
1738824632698 166.99250295415666 62
1738824632705 169.68834884426968 63
1738824632711 167.2329928767709 64
1738824632718 170.1655502090204 65
1738824632725 170.36520567352315 66
1738824632731 170.67876886658078 67
1738824632737 169.31937815548673 68
