1738678561707 159.5432323302643 0
1738678561723 151.9930797639102 1
1738678561746 137.33692985764483 2
1738678561767 124.88598222787324 3
1738678561795 138.46053787292766 4
1738678561820 128.27971349464255 5
1738678561841 119.5501637377537 6
1738678561870 101.81585674911796 7
1738678561903 123.66428208583709 8
1738678561921 116.10788339407864 9
1738678561940 112.58758851997753 10
1738678561956 107.39970777788781 11
1738678561980 110.50352006982187 12
1738678561997 123.94091291651563 13
1738678562018 99.40828731076257 14
1738678562039 102.96472044562182 15
1738678562064 88.58566133438354 16
1738678562085 95.3295884855396 17
1738678562105 102.41129516915312 18
1738678562128 85.73891920182459 19
1738678562153 112.73343966369161 20
1738678562183 99.12378775343456 21
1738678562207 97.46156532608343 22
1738678562226 89.70204015153514 23
1738678562244 111.809090938898 24
1738678562261 96.90142900625206 25
1738678562277 105.80362156588959 26
1738678562296 104.82042971832117 27
1738678562312 94.16341687166056 28
1738678562330 91.19070514853384 29
1738678562353 78.16133771856784 30
1738678562376 115.43239503210113 31
1738678562394 101.85790371010144 32
1738678562414 86.04096087124864 33
1738678562435 89.21157788996211 34
1738678562458 93.55691749232584 35
1738678562473 79.08642382565216 36
1738678562498 94.01280986670858 37
1738678562518 88.00940731949163 38
1738678562549 89.01895735970302 39
1738678562566 88.54720078364625 40
1738678562586 89.78494783131099 41
1738678562611 72.8898828642386 42
1738678562633 73.93584497404217 43
1738678562656 86.68685059781042 44
1738678562674 78.24733588299124 45
1738678562700 83.73424506992856 46
1738678562726 82.70929330299576 47
1738678562747 76.65540879384133 48
1738678562763 93.99775946696515 49
1738678562788 109.03192396864037 50
1738678562806 86.48619117830204 51
1738678562821 90.70636695483932 52
1738678562837 88.452869721461 53
1738678562858 90.01345850659882 54
1738678562886 85.06613879405471 55
1738678562906 76.99217077186998 56
1738678562928 80.48446021462189 57
1738678562951 75.53702232637701 58
1738678562981 85.89260247192031 59
1738678563003 77.94638656939698 60
1738678563032 73.71028782198756 61
1738678563051 78.1173731508709 62
1738678563073 97.36148590529146 63
1738678563096 83.6620857002995 64
1738678563114 79.19707475646807 65
1738678563128 77.30217062093193 66
1738678563148 76.88765632301161 67
1738678563170 70.01956909006014 68
1738678563190 65.87150668166456 69
1738678563209 69.55841012051489 70
1738678563228 72.68294721010771 71
1738678563252 96.3978486741557 72
1738678563279 69.60380238785446 73
1738678563301 81.07982560962799 74
1738678563327 82.02335662375805 75
1738678563353 75.9734915735696 76
1738678563371 118.77734383230704 77
1738678563390 80.93243609754693 78
1738678563416 69.74475908137961 79
1738678563443 70.05488006551478 80
1738678563467 97.32190124286728 81
1738678563486 66.16513319162945 82
1738678563504 76.2222923886753 83
1738678563521 62.734141901606314 84
1738678563539 86.21564763197073 85
1738678563555 81.53476591460982 86
1738678563574 86.79181854063398 87
1738678563591 76.93335433460608 88
1738678563614 76.85968354170689 89
1738678563633 97.30203169593757 90
1738678563656 74.42956123371998 91
1738678563675 70.13958618100159 92
1738678563690 95.12858313733685 93
1738678563709 68.5483784659242 94
1738678563727 72.0622538145213 95
1738678563744 76.10992807971506 96
1738678563765 68.73701811462506 97
1738678563783 82.96848051065709 98
1738678563801 74.88605363752058 99
1738678563817 63.68202784467871 100
1738678563834 61.260213899014616 101
1738678563850 67.81910788103272 102
1738678563871 70.85001574076526 103
1738678563900 96.35730411380338 104
1738678563922 68.41500613502532 105
1738678563945 70.17052074366151 106
1738678563964 61.80225208141289 107
1738678563993 61.508727208429185 108
1738678564011 62.756062850139 109
1738678564034 67.54196449240638 110
1738678564071 67.39156369217966 111
1738678564095 66.26060027895004 112
1738678564117 66.11389362674372 113
1738678564139 77.84535465403637 114
1738678564162 69.63248727717955 115
1738678564188 62.879434394279585 116
1738678564224 73.28985330668516 117
1738678564239 71.26593792135161 118
1738678564258 62.981665536338795 119
1738678564274 61.15916862640527 120
1738678564295 70.94366514646187 121
1738678564313 64.26677229002875 122
1738678564332 95.66922901298379 123
1738678564358 65.39050168827487 124
1738678564379 60.69011951822986 125
1738678564409 45.47325159834888 126
1738678564432 104.23697498808491 127
1738678564450 88.40651439880527 128
1738678564473 112.36373973868004 129
1738678564503 43.223615511144175 130
1738678564528 76.35040169295938 131
1738678564550 103.80330308770878 132
1738678564570 75.49545654194304 133
1738678564597 70.3928526722266 134
1738678564616 78.37100462621825 135
1738678564633 67.51314852232134 136
1738678564649 73.3313897731031 137
1738678564665 101.15760493855801 138
1738678564682 61.30231811265543 139
1738678564700 56.4232353352245 140
1738678564715 65.80203488710336 141
1738678564738 59.58409558444028 142
1738678564760 53.75478195668577 143
1738678564783 63.04230823417201 144
1738678564804 51.44880444919661 145
1738678564826 59.86506297723228 146
1738678564847 51.71681945960381 147
1738678564870 65.97152737343373 148
1738678564888 55.59861504394455 149
1738678564903 70.50458232528112 150
1738678564923 77.06466543937977 151
1738678564945 65.37130729981536 152
1738678564964 72.3959362900471 153
1738678564981 52.7765597876042 154
1738678564997 64.36717647646601 155
1738678565019 81.84036986795172 156
1738678565037 54.19599311931271 157
1738678565059 54.78851394119498 158
1738678565076 66.2971914302965 159
1738678565095 67.56547726913628 160
1738678565126 58.066343860920085 161
1738678565146 59.85817626689275 162
1738678565171 84.19559617131496 163
1738678565203 63.098508502614045 164
1738678565228 70.7953833734662 165
1738678565253 73.61940884516932 166
1738678565282 54.15890495541892 167
1738678565309 61.52442346680637 168
1738678565348 61.20934935566029 169
1738678565366 71.21946775509646 170
1738678565383 57.83319319396057 171
1738678565400 57.09066724352826 172
1738678565418 66.85211398382725 173
1738678565436 65.61538589984784 174
1738678565455 76.48490230279835 175
1738678565472 59.37988018312131 176
1738678565503 65.06180964026734 177
1738678565528 55.91634556779933 178
1738678565554 55.415421317462695 179
1738678565572 67.6459826841407 180
1738678565599 59.651650643020865 181
1738678565618 48.185508786989836 182
1738678565633 55.79680099494219 183
1738678565653 51.30512246096558 184
1738678565668 52.09101026923708 185
1738678565684 69.77511376583482 186
1738678565701 58.36304211182891 187
1738678565718 57.860149820389054 188
1738678565745 48.13506556679173 189
1738678565763 60.04467511717159 190
1738678565787 48.5042333453433 191
1738678565806 61.90129886615695 192
1738678565826 55.183528928581914 193
1738678565854 69.19421519766532 194
1738678565877 47.992216902460015 195
1738678565902 62.207224484695374 196
1738678565921 54.67709400875831 197
1738678565947 57.38241845723598 198
1738678565978 58.12982338433439 199
1738678565998 59.9507133088649 200
1738678566020 59.07901924773337 201
1738678566044 51.7589113691383 202
1738678566068 58.410630704939095 203
1738678566094 63.965400733337454 204
1738678566117 52.41696436631112 205
1738678566143 66.34020616488992 206
1738678566164 51.68856216785972 207
1738678566188 46.98929536810654 208
1738678566211 55.80167335813609 209
1738678566231 57.67970247728825 210
1738678566252 50.27229710636145 211
1738678566267 83.74515129561551 212
1738678566282 65.3798390111166 213
1738678566303 57.09595321743424 214
1738678566320 59.81818233458046 215
1738678566337 56.97695340685242 216
1738678566351 63.8348509512748 217
1738678566373 53.72261235390731 218
1738678566389 61.107384723594585 219
1738678566413 50.20387979610733 220
1738678566430 46.85683982602564 221
1738678566460 61.83808292903248 222
1738678566481 53.37419922308679 223
1738678566499 53.18456060386658 224
1738678566519 64.64667116978751 225
1738678566542 51.70339761534825 226
1738678566562 79.21419537000456 227
1738678566585 50.79973121309895 228
1738678566621 64.61056019241003 229
1738678566639 49.24324706643781 230
1738678566661 56.583939895054435 231
1738678566686 53.61387664752808 232
1738678566701 63.64289130421694 233
1738678566723 78.10751469723519 234
1738678566757 61.95759268411797 235
1738678566802 57.4394134361677 236
1738678566821 49.77547999557902 237
1738678566843 48.87548858413703 238
1738678566864 67.45128403277114 239
1738678566882 48.607908466732226 240
1738678566903 54.97458618342949 241
1738678566925 69.27560664633793 242
1738678566946 55.89355706244078 243
1738678566962 90.24607244686527 244
1738678566977 46.258183035528496 245
1738678567003 52.12712855598302 246
1738678567017 62.98203880870329 247
1738678567031 47.61178231782769 248
1738678567055 61.062574337333125 249
1738678567073 55.96526481951497 250
1738678567099 59.90066201681643 251
1738678567116 47.515307318122034 252
1738678567136 47.16127627986957 253
1738678567151 49.77830678705356 254
1738678567174 34.63508062545347 255
1738678567206 52.86855249685741 256
1738678567228 42.57952740631363 257
1738678567262 57.544383151850695 258
1738678567281 42.98951523668246 259
1738678567299 59.11564629091477 260
1738678567320 42.88295443972425 261
1738678567342 42.04891382114474 262
1738678567357 54.89594277443998 263
1738678567379 50.72187756463237 264
1738678567396 51.50412567228085 265
1738678567417 60.25579751783349 266
1738678567434 41.322715702980375 267
1738678567448 55.722765796509385 268
1738678567465 64.84673835381285 269
1738678567481 59.83386291982604 270
1738678567505 54.26431613482303 271
1738678567524 46.25288548884999 272
1738678567550 58.87420179303026 273
1738678567577 53.79090672293304 274
1738678567602 51.231185311224664 275
1738678567625 46.502157451833604 276
1738678567642 57.26543385130201 277
1738678567658 39.31596050346622 278
1738678567675 54.45105256176116 279
1738678567698 49.92812117440986 280
1738678567714 46.290944213544435 281
1738678567744 40.57936223342935 282
1738678567776 58.31366761260843 283
1738678567819 53.86957378497027 284
1738678567834 53.731453890907254 285
1738678567864 65.90946686937713 286
1738678567893 47.2467779199773 287
1738678567914 48.81478883217134 288
1738678567936 41.599460865346614 289
1738678567958 76.46082503727773 290
1738678567976 49.093977014833875 291
1738678567995 82.76108180315748 292
1738678568016 69.31663471608684 293
1738678568033 54.50281862221007 294
1738678568054 84.87752954503405 295
1738678568096 48.578408811654974 296
1738678568116 40.40951804816148 297
1738678568134 45.08899591715588 298
1738678568159 46.20636661301743 299
1738678568172 48.8449527654315 300
1738678568187 60.934159521106416 301
1738678568202 45.237257509243875 302
1738678568220 46.49566164736393 303
1738678568237 53.19643547606367 304
1738678568256 54.18854269462177 305
1738678568278 58.967211441123105 306
1738678568300 69.96727483680614 307
1738678568321 56.98079413740404 308
1738678568343 57.54488352726319 309
1738678568363 46.970775735689735 310
1738678568384 58.902480836218 311
1738678568407 50.33632272576352 312
1738678568428 49.48731300884722 313
1738678568443 49.76571509736721 314
1738678568469 58.54947292281902 315
1738678568495 48.923882110484826 316
1738678568516 53.052944831979154 317
1738678568532 36.19536034369447 318
1738678568560 46.06699924932518 319
1738678568576 37.40345225246763 320
1738678568595 47.14595103416019 321
1738678568616 38.27095877713987 322
1738678568632 42.2622433769992 323
1738678568648 49.07791658527675 324
1738678568674 52.99434632882784 325
1738678568691 49.632550762941435 326
1738678568707 44.12321441246264 327
1738678568746 51.745341145587545 328
1738678568782 52.021553272315565 329
1738678568810 49.336230948261544 330
1738678568831 51.46839730581805 331
1738678568848 47.00873187479014 332
1738678568872 47.05073409931025 333
1738678568895 49.53713594323995 334
1738678568912 47.9802663636199 335
1738678568939 48.25445973614287 336
1738678568962 55.224629871823474 337
1738678568984 49.65250200551526 338
1738678569006 45.406054225367946 339
1738678569025 48.78070395557631 340
1738678569043 49.91595541304089 341
1738678569059 48.31235409849955 342
1738678569074 44.537441381422695 343
1738678569096 61.10175310430859 344
1738678569147 49.878392589714224 345
1738678569184 66.96347067862925 346
1738678569206 47.998453935783935 347
1738678569227 60.148624592685735 348
1738678569245 57.70059989013092 349
1738678569269 43.183500514014376 350
1738678569296 51.32665936635262 351
1738678569318 45.65775411885316 352
1738678569341 46.658732468568125 353
1738678569358 51.07066731218436 354
1738678569376 40.66639628026843 355
1738678569404 34.03750266513312 356
1738678569425 45.53164995418559 357
1738678569455 49.28173252292706 358
1738678569469 44.48167078205382 359
1738678569494 58.29350502268191 360
1738678569509 43.528148320452104 361
1738678569524 35.001195881616894 362
1738678569540 53.171934825161095 363
1738678569555 37.92692381356394 364
1738678569575 52.53182773250615 365
1738678569590 37.94331382159615 366
1738678569610 63.41890724308682 367
1738678569628 61.62459222391335 368
1738678569644 46.27933360783099 369
1738678569653 47.89267664745766 370
1738678569669 45.216738879891 371
1738678569688 51.312414915821385 372
1738678569707 52.5344262611432 373
1738678569721 40.70108228794489 374
1738678569742 47.460671907740995 375
1738678569762 48.46244354278163 376
1738678569793 43.300952818255766 377
1738678569824 37.29776360748576 378
1738678569844 45.09271490326667 379
1738678569861 43.75220075973356 380
1738678569881 36.774159909303684 381
1738678569908 44.06548941676802 382
1738678569926 45.479241395140356 383
1738678569952 42.81958425992437 384
1738678569974 40.34186109367539 385
1738678569991 61.34739890585206 386
1738678570008 37.983736299815966 387
1738678570023 44.85708525566866 388
1738678570040 41.93751289737597 389
1738678570060 48.44240735876547 390
1738678570086 48.221123769211324 391
1738678570103 40.19323816115827 392
1738678570131 45.5234559361734 393
1738678570163 40.790269128581095 394
1738678570188 42.46838497208671 395
1738678570214 45.938717930285904 396
1738678570237 40.94895028294004 397
1738678570257 67.5867550451838 398
1738678570277 44.24505085871698 399
1738678570300 32.043084029490885 400
1738678570322 39.36264209289848 401
1738678570345 43.740394584597624 402
1738678570373 37.24182393186361 403
1738678570390 55.80974392171149 404
1738678570410 45.234777950293754 405
1738678570427 46.0529392548557 406
1738678570443 48.80653120353284 407
1738678570470 45.20544174926391 408
1738678570492 61.37591652703204 409
1738678570515 48.07560668407108 410
1738678570543 52.48125495766309 411
1738678570561 42.422416398813 412
1738678570583 42.966606889568645 413
1738678570606 34.15632990802603 414
1738678570624 39.44599569151061 415
1738678570648 42.62682058210428 416
1738678570669 44.72215927152911 417
1738678570695 52.55641333846347 418
1738678570716 41.45373863480718 419
1738678570738 39.57032890204851 420
1738678570831 48.899385103172186 421
1738678570850 44.0256690276825 422
1738678570872 41.22354643533588 423
1738678570888 44.85828864635404 424
1738678570908 50.352735183155 425
1738678570927 40.43278907190072 426
1738678570945 42.309202771734 427
1738678570964 40.84663542447038 428
1738678570981 35.09853874203976 429
1738678571008 37.61674106680791 430
1738678571031 55.44795833640755 431
1738678571052 36.02578071470658 432
1738678571078 32.28186727009087 433
1738678571109 35.044122008160166 434
1738678571130 37.17111255699785 435
1738678571150 53.498098383217545 436
1738678571178 41.19827121894312 437
1738678571201 42.40132326154911 438
1738678571222 45.84118844708362 439
1738678571239 40.65439611992557 440
1738678571257 53.73916957104439 441
1738678571273 36.17986941739862 442
1738678571289 45.134682347084414 443
1738678571307 54.75090858145803 444
1738678571325 47.292370459393844 445
1738678571346 38.096288525666296 446
1738678571369 33.80780045330413 447
1738678571388 55.86443485267816 448
1738678571413 45.149104816304394 449
1738678571437 42.25020180790056 450
1738678571461 42.33518628788823 451
1738678571484 47.38758569110848 452
1738678571515 70.29423478592909 453
1738678571539 41.19108184798505 454
1738678571571 42.12629578212689 455
1738678571588 48.13351189212659 456
1738678571608 34.063993970595426 457
1738678571629 39.321406698792906 458
1738678571648 32.618825833092146 459
1738678571677 37.563071221762705 460
1738678571704 42.51280817621218 461
1738678571726 58.75902587095596 462
1738678571761 39.57602957902595 463
1738678571785 44.232460102534034 464
1738678571805 38.022016780401536 465
1738678571827 34.69548046338972 466
1738678571851 39.07201450923067 467
1738678571865 58.02381293175372 468
1738678571881 41.591290023560326 469
1738678571899 33.84628608779774 470
1738678571915 34.372968008975604 471
1738678571938 46.0317318117311 472
1738678571953 35.82792902389168 473
1738678571979 45.292037704862196 474
1738678571995 35.81145750650113 475
1738678572017 65.73863623528831 476
1738678572036 39.030514358545155 477
1738678572053 41.73690505428139 478
1738678572071 42.955023541533535 479
1738678572090 37.39833680607658 480
1738678572107 35.35728772043582 481
1738678572131 56.50009529117659 482
1738678572154 54.203617983970034 483
1738678572179 41.02112069372483 484
1738678572201 33.477465265660456 485
1738678572229 40.1680708163545 486
1738678572260 59.250129030535234 487
1738678572280 50.13366060201853 488
1738678572300 60.71368409419667 489
1738678572320 31.240015801512246 490
1738678572354 47.61964198595006 491
1738678572378 40.97106815735328 492
1738678572398 44.60290267657962 493
1738678572426 58.3740642255072 494
1738678572445 36.976248996636194 495
1738678572467 44.49570028578502 496
1738678572488 36.046380225082395 497
1738678572504 49.95239258034604 498
1738678572520 39.49511402833775 499
