1738677786112 109.04543351140937 0
1738677786134 109.44765512371603 1
1738677786156 100.99846466043387 2
1738677786172 115.69904457527477 3
1738677786189 94.4598192456858 4
1738677786207 77.31006171658694 5
1738677786227 65.75544315149185 6
1738677786244 76.64614882624313 7
1738677786259 73.78136668541187 8
1738677786273 60.060681522174164 9
1738677786287 64.61557415058846 10
1738677786304 62.40238542314146 11
1738677786318 53.36295968617237 12
1738677786340 74.63511834542307 13
1738677786357 100.41611801944202 14
1738677786381 62.85217666945724 15
1738677786410 50.73666982958003 16
1738677786433 71.60106157849312 17
1738677786454 82.90196987273518 18
1738677786480 54.450993731773735 19
1738677786518 66.8592252269535 20
1738677786539 58.31581751138514 21
1738677786557 57.425156918688074 22
1738677786581 70.00847723066023 23
1738677786602 76.29350490771711 24
1738677786623 77.88801948169656 25
1738677786640 46.75021622052029 26
1738677786658 43.61053214957174 27
1738677786674 57.73844561894948 28
1738677786692 56.9181390702678 29
1738677786707 43.994870300867284 30
1738677786725 57.21032701198621 31
1738677786749 49.17264612251183 32
1738677786769 46.27450495738379 33
1738677786801 54.49310586394361 34
1738677786819 42.72623972981251 35
1738677786836 40.26553865010673 36
1738677786855 44.33334171804057 37
1738677786873 42.39062655645881 38
1738677786892 47.18483369053893 39
1738677786910 44.08159537071283 40
1738677786926 30.2237930470569 41
1738677786942 50.86815207472933 42
1738677786956 39.71519278739877 43
1738677786976 49.51454374782672 44
1738677786992 39.458436423057215 45
1738677787006 27.93231815459545 46
1738677787022 32.22178771971023 47
1738677787040 43.61514796564613 48
1738677787057 71.81073067213991 49
1738677787075 40.32167542076202 50
1738677787095 44.85606459759697 51
1738677787111 31.608092559314677 52
1738677787133 39.233695871352914 53
1738677787153 30.62661533246291 54
1738677787176 50.15722542728271 55
1738677787191 43.24992452191619 56
1738677787208 31.077569427272437 57
1738677787223 31.794032110167382 58
1738677787242 34.53568170072182 59
1738677787261 47.662000913551566 60
1738677787285 33.414720076370166 61
1738677787318 39.15588892939815 62
1738677787338 33.460557311046166 63
1738677787365 25.871770875333926 64
1738677787386 31.586623100435357 65
1738677787410 53.909402102521014 66
1738677787431 25.86580654412247 67
1738677787449 30.42388582650838 68
1738677787465 36.40315262904549 69
1738677787487 29.85297025662238 70
1738677787508 34.30515318266768 71
1738677787534 30.919435142090922 72
1738677787556 30.749000351918806 73
1738677787587 32.43136900290291 74
1738677787609 28.89061686460553 75
1738677787625 28.669036264601484 76
1738677787641 32.973968906526196 77
1738677787664 32.391040951101715 78
1738677787682 36.71376663468049 79
1738677787696 23.974177279545533 80
1738677787719 40.52822912838131 81
1738677787773 17.840476721813776 82
1738677787803 24.01848543370877 83
1738677787819 51.85295486908573 84
1738677787837 21.40359256327995 85
1738677787880 19.71690465005291 86
1738677787905 20.671384737951968 87
1738677787921 19.87047451001673 88
1738677787939 21.377285131275748 89
1738677787957 23.43696812318274 90
1738677787981 19.277729729386074 91
1738677788004 23.206101628653165 92
1738677788024 17.261447669411126 93
1738677788044 19.763713398116078 94
1738677788067 30.290444159054005 95
1738677788089 19.371536734062328 96
1738677788115 23.09741880879727 97
1738677788141 22.05946951166529 98
1738677788156 31.93111940742185 99
1738677788188 24.36222931919003 100
1738677788255 16.15497799137487 101
1738677788272 19.226464031387575 102
1738677788292 23.63017004406536 103
1738677788311 16.33877061136685 104
1738677788334 20.33848366331628 105
1738677788356 21.15584970663273 106
1738677788387 21.272706574493164 107
1738677788416 20.957879141737155 108
1738677788436 23.976593427753315 109
1738677788452 15.101955317482432 110
1738677788469 17.99413409268794 111
1738677788489 18.000379060393435 112
1738677788503 21.42597328644132 113
1738677788519 19.121608477251133 114
1738677788535 18.85394296868362 115
1738677788550 15.321622999150446 116
1738677788565 15.801823835631534 117
1738677788580 14.486984167847051 118
1738677788599 12.813482128838702 119
1738677788622 19.0837523680537 120
1738677788642 15.170849289523645 121
1738677788661 18.505247297389072 122
1738677788679 19.15304364383982 123
1738677788696 13.780071058243424 124
1738677788718 15.066618689815558 125
1738677788736 20.106389354391627 126
1738677788758 17.025527441826995 127
1738677788784 13.985407995836145 128
1738677788814 13.548777486805333 129
1738677788839 18.20696868412875 130
1738677788867 17.815934991917903 131
1738677788893 17.155138269379243 132
1738677788919 26.307861621812144 133
1738677788935 13.969353415212037 134
1738677788951 12.694180168891762 135
1738677788968 12.502489464495051 136
1738677788984 17.036731421341393 137
1738677789003 15.629708053515712 138
1738677789029 19.66080157475245 139
1738677789058 14.340979516924943 140
1738677789084 12.503654560878433 141
1738677789104 11.90781947316111 142
1738677789118 11.25831886753681 143
1738677789135 12.233418101829534 144
1738677789156 12.426951683298153 145
1738677789170 18.366652342960407 146
1738677789189 10.848200123976904 147
1738677789203 11.790278699806814 148
1738677789217 13.318851715966614 149
1738677789233 12.453860087901129 150
1738677789246 9.65043059196611 151
1738677789261 9.454271022265843 152
1738677789274 11.38188515782974 153
1738677789287 11.891498265786375 154
1738677789300 11.884162368208736 155
1738677789313 9.719210108008522 156
1738677789329 10.581521099849576 157
1738677789343 10.276445127407909 158
1738677789382 9.726472861930768 159
1738677789404 11.85980230406758 160
1738677789422 11.961372207395188 161
1738677789450 11.737637472204826 162
1738677789481 14.470996678214137 163
1738677789518 9.049639555136267 164
1738677789545 11.764164067853402 165
1738677789570 9.125123905773581 166
1738677789595 9.119949023469758 167
1738677789628 9.714867399838411 168
1738677789651 8.55682223822768 169
1738677789681 9.52047981099046 170
1738677789705 7.910998501772474 171
1738677789724 9.26089431107454 172
1738677789740 12.181784068864799 173
1738677789757 10.25751493280442 174
1738677789772 11.285648906894362 175
1738677789790 9.717486545858192 176
1738677789804 9.3486931365759 177
1738677789818 8.390113612077268 178
1738677789837 9.629516193908117 179
1738677789854 6.801621667301731 180
1738677789870 8.709810929971754 181
1738677789887 10.166628918546252 182
1738677789904 9.771792741705957 183
1738677789921 7.20152269788059 184
1738677789939 6.244293668601825 185
1738677789963 9.194012184892726 186
1738677789981 8.30845329688351 187
1738677789995 9.085841571018305 188
1738677790010 6.973595298956734 189
1738677790027 9.343555055456589 190
1738677790044 6.823673470173502 191
1738677790058 7.5418640751935895 192
1738677790075 7.243833412648062 193
1738677790091 11.586753267390863 194
1738677790130 7.455631434709908 195
1738677790146 7.068715729127941 196
1738677790161 7.308334798348045 197
1738677790178 12.373938144315346 198
1738677790193 6.920009891118531 199
1738677790207 6.819232559820314 200
1738677790223 6.542385319563535 201
1738677790238 7.8250357342765815 202
1738677790256 7.42483883649099 203
1738677790275 6.477582737569235 204
1738677790296 7.43477389041796 205
1738677790312 6.3342279425308226 206
1738677790330 7.0311693081346505 207
1738677790349 7.902903426935518 208
1738677790367 6.526584633114678 209
1738677790384 8.962416664921706 210
1738677790397 6.675790522317944 211
1738677790417 5.540857073855008 212
1738677790434 5.698533471319697 213
1738677790451 5.131329830115914 214
1738677790467 5.419047065430371 215
1738677790481 7.071232180377355 216
1738677790495 6.062351816421145 217
1738677790521 6.947545938927733 218
1738677790538 7.15179353076058 219
1738677790553 5.86250136233389 220
1738677790570 5.471686998245828 221
1738677790586 4.65324710252355 222
1738677790603 5.89908978889076 223
1738677790638 5.2112517150288875 224
1738677790657 5.421716901933051 225
1738677790678 5.231551650939318 226
1738677790703 6.408171184451384 227
1738677790727 3.6097861319289297 228
1738677790755 5.537077716240468 229
1738677790778 4.734718024160865 230
1738677790800 7.526245140568739 231
1738677790825 4.185442778791636 232
1738677790846 6.010323475180939 233
1738677790863 5.2369987565787355 234
1738677790877 5.551801030493029 235
1738677790894 5.465933281974629 236
1738677790910 5.48677560612141 237
1738677790928 5.668979312308487 238
1738677790943 6.599141258286211 239
1738677790961 5.4466487351932065 240
1738677790979 3.4940318236282777 241
1738677790995 4.180549228397245 242
1738677791010 6.707343135794856 243
1738677791032 4.416155898986043 244
1738677791049 4.693611622078185 245
1738677791066 4.803780467208487 246
1738677791082 3.754130882522059 247
1738677791098 4.0004812370077 248
1738677791113 4.617230988259635 249
1738677791131 5.887081315935626 250
1738677791149 5.1254983952204105 251
1738677791167 4.93313885114852 252
1738677791185 3.2727753571815525 253
1738677791204 3.969762592811976 254
1738677791220 4.264250886401749 255
1738677791283 4.25185404365145 256
1738677791303 5.897719117897547 257
1738677791328 3.6272739028231795 258
1738677791348 3.9582500362939594 259
1738677791363 4.030591931231433 260
1738677791379 4.290734869338613 261
1738677791397 4.301138719371065 262
1738677791415 3.405260711445738 263
1738677791435 3.269578146525879 264
1738677791452 3.0838471009072053 265
1738677791469 2.877285799645668 266
1738677791488 4.104801141888244 267
1738677791512 3.3307642340859744 268
1738677791532 2.6455326668633323 269
1738677791553 2.6356491667179447 270
1738677791571 2.8004667616814 271
1738677791595 3.0717044623983885 272
1738677791616 3.7850650111414628 273
1738677791636 3.524519367810075 274
1738677791654 1.9263199222030423 275
1738677791672 3.6353877238263608 276
1738677791692 4.028097794192317 277
1738677791710 3.5195811892356432 278
1738677791727 4.089371077837686 279
1738677791742 3.457331016368149 280
1738677791755 3.6433410037017935 281
1738677791771 2.9916857875954954 282
1738677791791 4.79428503206919 283
1738677791806 2.974383768861266 284
1738677791825 2.288234413690494 285
1738677791848 2.0867945578338505 286
1738677791866 3.062276326789097 287
1738677791887 2.882259537031366 288
1738677791910 3.804086739108346 289
1738677791933 3.9575012331725836 290
1738677791955 3.070866480724036 291
1738677791976 3.453485208034434 292
1738677791993 2.6490203705422086 293
1738677792010 2.3800654875174136 294
1738677792028 3.6062089638351473 295
1738677792045 2.8117730726622403 296
1738677792060 4.629152393251811 297
1738677792079 2.9074793308308786 298
1738677792099 2.8911373567736094 299
1738677792115 3.4089354165052073 300
1738677792136 2.021782482833751 301
1738677792153 2.3932988932271813 302
1738677792168 2.3412390857528145 303
1738677792182 2.721488519788003 304
1738677792203 2.9556771544626437 305
1738677792223 2.6584306099787347 306
1738677792240 2.980137110951178 307
1738677792257 2.365817973974348 308
1738677792272 2.060496697483363 309
1738677792290 2.1292044394949663 310
1738677792306 2.195287614857611 311
1738677792322 1.8297795271156985 312
1738677792338 2.769268261866803 313
1738677792351 1.6141222660290528 314
1738677792367 1.8269275318939406 315
1738677792383 2.7475340850103844 316
1738677792398 2.2580874564090685 317
1738677792411 2.8067787638868897 318
1738677792433 2.895185112990963 319
1738677792448 1.945596172597806 320
1738677792470 1.8995940330411376 321
1738677792490 2.0271333532783764 322
1738677792505 2.5373571552951226 323
1738677792522 2.1997623646903874 324
1738677792544 1.318780979591082 325
1738677792564 1.8143084948874324 326
1738677792582 1.8705629457781574 327
1738677792598 2.608952741952449 328
1738677792614 2.431003792587417 329
1738677792631 1.991147273939536 330
1738677792647 2.1217723920415823 331
1738677792665 2.4964999280370437 332
1738677792681 2.822421292647569 333
1738677792697 2.0964595042298257 334
1738677792711 1.9849603772158173 335
1738677792725 1.4309756546046206 336
1738677792740 2.1774155952448577 337
1738677792771 0.9762110262661869 338
1738677792786 2.4485963607384815 339
1738677792800 1.1700678886243747 340
1738677792816 2.598963856987633 341
1738677792831 1.7634281144687725 342
1738677792848 1.9668480892561322 343
1738677792869 1.6156616594607018 344
1738677792886 1.6425802404651955 345
1738677792902 1.9830792922917546 346
1738677792918 1.4927618359397534 347
1738677792935 1.7391285044860223 348
1738677792949 1.534941966725339 349
1738677792971 1.5535106913057746 350
1738677792991 1.4335350082916785 351
1738677793012 2.029789575499169 352
1738677793038 1.468044588021003 353
1738677793057 1.1315832119344114 354
1738677793104 1.715322927400954 355
1738677793134 2.0567334720215333 356
1738677793155 2.4988627301748245 357
1738677793179 1.393427661555774 358
1738677793200 2.056838698145098 359
1738677793234 1.5737491558129768 360
1738677793262 1.7772358774305885 361
1738677793284 1.6643206606028698 362
1738677793302 1.783094961581421 363
1738677793321 1.4618295039013192 364
1738677793340 1.1625838785443319 365
1738677793356 1.2503385960838511 366
1738677793372 1.5789868310867334 367
1738677793386 2.263977668302255 368
1738677793407 1.5890450572871813 369
1738677793425 1.8286986586551477 370
1738677793442 1.3962900932875686 371
1738677793457 2.5389338133585566 372
1738677793472 1.5773917276239715 373
1738677793492 1.4437356701956603 374
1738677793506 1.072840195364556 375
1738677793521 1.5379436615284832 376
1738677793536 1.1207756186516307 377
1738677793555 1.4773438532970773 378
1738677793572 1.982548090985497 379
1738677793588 1.0355749052540384 380
1738677793605 1.60617091713841 381
1738677793628 1.1980668805484804 382
1738677793649 2.3133531371553295 383
1738677793669 0.882173418753129 384
1738677793692 1.342750578114184 385
1738677793714 0.5044588610880616 386
1738677793733 1.6170167078651039 387
1738677793750 1.05651403447326 388
1738677793774 1.2447384374045931 389
1738677793791 0.9695832940054029 390
1738677793806 1.35017532166676 391
1738677793828 1.1486002174967103 392
1738677793844 1.0274149865470703 393
1738677793864 0.9305056128869671 394
1738677793880 1.0841811686018838 395
1738677793898 1.4156555303921332 396
1738677793917 1.1789574921151995 397
1738677793934 1.323137607002204 398
1738677793952 1.2662274405867187 399
1738677793968 0.9449728277771758 400
1738677793983 0.9866808275277208 401
1738677794001 1.539867378350705 402
1738677794020 1.3062683412430292 403
1738677794037 1.2705214707843744 404
1738677794052 1.1298020686179173 405
1738677794068 1.1142529581415705 406
1738677794086 1.2475828780401441 407
1738677794101 0.7124981920302759 408
1738677794122 1.381753896019263 409
1738677794150 0.8208109973907703 410
1738677794166 0.7569872070054424 411
1738677794182 0.7153093672191018 412
1738677794199 1.0587639154803685 413
1738677794214 0.8210872267785305 414
1738677794234 1.8058477750668578 415
1738677794250 0.9015133206671723 416
1738677794266 1.2070371570630862 417
1738677794281 0.7067082985573868 418
1738677794295 1.0620794084264613 419
1738677794309 0.7700921205277979 420
1738677794324 0.8520146414331747 421
1738677794340 1.1141895738932126 422
1738677794355 1.3174679946672112 423
1738677794373 0.8665689950772999 424
1738677794391 0.949080148347884 425
1738677794409 0.763103987078722 426
1738677794425 0.9802047746614363 427
1738677794440 1.0090312971070061 428
1738677794456 0.6723265721092886 429
1738677794474 1.1287409248542277 430
1738677794490 0.9275347176120812 431
1738677794506 0.8735973156268997 432
1738677794521 0.6173608079662237 433
1738677794537 0.9035257399058602 434
1738677794553 0.9026083887465168 435
1738677794568 0.8299112874352594 436
1738677794585 0.9454264830440444 437
1738677794601 1.478226897329509 438
1738677794618 0.8946953741378454 439
1738677794634 0.9316751042806983 440
1738677794658 0.8026662301009605 441
1738677794676 0.8769780374592987 442
1738677794693 0.7646229134782441 443
1738677794713 0.7445297569571135 444
1738677794733 0.8092289226467642 445
1738677794750 0.8386627319575781 446
1738677794767 0.8502655215973971 447
1738677794782 0.8140368658302377 448
1738677794797 0.8890369088585716 449
1738677794812 0.7144265717818804 450
1738677794832 0.6240399658378495 451
1738677794848 0.5569360400942976 452
1738677794863 0.5948822632265491 453
1738677794877 0.7628632128132494 454
1738677794894 1.258031126796905 455
1738677794908 0.8225656758387866 456
1738677794923 0.5770172259550872 457
1738677794938 0.8048904629293909 458
1738677794953 0.7423075978933052 459
1738677794967 0.6082546470293942 460
1738677794981 1.0034997519314752 461
1738677795001 0.5717958485027534 462
1738677795017 1.0097158731360825 463
1738677795032 0.8561306787618416 464
1738677795048 0.7956648263024669 465
1738677795063 0.8707363064974364 466
1738677795078 1.1436481604692719 467
1738677795096 0.6535158856341946 468
1738677795113 0.6845591952160504 469
1738677795134 0.8584125484527949 470
1738677795151 0.48902177383395856 471
1738677795167 0.4771997106264351 472
1738677795185 0.7725917288216906 473
1738677795204 0.5866899699004575 474
1738677795220 0.6339602902789786 475
1738677795237 0.7586424856751255 476
1738677795253 1.0832357846007454 477
1738677795273 0.5970022992289387 478
1738677795291 0.519999680939767 479
1738677795310 1.0097801343112762 480
1738677795328 0.8980196133311125 481
1738677795347 0.6426243330938436 482
1738677795363 0.5979386396696402 483
1738677795376 0.6207346891812812 484
1738677795389 0.7579601271584914 485
1738677795404 0.6311292596877365 486
1738677795419 1.061863111718674 487
1738677795432 0.5966443325253934 488
1738677795446 0.7556493979932245 489
1738677795460 0.5124998349406927 490
1738677795474 0.708711790049535 491
1738677795489 0.5521041416712439 492
1738677795504 0.5866678893427926 493
1738677795520 0.7269614671760303 494
1738677795539 0.764079196591973 495
1738677795556 0.6003801455623722 496
1738677795574 0.5650203182501362 497
1738677795593 0.757193592607882 498
1738677795612 1.3808939600313919 499
