1738677456580 169.46928671508385 0
1738677456598 152.72531052049973 1
1738677456623 141.01292067962322 2
1738677456636 132.61622798210638 3
1738677456655 126.41959006688309 4
1738677456673 121.69634491701119 5
1738677456704 117.97202037869546 6
1738677456724 114.93575425665023 7
1738677456740 112.3829236253194 8
1738677456758 110.1779784440613 9
1738677456776 108.23035594918132 10
1738677456795 106.47886464967375 11
1738677456812 104.88155296537428 12
1738677456832 103.40913017786168 13
1738677456863 102.0406887295899 14
1738677456880 100.7609179581879 15
1738677456897 99.55828485328962 16
1738677456926 98.423842237586 17
1738677456973 97.35044441488309 18
1738677456992 96.33222778255067 19
1738677457009 95.36426405273613 20
1738677457024 94.4423261969592 21
1738677457037 93.56272825612315 22
1738677457051 92.72221377775365 23
1738677457067 91.9178764663679 24
1738677457082 91.14710235203358 25
1738677457097 90.40752649085212 26
1738677457113 89.69699961778161 27
1738677457136 89.01356173554997 28
1738677457149 88.35542064032856 29
1738677457166 87.72093404758856 30
1738677457184 87.10859441463239 31
1738677457206 86.51701584029762 32
1738677457222 85.94492260949349 33
1738677457238 85.39113907438505 34
1738677457256 84.8545806471208 35
1738677457272 84.3342457352321 36
1738677457286 83.82920848944569 37
1738677457301 83.33861226065044 38
1738677457320 82.8616636820431 39
1738677457337 82.39762730659521 40
1738677457354 81.94582074059923 41
1738677457368 81.50561022225719 42
1738677457401 81.07640660079255 43
1738677457414 80.65766167687481 44
1738677457427 80.24886486956784 45
1738677457454 79.84954017876439 46
1738677457466 79.45924341530383 47
1738677457495 79.07755967379003 48
1738677457517 78.70410102561034 49
1738677457533 78.33850441185902 50
1738677457544 77.98042971783202 51
1738677457565 77.6295580125175 52
1738677457583 77.2855899380843 53
1738677457597 76.9482442357892 54
1738677457614 76.61725639600418 55
1738677457630 76.29237742121639 56
1738677457646 75.97337269189767 57
1738677457662 75.66002092607978 58
1738677457681 75.3521132243237 59
1738677457700 75.04945219254023 60
1738677457716 74.7518511358163 61
1738677457733 74.45913331703038 62
1738677457748 74.17113127461246 63
1738677457764 73.88768619431899 64
1738677457782 73.60864733036256 65
1738677457813 73.33387147165904 66
1738677457829 73.06322244933901 67
1738677457846 72.79657068201901 68
1738677457866 72.53379275564298 69
1738677457882 72.27477103499079 70
1738677457898 72.01939330421 71
1738677457916 71.76755243396242 72
1738677457937 71.51914607299094 73
1738677457958 71.27407636210509 74
1738677457979 71.0322496687609 75
1738677457997 70.79357634056932 76
1738677458016 70.55797047621343 77
1738677458032 70.32534971238609 78
1738677458051 70.09563502547954 79
1738677458067 69.86875054686774 80
1738677458083 69.6446233907211 81
1738677458099 69.42318349338309 82
1738677458115 69.2043634634213 83
1738677458134 68.9880984415387 84
1738677458151 68.77432596960017 85
1738677458170 68.5629858680909 86
1738677458189 68.3540201213792 87
1738677458209 68.14737277020853 88
1738677458228 67.94298981089054 89
1738677458244 67.7408191007125 90
1738677458261 67.54081026911362 91
1738677458279 67.3429146342186 92
1738677458294 67.14708512435071 93
1738677458309 66.95327620417586 94
1738677458322 66.76144380515662 95
1738677458336 66.57154526002003 96
1738677458350 66.38353924096619 97
1738677458364 66.19738570136515 98
1738677458380 66.0130458207091 99
1738677458396 65.83048195260419 100
1738677458409 65.64965757560293 101
1738677458426 65.47053724669232 102
1738677458442 65.29308655726683 103
1738677458457 65.11727209142795 104
1738677458474 64.94306138646311 105
1738677458489 64.77042289536767 106
1738677458509 64.59932595128345 107
1738677458526 64.42974073373593 108
1738677458539 64.2616382365607 109
1738677458554 64.09499023741753 110
1738677458611 63.92976926879703 111
1738677458632 63.76594859043157 112
1738677458648 63.60350216302857 113
1738677458662 63.442404623248734 114
1738677458674 63.28263125985813 115
1738677458688 63.1241579909868 116
1738677458704 62.96696134243175 117
1738677458718 62.81101842694538 118
1738677458739 62.65630692445519 119
1738677458755 62.50280506316316 120
1738677458770 62.350491601477046 121
1738677458787 62.19934581072867 122
1738677458804 62.049347458636966 123
1738677458823 61.90047679347639 124
1738677458841 61.75271452891352 125
1738677458860 61.60604182947706 126
1738677458876 61.46044029662839 127
1738677458892 61.31589195540219 128
1738677458910 61.172379241587805 129
1738677458923 61.029884989424346 130
1738677458939 60.88839241978401 131
1738677458959 60.74788512881906 132
1738677458978 60.608347077050176 133
1738677458993 60.46976257887434 134
1738677459014 60.332116292472215 135
1738677459026 60.19539321009592 136
1738677459040 60.05957864871905 137
1738677459055 59.924658241032034 138
1738677459070 59.79061792676658 139
1738677459085 59.6574439443342 140
1738677459098 59.52512282276431 141
1738677459110 59.39364137392823 142
1738677459128 59.26298668503636 143
1738677459141 59.13314611139612 144
1738677459158 59.0041072694195 145
1738677459171 58.87585802986866 146
1738677459189 58.74838651132973 147
1738677459241 58.62168107390485 148
1738677459256 58.49573031311288 149
1738677459271 58.370523053990155 150
1738677459289 58.24604834538287 151
1738677459303 58.1222954544229 152
1738677459316 57.99925386117977 153
1738677459329 57.87691325348122 154
1738677459341 57.755263521895905 155
1738677459355 57.63429475487124 156
1738677459370 57.513997234020685 157
1738677459384 57.39436142955411 158
1738677459399 57.275377995846 159
1738677459412 57.15703776713581 160
1738677459429 57.039331753355675 161
1738677459444 56.922251136080426 162
1738677459458 56.80578726459528 163
1738677459474 56.68993165207691 164
1738677459494 56.57467597188351 165
1738677459517 56.460012053950074 166
1738677459541 56.34593188128474 167
1738677459560 56.23242758656281 168
1738677459577 56.119491448814756 169
1738677459597 56.007115890205 170
1738677459613 55.89529347289819 171
1738677459632 55.78401689600986 172
1738677459648 55.673278992638785 173
1738677459663 55.5630727269779 174
1738677459677 55.45339119150137 175
1738677459691 55.34422760422514 176
1738677459704 55.23557530603846 177
1738677459717 55.127427758104226 178
1738677459729 55.019778539325536 179
1738677459741 54.912621343876765 180
1738677459754 54.805949978796605 181
1738677459766 54.69975836164148 182
1738677459782 54.59404051819712 183
1738677459798 54.48879058024672 184
1738677459812 54.3840027833937 185
1738677459828 54.27967146493755 186
1738677459867 54.17579106180105 187
1738677459882 54.072356108507314 188
1738677459897 53.96936123520516 189
1738677459910 53.86680116574139 190
1738677459922 53.764670715778564 191
1738677459934 53.662964790956934 192
1738677459948 53.561678385099256 193
1738677459966 53.460806578457266 194
1738677459980 53.3603445359986 195
1738677459994 53.260287505732975 196
1738677460009 53.16063081707662 197
1738677460024 53.06136987925382 198
1738677460046 52.96250017973447 199
1738677460067 52.8640172827069 200
1738677460089 52.76591682758467 201
1738677460110 52.66819452754667 202
1738677460130 52.57084616810955 203
1738677460148 52.47386760573155 204
1738677460166 52.377254766446995 205
1738677460181 52.28100364453063 206
1738677460199 52.18511030119092 207
1738677460216 52.08957086329167 208
1738677460231 51.994381522101285 209
1738677460246 51.89953853206871 210
1738677460261 51.80503820962564 211
1738677460277 51.71087693201428 212
1738677460300 51.61705113613984 213
1738677460317 51.5235573174474 214
1738677460334 51.430392028822276 215
1738677460350 51.33755187951365 216
1738677460364 51.24503353408048 217
1738677460377 51.15283371135949 218
1738677460390 51.060949183454575 219
1738677460403 50.96937677474703 220
1738677460415 50.87811336092623 221
1738677460427 50.787155868040266 222
1738677460438 50.69650127156594 223
1738677460450 50.606146595497854 224
1738677460464 50.51608891145592 225
1738677460477 50.426325337811086 226
1738677460488 50.336853038828714 227
1738677460501 50.247669223829234 228
1738677460514 50.1587711463657 229
1738677460528 50.070156103417894 230
1738677460541 49.981821434602416 231
1738677460556 49.89376452139875 232
1738677460575 49.80598278639058 233
1738677460592 49.71847369252219 234
1738677460609 49.63123474236966 235
1738677460630 49.544263477426405 236
1738677460647 49.457557477402844 237
1738677460663 49.37111435953978 238
1738677460676 49.28493177793528 239
1738677460691 49.199007422884826 240
1738677460706 49.11333902023411 241
1738677460722 49.02792433074476 242
1738677460739 48.94276114947213 243
1738677460754 48.85784730515533 244
1738677460768 48.77318065961898 245
1738677460784 48.68875910718658 246
1738677460800 48.604580574105164 247
1738677460815 48.520643017981044 248
1738677460831 48.436944427226365 249
1738677460848 48.35348282051635 250
1738677460863 48.27025624625682 251
1738677460883 48.18726278206197 252
1738677460900 48.104500534242085 253
1738677460915 48.021967637300996 254
1738677460931 47.93966225344307 255
1738677460948 47.8575825720896 256
1738677460962 47.77572680940429 257
1738677460980 47.694093207827784 258
1738677460996 47.6126800356209 259
1738677461010 47.53148558641652 260
1738677461023 47.45050817877988 261
1738677461037 47.36974615577718 262
1738677461049 47.289197884552166 263
1738677461063 47.20886175591077 264
1738677461081 47.12873618391338 265
1738677461098 47.04881960547489 266
1738677461114 46.96911047997199 267
1738677461131 46.889607288857974 268
1738677461144 46.81030853528449 269
1738677461157 46.73121274373058 270
1738677461170 46.65231845963829 271
1738677461183 46.57362424905522 272
1738677461195 46.49512869828364 273
1738677461209 46.416830413536026 274
1738677461222 46.338728020597024 275
1738677461234 46.26082016449148 276
1738677461247 46.183105509158786 277
1738677461259 46.105582737133034 278
1738677461273 46.02825054922906 279
1738677461285 45.95110766423428 280
1738677461300 45.874152818606134 281
1738677461315 45.79738476617502 282
1738677461331 45.72080227785267 283
1738677461347 45.64440414134583 284
1738677461365 45.568189160875185 285
1738677461386 45.492156156899284 286
1738677461405 45.41630396584353 287
1738677461421 45.340631439834176 288
1738677461434 45.26513744643689 289
1738677461454 45.1898208684003 290
1738677461466 45.11468060340398 291
1738677461479 45.03971556381111 292
1738677461492 44.964924676425476 293
1738677461507 44.89030688225285 294
1738677461521 44.81586113626682 295
1738677461542 44.741586407178545 296
1738677461560 44.667481677210844 297
1738677461576 44.59354594187627 298
1738677461591 44.51977820975909 299
1738677461607 44.44617750230121 300
1738677461622 44.37274285359194 301
1738677461639 44.299473310161446 302
1738677461654 44.22636793077789 303
1738677461667 44.15342578624815 304
1738677461682 44.08064595922219 305
1738677461694 44.0080275440007 306
1738677461708 43.93556964634632 307
1738677461724 43.86327138329812 308
1738677461738 43.79113188298936 309
1738677461754 43.71915028446844 310
1738677461766 43.64732573752307 311
1738677461782 43.575657402507474 312
1738677461797 43.50414445017266 313
1738677461811 43.43278606149969 314
1738677461836 43.361581427535796 315
1738677461850 43.290529749233414 316
1738677461872 43.21963023729212 317
1738677461887 43.14888211200312 318
1738677461912 43.07828460309669 319
1738677461938 43.00783694959209 320
1738677461955 42.93753839965017 321
1738677461969 42.86738821042859 322
1738677461987 42.79738564793944 323
1738677462002 42.727529986909396 324
1738677462025 42.65782051064235 325
1738677462038 42.58825651088431 326
1738677462050 42.51883728769066 327
1738677462063 42.44956214929584 328
1738677462078 42.38043041198512 329
1738677462092 42.311441399968594 330
1738677462104 42.24259444525749 331
1738677462119 42.17388888754244 332
1738677462134 42.10532407407392 333
1738677462149 42.036899359544755 334
1738677462171 41.96861410597458 335
1738677462188 41.90046768259635 336
1738677462207 41.8324594657447 337
1738677462225 41.764588838746285 338
1738677462242 41.69685519181202 339
1738677462258 41.62925792193101 340
1738677462272 41.56179643276648 341
1738677462293 41.49447013455333 342
1738677462308 41.427278443997444 343
1738677462325 41.3602207841768 344
1738677462345 41.29329658444412 345
1738677462362 41.22650528033135 346
1738677462381 41.159846313455546 347
1738677462398 41.093319131426504 348
1738677462415 41.026923187755834 349
1738677462438 40.960657941767735 350
1738677462457 40.89452285851106 351
1738677462473 40.828517408672994 352
1738677462492 40.76264106849416 353
1738677462517 40.69689331968512 354
1738677462531 40.63127364934432 355
1738677462545 40.56578154987733 356
1738677462562 40.50041651891753 357
1738677462576 40.43517805924807 358
1738677462591 40.370065678725084 359
1738677462607 40.30507889020228 360
1738677462622 40.24021721145676 361
1738677462638 40.17548016511598 362
1738677462654 40.110867278586014 363
1738677462672 40.046378083981054 364
1738677462695 39.982012118053916 365
1738677462712 39.91776892212783 366
1738677462731 39.85364804202929 367
1738677462749 39.7896490280221 368
1738677462767 39.725771434742384 369
1738677462784 39.662014821134726 370
1738677462797 39.59837875038938 371
1738677462812 39.534862789880506 372
1738677462825 39.471466511105355 373
1738677462838 39.40818948962453 374
1738677462851 39.345031305003204 375
1738677462868 39.28199154075325 376
1738677462883 39.219069784276414 377
1738677462899 39.15626562680828 378
1738677462915 39.09357866336327 379
1738677462931 39.0310084926805 380
1738677462950 38.96855471717045 381
1738677462967 38.90621694286263 382
1738677462992 38.84399477935395 383
1738677463008 38.78188783975805 384
1738677463025 38.719895740655375 385
1738677463043 38.65801810204409 386
1738677463061 38.59625454729171 387
1738677463075 38.53460470308769 388
1738677463091 38.473068199396536 389
1738677463106 38.411644669411885 390
1738677463127 38.350333749511215 391
1738677463146 38.28913507921125 392
1738677463163 38.22804830112417 393
1738677463187 38.16707306091449 394
1738677463205 38.10620900725659 395
1738677463226 38.04545579179292 396
1738677463243 37.98481306909301 397
1738677463259 37.92428049661289 398
1738677463276 37.863857734655376 399
1738677463289 37.80354444633087 400
1738677463303 37.743340297518806 401
1738677463316 37.683244956829725 402
1738677463329 37.62325809556795 403
1738677463343 37.56337938769477 404
1738677463357 37.50360850979238 405
1738677463371 37.44394514102819 406
1738677463384 37.38438896311981 407
1738677463401 37.3249396603006 408
1738677463418 37.26559691928569 409
1738677463440 37.2063604292386 410
1738677463454 37.14722988173827 411
1738677463474 37.0882049707468 412
1738677463526 37.029285392577485 413
1738677463542 36.970470845863524 414
1738677463559 36.91176103152707 415
1738677463575 36.85315565274886 416
1738677463590 36.79465441493827 417
1738677463605 36.73625702570389 418
1738677463622 36.677963194824486 419
1738677463638 36.61977263422044 420
1738677463657 36.56168505792564 421
1738677463674 36.50370018205979 422
1738677463690 36.445817724801195 423
1738677463708 36.38803740635988 424
1738677463733 36.33035894895119 425
1738677463750 36.272782076769786 426
1738677463767 36.215306515964 427
1738677463785 36.15793199461064 428
1738677463803 36.10065824269015 429
1738677463821 36.04348499206214 430
1738677463836 35.98641197644131 431
1738677463854 35.92943893137374 432
1738677463869 35.87256559421353 433
1738677463886 35.81579170409983 434
1738677463903 35.759117001934115 435
1738677463920 35.70254123035798 436
1738677463933 35.6460641337311 437
1738677463946 35.589685458109635 438
1738677463960 35.53340495122488 439
1738677463972 35.477222362462356 440
1738677463984 35.42113744284105 441
1738677463995 35.36514994499312 442
1738677464003 35.309259623143824 443
1738677464012 35.253466233091764 444
1738677464021 35.197769532189454 445
1738677464046 35.14216927932413 446
1738677464059 35.086665234898895 447
1738677464072 35.03125716081412 448
1738677464084 34.975944820449115 449
1738677464097 34.92072797864411 450
1738677464111 34.86560640168247 451
1738677464127 34.810579857273176 452
1738677464143 34.75564811453359 453
1738677464156 34.70081094397246 454
1738677464169 34.64606811747316 455
1738677464184 34.59141940827722 456
1738677464200 34.536864590968044 457
1738677464222 34.482403441454935 458
1738677464246 34.42803573695729 459
1738677464262 34.37376125598907 460
1738677464280 34.31957977834351 461
1738677464296 34.26549108507793 462
1738677464314 34.211494958499024 463
1738677464334 34.15759118214807 464
1738677464355 34.10377954078653 465
1738677464373 34.050059820381875 466
1738677464391 33.9964318080935 467
1738677464408 33.942895292258946 468
1738677464429 33.88945006238029 469
1738677464448 33.836095909110675 470
1738677464464 33.782832624241166 471
1738677464479 33.72966000068762 472
1738677464498 33.676577832477975 473
1738677464516 33.62358591473945 474
1738677464537 33.570684043686185 475
1738677464555 33.51787201660686 476
1738677464576 33.46514963185265 477
1738677464596 33.41251668882522 478
1738677464611 33.35997298796499 479
1738677464630 33.307518330739505 480
1738677464645 33.255152519632034 481
1738677464660 33.202875358130235 482
1738677464676 33.150686650715095 483
1738677464689 33.098586202849944 484
1738677464705 33.04657382096967 485
1738677464719 32.99464931247006 486
1738677464735 32.94281248569732 487
1738677464749 32.89106314993768 488
1738677464764 32.839401115407284 489
1738677464777 32.78782619324204 490
1738677464790 32.73633819548775 491
1738677464804 32.68493693509031 492
1738677464817 32.633622225886135 493
1738677464834 32.58239388259256 494
1738677464849 32.53125172079855 495
1738677464864 32.48019555695541 496
1738677464880 32.429225208367704 497
1738677464896 32.37834049318428 498
1738677464913 32.32754123038939 499
