1738825507494 177.75940088352783 0
1738825507532 247.57311207653467 1
1738825507571 169.3121882360705 2
1738825507610 124.25580285257519 3
1738825507649 112.57871065068369 4
1738825507719 250.6389824837917 5
1738825507760 80.17685460709423 6
1738825507799 179.65899277490303 7
1738825507838 149.41355120097452 8
1738825507876 145.25871216713662 9
1738825507913 163.39433760339566 10
1738825507951 166.9916555899008 11
1738825507989 190.44837849892306 12
1738825508026 206.48898777185613 13
1738825508064 189.25251667786407 14
1738825508101 143.0231838123274 15
1738825508139 180.70581632826088 16
1738825508178 177.00756307874587 17
1738825508216 164.15205657355935 18
1738825508253 178.0984446815666 19
1738825508291 121.31777422237408 20
1738825508329 127.36752638168085 21
1738825508366 190.1919304288808 22
1738825508403 166.2239590288896 23
1738825508441 161.95495381685242 24
1738825508478 190.19638611945308 25
1738825508516 175.20613775275945 26
1738825508554 278.97140370234996 27
1738825508592 162.95938907920478 28
1738825508630 180.40611030572205 29
1738825508667 204.6545735067093 30
1738825508704 139.64857789213107 31
1738825508744 197.5463556513961 32
1738825508784 152.51293466305768 33
1738825508823 182.2041410803831 34
1738825508860 208.41350989769367 35
1738825508897 135.73604397605305 36
1738825508936 196.005765998042 37
1738825508973 138.79804744510386 38
1738825509011 105.68197721960235 39
1738825509048 139.30578729629337 40
1738825509086 142.66714037350067 41
1738825509125 152.11397174419386 42
1738825509163 159.4824164146674 43
1738825509200 132.0746375243004 44
1738825509237 167.50257717785763 45
1738825509275 122.52837393588261 46
1738825509314 254.80755720108016 47
1738825509350 171.66229490846834 48
1738825509388 145.29964046253914 49
1738825509427 103.82912041791181 50
1738825509465 189.65877861429075 51
1738825509502 275.4477636107114 52
1738825509539 173.49407515944503 53
1738825509577 191.37742107042445 54
1738825509614 214.4795712170015 55
1738825509651 194.4984190073453 56
1738825509689 65.9680858030682 57
1738825509726 188.3347804004109 58
1738825509764 112.58191823964286 59
1738825509803 230.31280071072905 60
1738825509841 170.36155644415095 61
1738825509880 142.26317035511698 62
1738825509920 199.32668155096556 63
1738825509958 224.08835979499787 64
1738825509996 213.56147248237517 65
1738825510034 216.91689052293106 66
1738825510072 162.06935233908501 67
1738825510110 161.36317939031423 68
1738825510148 253.09464151968228 69
1738825510185 236.496388712023 70
1738825510222 178.49903040977205 71
1738825510260 169.2510043343649 72
1738825510297 173.8632939493176 73
1738825510334 206.41414009527784 74
1738825510373 151.83384981680265 75
1738825510413 176.77830577824457 76
1738825510452 187.5546712410593 77
1738825510490 166.06428410579431 78
1738825510527 157.0009405257235 79
1738825510565 201.86162634135346 80
1738825510602 147.3394580419627 81
1738825510640 203.29303844752698 82
1738825510677 152.99330895920656 83
1738825510714 174.95533555480552 84
1738825510752 185.5166913721879 85
1738825510789 193.1677228350743 86
1738825510827 158.14770707362447 87
1738825510864 113.70787153693472 88
1738825510902 140.57940170186035 89
1738825510940 192.44135507304225 90
1738825510978 192.50052003839573 91
1738825511016 87.18768658690756 92
1738825511052 136.6388343247277 93
1738825511090 197.19302990879595 94
1738825511127 130.91783802821394 95
1738825511164 132.34867333519105 96
1738825511202 237.74117276483128 97
1738825511239 208.74192331927972 98
1738825511277 223.0231926778354 99
1738825511318 222.77059016266983 100
1738825511359 144.88774880189663 101
1738825511401 175.90441600283805 102
1738825511440 324.1655324055289 103
1738825511477 130.56291707708863 104
1738825511515 134.9561254543344 105
1738825511553 71.05692827331964 106
1738825511590 195.17534597343672 107
1738825511628 144.42537390715233 108
1738825511666 77.30778332104511 109
1738825511704 190.57545700686939 110
1738825511741 103.99127028333807 111
1738825511779 186.48860441333633 112
1738825511817 164.44598154962173 113
1738825511855 138.35380387385578 114
1738825511892 189.72244912951544 115
1738825511930 182.3144310070158 116
1738825511970 178.76339691803506 117
1738825512008 222.52216052231455 118
1738825512045 173.8076834253064 119
1738825512083 169.89762684396138 120
1738825512121 170.37606868702494 121
1738825512158 192.30173478109313 122
1738825512196 128.81542700655547 123
1738825512234 170.79813864468713 124
1738825512271 239.16350190048772 125
1738825512310 188.1646364424746 126
1738825512348 178.59061949201492 127
1738825512385 183.955613482268 128
1738825512423 161.59602474889985 129
1738825512461 152.39436151502665 130
1738825512498 91.5350901218283 131
1738825512536 169.45898927165328 132
1738825512574 165.04641687469217 133
1738825512612 192.580672907279 134
1738825512650 170.08575798946643 135
1738825512687 81.67605718492204 136
1738825512724 338.65489179081897 137
1738825512761 169.78321433215157 138
1738825512799 107.89376396864296 139
1738825512836 154.0115079649649 140
1738825512875 215.70317978678702 141
1738825512912 214.47633103644043 142
1738825512950 155.59956668610317 143
1738825512988 152.1378883187767 144
1738825513026 159.8323460610558 145
1738825513063 194.17229348443803 146
1738825513100 70.46108351426564 147
1738825513138 169.95189262147167 148
1738825513176 180.9301272918979 149
1738825513214 134.96444704392232 150
1738825513251 218.8711596238835 151
1738825513289 185.15244305689302 152
1738825513327 245.48539416080325 153
1738825513365 262.3313351080924 154
1738825513403 137.98461535816784 155
1738825513441 151.57331019611942 156
1738825513478 163.5217876211485 157
1738825513516 134.7638413498846 158
1738825513553 170.91284329447836 159
1738825513591 129.0598516251262 160
1738825513628 195.20110547842995 161
1738825513665 160.75539644583384 162
1738825513703 185.10335465258058 163
1738825513741 230.24248437779661 164
1738825513779 86.60128149961668 165
1738825513816 134.7250829225824 166
1738825513854 157.24753267598308 167
1738825513892 188.9774205087493 168
1738825513930 168.3183042860896 169
1738825513969 117.91108991664412 170
1738825514008 155.34408619125122 171
1738825514046 177.41695502318012 172
1738825514084 88.39417631081034 173
1738825514121 137.49390150681512 174
1738825514158 194.39473221093496 175
1738825514196 222.7100330344637 176
1738825514233 154.2156318421912 177
1738825514270 95.85283496263048 178
1738825514308 111.34250770719257 179
1738825514346 217.91700393791635 180
1738825514383 126.64307149450327 181
1738825514421 161.58695282173008 182
1738825514459 167.45632609664878 183
1738825514496 123.30822454263718 184
1738825514534 138.48697946251923 185
1738825514573 153.9916926737305 186
1738825514611 180.54227111530471 187
1738825514648 179.58480223906665 188
1738825514686 121.79604204086864 189
1738825514724 206.91611463580438 190
1738825514762 138.20405342638972 191
1738825514799 170.75976677571876 192
1738825514837 341.4313067759425 193
1738825514875 166.72642799462406 194
1738825514913 205.8532228656233 195
1738825514951 59.981831000204195 196
1738825514988 184.2731495698049 197
1738825515025 171.94583232779777 198
1738825515063 202.39772790362161 199
1738825515101 149.58404702525579 200
1738825515139 158.8909622130129 201
1738825515176 144.81225956311798 202
1738825515214 164.5322004665456 203
1738825515251 223.85265179789957 204
1738825515289 132.09091089953233 205
1738825515326 230.29124562676304 206
1738825515363 161.0377538985307 207
1738825515401 130.49406003739477 208
1738825515438 171.1378767233537 209
1738825515476 240.47819248193073 210
1738825515513 276.3050897747315 211
1738825515551 29.465605360608897 212
1738825515589 144.2909643892206 213
1738825515627 266.31559994462424 214
1738825515665 162.43651027050535 215
1738825515702 89.64472205131057 216
1738825515740 95.2759659916305 217
1738825515777 182.4574335339654 218
1738825515815 213.3569591969414 219
1738825515853 208.44657123086884 220
1738825515891 186.8709653639095 221
1738825515928 136.29009865393286 222
1738825515966 138.96702615820803 223
1738825516004 106.6929191932616 224
1738825516041 133.68359043456874 225
1738825516079 127.79684630820076 226
1738825516117 156.15999378063185 227
1738825516154 115.32600370343152 228
1738825516192 145.9294523120838 229
1738825516230 143.57034912977525 230
1738825516268 188.06101886467638 231
1738825516307 171.7698978310508 232
1738825516345 183.5244120053077 233
1738825516383 175.5354419048624 234
1738825516421 582.7976398093332 235
1738825516458 146.684652719837 236
1738825516496 164.95695605213777 237
1738825516533 175.42742814034472 238
1738825516571 170.56610185594795 239
1738825516609 197.71731735314413 240
1738825516647 104.67762094270938 241
1738825516685 121.33716805611644 242
1738825516723 180.70341903195367 243
1738825516761 167.96097464382737 244
1738825516800 135.19693027980566 245
1738825516838 178.6871510242183 246
1738825516876 215.14623882950391 247
1738825516914 138.55195655200112 248
1738825516952 145.57710088705008 249
1738825516989 173.22172900536438 250
1738825517027 196.38480966293722 251
1738825517065 172.213232629787 252
1738825517102 198.2125906902365 253
1738825517140 175.04806071604523 254
1738825517178 139.97750885257173 255
1738825517216 144.93106689371567 256
1738825517253 173.65849933671615 257
1738825517291 194.97575475301477 258
1738825517356 160.7509956393542 259
1738825517395 253.4234954146043 260
1738825517433 170.49771740093468 261
1738825517470 147.5131764159857 262
1738825517508 189.9920157471544 263
1738825517545 158.79465344437136 264
1738825517583 207.06053469731873 265
1738825517621 210.0395660316515 266
1738825517658 166.7988942719756 267
1738825517695 169.0981881529251 268
1738825517733 212.78467336560357 269
1738825517770 171.1122823369988 270
1738825517808 152.72607493478426 271
1738825517846 185.95598830208314 272
1738825517883 173.88723784278815 273
1738825517922 170.2393804576209 274
1738825517961 162.37739997782876 275
1738825517999 153.57427678891483 276
1738825518038 259.89144528327506 277
1738825518076 117.91045064643751 278
1738825518114 277.85419166616913 279
1738825518152 171.6061283405136 280
1738825518191 86.96069423273411 281
1738825518244 136.76284082617903 282
1738825518288 213.02470504293075 283
1738825518327 143.39709836743867 284
1738825518366 182.60626572699474 285
1738825518406 215.86779360935452 286
1738825518457 152.93213006995617 287
1738825518505 214.80266273926233 288
1738825518548 188.12709186997688 289
1738825518587 144.982549382613 290
1738825518626 190.60963070814284 291
1738825518664 172.74632777448923 292
1738825518702 189.04548347199767 293
1738825518740 129.50918336990628 294
1738825518779 140.4536936776845 295
1738825518818 175.56696996635756 296
1738825518856 168.98868590398888 297
1738825518894 180.7566928774526 298
1738825518931 60.044825322146636 299
1738825518969 189.65291712922664 300
1738825519007 233.16634757426488 301
1738825519047 71.3687490555288 302
1738825519091 126.7562942260248 303
1738825519130 202.4677880397603 304
1738825519168 309.5031419730843 305
1738825519207 185.53639859237182 306
1738825519246 125.32517151884673 307
1738825519285 125.53237139276081 308
1738825519323 155.74830756475882 309
1738825519362 167.41388002469404 310
1738825519399 179.25177568479023 311
1738825519437 167.32058610578756 312
1738825519474 139.4770156633414 313
1738825519512 136.63477771016548 314
1738825519550 164.96591216851294 315
1738825519587 145.19395133887153 316
1738825519658 122.04915761119086 317
1738825519703 170.94061860970174 318
1738825519744 148.56425695985723 319
1738825519783 168.70920490994314 320
1738825519822 200.32501436314013 321
1738825519860 189.88676314188692 322
1738825519897 153.62242207830565 323
1738825519935 197.76132649955073 324
1738825519973 159.38814877412548 325
1738825520010 166.8539951244135 326
1738825520049 172.10449715094873 327
1738825520087 125.57408287423654 328
1738825520126 191.08547484009358 329
1738825520164 448.817922566255 330
1738825520203 159.05712863478425 331
1738825520240 218.48988284954342 332
1738825520278 171.44497763567787 333
1738825520315 58.35061128518263 334
1738825520352 180.56374444213293 335
1738825520390 151.30451411001593 336
1738825520428 188.85541599540556 337
1738825520474 167.72459237122413 338
1738825520516 64.96992207348818 339
1738825520557 188.2271094494225 340
1738825520597 156.8193874897918 341
1738825520637 190.98358858595512 342
1738825520677 190.38993243453086 343
1738825520717 167.89783060601704 344
1738825520757 151.01442611719227 345
1738825520797 128.5958602615453 346
1738825520837 176.24580872039152 347
1738825520877 188.16039815077588 348
1738825520918 152.87819825044653 349
1738825520958 230.14692861758823 350
1738825520999 121.1843103157643 351
1738825521039 199.00199632620345 352
1738825521079 92.33739406289635 353
1738825521119 203.7863305399009 354
1738825521160 192.79769585852628 355
1738825521201 170.82163513408528 356
1738825521241 251.193528720633 357
1738825521281 166.05612983595873 358
1738825521321 123.66709070571574 359
1738825521364 165.34071230949667 360
1738825521407 144.56173444298037 361
1738825521448 197.56114894273816 362
1738825521489 241.15876256976074 363
1738825521529 211.72743264923608 364
1738825521570 174.11281796115 365
1738825521611 164.06592110131956 366
1738825521651 133.46741264618612 367
1738825521692 173.4248130665788 368
1738825521733 161.33185424629318 369
1738825521773 175.7802167834635 370
1738825521814 187.6047402908673 371
1738825521854 127.78386324606572 372
1738825521894 95.72192832294391 373
1738825521933 138.82872465691443 374
1738825521971 187.24746120246158 375
1738825522008 224.4868292501578 376
1738825522046 78.24977946227519 377
1738825522084 166.25860399773703 378
1738825522121 150.5999736522902 379
1738825522159 171.5643917640224 380
1738825522196 172.0573798096949 381
1738825522234 61.52193537806183 382
1738825522271 161.7233599279356 383
1738825522310 144.69825515243724 384
1738825522347 163.2169781897807 385
1738825522384 155.52892536916647 386
1738825522421 217.99298504395503 387
1738825522459 172.60201806054928 388
1738825522497 194.3840041591636 389
1738825522535 160.5248969580344 390
1738825522572 189.90231198465156 391
1738825522609 169.40314874677742 392
1738825522649 152.5450497986182 393
1738825522686 181.66964911688 394
1738825522724 104.87558842311635 395
1738825522761 153.21676661186672 396
1738825522799 196.0721331415407 397
1738825522837 176.1831861334925 398
1738825522874 146.7621489752522 399
1738825522911 167.3411925183034 400
1738825522948 110.05769646548194 401
1738825522985 209.74309776030992 402
1738825523022 166.89500619784906 403
1738825523059 106.74518313677324 404
1738825523097 187.92606067515945 405
1738825523135 156.35359342149056 406
1738825523172 175.1866661834542 407
1738825523209 286.2418192868769 408
1738825523246 232.93888822909244 409
1738825523284 113.70763432706306 410
1738825523322 147.3297481897506 411
1738825523359 94.22268682313155 412
1738825523397 229.32205119355217 413
1738825523435 157.2534886536895 414
1738825523472 140.75968677897745 415
1738825523510 171.6388039044456 416
1738825523547 193.5935644432199 417
1738825523585 190.9415924650761 418
1738825523624 147.46948685119602 419
1738825523663 146.70152829504977 420
1738825523702 137.3138237130545 421
1738825523739 183.5791143928127 422
1738825523776 187.37294528014235 423
1738825523814 453.9612710754474 424
1738825523853 101.54884091192572 425
1738825523891 201.36549263019293 426
1738825523929 167.98194038923958 427
1738825523969 154.91094616212138 428
1738825524007 314.02941032932483 429
1738825524045 178.19792266511493 430
1738825524083 137.9881348139495 431
1738825524120 261.0537411285215 432
1738825524158 208.07185634516466 433
1738825524197 130.43780652031063 434
1738825524235 159.35015045087425 435
1738825524273 179.85124687933285 436
1738825524311 84.10661547437465 437
1738825524348 152.37756350065717 438
1738825524386 206.34318819711544 439
1738825524423 136.55613432518038 440
1738825524464 125.2796507621254 441
1738825524510 158.31846869046717 442
1738825524548 204.18038310999918 443
1738825524586 165.9183797404092 444
1738825524625 231.88192266078084 445
1738825524663 161.18713846096588 446
1738825524700 175.01234661085476 447
1738825524743 152.91749757728488 448
1738825524783 196.68786997826274 449
1738825524822 113.88301413863962 450
1738825524861 231.53709259479157 451
1738825524902 151.9791343071282 452
1738825524940 84.53384781077729 453
1738825524977 201.6950231568436 454
1738825525015 156.6742949075729 455
1738825525052 81.08789172924632 456
1738825525089 167.50987304916592 457
1738825525127 197.5753312777385 458
1738825525165 158.05597301482445 459
1738825525203 181.44897647847588 460
1738825525241 190.84303620352873 461
1738825525279 194.0858970379268 462
1738825525317 153.49812498590595 463
1738825525355 163.9501206709124 464
1738825525392 155.51377236770537 465
1738825525430 194.63404917025343 466
1738825525467 187.91076128006043 467
1738825525505 186.46513347697467 468
1738825525546 186.900491384038 469
1738825525583 192.40984683798078 470
1738825525620 174.99176814797264 471
1738825525658 158.27719249368843 472
1738825525700 157.15323293940895 473
1738825525742 144.26765657541037 474
1738825525782 158.4849841764381 475
1738825525820 158.17592843627526 476
1738825525858 159.2764368388696 477
1738825525896 188.08939954801497 478
1738825525933 194.89368110606685 479
1738825525970 210.99425465825266 480
1738825526009 144.86979307722697 481
1738825526046 185.49612997333674 482
1738825526083 134.0775906866639 483
1738825526120 177.66889996428898 484
1738825526158 164.7507436295898 485
1738825526196 169.80377731301365 486
1738825526236 70.74106651531831 487
1738825526275 190.29904793737217 488
1738825526313 92.99988994456103 489
1738825526351 181.14624179608907 490
1738825526389 191.29580952602288 491
1738825526426 192.83160946367863 492
1738825526464 199.18704642566058 493
1738825526502 225.33054073168864 494
1738825526540 211.32244479301596 495
1738825526577 242.47759163524017 496
1738825526615 139.07325234208545 497
1738825526652 173.9039284434984 498
1738825526690 195.58890957293613 499
