1738825495737 169.13369233061002 0
1738825495745 168.28990125526238 1
1738825495752 169.50701505575066 2
1738825495759 166.3257658999287 3
1738825495765 167.97291161789278 4
1738825495772 165.89746134690887 5
1738825495779 165.43464409004463 6
1738825495785 169.94719782695776 7
1738825495791 167.50925794702127 8
1738825495798 171.02115846317406 9
1738825495804 171.47307057035482 10
1738825495811 172.77149718643184 11
1738825495818 169.744672969781 12
1738825495824 171.05580169659115 13
1738825495830 167.82558674768822 14
1738825495836 168.93355448519122 15
1738825495842 172.6765619448772 16
1738825495848 171.82618255697255 17
1738825495854 169.08637152437916 18
1738825495860 170.21066120337863 19
1738825495867 170.2397684773453 20
1738825495873 166.6836435021086 21
1738825495879 170.38956009152952 22
1738825495886 170.41838521540782 23
1738825495892 168.29116041327077 24
1738825495898 166.83586201242386 25
1738825495904 168.82138578131557 26
1738825495910 168.05463222920346 27
1738825495916 167.2931484963541 28
1738825495922 169.45611694664288 29
1738825495928 169.68869338408592 30
1738825495934 170.53494192578754 31
1738825495941 169.26734458657344 32
1738825495950 169.25810868480372 33
1738825495957 169.3794149862742 34
1738825495964 170.02721695788756 35
1738825495971 170.81390675307287 36
1738825495977 169.78873438268357 37
1738825495984 169.6452490917832 38
1738825495991 167.7504476353915 39
1738825495999 168.09148756143952 40
1738825496005 170.38322165221325 41
1738825496012 169.52780227076815 42
