1738824435367 170.3228185096984 0
1738824435412 181.33710680105105 1
1738824435455 173.97904713321208 2
1738824435498 165.60753195113654 3
1738824435548 149.32154780367492 4
1738824435593 162.2305132204359 5
1738824435637 162.4597074323455 6
1738824435681 167.00123683564814 7
1738824435724 137.4814050625741 8
1738824435767 150.60416671489 9
1738824435811 164.64253134317124 10
1738824435854 151.54210779725062 11
1738824435896 173.7324887060173 12
1738824435939 172.04234544607903 13
1738824435982 173.27041129539805 14
1738824436024 180.09003328419985 15
1738824436067 182.92358568409045 16
1738824436110 161.36131027236803 17
1738824436152 147.4485041109411 18
1738824436194 156.16703602649415 19
1738824436236 152.43174546786918 20
1738824436279 164.9802478508915 21
1738824436321 159.5238488476434 22
1738824436364 162.21652921053655 23
1738824436408 154.54407366956792 24
1738824436451 175.66437048929203 25
1738824436494 167.6828294148086 26
1738824436536 159.60375348427982 27
1738824436578 162.10939946536243 28
1738824436621 170.9436876034594 29
1738824436665 185.3438786500552 30
1738824436707 166.72787395124004 31
1738824436750 182.53803384845105 32
1738824436793 153.51553223921172 33
1738824436836 160.54761282879997 34
1738824436879 181.5294099459784 35
1738824436921 189.8957111306469 36
1738824436964 154.586201754978 37
1738824437007 163.68085075198303 38
1738824437050 178.71121138523196 39
1738824437093 155.08377950683408 40
1738824437136 167.964663131915 41
1738824437180 168.81504089034362 42
1738824437223 153.95358958836744 43
1738824437265 171.28324472495464 44
1738824437361 179.24302033039274 45
1738824437407 157.2817713246119 46
1738824437452 181.2641839552726 47
1738824437496 162.17675065925957 48
1738824437539 168.26440614134387 49
1738824437582 170.3681359388002 50
1738824437625 161.03466346177882 51
1738824437668 162.8181114098193 52
1738824437711 181.45993155705665 53
1738824437754 172.18805204704842 54
1738824437796 156.51029702687381 55
1738824437839 163.1625365313626 56
1738824437882 167.47032103087335 57
1738824437924 169.55466780022877 58
1738824437968 170.1611486257046 59
1738824438011 157.23724351106623 60
1738824438054 188.72463834913296 61
1738824438097 171.65198754352846 62
1738824438140 185.37697707311048 63
1738824438183 183.009927319317 64
1738824438226 159.0312433127407 65
1738824438269 184.07342781373208 66
1738824438311 165.48020921541342 67
1738824438354 172.96557203614879 68
1738824438396 159.44857053469514 69
1738824438439 162.58804197448603 70
1738824438483 157.57005163967358 71
1738824438526 159.4549252973062 72
1738824438569 175.98522455361694 73
1738824438612 170.21913067623848 74
1738824438654 194.04398127222734 75
1738824438698 150.47607984022534 76
1738824438741 175.64997968875298 77
1738824438785 174.79932526139848 78
1738824438828 193.90466682696857 79
1738824438871 160.70840502837794 80
1738824438914 168.84179920278802 81
1738824438956 170.47670765712792 82
1738824438998 178.6916883007874 83
1738824439042 183.95575576320815 84
1738824439084 158.14771397292677 85
1738824439128 173.15918490780805 86
1738824439171 169.92192543407782 87
1738824439214 152.71045101175076 88
1738824439258 182.79377884427765 89
1738824439301 172.7087172677306 90
1738824439343 165.11482412105858 91
1738824439387 172.99713043982646 92
1738824439429 160.7635943904977 93
1738824439472 148.22362350233317 94
1738824439514 176.07963255088646 95
1738824439557 161.05103675187985 96
1738824439599 202.53791096321004 97
1738824439642 156.21334394987616 98
1738824439684 162.85518152024017 99
1738824439727 161.43707920348032 100
1738824439770 166.16315325398284 101
1738824439813 186.77373805521242 102
1738824439856 147.26630127034855 103
1738824439899 149.69081846339643 104
1738824439942 164.69779416664983 105
1738824439985 152.13688754822465 106
1738824440027 153.15412930832548 107
1738824440069 181.56262882502963 108
1738824440113 186.530211378524 109
1738824440156 165.6292659964241 110
1738824440199 173.9163622440285 111
1738824440242 187.4721321163913 112
1738824440285 168.61795828030316 113
1738824440327 158.00474695037965 114
1738824440371 182.6481175532446 115
1738824440413 138.757847571615 116
1738824440478 159.28701249652607 117
1738824440523 157.489026474628 118
1738824440567 168.23403667963757 119
1738824440611 170.34199970639756 120
1738824440655 175.9794946667914 121
1738824440698 171.3666830451242 122
1738824440742 166.92864851617233 123
1738824440786 166.8453662951358 124
1738824440829 180.3185906231974 125
1738824440874 172.91272607116076 126
1738824440917 185.70719313186217 127
1738824440961 175.09798633279374 128
1738824441004 172.4469845121939 129
1738824441048 157.27220771715378 130
1738824441093 177.63824129520594 131
1738824441138 173.0361581898484 132
1738824441182 172.2196127549202 133
1738824441225 169.32117145484239 134
1738824441268 181.97730724820002 135
1738824441311 154.60675243646958 136
1738824441354 181.97079056659146 137
1738824441397 164.01664194971147 138
1738824441440 158.33395752028935 139
1738824441483 176.09597865409896 140
1738824441526 178.35505206866867 141
1738824441568 164.31917805791483 142
1738824441611 171.38369459770297 143
1738824441654 214.70658528700275 144
1738824441697 171.88950713202172 145
1738824441739 172.93185194620074 146
1738824441782 235.4661567256549 147
1738824441824 185.35711316559133 148
1738824441868 164.08667657701363 149
1738824441910 171.6213821543534 150
1738824441952 164.01745752921747 151
1738824441995 177.56829020514326 152
1738824442037 145.4324136912395 153
1738824442080 156.56223198015653 154
1738824442123 171.0797412304541 155
