1738824620979 172.4693791940763 0
1738824620986 169.41455493840317 1
1738824620993 173.80686320416095 2
1738824620999 169.38236589066864 3
1738824621006 171.01025510365054 4
1738824621013 167.92126516903403 5
1738824621019 168.02364372191133 6
1738824621026 172.2219188737696 7
1738824621032 167.4833998737125 8
1738824621039 174.5527367212998 9
1738824621045 170.13323164510325 10
1738824621052 171.56230955190114 11
1738824621059 164.80354110342762 12
1738824621065 169.8892073025435 13
1738824621072 166.8462155662409 14
1738824621079 171.5494308532571 15
1738824621085 166.43987027005988 16
1738824621091 169.57221080204053 17
1738824621098 167.55174036028208 18
1738824621104 168.32953228672878 19
1738824621110 170.7209314459255 20
1738824621116 167.67814165223743 21
1738824621123 164.21583164684458 22
1738824621129 172.38532755525313 23
1738824621136 167.0475496748886 24
1738824621143 171.22183719344517 25
1738824621150 167.5761504898489 26
1738824621156 163.65067575615257 27
1738824621164 169.6501422642231 28
1738824621171 166.53871919898975 29
1738824621177 169.86633362543162 30
1738824621185 171.56583787445624 31
1738824621217 166.94033600543142 32
1738824621230 167.8774407990074 33
1738824621238 166.73297983584803 34
1738824621244 168.22245746411053 35
1738824621250 169.03815408641202 36
1738824621257 166.98508278887485 37
