1738825431691 169.46928671508385 0
1738825431719 169.46666896613903 1
1738825431736 169.46171405285168 2
1738825431756 169.45468981752208 3
1738825431772 169.44584946040035 4
1738825431795 169.43543033912664 5
1738825431818 169.42365332134852 6
1738825431835 169.41072257021693 7
1738825431862 169.3968256639901 8
1738825431894 169.3821339689729 9
1738825431953 169.3668032000376 10
1738825431969 169.35097411548247 11
1738825431984 169.3347733033834 12
1738825432002 169.31831402521337 13
1738825432018 169.30169708963638 14
1738825432034 169.2850117352574 15
1738825432048 169.26833650594222 16
1738825432063 169.25174010626978 17
1738825432078 169.2352822279035 18
1738825432094 169.21901434027296 19
1738825432113 169.20298044106406 20
1738825432128 169.1872177636928 21
1738825432142 169.17175744027253 22
1738825432160 169.1566251196283 23
1738825432174 169.14184154072058 24
1738825432189 169.12742306245596 25
1738825432204 169.1133821513182 26
1738825432222 169.09972782858233 27
1738825432290 169.08646607910043 28
1738825432314 169.07360022378893 29
1738825432328 169.06113125802509 30
1738825432345 169.04905815818577 31
1738825432369 169.037378158546 32
1738825432398 169.02608700071005 33
1738825432419 169.0151791576795 34
1738825432439 169.0046480345784 35
1738825432464 168.99448614795847 36
1738825432481 168.98468528550637 37
1738825432502 168.97523664786414 38
