1738824332197 170.51178734510032 0
1738824332203 168.99110556438296 1
1738824332210 168.41000439577803 2
1738824332216 170.27278913806012 3
1738824332222 169.8526879508779 4
1738824332228 168.4410745112706 5
1738824332234 174.4939998801619 6
1738824332240 167.2347409942125 7
1738824332246 168.29040355393266 8
1738824332252 167.54950905026644 9
1738824332258 167.0509891073153 10
1738824332264 167.77105934337303 11
1738824332270 169.17634008702586 12
1738824332276 169.06997831724073 13
1738824332281 167.63460439786772 14
1738824332287 169.38220812117564 15
1738824332294 168.9121936238842 16
1738824332299 168.25781997301104 17
1738824332305 168.7274007210001 18
1738824332312 169.21143898836365 19
1738824332318 169.99488691591168 20
1738824332324 169.80463207147042 21
1738824332330 167.26033417802705 22
1738824332336 170.0564024645352 23
1738824332342 170.00048646229033 24
1738824332347 171.251154577569 25
1738824332353 169.98980806230477 26
1738824332359 167.63844279936043 27
1738824332365 170.1076403793373 28
1738824332371 167.01432271008818 29
1738824332380 168.95854484895898 30
1738824332386 167.91231727770347 31
1738824332394 168.76262288298037 32
1738824332400 170.4665690721488 33
1738824332407 166.60991271431666 34
1738824332413 167.86268028663164 35
1738824332421 171.49404438135153 36
1738824332427 170.97552267929447 37
1738824332433 168.03085974896433 38
1738824332439 169.66966556837806 39
1738824332445 169.10052810855584 40
