1738678325296 167.10416195375493 0
1738678325335 166.8674996969022 1
1738678325351 166.48870777873475 2
1738678325365 165.98387982234325 3
1738678325381 165.36814838977753 4
1738678325406 164.6556406228402 5
1738678325422 163.8594614854799 6
1738678325438 162.99169826155045 7
1738678325452 162.0634411417935 8
1738678325469 161.0848157133803 9
1738678325500 160.0650239767827 10
1738678325516 159.01239118554602 11
1738678325531 157.93441635777575 12
1738678325552 156.83782476321778 13
1738678325567 155.7286210630096 14
1738678325592 154.61214208419324 15
1738678325613 153.49310845939925 16
1738678325627 152.3756745633602 17
1738678325641 151.26347634016972 18
1738678325654 150.15967674521434 19
1738678325674 149.06700862912157 20
1738678325690 147.98781497260546 21
1738678325705 146.92408644467866 22
1738678325721 145.8774963056217 23
1738678325738 144.84943271307247 24
1738678325753 143.84102851689047 25
1738678325771 142.85318864793481 26
1738678325869 141.88661521911646 27
1738678325885 140.94183046533473 28
1738678325900 140.01919765322512 29
1738678325914 139.11894009290344 30
1738678325933 138.24115838279104 31
1738678325949 137.385846015723 32
1738678325971 136.55290347034392 33
1738678325987 135.7421509066584 34
1738678326007 134.95333957882653 35
1738678326025 134.18616207212222 36
1738678326041 133.4402614645878 37
1738678326057 132.71523950747513 38
1738678326078 132.01066391217105 39
1738678326102 131.32607482505304 40
1738678326122 130.6609905656691 41
1738678326136 130.01491269783386 42
1738678326157 129.3873304977081 43
1738678326186 128.77772487770272 44
1738678326200 128.18557182013066 45
1738678326234 127.61034536992332 46
1738678326251 127.05152023143121 47
1738678326267 126.50857401033329 48
1738678326284 125.98098913797756 49
1738678326319 125.4682545120548 50
1738678326341 124.96986688435368 51
1738678326393 124.48533202344618 52
1738678326421 124.0141656774902 53
1738678326442 123.55589435989992 54
1738678326463 123.11005597840446 55
1738678326497 122.67620032598136 56
1738678326570 122.25388945029744 57
1738678326644 121.8426979166007 58
1738678326700 121.44221297747409 59
1738678326776 121.05203466146799 60
1738678326798 120.67177579136707 61
1738678326816 120.30106194170203 62
1738678326858 119.93953134408405 63
1738678326888 119.58683474800306 64
1738678326943 119.2426352438895 65
1738678326968 118.90660805447618 66
1738678326996 118.57844029981302 67
1738678327036 118.25783074067019 68
1738678327061 117.94448950451039 69
1738678327092 117.63813779771407 70
1738678327129 117.3385076072938 71
1738678327157 117.04534139493433 72
1738678327176 116.75839178583622 73
1738678327196 116.47742125452123 74
1738678327233 116.2022018094705 75
1738678327318 115.9325146782125 76
1738678327360 115.66814999424948 77
1738678327435 115.40890648700947 78
1738678327561 115.15459117583082 79
1738678327579 114.90501906882714 80
1738678327603 114.6600128673395 81
1738678327630 114.41940267655738 82
1738678327649 114.18302572278074 83
1738678327668 113.95072607769785 84
1738678327689 113.72235438996906 85
1738678327708 113.49776762433156 86
1738678327728 113.2768288083759 87
1738678327744 113.0594067870873 88
1738678327758 112.84537598519645 89
1738678327773 112.63461617734177 90
1738678327788 112.42701226600819 91
1738678327806 112.22245406717683 92
1738678327827 112.02083610359298 93
1738678327842 111.82205740553766 94
1738678327862 111.62602131896897 95
1738678327891 111.43263532088449 96
1738678327925 111.24181084174316 97
1738678327952 111.05346309477449 98
1738678327973 110.86751091199619 99
1738678328027 110.68387658675472 100
1738678328042 110.50248572259846 101
1738678328064 110.32326708829233 102
1738678328082 110.14615247877882 103
1738678328098 109.97107658189238 104
1738678328117 109.7979768506328 105
1738678328151 109.62679338080619 106
1738678328167 109.45746879384276 107
1738678328228 109.28994812460523 108
1738678328250 109.1241787140027 109
1738678328274 108.9601101062304 110
1738678328294 108.79769395045838 111
1738678328317 108.63688390679684 112
1738678328340 108.4776355563704 113
1738678328401 108.319906315338 114
1738678328420 108.16365535269966 115
1738678328437 108.0088435117364 116
1738678328451 107.85543323493431 117
1738678328470 107.70338849224845 118
1738678328493 107.55267471256734 119
1738678328519 107.40325871824352 120
1738678328543 107.25510866255993 121
1738678328562 107.10819397000766 122
1738678328586 106.96248527925368 123
1738678328606 106.81795438868328 124
1738678328627 106.67457420440485 125
1738678328662 106.5323186906104 126
1738678328678 106.39116282218801 127
1738678328699 106.25108253948768 128
1738678328715 106.1120547051454 129
1738678328737 105.97405706287384 130
1738678328775 105.83706819813303 131
1738678328794 105.7010675005963 132
1738678328815 105.56603512833165 133
1738678328837 105.43195197362141 134
1738678328858 105.29879963034655 135
1738678328890 105.16656036286486 136
1738678328907 105.03521707631579 137
1738678328924 104.90475328828687 138
1738678328940 104.77515310178029 139
1738678328958 104.64640117942027 140
1738678328976 104.51848271884464 141
1738678329012 104.3913834292268 142
1738678329027 104.26508950887602 143
1738678329043 104.13958762386707 144
1738678329059 104.01486488765158 145
1738678329075 103.89090884160672 146
1738678329088 103.76770743647704 147
1738678329102 103.64524901466963 148
1738678329120 103.52352229336228 149
1738678329137 103.40251634838768 150
1738678329156 103.28222059885766 151
1738678329174 103.16262479249342 152
1738678329202 103.04371899162888 153
1738678329227 102.92549355985639 154
1738678329253 102.80793914928451 155
1738678329273 102.69104668838023 156
1738678329291 102.57480737036782 157
1738678329316 102.45921264215914 158
1738678329337 102.3442541937901 159
1738678329359 102.22992394834056 160
1738678329383 102.11621405231445 161
1738678329401 102.00311686645934 162
1738678329420 101.89062495700466 163
1738678329443 101.77873108729936 164
1738678329478 101.66742820983026 165
1738678329493 101.5567094586036 166
1738678329514 101.44656814187265 167
1738678329532 101.33699773519555 168
1738678329546 101.22799187480796 169
1738678329563 101.11954435129543 170
1738678329610 101.01164910355261 171
1738678329643 100.90430021301472 172
1738678329663 100.79749189814949 173
1738678329680 100.69121850919697 174
1738678329698 100.58547452314623 175
1738678329721 100.48025453893713 176
1738678329759 100.37555327287751 177
1738678329775 100.27136555426533 178
1738678329790 100.1676863212062 179
1738678329804 100.06451061661757 180
1738678329818 99.96183358441063 181
1738678329830 99.85965046584167 182
1738678329845 99.75795659602514 183
1738678329861 99.65674740060095 184
1738678329926 99.55601839254872 185
1738678329992 99.45576516914213 186
1738678330019 99.3559834090371 187
1738678330069 99.25666886948734 188
1738678330085 99.15781738368173 189
1738678330102 99.05942485819725 190
1738678330120 98.96148727056298 191
1738678330138 98.86400066692921 192
1738678330160 98.76696115983731 193
1738678330176 98.67036492608565 194
1738678330198 98.57420820468683 195
1738678330216 98.47848729491236 196
1738678330232 98.38319855442073 197
1738678330259 98.28833839746461 198
1738678330284 98.1939032931742 199
1738678330310 98.09988976391257 200
1738678330330 98.00629438370026 201
1738678330358 97.9131137767054 202
1738678330386 97.82034461579694 203
1738678330433 97.7279836211575 204
1738678330467 97.63602755895373 205
1738678330501 97.54447324006075 206
1738678330523 97.4533175188392 207
1738678330559 97.36255729196156 208
1738678330584 97.27218949728608 209
1738678330610 97.18221111277602 210
1738678330633 97.09261915546186 211
1738678330658 97.00341068044511 212
1738678330683 96.91458277994116 213
1738678330717 96.82613258235985 214
1738678330737 96.73805725142205 215
1738678330761 96.65035398531029 216
1738678330785 96.56302001585226 217
1738678330891 96.47605260773557 218
1738678330906 96.38944905775212 219
1738678330920 96.30320669407146 220
1738678330935 96.21732287554089 221
1738678330951 96.13179499101173 222
1738678330975 96.04662045869071 223
1738678331033 95.96179672551457 224
1738678331057 95.87732126654802 225
1738678331073 95.79319158440278 226
1738678331090 95.70940520867767 227
1738678331106 95.62595969541849 228
1738678331124 95.54285262659674 229
1738678331158 95.46008160960656 230
1738678331252 95.37764427677897 231
1738678331276 95.29553828491247 232
1738678331292 95.21376131481986 233
1738678331307 95.13231107088991 234
1738678331320 95.05118528066353 235
1738678331334 94.97038169442406 236
1738678331351 94.88989808480059 237
1738678331377 94.80973224638403 238
1738678331401 94.72988199535547 239
1738678331417 94.65034516912603 240
1738678331432 94.57111962598796 241
1738678331454 94.49220324477632 242
1738678331475 94.4135939245411 243
1738678331490 94.3352895842288 244
1738678331518 94.25728816237381 245
1738678331537 94.17958761679836 246
1738678331557 94.10218592432149 247
1738678331577 94.0250810804761 248
1738678331602 93.9482710992338 249
1738678331620 93.8717540127378 250
1738678331636 93.79552787104254 251
1738678331653 93.71959074186084 252
1738678331677 93.64394071031745 253
1738678331699 93.56857587870914 254
1738678331719 93.49349436627108 255
1738678331733 93.41869430894909 256
1738678331757 93.34417385917754 257
1738678331785 93.26993118566297 258
1738678331808 93.1959644731728 259
1738678331833 93.12227192232906 260
1738678331859 93.04885174940745 261
1738678331884 92.97570218614044 262
1738678331902 92.90282147952541 263
1738678331927 92.83020789163702 264
1738678331949 92.75785969944357 265
1738678331973 92.68577519462771 266
1738678331990 92.61395268341083 267
1738678332013 92.5423904863812 268
1738678332041 92.47108693832591 269
1738678332064 92.40004038806605 270
1738678332084 92.32924919829549 271
1738678332102 92.2587117454227 272
1738678332129 92.18842641941578 273
1738678332152 92.1183916236506 274
1738678332173 92.04860577476182 275
1738678332198 91.97906730249656 276
1738678332223 91.90977464957102 277
1738678332254 91.84072627152976 278
1738678332277 91.77192063660723 279
1738678332300 91.70335622559212 280
1738678332324 91.63503153169388 281
1738678332345 91.56694506041173 282
1738678332369 91.49909532940563 283
1738678332384 91.43148086836983 284
1738678332399 91.36410021890805 285
1738678332418 91.29695193441115 286
1738678332434 91.23003457993653 287
1738678332454 91.16334673208944 288
1738678332476 91.09688697890624 289
1738678332500 91.03065391973958 290
1738678332523 90.96464616514504 291
1738678332545 90.89886233676972 292
1738678332570 90.83330106724259 293
1738678332601 90.76796100006602 294
1738678332624 90.70284078950934 295
1738678332645 90.6379391005038 296
1738678332669 90.57325460853892 297
1738678332691 90.50878599956027 298
1738678332716 90.44453196986896 299
1738678332736 90.38049122602209 300
1738678332756 90.31666248473496 301
1738678332782 90.25304447278431 302
1738678332801 90.18963592691286 303
1738678332827 90.12643559373532 304
1738678332849 90.06344222964543 305
1738678332870 90.00065460072415 306
1738678332894 89.9380714826492 307
1738678332913 89.87569166060572 308
1738678332938 89.81351392919777 309
1738678332957 89.75153709236132 310
1738678332976 89.68975996327804 311
1738678333001 89.62818136429019 312
1738678333044 89.56680012681663 313
1738678333084 89.50561509126966 314
1738678333102 89.44462510697306 315
1738678333123 89.3838290320808 316
1738678333140 89.32322573349711 317
1738678333160 89.26281408679701 318
1738678333178 89.20259297614808 319
1738678333201 89.14256129423299 320
1738678333219 89.08271794217292 321
1738678333237 89.02306182945193 322
1738678333251 88.9635918738419 323
1738678333267 88.90430700132868 324
1738678333285 88.84520614603869 325
1738678333307 88.78628825016672 326
1738678333324 88.72755226390402 327
1738678333340 88.66899714536757 328
1738678333361 88.61062186052999 329
1738678333377 88.5524253831501 330
1738678333406 88.49440669470428 331
1738678333433 88.43656478431873 332
1738678333457 88.37889864870202 333
1738678333481 88.32140729207877 334
1738678333494 88.26408972612383 335
1738678333520 88.20694496989708 336
1738678333544 88.14997204977912 337
1738678333587 88.0931699994073 338
1738678333611 88.03653785961268 339
1738678333627 87.98007467835757 340
1738678333650 87.92377951067353 341
1738678333669 87.86765141860025 342
1738678333702 87.81168947112484 343
1738678333732 87.75589274412185 344
1738678333813 87.70026032029382 345
1738678333836 87.64479128911242 346
1738678333854 87.58948474676026 347
1738678333870 87.53433979607314 348
1738678333890 87.47935554648292 349
1738678333908 87.42453111396104 350
1738678333927 87.36986562096251 351
1738678333949 87.3153581963703 352
1738678333979 87.26100797544065 353
1738678334002 87.2068140997485 354
1738678334026 87.1527757171337 355
1738678334052 87.09889198164758 356
1738678334080 87.04516205350035 357
1738678334101 86.99158509900836 358
1738678334120 86.93816029054275 359
1738678334142 86.88488680647771 360
1738678334162 86.83176383113982 361
1738678334186 86.77879055475776 362
1738678334211 86.72596617341222 363
1738678334235 86.67328988898659 364
1738678334258 86.62076090911808 365
1738678334282 86.5683784471491 366
1738678334308 86.51614172207927 367
1738678334335 86.46404995851788 368
1738678334357 86.41210238663669 369
1738678334378 86.36029824212326 370
1738678334393 86.30863676613468 371
1738678334413 86.25711720525176 372
1738678334428 86.20573881143358 373
1738678334442 86.15450084197252 374
1738678334469 86.10340255944968 375
1738678334490 86.05244323169083 376
1738678334519 86.00162213172246 377
1738678334540 85.95093853772862 378
1738678334568 85.90039173300788 379
1738678334590 85.84998100593079 380
1738678334616 85.79970564989776 381
1738678334634 85.74956496329725 382
1738678334658 85.69955824946439 383
1738678334677 85.64968481663995 384
1738678334707 85.59994397792975 385
1738678334729 85.55033505126436 386
1738678334761 85.50085735935923 387
1738678334780 85.45151022967512 388
1738678334794 85.40229299437893 389
1738678334808 85.35320499030495 390
1738678334822 85.3042455589163 391
1738678334835 85.25541404626689 392
1738678334850 85.20670980296359 393
1738678334865 85.1581321841288 394
1738678334880 85.10968054936347 395
1738678334901 85.06135426271024 396
1738678334961 85.01315269261698 397
1738678334987 84.96507521190085 398
1738678335002 84.91712119771236 399
1738678335021 84.86929003150009 400
1738678335038 84.82158109897539 401
1738678335053 84.77399379007772 402
1738678335107 84.72652749894007 403
1738678335128 84.67918162385479 404
1738678335149 84.6319555672397 405
1738678335165 84.58484873560457 406
1738678335182 84.5378605395177 407
1738678335200 84.4909903935731 408
1738678335219 84.44423771635775 409
1738678335233 84.39760193041913 410
1738678335253 84.35108246223325 411
1738678335273 84.30467874217273 412
1738678335296 84.2583902044753 413
1738678335320 84.21221628721257 414
1738678335358 84.16615643225903 415
1738678335378 84.12021008526133 416
1738678335393 84.07437669560795 417
1738678335409 84.02865571639893 418
1738678335424 83.98304660441599 419
1738678335446 83.93754882009304 420
1738678335468 83.89216182748669 421
1738678335485 83.84688509424714 422
1738678335508 83.8017180915895 423
1738678335527 83.756660294265 424
1738678335548 83.71171118053279 425
1738678335569 83.66687023213177 426
1738678335592 83.62213693425292 427
1738678335613 83.57751077551147 428
1738678335641 83.53299124791974 429
1738678335661 83.48857784685997 430
1738678335690 83.44427007105747 431
1738678335713 83.40006742255399 432
1738678335735 83.35596940668128 433
1738678335755 83.31197553203498 434
1738678335769 83.2680853104487 435
1738678335783 83.22429825696831 436
1738678335801 83.18061388982636 437
1738678335823 83.13703173041698 438
1738678335840 83.09355130327079 439
1738678335856 83.05017213603 440
1738678335877 83.00689375942395 441
1738678335903 82.96371570724465 442
1738678335929 82.92063751632259 443
1738678335990 82.87765872650289 444
1738678336015 82.83477888062143 445
1738678336033 82.7919975244814 446
1738678336053 82.74931420682994 447
1738678336074 82.70672847933497 448
1738678336096 82.66423989656231 449
1738678336118 82.62184801595298 450
1738678336218 82.57955239780053 451
1738678336268 82.5373526052289 452
1738678336343 82.49524820417015 453
1738678336405 82.45323876334254 454
1738678336424 82.4113238542288 455
1738678336440 82.36950305105448 456
1738678336458 82.32777593076673 457
1738678336483 82.28614207301293 458
1738678336502 82.24460106011982 459
1738678336523 82.20315247707255 460
1738678336541 82.16179591149414 461
1738678336557 82.12053095362491 462
1738678336574 82.07935719630231 463
1738678336593 82.03827423494066 464
1738678336618 81.99728166751134 465
1738678336647 81.95637909452292 466
1738678336682 81.91556611900161 467
1738678336702 81.87484234647181 468
1738678336721 81.83420738493689 469
1738678336742 81.79366084486001 470
1738678336766 81.7532023391453 471
1738678336785 81.71283148311896 472
1738678336802 81.67254789451074 473
1738678336823 81.63235119343551 474
1738678336843 81.59224100237483 475
1738678336861 81.55221694615906 476
1738678336888 81.51227865194913 477
1738678336910 81.47242574921887 478
1738678336937 81.43265786973726 479
1738678336961 81.39297464755106 480
1738678336983 81.35337571896717 481
1738678336997 81.31386072253572 482
1738678337013 81.27442929903276 483
1738678337034 81.23508109144348 484
1738678337050 81.19581574494532 485
1738678337068 81.15663290689143 486
1738678337083 81.11753222679408 487
1738678337095 81.07851335630842 488
1738678337112 81.03957594921616 489
1738678337135 81.00071966140948 490
1738678337164 80.9619441508752 491
1738678337185 80.92324907767895 492
1738678337203 80.88463410394934 493
1738678337221 80.84609889386265 494
1738678337243 80.80764311362725 495
1738678337259 80.76926643146844 496
1738678337279 80.7309685176132 497
1738678337294 80.69274904427533 498
1738678337312 80.65460768564033 499
