1738825182126 166.64244534335833 0
1738825182133 170.50990064383913 1
1738825182140 169.09374938899884 2
1738825182146 168.39040515039582 3
1738825182152 170.24885158742177 4
1738825182159 171.14160124624397 5
1738825182165 168.59527486052312 6
1738825182171 170.51812058078386 7
1738825182177 169.48805581310168 8
1738825182183 165.59792428887758 9
1738825182190 168.5576733819315 10
1738825182196 164.60340115809691 11
1738825182202 171.3981158094126 12
1738825182208 169.30189523457423 13
1738825182213 171.84054475062786 14
1738825182219 171.71253381967142 15
1738825182226 169.31423946967436 16
1738825182232 168.54967372813476 17
1738825182238 166.8899629011583 18
