1738824537798 176.43977644699757 0
1738824537842 167.19483725737433 1
1738824537886 150.89608593463146 2
1738824537929 167.7626986057845 3
1738824537972 183.70438415246605 4
1738824538016 178.57753199731943 5
1738824538064 163.42997286735834 6
1738824538107 175.40768588180046 7
1738824538150 201.08332030296853 8
1738824538194 150.9420357669317 9
1738824538237 161.58220137739727 10
1738824538281 173.02793616513327 11
1738824538325 144.26243484552944 12
1738824538368 167.93800184904705 13
1738824538412 152.2724575729907 14
1738824538458 184.1602756299011 15
1738824538502 152.53926635346295 16
1738824538544 183.19169167623818 17
1738824538586 167.25149297467286 18
1738824538627 173.59181051756707 19
1738824538669 171.73811163265617 20
1738824538712 165.81481475294132 21
1738824538757 187.79796293155445 22
1738824538800 171.54218492185313 23
1738824538844 184.11221690088323 24
1738824538887 154.88283395365474 25
1738824538930 169.2863349415759 26
1738824538973 183.36364123401503 27
1738824539017 171.8745389587208 28
1738824539059 172.81404764490313 29
1738824539101 121.61933822984858 30
1738824539144 165.312735868887 31
1738824539187 176.88156218001126 32
1738824539230 170.03117630290464 33
1738824539273 178.61401057653265 34
1738824539318 174.67185400008145 35
1738824539362 160.7518229260571 36
1738824539406 166.25894788743005 37
1738824539450 217.18765973710055 38
1738824539494 171.75132885107956 39
1738824539537 149.66023624221398 40
1738824539579 161.5579606182988 41
1738824539623 171.6116383523176 42
1738824539667 167.1127567258995 43
1738824539709 158.58951512810225 44
1738824539754 145.25339349514692 45
1738824539797 170.09881356471726 46
1738824539841 170.36386304088154 47
1738824539884 155.04261436301903 48
1738824539927 182.3437053032154 49
1738824539971 174.44755373281495 50
1738824540014 160.9303094991047 51
1738824540058 170.18010004307448 52
1738824540100 158.53347418912588 53
1738824540144 186.31986576046515 54
1738824540186 187.1193051985989 55
1738824540229 174.03492113357828 56
1738824540273 153.79786750408277 57
1738824540316 172.07538237019625 58
1738824540359 174.51935837690462 59
1738824540404 158.23306221608738 60
1738824540448 165.33516521822762 61
1738824540492 178.279236733677 62
1738824540535 182.33744585167344 63
1738824540578 160.9554851140669 64
1738824540621 168.61920847797307 65
1738824540664 176.59454457573773 66
1738824540707 180.49145496939548 67
1738824540751 194.98786238753505 68
1738824540794 170.1139227774449 69
1738824540837 163.86365466410422 70
1738824540880 152.87902502258433 71
1738824540924 175.64455175427577 72
1738824540967 160.3284316751842 73
1738824541010 151.41843778984472 74
1738824541054 167.76431474450638 75
1738824541097 149.59108297344127 76
1738824541140 192.58322823578052 77
1738824541184 166.2740076542631 78
1738824541227 179.2435180245957 79
1738824541271 163.97643054262042 80
1738824541314 143.4541042694734 81
1738824541357 175.00923090048096 82
1738824541400 192.36971853029928 83
1738824541443 159.73448970988193 84
1738824541487 177.42186894647202 85
1738824541531 141.11582538756255 86
1738824541575 186.34782799121703 87
1738824541618 170.62733492861324 88
1738824541661 186.33448772456074 89
1738824541705 185.41363148990044 90
1738824541748 148.231122386173 91
1738824541791 141.1780980790381 92
1738824541835 160.35024754809956 93
1738824541877 161.68644107718126 94
1738824541921 143.99992889178776 95
1738824541963 173.75296621031956 96
1738824542006 180.98234710040046 97
