1738678491607 58.301967481692145 0
1738678491631 61.450257736950505 1
1738678491652 50.58991054095607 2
1738678491680 47.50683578657375 3
1738678491712 37.613446649823906 4
1738678491740 41.68075999771431 5
1738678491756 60.128468029245575 6
1738678491779 47.53677084318671 7
1738678491803 19.109454642419315 8
1738678491820 19.277331340147235 9
1738678491840 19.38473092700661 10
1738678491857 15.647195957222909 11
1738678491880 25.196153141110813 12
1738678491911 12.506320773055155 13
1738678491932 13.63579549048294 14
1738678491948 8.850604320832199 15
1738678491975 9.163704239945886 16
1738678492004 9.590448920170218 17
1738678492022 8.538814003105385 18
1738678492043 6.9514572396883265 19
1738678492059 5.355545740573435 20
1738678492078 7.121925349417012 21
1738678492096 5.278088566577879 22
1738678492125 2.9868160752092257 23
1738678492146 5.544004329233348 24
1738678492163 5.002843341618182 25
1738678492184 3.7748018696248535 26
1738678492208 3.5716897772441767 27
1738678492244 2.5046719785636022 28
1738678492266 2.2380702341411878 29
1738678492284 2.0641383841619394 30
1738678492300 2.201781479919943 31
1738678492316 1.9148689292338372 32
1738678492332 1.7907561644887229 33
1738678492356 1.5335019922091977 34
1738678492374 1.4218170092094922 35
1738678492400 1.3629664705630453 36
1738678492420 0.9833725692011682 37
1738678492446 0.9702868849212102 38
1738678492470 0.8933263524977657 39
1738678492493 0.8443747401138171 40
1738678492514 0.9285330805514186 41
1738678492534 0.6436014342989033 42
1738678492559 1.2196156518876473 43
1738678492579 0.6046499455561856 44
1738678492602 0.5263588006810527 45
1738678492621 0.6804087161988276 46
1738678492651 0.8952573166994007 47
1738678492675 0.8134948630920096 48
1738678492702 0.4676915339589447 49
1738678492727 0.6782871263896603 50
1738678492753 0.39135564798495437 51
1738678492771 1.013181309558872 52
1738678492791 0.4233690079253029 53
1738678492808 0.536271793708266 54
1738678492825 0.23445556822098584 55
1738678492840 0.24754476834608696 56
1738678492860 0.2956737162649369 57
1738678492885 0.3519721110545398 58
1738678492911 0.2938059517636678 59
1738678492934 0.4019614447348941 60
1738678492956 0.2065856896120566 61
1738678492977 0.2039249315802453 62
1738678492997 0.2517063284035135 63
1738678493020 0.2868738681711486 64
1738678493043 0.2042101772542115 65
1738678493063 0.2921454372148291 66
1738678493086 0.2055401755052581 67
1738678493118 0.14552075151414678 68
1738678493331 0.15462757457511148 69
1738678493427 0.1801152463765833 70
1738678493462 0.233664622054431 71
1738678493497 0.15935767216037383 72
1738678493567 0.22803317145491347 73
1738678493615 0.1013215971832697 74
1738678493649 0.18657589309866424 75
1738678493699 0.1994375967938838 76
1738678493731 0.07782221900796812 77
1738678493860 0.11063673655191775 78
1738678493960 0.18175598549553473 79
1738678493975 0.13828662403829292 80
1738678493998 0.13987107590538259 81
1738678494162 0.12343076025014602 82
1738678494195 0.08929139061749335 83
1738678494244 0.17225064289590342 84
1738678494350 0.10947417000755463 85
1738678494449 0.13914221839233526 86
1738678494576 0.12089065809793477 87
1738678494694 0.126873124270397 88
1738678494828 0.1160591751917947 89
1738678494997 0.10375214033710817 90
1738678495147 0.11321999246216433 91
1738678495221 0.06786397580605692 92
1738678495244 0.11683957104317712 93
1738678495288 0.12158024531035964 94
1738678495306 0.08533683547412257 95
1738678495332 0.09836853844542827 96
1738678495347 0.0686414744913334 97
1738678495364 0.07098606922691075 98
1738678495389 0.07205921025891725 99
1738678495408 0.09761171033703295 100
1738678495431 0.11152296026089283 101
1738678495448 0.08124716686170184 102
1738678495470 0.05614690935783533 103
1738678495487 0.08903800985235838 104
1738678495510 0.069154290537666 105
1738678495524 0.11454787146385159 106
1738678495540 0.11766193916886601 107
