1738678177796 169.31213782154168 0
1738678177815 167.39776392134448 1
1738678177837 163.9596685495461 2
1738678177864 159.36591676012034 3
1738678177877 154.00574705987552 4
1738678177890 148.25534823239593 5
1738678177905 142.45123058837544 6
1738678177923 136.87182393351094 7
1738678177938 131.7271698760934 8
1738678177952 127.15596568494423 9
1738678177964 123.22878020060239 10
1738678177978 119.9560012134272 11
1738678178014 117.29897581291583 12
1738678178028 115.18284740801626 13
1738678178042 113.50974556472718 14
1738678178055 112.1712145366461 15
1738678178068 111.05904051005173 16
1738678178083 110.07392598031956 17
1738678178096 109.13173674165532 18
1738678178109 108.16729288085376 19
1738678178122 107.13587633014478 20
1738678178135 106.01277650166708 21
1738678178151 104.79129040765146 22
1738678178168 103.4796372342859 23
1738678178185 102.09724590441786 24
1738678178199 100.67083643072127 25
1738678178211 99.23065175484416 26
1738678178231 97.8071164257381 27
1738678178246 96.42811139054753 28
1738678178260 95.11696858066016 29
1738678178272 93.89121141548519 30
1738678178285 92.76200247392636 31
1738678178298 91.73421015787062 32
1738678178311 90.80697319685865 33
1738678178323 89.9746248200639 34
1738678178336 89.22783567584872 35
1738678178349 88.55484361612471 36
1738678178362 87.94265632323858 37
1738678178375 87.37813634102555 38
1738678178386 86.84890441182263 39
1738678178401 86.34402349441227 40
1738678178414 85.85445030847103 41
1738678178428 85.37326214857939 42
1738678178443 84.89568304747532 43
1738678178457 84.41894470704281 44
1738678178471 83.94202400052957 45
1738678178486 83.46530071081797 46
1738678178517 82.99017721591584 47
1738678178532 82.51869694211118 48
1738678178546 82.05319152257371 49
1738678178565 81.59597864892406 50
1738678178586 81.14912441934253 51
1738678178602 80.71427626343943 52
1738678178621 80.29256578726853 53
1738678178638 79.88457547918715 54
1738678178681 79.49035932432456 55
1738678178704 79.10950501441863 56
1738678178717 78.74122450690695 57
1738678178730 78.38445998477951 58
1738678178745 78.03799353890294 59
1738678178761 77.70055085109078 60
1738678178777 77.37089151273396 61
1738678178793 77.04788110659884 62
1738678178811 76.73054258404233 63
1738678178830 76.41808661170346 64
1738678178849 76.10992232017774 65
1738678178870 75.80565119519235 66
1738678178895 75.50504769093749 67
1738678178909 75.2080305378732 68
1738678178922 74.91462871723459 69
1738678178938 74.62494575637511 70
1738678178952 74.33912544890661 71
1738678178966 74.05732140936358 72
1738678178979 73.77967211662029 73
1738678178993 73.5062823554496 74
1738678179009 73.23721128883919 75
1738678179020 72.9724668260464 76
1738678179035 72.71200551744974 77
1738678179055 72.45573691629453 78
1738678179070 72.20353119553366 79
1738678179085 71.9552287808958 80
1738678179103 71.7106508375944 81
1738678179123 71.46960960208777 82
1738678179146 71.23191775505188 83
1738678179161 70.99739626135248 84
1738678179177 70.76588033434048 85
1738678179194 70.53722339649532 86
1738678179212 70.31129909244565 87
1738678179225 70.08800155492096 88
1738678179241 69.86724422524898 89
1738678179256 69.64895758784692 90
1738678179272 69.43308619638144 91
1738678179289 69.21958535397907 92
1738678179304 69.00841776864999 93
1738678179320 68.79955044615494 94
1738678179336 68.59295201395881 95
1738678179352 68.38859059896993 96
1738678179367 68.1864323145564 97
1738678179381 67.98644035350009 98
1738678179401 67.78857463618296 99
1738678179421 67.59279192899122 100
1738678179438 67.39904632691513 101
1738678179452 67.20728998576149 102
1738678179466 67.01747399159109 103
1738678179480 66.82954926572744 104
1738678179499 66.64346742047285 105
1738678179513 66.45918150102469 106
1738678179526 66.27664657070771 107
1738678179539 66.09582011756319 108
1738678179551 65.91666227902626 109
1738678179565 65.73913589681601 110
1738678179582 65.5632064256562 111
1738678179594 65.3888417268638 112
1738678179607 65.21601178137033 113
1738678179620 65.04468835683407 114
1738678179632 64.87484466080646 115
1738678179648 64.70645500717359 116
1738678179662 64.53949451707446 117
1738678179676 64.37393886891995 118
1738678179695 64.20976410563145 119
1738678179711 64.0469465012908 120
1738678179724 63.885462484404385 121
1738678179737 63.725288611154625 122
1738678179755 63.566401579426675 123
1738678179768 63.40877827302554 124
1738678179780 63.25239582522057 125
1738678179794 63.097231691383435 126
1738678179808 62.94326372180144 127
1738678179820 62.7904702275154 128
1738678179832 62.6388300340245 129
1738678179845 62.488322519718594 130
1738678179855 62.33892763777664 131
1738678179868 62.19062592188573 132
1738678179883 62.043398477410605 133
1738678179897 61.89722696054197 134
1738678179911 61.752093548474 135
1738678179925 61.60798090383757 136
1738678179938 61.46487213649834 137
1738678179952 61.32275076548267 138
1738678179964 61.18160068329125 139
1738678180010 61.04140612427092 140
1738678180027 60.902151638101735 141
1738678180044 60.76382206887403 142
1738678180058 60.62640253971842 143
1738678180073 60.489878442539094 144
1738678180088 60.354235432100296 145
1738678180102 60.21945942353153 146
1738678180115 60.08553659224062 147
1738678180129 59.95245337524155 148
1738678180150 59.820196472996315 149
1738678180170 59.68875285101624 150
1738678180186 59.55810974064509 151
1738678180200 59.42825463863585 152
1738678180215 59.29917530531644 153
1738678180230 59.170859761303504 154
1738678180247 59.04329628285995 155
1738678180260 58.91647339609334 156
1738678180275 58.79037987025887 157
1738678180292 58.66500471046326 158
1738678180307 58.540337150067856 159
1738678180322 58.41636664306718 160
1738678180338 58.29308285667884 161
1738678180355 58.17047566432881 162
1738678180371 58.04853513915906 163
1738678180392 57.92725154812829 164
1738678180411 57.806615346724676 165
1738678180426 57.686617174265585 166
1738678180440 57.56724784972611 167
1738678180457 57.44849836801496 168
1738678180475 57.33035989660414 169
1738678180489 57.21282377241611 170
1738678180504 57.095881498877 171
1738678180524 56.97952474305634 172
1738678180545 56.86374533282836 173
1738678180560 56.74853525400753 174
1738678180575 56.63388664742869 175
1738678180594 56.519791805958235 176
1738678180609 56.4062431714372 177
1738678180627 56.29323333156833 178
1738678180643 56.18075501676708 179
1738678180659 56.068801097001156 180
1738678180670 55.957364578645226 181
1738678180685 55.8464386013759 182
1738678180698 55.736016435129955 183
1738678180716 55.626091477143625 184
1738678180731 55.5166572490867 185
1738678180745 55.40770739429876 186
1738678180759 55.2992356751309 187
1738678180775 55.19123597039112 188
1738678180792 55.08370227288819 189
1738678180809 54.97662868706645 190
1738678180825 54.87000942672194 191
1738678180840 54.76383881278988 192
1738678180854 54.6581112711937 193
1738678180868 54.55282133074648 194
1738678180886 54.44796362109709 195
1738678180904 54.343532870714604 196
1738678180922 54.2395239049069 197
1738678180939 54.13593164387009 198
1738678180960 54.03275110076753 199
1738678180978 53.92997737983831 200
1738678180994 53.827605674535775 201
1738678181010 53.72563126569738 202
1738678181025 53.62404951974781 203
1738678181046 53.52285588693668 204
1738678181065 53.42204589961269 205
1738678181080 53.32161517053527 206
1738678181095 53.22155939122461 207
1738678181115 53.12187433035034 208
1738678181131 53.02255583215877 209
1738678181147 52.92359981493809 210
1738678181160 52.82500226952053 211
1738678181173 52.726759257820426 212
1738678181188 52.62886691140664 213
1738678181200 52.5313214301078 214
1738678181214 52.43411908064917 215
1738678181227 52.33725619531917 216
1738678181240 52.24072917066483 217
1738678181254 52.14453446621444 218
1738678181268 52.048668603226744 219
1738678181285 51.95312816346564 220
1738678181306 51.85790978799976 221
1738678181324 51.76301017602625 222
1738678181340 51.66842608371854 223
1738678181356 51.574154323097574 224
1738678181379 51.48019176092599 225
1738678181400 51.38653531762545 226
1738678181417 51.2931819662164 227
1738678181432 51.20012873128025 228
1738678181448 51.10737268794337 229
1738678181465 51.01491096088289 230
1738678181480 50.92274072335368 231
1738678181496 50.83085919623604 232
1738678181521 50.73926364710403 233
1738678181534 50.64795138931335 234
1738678181546 50.55691978110898 235
1738678181560 50.46616622475145 236
1738678181573 50.375688165661785 237
1738678181588 50.28548309158422 238
1738678181601 50.195548531766576 239
1738678181614 50.10588205615753 240
1738678181627 50.01648127462074 241
1738678181643 49.92734383616495 242
1738678181660 49.8384674281902 243
1738678181676 49.749849775749425 244
1738678181697 49.66148864082527 245
1738678181715 49.57338182162174 246
1738678181727 49.48552715187047 247
1738678181743 49.3979225001512 248
1738678181760 49.31056576922622 249
1738678181776 49.22345489538852 250
1738678181791 49.136587847823385 251
1738678181806 49.04996262798304 252
1738678181821 48.96357726897422 253
1738678181840 48.87742983495829 254
1738678181854 48.791518420563726 255
1738678181870 48.705841150310604 256
1738678181891 48.62039617804687 257
1738678181905 48.53518168639618 258
1738678181919 48.450195886216996 259
1738678181936 48.365437016072676 260
1738678181956 48.280903341712396 261
1738678181977 48.19659315556255 262
1738678181994 48.112504776228576 263
1738678182008 48.028636548006695 264
1738678182021 47.94498684040568 265
1738678182035 47.86155404767821 266
1738678182047 47.778336588361675 267
1738678182059 47.695332904828234 268
1738678182080 47.61254146284396 269
1738678182095 47.529960751136734 270
1738678182108 47.447589280973034 271
1738678182122 47.36542558574294 272
1738678182135 47.283468220553694 273
1738678182150 47.20171576183124 274
1738678182167 47.1201668069298 275
1738678182205 47.03881997374927 276
1738678182232 46.957673900360184 277
1738678182247 46.8767272446362 278
1738678182262 46.79597868389388 279
1738678182275 46.71542691453969 280
1738678182288 46.63507065172385 281
1738678182301 46.554908629001275 282
1738678182315 46.47493959799905 283
1738678182327 46.39516232809048 284
1738678182343 46.31557560607579 285
1738678182357 46.23617823586882 286
1738678182371 46.1569690381901 287
1738678182386 46.07794685026591 288
1738678182399 45.9991105255332 289
1738678182430 45.9204589333504 290
1738678182452 45.84199095871378 291
1738678182466 45.76370550197945 292
1738678182481 45.6856014785908 293
1738678182499 45.6076778188111 294
1738678182524 45.52993346746156 295
1738678182536 45.45236738366432 296
1738678182550 45.3749785405905 297
1738678182563 45.297765925213085 298
1738678182576 45.22072853806469 299
1738678182589 45.14386539299997 300
1738678182602 45.06717551696259 301
1738678182615 44.990657949756816 302
1738678182630 44.91431174382333 303
1738678182643 44.83813596401955 304
1738678182659 44.762129687404055 305
1738678182673 44.68629200302522 306
1738678182687 44.61062201171385 307
1738678182701 44.53511882587987 308
1738678182714 44.45978156931275 309
1738678182735 44.384609376985985 310
1738678182753 44.30960139486509 311
1738678182769 44.23475677971931 312
1738678182782 44.16007469893705 313
1738678182795 44.08555433034456 314
1738678182807 44.0111948620283 315
1738678182820 43.936995492160584 316
1738678182835 43.86295542882844 317
1738678182848 43.78907388986587 318
1738678182862 43.71535010268912 319
1738678182875 43.641783304135174 320
1738678182887 43.568372740303225 321
1738678182899 43.49511766639911 322
1738678182915 43.42201734658274 323
1738678182930 43.349071053818356 324
1738678182942 43.27627806972751 325
1738678182954 43.20363768444494 326
1738678182969 43.131149196477 327
1738678182981 43.05881191256286 328
1738678182994 42.986625147538106 329
1738678183007 42.914588224201125 330
1738678183020 42.8427004731817 331
1738678183039 42.7709612328123 332
1738678183055 42.69936984900148 333
1738678183077 42.62792567510992 334
1738678183095 42.55662807182849 335
1738678183111 42.485476407058705 336
1738678183125 42.41447005579536 337
1738678183145 42.34360840001126 338
1738678183163 42.27289082854417 339
1738678183181 42.20231673698574 340
1738678183199 42.13188552757251 341
1738678183216 42.061596609078876 342
1738678183232 41.991449396712056 343
1738678183247 41.92144331200894 344
1738678183263 41.85157778273481 345
1738678183287 41.78185224278389 346
1738678183318 41.71226613208174 347
1738678183334 41.64281889648936 348
1738678183348 41.57350998770912 349
1738678183365 41.50433886319228 350
1738678183379 41.43530498604821 351
1738678183394 41.366407824955324 352
1738678183408 41.2976468540735 353
1738678183427 41.22902155295812 354
1738678183443 41.16053140647572 355
1738678183471 41.09217590472094 356
1738678183486 41.023954542935265 357
1738678183507 40.95586682142696 358
1738678183523 40.88791224549248 359
1738678183538 40.82009032533943 360
1738678183561 40.75240057601066 361
1738678183581 40.68484251730993 362
1738678183601 40.61741567372872 363
1738678183617 40.5501195743744 364
1738678183633 40.48295375289972 365
1738678183648 40.41591774743342 366
1738678183671 40.34901110051218 367
1738678183691 40.2822333590137 368
1738678183706 40.21558407409097 369
1738678183723 40.149062801107654 370
1738678183738 40.08266909957471 371
1738678183754 40.016402533088 372
1738678183770 39.95026266926703 373
1738678183788 39.88424907969477 374
1738678183806 39.8183613398585 375
1738678183820 39.75259902909169 376
1738678183837 39.68696173051694 377
1738678183855 39.62144903098972 378
1738678183869 39.5560605210434 379
1738678183887 39.49079579483485 380
1738678183900 39.42565445009132 381
1738678183914 39.360636088057994 382
1738678183927 39.29574031344658 383
1738678183941 39.23096673438468 384
1738678183954 39.16631496236612 385
1738678183967 39.10178461220206 386
1738678183983 39.037375301973 387
1738678184000 38.973086652981515 388
1738678184015 38.90891828970585 389
1738678184031 38.84486983975435 390
1738678184047 38.78094093382055 391
1738678184064 38.717131205639085 392
1738678184082 38.65344029194236 393
1738678184095 38.589867832417944 394
1738678184108 38.52641346966663 395
1738678184123 38.46307684916128 396
1738678184143 38.39985761920626 397
1738678184159 38.3367554308977 398
1738678184188 38.273769938084236 399
1738678184203 38.21090079732854 400
1738678184219 38.148147667869495 401
1738678184237 38.085510211584904 402
1738678184252 38.022988092954876 403
1738678184267 37.960580979025856 404
1738678184280 37.89828853937513 405
1738678184294 37.8361104460761 406
1738678184306 37.77404637366396 407
1738678184318 37.712095999102004 408
1738678184332 37.650259001748516 409
1738678184349 37.58853506332419 410
1738678184363 37.52692386788001 411
1738678184374 37.4654251017658 412
1738678184389 37.404038453599135 413
1738678184403 37.34276361423486 414
1738678184416 37.28160027673509 415
1738678184429 37.22054813633964 416
1738678184444 37.15960689043704 417
1738678184457 37.09877623853588 418
1738678184472 37.03805588223676 419
1738678184485 36.977445525204594 420
1738678184499 36.916944873141425 421
1738678184512 36.85655363375961 422
1738678184526 36.796271516755496 423
1738678184541 36.736098233783515 424
1738678184554 36.67603349843064 425
1738678184567 36.6160770261913 426
1738678184582 36.55622853444268 427
1738678184596 36.49648774242043 428
1738678184609 36.43685437119473 429
1738678184622 36.37732814364671 430
1738678184636 36.31790878444539 431
1738678184651 36.258596020024775 432
1738678184666 36.19938957856147 433
1738678184684 36.140289189952604 434
1738678184700 36.081294585794026 435
1738678184715 36.022405499358996 436
1738678184729 35.96362166557707 437
1738678184743 35.9049428210134 438
1738678184759 35.84636870384829 439
1738678184774 35.78789905385715 440
1738678184784 35.72953361239071 441
1738678184798 35.67127212235555 442
1738678184811 35.613114328194946 443
1738678184825 35.555059975869995 444
1738678184839 35.49710881284103 445
1738678184853 35.43926058804937 446
1738678184870 35.38151505189928 447
1738678184882 35.323871956240275 448
1738678184902 35.266331054349635 449
1738678184925 35.208892100915236 450
1738678184962 35.15155485201865 451
1738678184981 35.09431906511842 452
1738678184996 35.03718449903372 453
1738678185020 34.98015091392815 454
1738678185035 34.923218071293846 455
1738678185049 34.86638573393579 456
1738678185062 34.809653665956404 457
1738678185074 34.753021632740335 458
1738678185086 34.69648940093948 459
1738678185099 34.64005673845824 460
1738678185111 34.58372341443905 461
1738678185124 34.527489199247974 462
1738678185136 34.47135386446073 463
1738678185149 34.415317182848746 464
1738678185162 34.35937892836547 465
1738678185177 34.30353887613301 466
1738678185192 34.24779680242875 467
1738678185209 34.192152484672356 468
1738678185225 34.13660570141286 469
1738678185240 34.08115623231604 470
1738678185254 34.02580385815185 471
1738678185268 33.970548360782175 472
1738678185281 33.91538952314867 473
1738678185296 33.86032712926083 474
1738678185315 33.80536096418418 475
1738678185329 33.750490814028744 476
1738678185343 33.69571646593753 477
1738678185359 33.64103770807536 478
1738678185372 33.58645432961767 479
1738678185391 33.531966120739675 480
1738678185414 33.47757287260553 481
1738678185430 33.423274377357714 482
1738678185443 33.36907042810658 483
1738678185462 33.314960818920056 484
1738678185477 33.26094534481343 485
1738678185491 33.20702380173937 486
1738678185512 33.15319598657803 487
1738678185528 33.09946169712736 488
1738678185542 33.04582073209343 489
1738678185556 32.99227289108109 490
1738678185569 32.93881797458452 491
1738678185588 32.885455783978124 492
1738678185603 32.83218612150749 493
1738678185623 32.77900879028038 494
1738678185639 32.72592359425802 495
1738678185653 32.67293033824637 496
1738678185668 32.62002882788756 497
1738678185680 32.567218869651526 498
1738678185693 32.51450027082762 499
