1738679072324 191.17472255380045 0
1738679072364 137.71886577848613 1
1738679072403 171.75173335080962 2
1738679072442 188.02182772079172 3
1738679072481 110.25212874907045 4
1738679072521 183.29425968861537 5
1738679072562 158.85595057269256 6
1738679072606 199.22046210100135 7
1738679072645 159.05757522010268 8
1738679072684 195.39325783875952 9
1738679072723 156.66080558085721 10
1738679072762 179.2708312553076 11
1738679072801 186.52817685220788 12
1738679072840 145.3242550576086 13
1738679072879 140.5873511218339 14
1738679072918 182.10833250603983 15
1738679072957 117.90543147600532 16
1738679072996 257.31943428590597 17
1738679073036 171.3236180241155 18
1738679073075 167.17736240611177 19
1738679073114 132.79562898648385 20
1738679073152 183.10573357844112 21
1738679073189 123.43344432976274 22
1738679073228 175.6398643377714 23
1738679073267 118.45989411627673 24
1738679073306 208.34790990538 25
1738679073345 163.1662313272112 26
1738679073384 103.25966145735414 27
1738679073423 132.2682411642268 28
1738679073461 201.8462752079857 29
1738679073500 158.89348630831546 30
1738679073539 158.50285202470172 31
1738679073578 178.49878930792556 32
1738679073618 183.75304147673174 33
1738679073656 160.40156295236088 34
1738679073695 214.13033548063774 35
1738679073733 112.31825396695452 36
1738679073771 203.83831829541026 37
1738679073810 192.91565082618814 38
1738679073849 304.0959140098368 39
1738679073888 185.0115337442911 40
1738679073926 65.38904889959241 41
1738679073965 146.36509471890255 42
1738679074005 165.90523111798922 43
1738679074044 141.603254024883 44
1738679074083 167.42758210331243 45
1738679074124 322.1505177428772 46
1738679074163 96.42632208989157 47
1738679074201 150.97599246379653 48
1738679074238 166.88802818808875 49
1738679074277 155.12366923525443 50
1738679074316 109.94959791362217 51
1738679074355 124.33218773847851 52
1738679074394 180.83585777897758 53
1738679074433 271.7988442525531 54
1738679074472 168.49884984003165 55
1738679074511 193.84574673073357 56
1738679074549 182.47601550494826 57
1738679074586 48.26308622285918 58
1738679074625 181.79600639240627 59
1738679074663 76.76450816245301 60
1738679074701 204.82123476503068 61
1738679074738 185.3420428313921 62
1738679074776 204.73839711088263 63
1738679074816 232.97371112360574 64
1738679074855 202.47753912074288 65
1738679074894 173.02379542425913 66
1738679074932 179.79155358642984 67
1738679074972 124.78017347027979 68
1738679075011 226.47536750521814 69
1738679075050 159.2449266615603 70
1738679075089 202.63415536009703 71
1738679075127 211.5766744997165 72
1738679075168 171.2551754858024 73
1738679075207 161.29238860239886 74
1738679075246 201.04156906093465 75
1738679075284 146.04620301041413 76
1738679075323 210.59120865118015 77
1738679075362 208.05796927956007 78
1738679075401 196.8755453827548 79
1738679075440 125.42279724773776 80
1738679075479 189.8362428185879 81
1738679075517 172.25338307729123 82
1738679075556 179.98679206256253 83
1738679075595 153.89248738698444 84
1738679075634 0.8458306889375107 85
1738679075673 175.8529313247869 86
1738679075711 109.85697826817307 87
1738679075749 212.38640209303182 88
1738679075788 156.766108120176 89
1738679075826 163.29488470359684 90
1738679075866 133.76700538031716 91
1738679075905 154.08221291130073 92
1738679075943 136.40470452875525 93
1738679075982 177.17443393680625 94
1738679076021 181.76102350241496 95
1738679076060 259.9500146410403 96
1738679076099 238.44684670514616 97
1738679076138 194.29686867308493 98
1738679076177 95.40568335910073 99
1738679076215 143.91475103698488 100
1738679076254 155.91815713413357 101
1738679076293 191.1731892446691 102
1738679076332 175.66386492281387 103
1738679076371 189.69077539088028 104
1738679076410 169.20362560052206 105
1738679076449 186.3424645909128 106
1738679076487 234.52672878924702 107
1738679076526 190.03485568480977 108
1738679076565 127.17566058627555 109
1738679076603 34.82237436175315 110
1738679076642 167.53118562362803 111
1738679076681 275.6949125465508 112
1738679076721 207.0889889885337 113
1738679076760 247.66234865422473 114
1738679076799 166.01179636120787 115
1738679076838 204.12104230097157 116
1738679076878 207.00220359230613 117
1738679076916 238.0342632452569 118
1738679076956 206.4005169985247 119
1738679076994 159.1287650753993 120
1738679077032 201.95843012757712 121
1738679077070 117.81695279593015 122
1738679077109 191.5595999816154 123
1738679077148 46.81905528781718 124
1738679077186 127.08933463864345 125
1738679077225 181.4734080537532 126
1738679077264 142.18573060431916 127
1738679077303 317.2371546711405 128
1738679077342 201.695020770568 129
1738679077382 191.42008884452545 130
1738679077422 165.76966845761234 131
1738679077461 147.3577152510012 132
1738679077499 205.57460621707628 133
1738679077539 183.11213545861722 134
1738679077578 216.43981101944016 135
1738679077617 171.75219939503535 136
1738679077656 175.45728461860216 137
1738679077694 154.1151168973473 138
1738679077733 258.7810675999084 139
1738679077772 99.80713387070311 140
1738679077811 135.07189593500246 141
1738679077850 176.743790901552 142
1738679077889 167.69650904613388 143
1738679077929 155.0767024996129 144
1738679077968 136.24324138455694 145
1738679078007 168.32849808844207 146
1738679078046 164.76125070968905 147
1738679078085 137.59930232546034 148
1738679078124 166.5074655015326 149
1738679078164 175.26978875776902 150
1738679078203 187.27793229169956 151
1738679078242 185.67086531298978 152
1738679078281 188.59742719696132 153
1738679078319 151.3463282779831 154
1738679078358 226.34554894306237 155
1738679078398 173.1224296114961 156
1738679078437 173.61368533348912 157
1738679078476 173.36763581289782 158
1738679078515 208.65805478734356 159
1738679078553 63.21515819260119 160
1738679078593 163.44866052687067 161
1738679078632 100.85710471086446 162
1738679078670 159.04542219647075 163
1738679078709 109.64288058287697 164
1738679078749 158.11137660562892 165
1738679078787 194.14877137445305 166
1738679078826 196.3756811630335 167
1738679078865 145.3052575555255 168
1738679078904 142.76595782419776 169
1738679078943 95.54158578122428 170
1738679078982 107.54741717479655 171
1738679079022 217.5548677737694 172
1738679079060 141.1358353524406 173
1738679079099 169.8145057709035 174
1738679079137 152.11569147704236 175
1738679079176 86.86896939715263 176
1738679079215 184.1257638464775 177
1738679079254 116.13799541857279 178
1738679079293 155.08101615044515 179
1738679079332 61.339381480110895 180
1738679079371 179.06203051333807 181
1738679079409 198.95367574687427 182
1738679079449 201.8473043405539 183
1738679079488 34.55288806779769 184
1738679079527 186.93214127956335 185
1738679079566 196.39519500790604 186
1738679079605 173.4290441738956 187
1738679079644 258.7973602261815 188
1738679079682 163.01958776513143 189
1738679079721 133.9275254049022 190
1738679079760 154.3307877478231 191
1738679079799 175.33449191813403 192
1738679079838 157.4377871924132 193
1738679079876 145.13485860773466 194
1738679079914 188.05607898600718 195
1738679079953 154.31464041883038 196
1738679079993 164.433954123579 197
1738679080032 184.35926074100917 198
1738679080070 233.18811236286837 199
1738679080110 120.83169992154058 200
1738679080149 205.44401414408978 201
1738679080188 155.22299239781216 202
1738679080227 138.47180835898985 203
1738679080266 142.88918432003047 204
1738679080306 205.71263331840106 205
1738679080344 191.08311831935225 206
1738679080383 163.94119386426118 207
1738679080422 160.5263308667652 208
1738679080461 164.35253932719868 209
1738679080501 180.614347412016 210
1738679080540 192.72795313481447 211
1738679080579 93.16539729094359 212
1738679080618 197.70351575677347 213
1738679080657 195.39905692949156 214
1738679080696 279.8631144774263 215
1738679080735 131.82205686987803 216
1738679080774 185.4253531099593 217
1738679080812 160.57325832384578 218
1738679080851 279.30771691150596 219
1738679080889 150.49825138119087 220
1738679080929 206.45059431470153 221
1738679080968 160.8899133559407 222
1738679081006 211.82333034093827 223
1738679081046 171.74619663557735 224
1738679081085 188.7254861318895 225
1738679081123 144.98709176767912 226
1738679081162 186.9410632620627 227
1738679081201 84.50752150623983 228
1738679081241 161.43622125805007 229
1738679081281 174.3268190766041 230
1738679081321 294.6847917472827 231
1738679081363 167.80509276759037 232
1738679081402 222.58843090783463 233
1738679081442 198.70470023536078 234
1738679081480 157.35362610010122 235
1738679081520 167.4696922280646 236
1738679081558 141.8898515116274 237
1738679081597 195.89008534353223 238
1738679081635 145.00873752494834 239
1738679081674 235.87349458632636 240
1738679081713 165.1858961452122 241
1738679081752 104.7280434618637 242
1738679081792 315.23233663176813 243
1738679081831 192.02730221380122 244
1738679081871 177.76144734061168 245
1738679081909 229.69950163698238 246
1738679081948 70.6112603485693 247
1738679081988 172.18818465810085 248
1738679082027 143.91058682673693 249
1738679082067 111.52935421314673 250
1738679082105 155.79815126195774 251
1738679082144 112.89179806180555 252
1738679082183 212.9343110153049 253
1738679082221 159.8450832164157 254
1738679082261 172.61919203856544 255
1738679082300 221.44077930873422 256
1738679082339 197.53006217257254 257
1738679082379 155.69058865435403 258
1738679082418 179.54980587666827 259
1738679082456 130.500106009681 260
1738679082494 231.08136506750876 261
1738679082533 185.54938097873307 262
1738679082572 268.9661814061552 263
1738679082611 196.55914561447074 264
1738679082650 202.90330174611287 265
1738679082689 185.8533157613232 266
1738679082728 181.23435153002578 267
1738679082768 151.7840211296564 268
1738679082807 174.0194560437346 269
1738679082846 182.8005820999835 270
1738679082885 187.09810326584557 271
1738679082923 162.9159409185461 272
1738679082963 166.85461013539972 273
1738679083002 133.3065611985537 274
1738679083041 142.99422817597386 275
1738679083080 137.80508707406685 276
1738679083119 162.0888943502026 277
1738679083158 173.5389293611015 278
1738679083198 190.50903000444146 279
1738679083237 92.86193519049563 280
1738679083276 181.09931895145507 281
1738679083315 93.7225806277531 282
1738679083354 125.96644768021088 283
1738679083393 63.1106842039347 284
1738679083432 63.55047276384347 285
1738679083472 186.79195725343124 286
1738679083511 164.91203310392154 287
1738679083550 175.71427194736393 288
1738679083590 124.86813301797656 289
1738679083629 186.98388276327324 290
1738679083669 167.1237376666644 291
1738679083708 179.24263533674593 292
1738679083747 150.3724191498853 293
1738679083786 160.2563332527683 294
1738679083825 77.2257218009159 295
1738679083864 205.9934873890365 296
1738679083904 215.6160100010421 297
1738679083943 121.65654713288413 298
1738679083982 185.30888477452638 299
1738679084022 159.53074895917752 300
1738679084061 133.70576568362756 301
1738679084099 152.49065169075487 302
1738679084137 124.64823648561509 303
1738679084175 193.81286730317441 304
1738679084213 160.70734594336798 305
1738679084252 167.7052036590332 306
1738679084290 169.1161391042124 307
1738679084329 139.0114567916267 308
1738679084368 191.92614692387866 309
1738679084407 65.31386660920266 310
1738679084445 214.66411688416432 311
1738679084484 158.85184378744708 312
1738679084522 176.46531890606573 313
1738679084560 193.95654123028632 314
1738679084599 178.92366540791244 315
1738679084637 142.11323276957876 316
1738679084675 167.78214161679153 317
1738679084713 83.9134813901489 318
1738679084753 221.2748069982974 319
1738679084792 174.39348213698378 320
1738679084834 229.4531660098196 321
1738679084875 173.72735334643565 322
1738679084915 176.76191252892366 323
1738679084953 177.3557944416928 324
1738679084992 147.6064092687138 325
1738679085030 173.46420409891428 326
1738679085068 103.81694760286635 327
1738679085107 150.7168113038886 328
1738679085145 192.54090132245807 329
1738679085183 165.8874789554711 330
1738679085222 261.43856463981814 331
1738679085260 178.4105746881939 332
1738679085298 252.49626433037378 333
1738679085336 83.86478009003875 334
1738679085375 203.41090187547914 335
1738679085414 181.93796860726354 336
1738679085453 165.3345726578978 337
1738679085491 169.25980606834995 338
1738679085529 182.07776299732802 339
1738679085567 154.51488739178876 340
1738679085606 114.87976717752667 341
1738679085644 153.8366196153655 342
1738679085682 226.02691919734468 343
1738679085720 187.65317646078333 344
1738679085758 178.26470986961164 345
1738679085796 140.93280287158825 346
1738679085834 185.6620635041891 347
1738679085872 161.06531954418378 348
1738679085911 285.41715261465936 349
1738679085949 200.5438315256053 350
1738679085988 149.76677896897323 351
1738679086027 162.9684373654392 352
1738679086066 221.40790388443864 353
1738679086104 194.44688443089765 354
1738679086142 152.62514778651942 355
1738679086180 155.89910031368666 356
1738679086219 178.83163569449954 357
1738679086256 200.4468517305749 358
1738679086294 191.95065666563372 359
1738679086333 222.6752284266122 360
1738679086371 192.5969504407805 361
1738679086409 118.3847569124092 362
1738679086447 205.40935101874 363
1738679086486 166.20600904388687 364
1738679086525 166.10183460183396 365
1738679086563 203.79891295176813 366
1738679086601 152.3937671975052 367
1738679086639 135.13337806628314 368
1738679086678 187.17613566423333 369
1738679086716 223.680456050577 370
1738679086754 166.1995034304435 371
1738679086792 232.6542547755268 372
1738679086831 168.87393864088173 373
1738679086869 145.9988314786885 374
1738679086908 173.87444898098653 375
1738679086946 172.6905382086486 376
1738679086984 165.05923016501652 377
1738679087022 260.23852543353684 378
1738679087061 205.1188920503123 379
1738679087099 170.99971827197692 380
1738679087137 182.82976421958 381
1738679087175 92.13156879134993 382
1738679087213 184.3058802345779 383
1738679087251 146.76097925747163 384
1738679087289 161.58005400372897 385
1738679087328 202.2876050695007 386
1738679087366 109.744253558041 387
1738679087405 180.57270636824217 388
1738679087443 163.35774196323686 389
1738679087481 197.26300720047414 390
1738679087519 199.21359435595332 391
1738679087558 183.25872031867965 392
1738679087597 180.81018100998992 393
1738679087637 130.93599220602854 394
1738679087676 218.48343379853998 395
1738679087715 126.8114456820356 396
1738679087755 179.78342958712415 397
1738679087794 163.99985570793189 398
1738679087832 210.8430396338252 399
1738679087872 225.10244961398718 400
1738679087912 195.13735322313303 401
1738679087952 183.92931332978864 402
1738679087992 173.9870523922083 403
1738679088031 343.2399444346835 404
1738679088071 159.4942602086663 405
1738679088111 180.5312252081351 406
1738679088150 131.40945860983072 407
1738679088189 341.67818200495094 408
1738679088228 162.5040175727912 409
1738679088268 170.70943128491362 410
1738679088307 189.86668946468288 411
1738679088347 144.3829103963464 412
1738679088386 201.75329968727527 413
1738679088425 201.82667757461664 414
1738679088465 139.1370015159634 415
1738679088503 189.95735516086742 416
1738679088543 213.24198393332605 417
1738679088582 171.85180656899405 418
1738679088621 223.78907178695573 419
1738679088661 172.99318103091892 420
1738679088699 200.39663529087883 421
1738679088738 165.46835310857608 422
1738679088778 177.74675138376958 423
1738679088817 170.63676289954185 424
1738679088856 125.95062596066971 425
1738679088895 167.60555600148874 426
1738679088934 192.86030563683528 427
1738679088973 166.4126834701723 428
1738679089013 211.86057139463873 429
1738679089052 198.44907815521378 430
1738679089091 109.444140872604 431
1738679089130 101.1144222801134 432
1738679089170 189.53127197599468 433
1738679089209 154.1544670354046 434
1738679089249 168.75105498027764 435
1738679089288 155.874210073594 436
1738679089327 270.4681119647476 437
1738679089366 172.21233413500138 438
1738679089406 177.09325709708853 439
1738679089445 200.75945446513478 440
1738679089485 182.2131596240965 441
1738679089524 92.79600710236545 442
1738679089563 361.5662972254327 443
1738679089602 158.00859016285082 444
1738679089641 234.7817481567832 445
1738679089680 165.35620561881228 446
1738679089719 163.69665794048893 447
1738679089758 196.6142421574288 448
1738679089797 205.1308997351091 449
1738679089837 211.69719847201793 450
1738679089876 257.7113897093151 451
1738679089915 155.58587189680065 452
1738679089954 188.45677462568045 453
1738679089993 86.93689989420467 454
1738679090033 187.37375538973026 455
1738679090072 80.11430689844738 456
1738679090111 181.30893277395992 457
1738679090151 122.89009500700706 458
1738679090190 65.80824472148737 459
1738679090229 163.21308883559297 460
1738679090269 245.39978084967237 461
1738679090308 175.52801962664626 462
1738679090347 177.83677452836713 463
1738679090386 194.85819912286092 464
1738679090425 231.34202379527366 465
1738679090464 179.42816814831434 466
1738679090503 136.90622681375254 467
1738679090542 177.95548959479567 468
1738679090582 133.40362630900543 469
1738679090621 147.3236943623771 470
1738679090661 193.05362905050623 471
1738679090700 146.67100123418666 472
1738679090739 232.04827654685582 473
1738679090778 177.1387970053836 474
1738679090817 140.10827473774953 475
1738679090856 242.91715717687168 476
1738679090897 124.926630765787 477
1738679090935 168.24700188648936 478
1738679090974 157.16142804602413 479
1738679091013 384.1074397198921 480
1738679091053 169.69483945828168 481
1738679091092 125.65257789640285 482
1738679091129 109.90286806953553 483
1738679091168 139.46359750425424 484
1738679091207 174.42817812336497 485
1738679091246 167.4590077430431 486
1738679091285 197.10282194264715 487
1738679091323 195.009113843006 488
1738679091362 202.94593606123223 489
1738679091401 187.18104777386387 490
1738679091440 122.94002289838421 491
1738679091479 150.9140055546175 492
1738679091517 208.14474391162588 493
1738679091556 179.13205194065276 494
1738679091595 174.1461604542206 495
1738679091634 141.81475270707716 496
1738679091672 144.14680175307234 497
1738679091711 185.83406678278246 498
1738679091750 259.9704320659873 499
