1738679839267 164.10272259146714 0
1738679839275 165.64041231393225 1
1738679839282 173.31138840275 2
1738679839289 167.39057944193087 3
1738679839296 167.20215981092377 4
1738679839303 169.67626757072443 5
1738679839309 167.03153546396842 6
1738679839315 173.33784746567545 7
1738679839322 175.0803093462746 8
1738679839327 170.9646025822774 9
1738679839333 170.9716873188557 10
1738679839339 168.85083507110642 11
1738679839345 171.93177693411207 12
1738679839351 166.30524445464033 13
1738679839358 170.1923139853908 14
1738679839364 174.49218551984097 15
1738679839370 165.72255884090603 16
1738679839375 167.73338112197132 17
1738679839381 169.1002277395561 18
1738679839387 167.84462312692787 19
1738679839395 167.87446790870845 20
1738679839401 171.50122403168479 21
1738679839408 169.7859992695576 22
1738679839414 168.40358301093028 23
1738679839420 168.23403948765315 24
1738679839426 163.77471295686874 25
1738679839431 168.77614100806065 26
1738679839437 168.47469409259733 27
1738679839443 167.04488231115823 28
1738679839449 172.06983481398356 29
1738679839456 166.5020041787847 30
1738679839462 166.68664380845493 31
1738679839468 169.80463539725412 32
1738679839475 170.42504531871052 33
1738679839481 170.39767550572614 34
1738679839488 168.75633222511297 35
1738679839495 166.73391311367183 36
1738679839502 168.71986362379488 37
1738679839510 168.53679451103204 38
1738679839517 165.26620761326618 39
1738679839524 165.01569007771786 40
1738679839531 166.89644939089186 41
1738679839538 167.45255072996585 42
1738679839545 166.59946586104073 43
1738679839552 170.336185541064 44
1738679839558 172.32487177922675 45
1738679839565 168.61587046352403 46
1738679839572 173.49281476886082 47
1738679839578 166.13550800144532 48
1738679839584 167.70067285561043 49
