1738823440348 65.67540452949461 0
1738823440365 55.718864651939555 1
1738823440383 48.848160382446245 2
1738823440406 71.41636025730318 3
1738823440427 30.991580986798986 4
1738823440445 39.61307103035096 5
1738823440464 30.357049346656858 6
1738823440487 28.993241531069167 7
1738823440507 27.724021112244966 8
1738823440529 15.230222151481348 9
1738823440559 24.57968215257152 10
1738823440586 16.61733199372987 11
1738823440604 14.542617997331725 12
1738823440625 14.444173470412723 13
1738823440646 9.695166638912681 14
1738823440671 11.126280545690365 15
1738823440693 12.809805208299691 16
1738823440716 8.221889586872779 17
1738823440737 8.75228423944516 18
1738823440758 6.609066216338605 19
1738823440775 7.562713011082645 20
1738823440796 5.87280758521448 21
1738823440814 6.870788676638032 22
1738823440830 4.277243352125012 23
1738823440858 4.637295506968952 24
1738823440879 4.265850759150107 25
1738823440906 3.3794178761882026 26
1738823440924 3.6324210959764542 27
1738823440937 2.368511382118015 28
1738823440962 2.334187084019706 29
1738823440983 1.5702658347316218 30
1738823441003 1.8671016449809517 31
1738823441025 2.7260219696651147 32
1738823441049 2.8037476733124405 33
1738823441070 2.0573009251159755 34
1738823441086 1.4057043315070767 35
1738823441114 1.3967396211152812 36
1738823441131 1.4695908576870464 37
1738823441147 1.1301967742364012 38
1738823441166 0.8894465068764343 39
1738823441182 1.2470446891270193 40
1738823441201 1.0308483643546256 41
1738823441217 0.9684232508092485 42
1738823441238 0.987396029237309 43
1738823441259 0.9958197639082561 44
1738823441278 0.6446365584501325 45
1738823441300 0.461135514157536 46
1738823441326 0.3903904595152377 47
1738823441363 0.5510589949000783 48
1738823441380 0.4662120097947554 49
1738823441398 0.6196996913823254 50
1738823441419 0.46430640940309725 51
1738823441436 0.5332900062699392 52
1738823441453 0.5480680285449662 53
1738823441475 0.4407350803544239 54
1738823441506 0.2952353064466992 55
1738823441528 0.37566696356197476 56
1738823441550 0.36469034756933816 57
1738823441570 0.2832546524894989 58
1738823441588 0.37056633520838844 59
1738823441604 0.3187409285330442 60
1738823441620 0.24005525416838894 61
1738823441646 0.21775294254868183 62
1738823441662 0.1940401766987871 63
1738823441673 0.19280506818628385 64
1738823441683 0.2632347835098271 65
1738823441700 0.17804847494641685 66
1738823441714 0.236167450291119 67
1738823441731 0.21061917450579412 68
1738823441762 0.19042587851026918 69
1738823441782 0.27860771379238836 70
1738823441800 0.13129631188812305 71
1738823441826 0.14941768299879862 72
1738823441844 0.20120049849440938 73
1738823441862 0.12129093378723275 74
1738823441879 0.1576709851501315 75
1738823441894 0.09459874568869978 76
1738823441911 0.1566082505641436 77
1738823441928 0.12940938935717053 78
1738823441947 0.14731551698627662 79
1738823441964 0.08691690357039174 80
1738823441982 0.12464034071406678 81
1738823442008 0.10272302474906994 82
1738823442030 0.14422427905342552 83
1738823442048 0.16624580446808498 84
1738823442072 0.15876058312418656 85
1738823442096 0.15212490592496672 86
1738823442115 0.14729883393031185 87
1738823442132 0.19049123954485975 88
1738823442148 0.09969167690658454 89
1738823442164 0.1357320569892121 90
1738823442179 0.13196822540478664 91
1738823442194 0.17834404457564954 92
1738823442210 0.09001956546685076 93
1738823442235 0.13867824107986254 94
1738823442255 0.07707527281327753 95
1738823442276 0.09983605980350262 96
1738823442298 0.1503142387642221 97
1738823442317 0.15360644324209044 98
1738823442335 0.09445420974815125 99
1738823442353 0.08775489154663359 100
1738823442369 0.07675256937451809 101
1738823442385 0.0653579269591188 102
1738823442403 0.09647894210983132 103
1738823442420 0.0987981533352147 104
1738823442437 0.10333788890283445 105
1738823442454 0.11186206680287494 106
1738823442469 0.07577200979305976 107
1738823442495 0.07588911569385347 108
1738823442516 0.1286845496080125 109
1738823442536 0.10496718257781891 110
1738823442560 0.07143239608277999 111
1738823442581 0.08549746978240189 112
1738823442600 0.19859405501705218 113
1738823442622 0.07311262446143847 114
1738823442645 0.1056529017499062 115
1738823442668 0.1045608277321539 116
1738823442686 0.08194435983055635 117
1738823442704 0.05975987921606305 118
1738823442727 0.08461314883382856 119
1738823442748 0.1130220285411989 120
1738823442770 0.08811357988385474 121
1738823442795 0.08177136297206725 122
1738823442818 0.1265076586023147 123
1738823442837 0.12807381378688304 124
1738823442860 0.08559932234436626 125
1738823442884 0.08479211856824395 126
1738823442903 0.1250269166840121 127
1738823442927 0.0882028567879854 128
1738823442949 0.06270424956743322 129
1738823442970 0.08668867374222074 130
1738823442992 0.12440100240944153 131
1738823443018 0.09061249094146955 132
1738823443037 0.07401057696337028 133
1738823443061 0.05335002373468965 134
1738823443087 0.09841092285410832 135
1738823443100 0.1422084308599004 136
1738823443116 0.07478342608605995 137
1738823443132 0.092443303441034 138
1738823443150 0.07465144684300488 139
1738823443167 0.10941567256209093 140
1738823443184 0.05059016244411669 141
1738823443201 0.09511280321686588 142
1738823443218 0.06930550362530856 143
1738823443240 0.09661846412910308 144
1738823443260 0.1665471909041617 145
1738823443284 0.09278436092356249 146
1738823443303 0.06491255799499882 147
1738823443320 0.1303334404282934 148
1738823443344 0.17694976991295627 149
1738823443367 0.07045556489511286 150
1738823443389 0.1423457023404008 151
1738823443412 0.1065230009018242 152
1738823443434 0.07176564320139413 153
1738823443459 0.06638357238197934 154
1738823443475 0.10099822536123929 155
1738823443493 0.10121538258790612 156
1738823443508 0.07536323688008485 157
1738823443522 0.06385081765051633 158
1738823443537 0.11218926777187374 159
1738823443555 0.07742461051449352 160
1738823443572 0.178655150589945 161
1738823443590 0.09077383082568495 162
1738823443610 0.10164536187645816 163
1738823443635 0.09880615384032546 164
1738823443658 0.08886282885470914 165
1738823443682 0.09611845546936924 166
1738823443697 0.06792574299550282 167
1738823443716 0.08085763813225989 168
1738823443737 0.07984134414029452 169
1738823443755 0.0625741771969477 170
1738823443779 0.07027592283208092 171
1738823443801 0.090133322033839 172
1738823443826 0.0752002030724161 173
1738823443856 0.07145589586375653 174
1738823443878 0.08918558451524501 175
1738823443900 0.08071867172043472 176
1738823443926 0.06803794177890456 177
1738823443949 0.057095430810517496 178
1738823443972 0.09189766741487658 179
1738823443995 0.04658652604626143 180
1738823444017 0.06508730842328421 181
1738823444039 0.09452429548003902 182
1738823444061 0.07405077344030865 183
1738823444080 0.08701599577650562 184
1738823444102 0.07137567011021423 185
1738823444124 0.09852885830532414 186
1738823444144 0.09248214036872544 187
1738823444166 0.07545710697122256 188
1738823444182 0.07466787554455903 189
1738823444208 0.08302633602798211 190
1738823444228 0.11667120469292412 191
1738823444255 0.10039393122974326 192
1738823444277 0.07867510229565558 193
1738823444301 0.09224630709801267 194
1738823444322 0.06725568313545487 195
1738823444347 0.09229453689259284 196
1738823444369 0.08785476543297524 197
1738823444394 0.06350072771382588 198
1738823444430 0.08926876418555105 199
1738823444453 0.08450249964918921 200
1738823444478 0.07039784215694152 201
1738823444499 0.07881850379644628 202
1738823444522 0.05464228069384101 203
1738823444545 0.11749614790002531 204
1738823444566 0.12656683492812995 205
1738823444586 0.09715121424858586 206
1738823444605 0.12487854254424333 207
1738823444624 0.10876108504899282 208
1738823444639 0.08876142069683833 209
1738823444655 0.08867651767195146 210
1738823444671 0.06274673512604127 211
1738823444689 0.08507250752720026 212
1738823444706 0.054700111859785704 213
1738823444724 0.0717371654245387 214
1738823444748 0.060207380381485674 215
1738823444770 0.10363280772589192 216
1738823444793 0.052671796319724316 217
1738823444811 0.08251077052721309 218
1738823444833 0.09284146030331265 219
1738823444858 0.07557910343659201 220
1738823444878 0.07697677279771475 221
1738823444899 0.07493797805046902 222
1738823444923 0.120005813608334 223
1738823444949 0.07979948874714457 224
1738823444970 0.09922288495763841 225
1738823444993 0.06468643176809075 226
1738823445015 0.10824794763043964 227
1738823445036 0.11953230152563718 228
1738823445053 0.0823498988960839 229
1738823445076 0.053981753480639966 230
1738823445098 0.08920689401945825 231
1738823445117 0.08297268073667852 232
1738823445139 0.07876286842178415 233
1738823445163 0.08973984348776413 234
1738823445192 0.07978098269186092 235
1738823445211 0.09807125581020054 236
1738823445236 0.09033665403921202 237
1738823445253 0.08510649575390809 238
1738823445270 0.11572193944452333 239
1738823445286 0.08119778307777717 240
1738823445303 0.07567372977253171 241
1738823445319 0.06176229594811801 242
1738823445335 0.07134505777450678 243
1738823445354 0.06651026709360001 244
1738823445373 0.12958206981449 245
1738823445393 0.0671741598350303 246
1738823445415 0.0685369776255812 247
1738823445432 0.09773578436549223 248
1738823445448 0.09954495525732249 249
1738823445468 0.07327976066150113 250
1738823445490 0.06965232953094641 251
1738823445516 0.049998540258226455 252
1738823445535 0.07633032276114521 253
1738823445558 0.09472702626479579 254
1738823445578 0.03677446469655813 255
1738823445596 0.07950365856050508 256
1738823445614 0.07251586896977255 257
1738823445627 0.11206243465928516 258
1738823445647 0.09592095027399465 259
1738823445663 0.06966449406534879 260
1738823445682 0.07742390840003506 261
1738823445705 0.07038593649567215 262
1738823445722 0.11287980797755864 263
1738823445744 0.07504456166322179 264
1738823445770 0.07056758926393596 265
1738823445793 0.07888555145041014 266
1738823445814 0.12519698557861372 267
1738823445837 0.0513811634296475 268
1738823445859 0.08718992444771048 269
1738823445874 0.07681802862188858 270
1738823445884 0.094105752321199 271
1738823445893 0.07300908693078202 272
1738823445901 0.062118671954765524 273
1738823445912 0.13764627966695034 274
1738823445924 0.09548802107625853 275
1738823445935 0.07043031799198687 276
1738823445946 0.08109854918401525 277
1738823445961 0.06650345358302014 278
1738823445999 0.09814542783742979 279
1738823446025 0.11328642640171316 280
1738823446057 0.05520303239753642 281
1738823446077 0.06935056954322952 282
1738823446099 0.05488080375593688 283
1738823446120 0.06664042738709457 284
1738823446147 0.10106214688462029 285
1738823446174 0.07161222905719664 286
1738823446198 0.10718771353104964 287
1738823446228 0.05229187870011641 288
1738823446255 0.05830784021447413 289
1738823446278 0.11028217255632505 290
1738823446299 0.1058147287070855 291
1738823446321 0.15586421803745895 292
1738823446342 0.12086359657017563 293
1738823446364 0.09378651205509571 294
1738823446392 0.06818013521534769 295
1738823446414 0.07354320604684147 296
1738823446443 0.08345601386965475 297
1738823446470 0.0810392544468467 298
1738823446493 0.07847632261897679 299
1738823446514 0.09065272856955628 300
1738823446536 0.09620652978061277 301
1738823446557 0.0589718864181541 302
1738823446579 0.14790335079909517 303
1738823446602 0.1482443629002411 304
1738823446626 0.13123034549458837 305
1738823446646 0.07496253064293557 306
1738823446670 0.10968288142652603 307
1738823446690 0.08209286453975535 308
1738823446709 0.0677555313520615 309
1738823446733 0.09677398224853309 310
1738823446756 0.07140238029501168 311
1738823446780 0.08917652799522656 312
1738823446814 0.09743894567541403 313
1738823446842 0.1504636979961535 314
1738823446858 0.07697134672759372 315
1738823446874 0.05789322122943052 316
1738823446893 0.10596018228231156 317
1738823446914 0.10043367839155465 318
1738823446931 0.07963381183121995 319
1738823446948 0.07003968057760958 320
1738823446968 0.10964555919099998 321
1738823446993 0.08315544114354421 322
1738823447019 0.0805357570743113 323
1738823447069 0.12281528641178303 324
1738823447089 0.11725461346960885 325
1738823447110 0.11060002994965369 326
1738823447119 0.045974567094548176 327
1738823447137 0.058149100487859144 328
1738823447155 0.041349805011447915 329
1738823447170 0.08529444953854214 330
1738823447191 0.06138210287563971 331
1738823447210 0.05874601129320688 332
1738823447227 0.12822309402160376 333
1738823447247 0.0681458830713878 334
1738823447264 0.08459941269455017 335
1738823447283 0.08937242691333883 336
1738823447300 0.07496208989861693 337
1738823447319 0.12246889310686822 338
1738823447338 0.08418066048577008 339
1738823447363 0.12221900319470559 340
1738823447387 0.0790940408712905 341
1738823447404 0.0685845860686739 342
1738823447429 0.1303123063047697 343
1738823447455 0.09724480223986114 344
1738823447475 0.07707304192534034 345
1738823447499 0.12371645997985997 346
1738823447525 0.04286183646050136 347
1738823447548 0.044829281948310616 348
1738823447569 0.07294964547014293 349
1738823447593 0.08583494741923431 350
1738823447617 0.08565341661691367 351
1738823447644 0.07467961897076163 352
1738823447664 0.09185462235827441 353
1738823447689 0.18753006072711956 354
1738823447716 0.0760867649638684 355
1738823447736 0.06498327674657293 356
1738823447752 0.099511389069593 357
1738823447768 0.057568131280795826 358
1738823447784 0.07243977922207305 359
1738823447800 0.08354993537754302 360
1738823447818 0.06696107695440995 361
1738823447840 0.07045848493719804 362
1738823447855 0.08117000390545566 363
1738823447881 0.10193866237496686 364
1738823447904 0.08785231813484273 365
1738823447926 0.06222486677748594 366
1738823447951 0.09772896545118047 367
1738823447971 0.05263041588529317 368
1738823447988 0.1209271513197602 369
1738823448006 0.07618945489678876 370
1738823448026 0.0692590621103439 371
1738823448042 0.07256041405498583 372
1738823448058 0.07629135455954082 373
1738823448076 0.09604893252199628 374
1738823448092 0.06874881824821596 375
1738823448105 0.11796206856052631 376
1738823448131 0.07525580198328138 377
1738823448148 0.13049978371519128 378
1738823448165 0.09594439096791928 379
1738823448186 0.1145672098834103 380
1738823448204 0.060545866300871956 381
1738823448221 0.11874025838902769 382
1738823448259 0.0866423458399399 383
1738823448285 0.08454648065930828 384
1738823448306 0.08054609910899523 385
1738823448329 0.11360226474284996 386
1738823448352 0.08569856800576837 387
1738823448373 0.056030912970226214 388
1738823448401 0.09206190768941495 389
1738823448428 0.051550533163568 390
1738823448453 0.11408456049246066 391
1738823448473 0.12170618993273437 392
1738823448505 0.09180525190526746 393
1738823448528 0.05974008023293314 394
1738823448555 0.07594423795418137 395
1738823448580 0.10581281834542035 396
1738823448607 0.07136223821502466 397
1738823448623 0.09747288333047932 398
1738823448642 0.08810687952453133 399
1738823448659 0.07980182707164621 400
1738823448677 0.055981335698198575 401
1738823448698 0.09754366301250952 402
1738823448715 0.08533181332329132 403
1738823448735 0.06473833638522665 404
1738823448757 0.06009577250225993 405
1738823448777 0.07526756864126857 406
1738823448808 0.06287578020646048 407
1738823448830 0.140946126314904 408
1738823448853 0.09922197241308188 409
1738823448876 0.1198384271666848 410
1738823448900 0.1280332046731437 411
1738823448923 0.09607352579742166 412
1738823448951 0.09851405621587504 413
1738823448971 0.084913201102803 414
1738823448989 0.07332699753853465 415
1738823449009 0.06703141731666473 416
1738823449027 0.10636088671752755 417
1738823449046 0.05517752370369205 418
1738823449063 0.10562430789690709 419
1738823449084 0.0947641922995636 420
1738823449102 0.09367683563335025 421
1738823449125 0.10668653704938161 422
1738823449151 0.061166080630785484 423
1738823449171 0.11032732231052825 424
1738823449193 0.08102319793954164 425
1738823449215 0.10077601705678295 426
1738823449235 0.07501633594581018 427
1738823449252 0.13520796210087827 428
1738823449267 0.07452541519975903 429
1738823449284 0.07496070732992167 430
1738823449300 0.08381268318859786 431
1738823449318 0.07964842046332216 432
1738823449336 0.09697813190002019 433
1738823449354 0.06893850670235065 434
1738823449373 0.10002578048158382 435
1738823449394 0.1334663827368399 436
1738823449415 0.060628755079147674 437
1738823449440 0.06914165959971434 438
1738823449466 0.0816477660735649 439
1738823449489 0.08641459824567374 440
1738823449517 0.06660602647783871 441
1738823449540 0.07507253872722608 442
1738823449564 0.09826921781134147 443
1738823449589 0.11467209039698724 444
1738823449614 0.10125826963698416 445
1738823449637 0.058683368779260156 446
1738823449665 0.07060993616327019 447
1738823449689 0.07576794914070094 448
1738823449724 0.05304526213207917 449
1738823449747 0.06851788962382087 450
1738823449770 0.10873295108947496 451
1738823449794 0.10122304113993119 452
1738823449821 0.09505477210621145 453
1738823449839 0.046559461441736276 454
1738823449856 0.12575265674081404 455
1738823449876 0.11448901448783609 456
1738823449896 0.0645401643289591 457
1738823449916 0.0766429613011592 458
1738823449933 0.13593738270511924 459
1738823449952 0.06931939517384565 460
1738823449971 0.10550222227367377 461
1738823449993 0.11659820985134395 462
1738823450017 0.08624096973271715 463
1738823450037 0.074697946477403 464
1738823450055 0.05424844729673874 465
1738823450080 0.0880160122640768 466
1738823450102 0.08616313281809608 467
1738823450126 0.07630041587680926 468
1738823450153 0.07744176621239092 469
1738823450176 0.07635128128725428 470
1738823450197 0.09844911528722679 471
1738823450217 0.12669850620765466 472
1738823450234 0.05635550624963799 473
1738823450250 0.1227474745984581 474
1738823450274 0.0790091212636333 475
