1738678399121 89.49065011880202 0
1738678399184 59.39279097521337 1
1738678399245 47.19701079251588 2
1738678399309 41.00774150667735 3
1738678399361 36.75800879885052 4
1738678399384 42.65879135976811 5
1738678399398 41.660606461846584 6
1738678399414 24.57665105753597 7
1738678399444 24.882299874465108 8
1738678399464 23.3693655794363 9
1738678399492 20.066927054199596 10
1738678399527 18.36676918620896 11
1738678399585 19.04594852078488 12
1738678399662 13.970045699714952 13
1738678399685 13.854066549360633 14
1738678399709 13.261342528673417 15
1738678399747 11.091611912531828 16
1738678399776 8.431573270991787 17
1738678399796 7.670536756235874 18
1738678399827 7.013364473849678 19
1738678399849 5.8075087613103165 20
1738678399872 4.692714951964165 21
1738678399898 4.312324172435565 22
1738678399921 4.549343889569884 23
1738678399948 4.164879950602193 24
1738678399968 4.661432629345426 25
1738678399987 2.2370764335498294 26
1738678400014 3.139086700617913 27
1738678400042 3.31041126850954 28
1738678400077 2.7294630543856133 29
1738678400103 2.0579092303351025 30
1738678400148 1.9570030448523648 31
1738678400200 1.5860210593705037 32
1738678400215 2.1537832694521946 33
1738678400230 1.1666634514293197 34
1738678400247 1.7206307747535237 35
1738678400262 1.5394053565718924 36
1738678400278 1.4239871241944921 37
1738678400294 2.092025499634966 38
1738678400310 0.7797097227135495 39
1738678400327 1.0969760394924004 40
1738678400346 0.6065079967144753 41
1738678400366 0.6624780156768674 42
1738678400387 0.9415592588549164 43
1738678400410 0.6943365771630426 44
1738678400435 0.9743801272623237 45
1738678400453 0.4003267537190393 46
1738678400476 0.5407277386939079 47
1738678400499 0.6861333026911771 48
1738678400512 0.5531760228686847 49
1738678400529 0.3221779105684949 50
1738678400566 0.5359958257256372 51
1738678400619 0.45556290823338486 52
1738678400664 0.3635179389904388 53
1738678400682 0.6011969785516308 54
1738678400698 0.3828470744174884 55
1738678400715 0.30461004143638254 56
1738678400732 0.22318806153089452 57
1738678400749 0.38833566987803225 58
1738678400769 0.2565529850185864 59
1738678400784 0.24502851594900893 60
1738678400799 0.28356675513761237 61
1738678400819 0.1994362224206996 62
1738678400836 0.2304099397982762 63
1738678400860 0.1669631828375806 64
1738678400880 0.17929175071207046 65
1738678400899 0.20760530384717854 66
1738678400919 0.27378463417666066 67
1738678400943 0.17504899047772782 68
1738678400959 0.1334846393577518 69
1738678400979 0.23344053035122062 70
1738678400995 0.24403612756968518 71
1738678401011 0.19998074879589306 72
1738678401028 0.202881611788396 73
1738678401042 0.2163897363050224 74
1738678401066 0.14801036068409665 75
1738678401096 0.21887197458850946 76
1738678401121 0.15414143363116253 77
1738678401145 0.1145337055732209 78
1738678401164 0.07469591236680385 79
1738678401186 0.15502498297507894 80
1738678401203 0.1383031807334981 81
1738678401225 0.22478772981058529 82
1738678401243 0.080883211565891 83
1738678401258 0.11823271841023426 84
1738678401275 0.17233531775098254 85
1738678401296 0.11340642418341255 86
1738678401325 0.08949678238556666 87
1738678401343 0.1209570350856815 88
1738678401362 0.10547599788751003 89
1738678401380 0.18552065678307172 90
1738678401399 0.07770761310437345 91
1738678401413 0.09579373529930255 92
1738678401427 0.1721653406507949 93
1738678401441 0.10948051761012699 94
1738678401458 0.10878061998025189 95
1738678401477 0.11570458503368582 96
1738678401509 0.09551617381823163 97
1738678401528 0.08013339817791638 98
1738678401554 0.08216785177080702 99
1738678401573 0.0949753446522647 100
1738678401587 0.09917970171080336 101
1738678401600 0.09732461886375114 102
1738678401623 0.06630769135839641 103
1738678401639 0.14102692041348122 104
1738678401648 0.153466791906183 105
1738678401667 0.09433349141722186 106
1738678401682 0.09318746094459104 107
1738678401698 0.12624792724824532 108
1738678401719 0.08004266403510721 109
1738678401736 0.10931929801222544 110
1738678401758 0.11436998419968679 111
1738678401781 0.05536525583341885 112
1738678401802 0.09781495446221541 113
1738678401821 0.0901975110701652 114
1738678401838 0.07543119425789117 115
1738678401858 0.14652525041615955 116
1738678401892 0.06054502454100345 117
1738678401907 0.07944028768099798 118
1738678401923 0.08914559495256262 119
1738678401939 0.09909698353855688 120
1738678401951 0.09646709302074585 121
1738678401964 0.07651576687096404 122
1738678401981 0.07873934113949747 123
1738678401997 0.09087687385150739 124
1738678402013 0.13001281736428683 125
1738678402028 0.09766794684985643 126
1738678402047 0.10252007314867194 127
1738678402062 0.09626947718226572 128
1738678402080 0.10777458231134174 129
1738678402111 0.07753813897353586 130
1738678402154 0.08828108744601496 131
1738678402170 0.07426950509564642 132
1738678402196 0.1045855396547258 133
1738678402213 0.08001033846833729 134
1738678402230 0.07444869003462436 135
1738678402244 0.07841930378034813 136
1738678402258 0.1648149510868444 137
1738678402274 0.07913994274198514 138
1738678402294 0.07431149334634894 139
1738678402310 0.07557274542923015 140
1738678402329 0.10980570916982287 141
1738678402346 0.08334036727933646 142
1738678402365 0.07434080808239404 143
1738678402392 0.11409314156094548 144
1738678402426 0.09221505883451059 145
1738678402448 0.11442865998316944 146
1738678402466 0.08657279561080679 147
1738678402481 0.09363984820836242 148
1738678402496 0.07440316860159088 149
1738678402511 0.06452929037100624 150
1738678402526 0.0638435443227864 151
1738678402541 0.07245014044799246 152
1738678402565 0.0837638504578172 153
1738678402579 0.0893102832194828 154
1738678402597 0.082239839100126 155
1738678402617 0.13099396622844528 156
1738678402635 0.08236106192135881 157
1738678402653 0.08238895269766956 158
1738678402669 0.09945461697853757 159
1738678402692 0.08073965047709822 160
1738678402710 0.06839106331495827 161
1738678402731 0.06914250616368876 162
1738678402747 0.11575749230963354 163
1738678402763 0.07884738135432252 164
1738678402778 0.07417958647918219 165
1738678402793 0.1151990698525062 166
1738678402809 0.08858351455444805 167
1738678402835 0.10192007673962278 168
1738678402870 0.07312055152512834 169
1738678402884 0.12106738612509461 170
1738678402900 0.08320680818702698 171
1738678402927 0.07148732112103129 172
1738678402944 0.05723438729427887 173
1738678402973 0.11237583182188329 174
1738678402990 0.08956083965642794 175
1738678403017 0.11269594413695522 176
1738678403043 0.0638910234883772 177
1738678403061 0.06266800207831053 178
1738678403075 0.0949718878971253 179
1738678403092 0.09459097834539831 180
1738678403107 0.08091505226484647 181
1738678403121 0.10839894585795333 182
1738678403139 0.10353997207905612 183
1738678403154 0.10258025981576947 184
1738678403170 0.06562883310931318 185
1738678403185 0.08463630885618707 186
1738678403203 0.09183074978096224 187
1738678403227 0.0632497541539788 188
1738678403253 0.057944560273118506 189
1738678403270 0.06451424721762124 190
1738678403289 0.08219119314060193 191
1738678403307 0.09471064538361172 192
1738678403328 0.11273559189705126 193
1738678403351 0.09294765207915162 194
1738678403369 0.10076531026434735 195
1738678403385 0.08095812166910829 196
1738678403406 0.07978518327429578 197
1738678403422 0.10162802672029558 198
1738678403445 0.1311469423996405 199
1738678403462 0.10747834558812419 200
1738678403487 0.1262199931651535 201
1738678403507 0.061788775736461334 202
1738678403522 0.07118775627792263 203
1738678403544 0.07828281291007824 204
1738678403573 0.0528757070887269 205
1738678403599 0.06917654160277718 206
1738678403629 0.06755990557488353 207
1738678403660 0.09807961511191973 208
1738678403677 0.07920876073614062 209
1738678403700 0.10412571964738927 210
1738678403716 0.06914270625639579 211
1738678403733 0.11155791143991163 212
1738678403750 0.11262768110335254 213
1738678403769 0.056612634742907876 214
1738678403787 0.12917313067973932 215
1738678403804 0.040864191033388966 216
1738678403820 0.07604504505103711 217
1738678403843 0.05253221016305263 218
1738678403862 0.10014425158316563 219
1738678403892 0.07328870570579053 220
1738678403945 0.07351344987276416 221
1738678403957 0.11179142222219464 222
1738678403969 0.12445101973091917 223
1738678403983 0.09754145360563139 224
1738678403992 0.07287359428539796 225
1738678404009 0.11628429490155141 226
1738678404024 0.10475406704246787 227
1738678404038 0.0738778237535478 228
1738678404052 0.10672896018039539 229
1738678404067 0.06772586224492234 230
1738678404089 0.08098384377808263 231
1738678404110 0.06465532986857812 232
1738678404127 0.060126782967724834 233
1738678404145 0.05780900861672011 234
1738678404167 0.10062213186971454 235
1738678404184 0.09463363524940974 236
1738678404203 0.08328744190265043 237
1738678404221 0.10168249909338742 238
1738678404239 0.07068972373855946 239
1738678404259 0.08919453643830597 240
1738678404277 0.09067243450896895 241
1738678404293 0.10368289110200761 242
1738678404317 0.09826535022927214 243
1738678404332 0.10267601044720859 244
1738678404351 0.06788091024043606 245
1738678404368 0.05959648061442961 246
1738678404389 0.08577061797539633 247
1738678404413 0.13427230018036634 248
1738678404431 0.07845246930150272 249
1738678404444 0.09761685692460256 250
1738678404463 0.09161731309900156 251
1738678404494 0.09207201584879052 252
1738678404511 0.09188274345515691 253
1738678404530 0.08685001147146026 254
1738678404549 0.11284668028437612 255
1738678404566 0.08051803199016842 256
1738678404581 0.06282862732007746 257
1738678404598 0.07415374404787918 258
1738678404615 0.11956364496428248 259
1738678404631 0.07744241887385411 260
1738678404647 0.09310981725057257 261
1738678404666 0.10198306412659944 262
1738678404683 0.09060232183955072 263
1738678404700 0.08386302944331066 264
1738678404721 0.11771825512434039 265
1738678404741 0.12889601473673085 266
1738678404759 0.06571850044917975 267
1738678404775 0.08427819124333145 268
1738678404792 0.10358718645803507 269
1738678404811 0.08839624187879558 270
1738678404826 0.09720050560043067 271
1738678404841 0.08832690700233516 272
1738678404860 0.07896356390168256 273
1738678404876 0.12354181183501965 274
1738678404895 0.13038894822178015 275
1738678404908 0.09927927855549129 276
1738678404924 0.08178666396596337 277
1738678404938 0.07509230531631057 278
1738678404955 0.05652551716336459 279
1738678404970 0.07952940808269779 280
1738678404989 0.05595675795719229 281
1738678405006 0.09556952071864172 282
1738678405023 0.09716990690264966 283
1738678405040 0.0956102840229077 284
1738678405056 0.07829647485613239 285
1738678405072 0.07686376912549506 286
1738678405086 0.06426356962592138 287
1738678405103 0.0593466048027825 288
1738678405120 0.07798177686934768 289
1738678405135 0.06901734279831466 290
1738678405149 0.05678513268420679 291
1738678405165 0.04950109199599835 292
1738678405180 0.07947655298972353 293
1738678405200 0.10437748755958341 294
1738678405214 0.09192499707220782 295
1738678405230 0.08593079277562521 296
1738678405245 0.0939365374321393 297
1738678405260 0.08255428263039002 298
1738678405276 0.08307378276612934 299
1738678405290 0.09724183058373335 300
1738678405306 0.07626509934451776 301
1738678405321 0.08922572936911898 302
1738678405336 0.08532960527904188 303
1738678405353 0.08210694573381229 304
1738678405371 0.1314174107897838 305
1738678405389 0.08317060349833527 306
1738678405404 0.08840421554774115 307
1738678405421 0.10597664497326864 308
1738678405437 0.0806942935071499 309
1738678405453 0.0872091501652212 310
1738678405477 0.07577555580439191 311
1738678405506 0.08532985638019484 312
1738678405522 0.06631199564677352 313
1738678405537 0.1279923848727703 314
1738678405552 0.06193842565561443 315
1738678405566 0.10429445760957556 316
1738678405581 0.05681460613250349 317
1738678405595 0.12915700983212333 318
1738678405610 0.06620559357600081 319
1738678405625 0.07142528442143645 320
1738678405640 0.06793340118043095 321
1738678405655 0.0780782364056773 322
1738678405671 0.09180606014860856 323
1738678405687 0.07225447938076023 324
1738678405704 0.04884154803696674 325
1738678405721 0.12378067374027077 326
1738678405738 0.10872296744518603 327
1738678405757 0.08218419104545269 328
1738678405774 0.0858791984293862 329
1738678405789 0.08148059082655161 330
1738678405806 0.04848085838261642 331
1738678405821 0.12218393499009536 332
1738678405838 0.06840386429929014 333
1738678405854 0.0643779248191224 334
1738678405870 0.07532565533897252 335
1738678405886 0.060530084365663754 336
1738678405909 0.06067385805693048 337
1738678405926 0.10857294946718053 338
1738678405943 0.09230369349488642 339
1738678405965 0.0785549381943112 340
1738678405985 0.06967249043157184 341
1738678406000 0.08417180812127477 342
1738678406022 0.10542994007636179 343
1738678406039 0.04659325240770492 344
1738678406054 0.10369965870655104 345
1738678406069 0.10312137505471967 346
1738678406089 0.09228106535850471 347
1738678406108 0.05382680548425597 348
1738678406126 0.10168974575451281 349
1738678406142 0.08148383277324649 350
1738678406161 0.09618762291488438 351
1738678406178 0.05406553654829049 352
1738678406194 0.05654819794782514 353
1738678406211 0.08909036813986157 354
1738678406228 0.07197109708604661 355
1738678406252 0.06755924098996703 356
1738678406278 0.0748830792751681 357
1738678406301 0.11622054240821178 358
1738678406317 0.06464305029948428 359
1738678406334 0.0837848158523021 360
1738678406350 0.14911156210426182 361
1738678406365 0.09601243089472568 362
1738678406379 0.06861181639789558 363
1738678406395 0.07820902187674009 364
1738678406410 0.09927530708175594 365
1738678406427 0.07676600757575766 366
1738678406441 0.08986263179136417 367
1738678406457 0.08986236640941288 368
1738678406473 0.07079818699663588 369
1738678406490 0.07083939627726979 370
1738678406504 0.0642538636084607 371
1738678406519 0.07493696985005859 372
1738678406533 0.11543539660102804 373
1738678406545 0.10989815964850269 374
1738678406561 0.0736063354846593 375
1738678406577 0.08317166167270161 376
1738678406594 0.08146742799122875 377
1738678406609 0.04345440661691295 378
1738678406626 0.09793105497336062 379
1738678406642 0.04663633307692121 380
1738678406658 0.09715085243630935 381
1738678406672 0.16248403344594237 382
1738678406687 0.05820168004111561 383
1738678406703 0.10571678985057162 384
1738678406718 0.07283462125626151 385
1738678406732 0.07154512786587423 386
1738678406748 0.08371775343461967 387
1738678406762 0.03446631957946984 388
1738678406777 0.08593778534862326 389
1738678406791 0.07702315796894257 390
1738678406806 0.10588653486078156 391
1738678406819 0.10315419262724233 392
1738678406837 0.07077224424799954 393
1738678406850 0.09730960068863886 394
1738678406866 0.06307566288281534 395
1738678406881 0.11137084235464792 396
1738678406899 0.10220124848817033 397
1738678406915 0.0850490454331107 398
1738678406931 0.11652454905638074 399
1738678406947 0.09908532626040381 400
1738678406967 0.07577893492460047 401
1738678406987 0.1178008481250994 402
1738678407012 0.12334565682235021 403
1738678407038 0.11723108529307102 404
1738678407055 0.07078064132863245 405
1738678407071 0.08524073017802562 406
1738678407091 0.09185786813337593 407
1738678407116 0.07602865338380731 408
1738678407138 0.06644909305150157 409
1738678407157 0.06847482327838725 410
1738678407174 0.06278034770700537 411
1738678407191 0.08572958412315192 412
1738678407210 0.0796522811100251 413
1738678407235 0.10804203684769238 414
1738678407250 0.10369967932588549 415
1738678407265 0.08206173179737607 416
1738678407285 0.06219564698534902 417
1738678407302 0.1022663975987955 418
1738678407323 0.1013641561348712 419
1738678407340 0.09692482949679582 420
1738678407357 0.11956903047394603 421
1738678407375 0.10071454226367683 422
1738678407395 0.11085861177414734 423
1738678407415 0.07764273700132575 424
1738678407439 0.06478613982233898 425
1738678407455 0.09240169668057599 426
1738678407479 0.05342138480009842 427
1738678407505 0.06510400994990513 428
1738678407529 0.11747907611188883 429
1738678407559 0.09118553390710173 430
1738678407580 0.09730094765055834 431
1738678407599 0.0939432066930544 432
1738678407616 0.10783880683663673 433
1738678407630 0.05973646409330682 434
1738678407645 0.11053853240329264 435
1738678407662 0.1068539653729231 436
1738678407680 0.16236268339428914 437
1738678407697 0.12211703334065119 438
1738678407715 0.066940210314187 439
1738678407736 0.06397944407987458 440
1738678407754 0.12903025411491334 441
1738678407778 0.12561316568896264 442
1738678407800 0.08215454891659725 443
1738678407822 0.06473816559092725 444
1738678407849 0.07899897645819262 445
1738678407874 0.07613892085767977 446
1738678407900 0.06785814754273058 447
1738678407924 0.06657647489141985 448
1738678407952 0.061130454191490324 449
1738678407976 0.08809204349600985 450
1738678407990 0.1023923666296683 451
1738678408009 0.10579373592302165 452
1738678408027 0.08867242121164995 453
1738678408045 0.06821900366167369 454
1738678408060 0.06608364898400497 455
1738678408077 0.0717528190908289 456
1738678408094 0.07258995494900017 457
1738678408109 0.10994136885434115 458
1738678408133 0.0979077489440372 459
1738678408150 0.15542707492201757 460
1738678408165 0.09215632484464434 461
1738678408179 0.0846345858376735 462
1738678408195 0.12813376118315736 463
1738678408227 0.13326738989337925 464
1738678408302 0.0889583173000995 465
1738678408333 0.09002030671197668 466
1738678408349 0.07071478180449155 467
1738678408370 0.07397407993513974 468
1738678408386 0.07890066945934388 469
1738678408396 0.06499954478576486 470
1738678408415 0.05701333067423127 471
1738678408424 0.07072703950189042 472
1738678408438 0.10759072548315866 473
1738678408455 0.058281605236091175 474
1738678408475 0.09725485385893941 475
1738678408497 0.07037438593685712 476
1738678408539 0.12039488570928251 477
1738678408560 0.058871605898944614 478
1738678408576 0.06850307657101629 479
1738678408593 0.07387298144395821 480
1738678408611 0.0879982092063247 481
1738678408627 0.09641797903460712 482
1738678408649 0.07527692528585173 483
1738678408674 0.06351924754095083 484
1738678408691 0.05229025704923414 485
1738678408708 0.107783648100055 486
1738678408722 0.10299805280628246 487
1738678408738 0.10525764521651304 488
1738678408754 0.10645309996231597 489
1738678408768 0.0877837120220728 490
1738678408783 0.0985320328134613 491
1738678408797 0.09653210491777005 492
1738678408810 0.08056244827038012 493
1738678408831 0.07378292740190089 494
1738678408885 0.07571277199260848 495
1738678408902 0.07774003104897069 496
1738678408921 0.07831232476290864 497
1738678408937 0.07050545982943483 498
1738678408953 0.09335288243147512 499
