1738824872480 169.648426306746 0
1738824872504 169.63992445364565 1
1738824872530 169.62987714932672 2
1738824872559 169.61849198055947 3
1738824872582 169.60596035647777 4
1738824872596 169.59245785942434 5
1738824872619 169.57814477771967 6
1738824872641 169.56316676857818 7
1738824872675 169.54765560962596 8
1738824872741 169.5317300059274 9
1738824872788 169.51549642638662 10
1738824872808 169.49904994911188 11
1738824872823 169.48247510001173 12
1738824872840 169.46584667271088 13
1738824872858 169.44923052097843 14
1738824872872 169.4326843173647 15
1738824872889 169.41625827375898 16
1738824872903 169.39999582118398 17
1738824872921 169.38393424741344 18
1738824872943 169.36810529199204 19
1738824872965 169.35253569900237 20
1738824872986 169.33724772850525 21
1738824873005 169.322259628011 22
1738824873058 169.3075860656476 23
1738824873096 169.29323852690268 24
1738824873141 169.27922567695026 25
1738824873184 169.2655536906432 26
1738824873204 169.2522265522746 27
1738824873233 169.23924632719792 28
1738824873252 169.22661340735027 29
1738824873273 169.21432673265966 30
1738824873291 169.20238399023543 31
1738824873310 169.19078179315338 32
1738824873351 169.1795158405456 33
1738824873383 169.16858106060764 34
1738824873446 169.15797173803102 35
1738824873470 169.14768162726867 36
1738824873501 169.13770405293963 37
1738824873527 169.1280319985838 38
1738824873548 169.11865818488383 39
1738824873564 169.10957513838224 40
1738824873585 169.10077525163837 41
1738824873607 169.09225083568998 42
1738824873630 169.08399416561016 43
1738824873648 169.0759975198804 44
1738824873668 169.06825321423693 45
1738824873693 169.06075363058667 46
1738824873710 169.0534912415334 47
1738824873729 169.04645863100535 48
1738824873746 169.03964851142612 49
1738824873764 169.03305373782956 50
1738824873781 169.02666731927846 51
1738824873802 169.02048242791193 52
1738824873823 169.01449240591202 53
1738824873842 169.0086907706513 54
1738824873864 169.00307121825514 55
1738824873885 168.99762762578823 56
1738824873904 168.99235405225136 57
1738824873926 168.98724473855572 58
1738824873951 168.98229410662157 59
1738824873975 168.97749675773414 60
1738824873993 168.9728474702717 61
1738824874010 168.96834119690973 62
1738824874035 168.96397306139173 63
1738824874050 168.9597383549468 64
1738824874065 168.95563253242375 65
1738824874079 168.95165120820423 66
1738824874093 168.94779015194723 67
1738824874118 168.94404528421316 68
1738824874132 168.94041267200691 69
1738824874148 168.93688852427553 70
1738824874165 168.93346918738993 71
1738824874181 168.9301511406376 72
1738824874205 168.92693099174653 73
1738824874230 168.9238054724602 74
1738824874248 168.92077143417825 75
1738824874264 168.91782584367573 76
1738824874283 168.91496577891178 77
1738824874302 168.9121884249354 78
1738824874323 168.90949106989552 79
1738824874340 168.9068711011604 80
1738824874356 168.9043260015492 81
1738824874371 168.9018533456797 82
1738824874387 168.89945079643203 83
1738824874403 168.8971161015303 84
1738824874418 168.8948470902416 85
1738824874435 168.8926416701913 86
1738824874459 168.89049782429385 87
1738824874482 168.88841360779733 88
1738824874505 168.88638714543924 89
1738824874529 168.8844166287115 90
1738824874555 168.88250031323244 91
1738824874576 168.8806365162219 92
1738824874597 168.87882361407765 93
1738824874616 168.87706004004934 94
1738824874632 168.87534428200718 95
1738824874658 168.87367488030196 96
1738824874676 168.87205042571352 97
