1738679019555 170.08280291374595 0
1738679019572 170.07808149380085 1
1738679019592 170.07337795802232 2
1738679019614 170.0686922365844 3
1738679019630 170.06402425993912 4
1738679019654 170.0593739588154 5
1738679019670 170.05474126421774 6
1738679019687 170.05012610742548 7
1738679019703 170.0455284199913 8
1738679019720 170.04094813374047 9
1738679019739 170.0363851807694 10
1738679019779 170.03183949344486 11
1738679019798 170.02731100440278 12
1738679019817 170.02279964654699 13
1738679019836 170.01830535304853 14
1738679019856 170.01382805734414 15
1738679019875 170.0093676931356 16
1738679019893 170.00492419438828 17
1738679019908 170.00049749533048 18
1738679019924 169.99608753045192 19
1738679019940 169.9916942345031 20
1738679019962 169.98731754249397 21
1738679019974 169.98295738969307 22
1738679019985 169.97861371162637 23
1738679019999 169.97428644407634 24
1738679020012 169.96997552308076 25
1738679020026 169.96568088493186 26
1738679020040 169.96140246617526 27
1738679020054 169.95714020360882 28
1738679020067 169.95289403428174 29
1738679020083 169.94866389549367 30
1738679020100 169.94444972479337 31
1738679020121 169.94025145997807 32
1738679020138 169.9360690390922 33
1738679020153 169.9319024004265 34
1738679020167 169.92775148251712 35
1738679020183 169.92361622414452 36
1738679020197 169.91949656433243 37
1738679020210 169.915392442347 38
1738679020223 169.9113037976959 39
1738679020235 169.90723057012696 40
1738679020248 169.90317269962776 41
1738679020262 169.89913012642418 42
1738679020275 169.8951027909798 43
1738679020288 169.89109063399457 44
1738679020300 169.8870935964043 45
1738679020313 169.8831116193794 46
1738679020326 169.879144644324 47
1738679020338 169.875192612875 48
1738679020358 169.87125546690135 49
1738679020375 169.8673331485027 50
1738679020388 169.86342560000892 51
1738679020402 169.85953276397873 52
1738679020415 169.8559765107166 53
1738679020427 169.8524335264309 54
1738679020441 169.84890375927475 55
1738679020454 169.8453871576081 56
1738679020469 169.8418836699971 57
1738679020482 169.83839324521324 58
1738679020496 169.83491583223258 59
1738679020510 169.8314513802348 60
1738679020527 169.82799983860232 61
1738679020542 169.82456115691974 62
1738679020556 169.82113528497283 63
1738679020573 169.81772217274775 64
1738679020588 169.81432177043033 65
1738679020602 169.81093402840506 66
1738679020615 169.80755889725458 67
1738679020632 169.8041963277586 68
1738679020648 169.8008462708933 69
1738679020665 169.79750867783048 70
1738679020680 169.7941834999367 71
1738679020693 169.79087068877263 72
1738679020706 169.7875701960921 73
1738679020719 169.78428197384144 74
1738679020731 169.7810059741588 75
1738679020744 169.77774214937315 76
1738679020756 169.77449045200356 77
1738679020768 169.7712508347586 78
1738679020782 169.76802325053538 79
1738679020797 169.76480765241897 80
1738679020810 169.76160399368146 81
1738679020825 169.7584122277814 82
1738679020840 169.75523230836282 83
1738679020854 169.75206418925464 84
1738679020868 169.74890782447 85
1738679020887 169.7457631682053 86
1738679020900 169.74263017483955 87
1738679020915 169.73950879893368 88
1738679020939 169.73639899522993 89
1738679020961 169.7333007186507 90
1738679020977 169.73021392429834 91
1738679020995 169.727138567454 92
1738679021012 169.72407460357726 93
1738679021027 169.72102198830504 94
1738679021042 169.71798067745124 95
1738679021055 169.71495062700586 96
1738679021070 169.71193179313426 97
1738679021086 169.70892413217646 98
1738679021107 169.70592760064656 99
1738679021121 169.70294215523194 100
1738679021168 169.6999677527925 101
1738679021183 169.6970043503601 102
1738679021202 169.69405190513774 103
1738679021222 169.6911103744991 104
1738679021239 169.68817971598753 105
1738679021253 169.68525988731554 106
1738679021269 169.6823508463642 107
1738679021283 169.67945255118224 108
1738679021300 169.67656495998563 109
1738679021315 169.6736880311567 110
1738679021328 169.6708217232436 111
1738679021341 169.66796599495942 112
1738679021360 169.66512080518189 113
1738679021374 169.66228611295236 114
1738679021389 169.65946187747542 115
1738679021402 169.65664805811807 116
1738679021421 169.65384461440905 117
1738679021435 169.65105150603827 118
1738679021450 169.64826869285622 119
1738679021469 169.64549613487318 120
1738679021491 169.64273379225864 121
1738679021509 169.63998162534065 122
1738679021521 169.63723959460523 123
1738679021540 169.63450766069573 124
1738679021555 169.63178578441202 125
1738679021572 169.62907392671005 126
1738679021587 169.62637204870134 127
1738679021602 169.623680111652 128
1738679021617 169.6209980769823 129
1738679021635 169.61832590626622 130
1738679021652 169.61566356123038 131
1738679021667 169.61301100375397 132
1738679021685 169.61036819586766 133
1738679021706 169.6077350997534 134
1738679021721 169.60511167774337 135
1738679021736 169.60249789231978 136
1738679021753 169.59989370611407 137
1738679021767 169.59729908190627 138
1738679021781 169.59471398262463 139
1738679021800 169.59213837134456 140
1738679021816 169.58957221128875 141
1738679021841 169.5870154658258 142
1738679021855 169.5844680984702 143
1738679021868 169.58193007288153 144
1738679021885 169.5794013528638 145
1738679021900 169.57688190236505 146
1738679021914 169.57437168547662 147
1738679021927 169.5718706664327 148
1738679021940 169.5693788096096 149
1738679021955 169.56689607952532 150
1738679021968 169.56442244083897 151
1738679021980 169.56195785834993 152
1738679021991 169.55950229699792 153
1738679022004 169.55705572186162 154
1738679022016 169.55461809815873 155
1738679022031 169.55218939124524 156
1738679022046 169.54976956661463 157
1738679022060 169.54735858989778 158
1738679022074 169.54495642686194 159
1738679022104 169.5425630434105 160
1738679022122 169.54017840558228 161
1738679022140 169.53780247955117 162
1738679022154 169.53543523162537 163
1738679022168 169.53307662824687 164
1738679022183 169.5307266359912 165
1738679022200 169.52838522156645 166
1738679022220 169.52605235181304 167
1738679022236 169.52372799370326 168
1738679022256 169.52141211434034 169
1738679022274 169.51910468095835 170
1738679022290 169.51680566092145 171
1738679022313 169.51451502172335 172
1738679022332 169.51223273098705 173
1738679022348 169.5099587564639 174
1738679022372 169.50769306603343 175
1738679022386 169.50543562770258 176
1738679022400 169.50318640960558 177
1738679022416 169.50094538000297 178
1738679022433 169.49871250728123 179
1738679022449 169.4964877599526 180
1738679022471 169.49427110665417 181
1738679022486 169.49206251614748 182
1738679022503 169.4898619573181 183
1738679022519 169.48766939917527 184
1738679022535 169.48548481085098 185
1738679022555 169.48330816159978 186
1738679022573 169.48113942079837 187
1738679022586 169.4789785579448 188
1738679022598 169.4768255426583 189
1738679022610 169.47468034467863 190
1738679022622 169.4725429338654 191
1738679022637 169.47041328019816 192
1738679022651 169.46829135377527 193
1738679022664 169.4661771248138 194
1738679022677 169.464070563649 195
1738679022691 169.46197164073376 196
1738679022707 169.45988032663814 197
1738679022756 169.45779659204902 198
1738679022770 169.45572040776938 199
1738679022789 169.45365174471817 200
1738679022803 169.4515905739295 201
1738679022820 169.44953686655248 202
1738679022839 169.44749059385052 203
1738679022854 169.44545172720095 204
1738679022870 169.44342023809472 205
1738679022890 169.4413960981356 206
1738679022907 169.43937927904017 207
1738679022926 169.4373697526369 208
1738679022944 169.4353674908661 209
1738679022962 169.43337246577917 210
1738679022983 169.4313846495384 211
1738679023003 169.4294040144163 212
1738679023021 169.4274305327953 213
1738679023038 169.42546417716738 214
1738679023055 169.42350492013335 215
1738679023071 169.42155273440267 216
1738679023088 169.41960759279291 217
1738679023102 169.41766946822938 218
1738679023120 169.4157383337446 219
1738679023129 169.41381416247793 220
1738679023139 169.41189692767512 221
1738679023151 169.40998660268795 222
1738679023157 169.40808316097363 223
1738679023164 169.4061865760947 224
1738679023171 169.4042968217182 225
1738679023181 169.4024138716155 226
1738679023189 169.40053769966195 227
1738679023203 169.3986682798362 228
1738679023217 169.39680558621995 229
1738679023231 169.39494959299765 230
1738679023247 169.39310027445578 231
1738679023262 169.3912576049827 232
1738679023279 169.38942155906818 233
1738679023301 169.3875921113029 234
1738679023317 169.38576923637817 235
1738679023339 169.38395290908548 236
1738679023354 169.38214310431596 237
1738679023368 169.3803397970603 238
1738679023391 169.378542962408 239
1738679023405 169.37675257554721 240
1738679023423 169.3749686117642 241
1738679023437 169.3731910464431 242
1738679023448 169.37141985506537 243
1738679023462 169.36965501320938 244
1738679023474 169.3678964965503 245
1738679023488 169.36614428085937 246
1738679023502 169.3643983420038 247
1738679023515 169.36265865594606 248
1738679023528 169.36092519874381 249
1738679023540 169.3591979465494 250
1738679023553 169.35747687560942 251
1738679023566 169.35576196226447 252
1738679023580 169.35405318294858 253
1738679023595 169.35235051418908 254
1738679023609 169.350653932606 255
1738679023622 169.34896341491188 256
1738679023636 169.3472789379112 257
1738679023651 169.34560047850027 258
1738679023663 169.3439280136666 259
1738679023680 169.3422615204887 260
1738679023693 169.34060097613573 261
1738679023711 169.3389463578669 262
1738679023728 169.33729764303146 263
1738679023742 169.33565480906807 264
1738679023759 169.3340178335046 265
1738679023774 169.33238669395755 266
1738679023791 169.33076136813204 267
1738679023806 169.3291418338211 268
1738679023825 169.32752806890568 269
1738679023837 169.32592005135388 270
1738679023853 169.32431775922092 271
1738679023867 169.32272117064872 272
1738679023881 169.32113026386546 273
1738679023904 169.31954501718536 274
1738679023924 169.3179654090081 275
1738679023940 169.31639141781895 276
1738679023954 169.3148230221878 277
1738679023968 169.3132602007694 278
1738679023981 169.31170293230258 279
1738679023994 169.3101511956102 280
1738679024007 169.30860496959866 281
1738679024019 169.30706423325773 282
1738679024032 169.30552896565993 283
