1738680344398 173.89031771396614 0
1738680344405 169.3726124272084 1
1738680344412 172.1993504289149 2
1738680344418 170.72767603893547 3
1738680344424 169.71888944438714 4
1738680344430 172.5700164755328 5
1738680344436 170.7715977702121 6
1738680344442 170.15910775246687 7
1738680344448 166.75264789614855 8
1738680344454 171.3577174950226 9
1738680344460 169.55339293525958 10
1738680344465 167.40093559059252 11
1738680344471 170.2303512054848 12
1738680344478 170.43405602138574 13
1738680344484 169.8677973289594 14
1738680344490 170.45455613791702 15
1738680344497 168.02172160617846 16
1738680344503 167.38541564538352 17
1738680344509 168.7748680519132 18
1738680344515 167.1926920654017 19
1738680344521 167.83375542300794 20
1738680344527 169.10696246425604 21
1738680344533 170.11146565431744 22
1738680344539 171.6736836883488 23
1738680344545 168.8096725957071 24
1738680344552 169.3703319403317 25
1738680344558 167.6910382052609 26
1738680344565 165.10306586573483 27
