1738677690548 111.69775762679912 0
1738677690564 96.96794894111868 1
1738677690581 90.88629788379896 2
1738677690598 93.05462130997773 3
1738677690617 83.28801542033978 4
1738677690634 90.98193020297343 5
1738677690651 76.35905843203204 6
1738677690675 81.91304531721467 7
1738677690690 81.37733023396005 8
1738677690705 82.43585266596142 9
1738677690719 64.62813550935797 10
1738677690734 64.77754847357657 11
1738677690749 71.0103461755298 12
1738677690767 58.277828148413086 13
1738677690782 69.37886929001242 14
1738677690808 57.90480467858202 15
1738677690830 57.53684928470274 16
1738677690850 59.91279965315974 17
1738677690867 46.18037206701014 18
1738677690886 77.70360048130804 19
1738677690934 60.89671665499593 20
1738677690955 45.66485876149639 21
1738677691014 61.92764160223423 22
1738677691036 77.03243447845848 23
1738677691051 47.36694059899991 24
1738677691070 42.02850279060175 25
1738677691087 38.87302658408725 26
1738677691104 49.954617514450995 27
1738677691122 38.68792556022271 28
1738677691137 38.34090134604491 29
1738677691155 63.82230078239195 30
1738677691169 46.90078243383955 31
1738677691186 61.09459429494774 32
1738677691207 47.53918949214417 33
1738677691221 48.60069507670848 34
1738677691235 46.073589791214424 35
1738677691251 74.32529273616646 36
1738677691266 48.672497271975864 37
1738677691282 37.88853127874564 38
1738677691302 46.19418300581543 39
1738677691320 36.15332419313454 40
1738677691340 40.253248431147945 41
1738677691357 39.60469245827395 42
1738677691377 42.50972052303184 43
1738677691394 40.83221335828044 44
1738677691409 38.31760950668094 45
1738677691433 43.10197360469937 46
1738677691448 32.76505799350287 47
1738677691464 40.26926490294935 48
1738677691479 40.85560677743268 49
1738677691496 32.13509614107903 50
1738677691511 39.6258426430213 51
1738677691527 46.422326263953025 52
1738677691552 33.95385044440433 53
1738677691592 30.779124974334735 54
1738677691609 28.24525141624017 55
1738677691631 33.54495237556199 56
1738677691658 36.18519760616457 57
1738677691686 35.6584176721541 58
1738677691702 31.27324456097665 59
1738677691719 32.84002938557265 60
1738677691731 40.353725154956244 61
1738677691746 33.206338131603566 62
1738677691761 36.9075728434684 63
1738677691776 33.95058020846416 64
1738677691794 35.85186204374978 65
1738677691812 31.520750053011664 66
1738677691831 27.414279020660338 67
1738677691858 24.76594889924179 68
1738677691879 26.778480451275872 69
1738677691893 33.87727874794165 70
1738677691906 26.802719138963592 71
1738677691956 25.776769514475834 72
1738677691980 32.71826089922984 73
1738677691992 26.1654329916378 74
1738677692002 32.816398266563084 75
1738677692017 29.857843060785353 76
1738677692038 22.433012453972715 77
1738677692053 26.897908033376094 78
1738677692068 22.98279845599771 79
1738677692086 27.549320548505953 80
1738677692102 24.092653743450477 81
1738677692152 22.315301123342994 82
1738677692178 24.563439777870148 83
1738677692198 29.889708030133455 84
1738677692226 25.887559971093868 85
1738677692243 39.25400176460501 86
1738677692264 26.930577738802523 87
1738677692279 24.205737431372125 88
1738677692298 23.177996302176386 89
1738677692324 28.67038874193684 90
1738677692340 25.198466735545615 91
1738677692361 20.872392665560852 92
1738677692378 16.645362290806425 93
1738677692430 17.886637005403475 94
1738677692451 22.685516396601443 95
1738677692464 21.213853550237577 96
1738677692479 16.044976012380896 97
1738677692494 30.454680744005213 98
1738677692509 31.486961262065698 99
1738677692526 34.9897413754886 100
1738677692544 23.74351967486022 101
1738677692559 23.876833284533873 102
1738677692573 20.871759349923263 103
1738677692589 22.400890402576803 104
1738677692603 16.414342317744175 105
1738677692619 21.674870058831054 106
1738677692634 20.190169910302494 107
1738677692650 19.443635422211692 108
1738677692663 14.10954108659864 109
1738677692679 14.097779995279238 110
1738677692692 19.44049401172297 111
1738677692705 21.935538748942257 112
1738677692718 20.43775666496249 113
1738677692732 17.55838278916752 114
1738677692746 15.508201210140074 115
1738677692761 20.755317003157444 116
1738677692775 18.091806856123984 117
1738677692789 18.637112743702787 118
1738677692804 24.94239626085641 119
1738677692829 20.293807289225807 120
1738677692845 17.181501407646607 121
1738677692858 15.662019548514944 122
1738677692872 18.50533266084098 123
1738677692888 16.53583023147116 124
1738677692902 14.995630005589652 125
1738677692915 15.632028354293254 126
1738677692927 13.396028769525168 127
1738677692940 14.133432611279998 128
1738677692954 15.47039730728513 129
1738677692966 14.940025104469024 130
1738677692979 21.442778392496844 131
1738677692993 15.516460063497384 132
1738677693007 9.741680194575489 133
1738677693022 11.095755526298348 134
1738677693036 16.431061363557898 135
1738677693050 15.769077742042727 136
1738677693066 13.488491135698444 137
1738677693080 10.817279990785812 138
1738677693095 18.745260083499055 139
1738677693109 17.474440516073656 140
1738677693125 13.324584783350979 141
1738677693139 18.89961755098904 142
1738677693155 10.830388262917802 143
1738677693170 11.611286291186753 144
1738677693184 12.003684125515196 145
1738677693198 12.273827858725218 146
1738677693212 12.601343495058282 147
1738677693229 18.919800288727128 148
1738677693244 10.089929518336739 149
1738677693258 10.978717980067454 150
1738677693273 12.58613710445394 151
1738677693289 7.7974074598666805 152
1738677693303 15.727835378180954 153
1738677693319 9.88769230628005 154
1738677693335 10.900417820465705 155
1738677693354 12.305202961235063 156
1738677693375 15.371587888733783 157
1738677693393 12.646118448938434 158
1738677693418 11.190143892672952 159
1738677693440 11.122227006324055 160
1738677693463 11.922129061811384 161
1738677693492 11.002907810404688 162
1738677693512 9.818764937427279 163
1738677693538 9.584495898981139 164
1738677693555 10.0860390964071 165
1738677693579 8.941939276934459 166
1738677693601 10.612760309528026 167
1738677693622 11.98059052934736 168
1738677693643 10.584296873743696 169
1738677693666 9.053026800908448 170
1738677693684 9.815724069073255 171
1738677693702 9.556822241161214 172
1738677693720 9.734123650589167 173
1738677693733 9.414697570168059 174
1738677693748 8.448887616694652 175
1738677693761 8.010080558012739 176
1738677693778 13.159637887632494 177
1738677693797 8.804304965151236 178
1738677693821 6.727539741241768 179
1738677693843 8.647766966853082 180
1738677693867 10.804137032465368 181
1738677693889 8.792499224500723 182
1738677693911 9.218971056308904 183
1738677693932 9.525432518505234 184
1738677693949 9.4185173335166 185
1738677693968 8.39751266779511 186
1738677693983 6.866109796004647 187
1738677694006 8.289816600613358 188
1738677694024 7.152987586659608 189
1738677694039 8.73376290104105 190
1738677694053 5.907545990623438 191
1738677694068 6.9069537737875155 192
1738677694083 10.087803448496249 193
1738677694100 7.392558372864418 194
1738677694114 6.584639820025845 195
1738677694131 6.796824336816801 196
1738677694145 5.550941460995508 197
1738677694163 5.954459573492984 198
1738677694185 7.0307236825677375 199
1738677694203 8.151581043348248 200
1738677694219 8.485143248505418 201
1738677694236 7.916075141562794 202
1738677694251 5.599993115256098 203
1738677694268 7.7948308200364735 204
1738677694284 5.4615543284516725 205
1738677694301 7.031631297058982 206
1738677694318 5.788423707990449 207
1738677694333 7.0907682377710595 208
1738677694348 5.665543541435107 209
1738677694364 8.656217794365705 210
1738677694381 5.644293193251088 211
1738677694396 5.361167020160647 212
1738677694418 7.156782121430435 213
1738677694431 4.89637342631381 214
1738677694446 5.607172869832158 215
1738677694462 5.873248208347613 216
1738677694476 7.067036859928337 217
1738677694490 6.821025152595497 218
1738677694506 5.362455254268313 219
1738677694522 4.961615936210884 220
1738677694539 3.993777075731367 221
1738677694556 6.889364211328623 222
1738677694573 6.892271831157508 223
1738677694589 5.535775078638145 224
1738677694606 5.01428484991293 225
1738677694621 4.55103968805845 226
1738677694637 4.575088681367547 227
1738677694654 6.919410428590687 228
1738677694672 4.088140376111804 229
1738677694691 5.233761995977047 230
1738677694706 4.55675475866118 231
1738677694723 4.914540092769969 232
1738677694743 5.064179229371683 233
1738677694760 5.751325463336956 234
1738677694779 7.4377597599376175 235
1738677694794 5.414494827566993 236
1738677694813 5.87630391244465 237
1738677694844 3.958659048516162 238
1738677694880 4.252309979127928 239
1738677694905 4.052198460073685 240
1738677694922 4.3935847598758855 241
1738677694940 5.97011149398507 242
1738677694958 4.237040249425347 243
1738677694974 4.65063906277 244
1738677694994 3.2066850581921407 245
1738677695015 4.209590415366264 246
1738677695030 4.567448100470346 247
1738677695048 4.301573518076767 248
1738677695068 6.026017878007545 249
1738677695089 3.8508475562366034 250
1738677695103 3.640974637967561 251
1738677695126 4.857890070783931 252
1738677695144 5.859468220625592 253
1738677695162 4.305562239328781 254
1738677695188 3.954082841632775 255
1738677695210 3.7932586150621352 256
1738677695230 5.98528033415446 257
1738677695252 3.910499350799214 258
1738677695276 3.619583454722516 259
1738677695297 4.291871783871336 260
1738677695316 3.216046072203109 261
1738677695338 4.17107434972423 262
1738677695364 6.32287277397208 263
1738677695388 3.0348269555258516 264
1738677695416 3.4307505871972124 265
1738677695434 2.9070269406777127 266
1738677695488 3.8322666442031017 267
1738677695587 3.2976232249594877 268
1738677695604 3.7746942429326946 269
1738677695618 4.062952772563364 270
1738677695634 3.1049456845246906 271
1738677695649 3.2298657415424934 272
1738677695665 4.183970586403097 273
1738677695680 3.181448224031541 274
1738677695695 3.362527397103496 275
1738677695713 4.208405962202651 276
1738677695729 3.5099844922620576 277
1738677695743 2.9536034348397813 278
1738677695759 2.657696189319324 279
1738677695778 3.923102600196319 280
1738677695794 4.438539264521638 281
1738677695816 2.3247453675213903 282
1738677695835 4.930774174048898 283
1738677695850 3.3974727626516485 284
1738677695868 3.233573419101163 285
1738677695881 3.6094894324210047 286
1738677695899 3.4269959262972884 287
1738677695912 3.4310155601154957 288
1738677695932 3.0381803591348686 289
1738677695949 2.7892274760184326 290
1738677695964 3.5123328781285768 291
1738677695981 2.836681111673902 292
1738677695999 2.1242006679693803 293
1738677696015 4.047789924034447 294
1738677696032 3.0690190783137723 295
1738677696052 2.4596910986142726 296
1738677696075 2.8295254776226892 297
1738677696098 2.161846856744425 298
1738677696116 2.619974990723151 299
1738677696142 3.7482162137223045 300
1738677696169 1.9300899439243353 301
1738677696187 2.838273315858875 302
1738677696201 2.5872828927120413 303
1738677696219 3.305159927537537 304
1738677696241 2.319860343119927 305
1738677696259 2.6947213247790933 306
1738677696278 2.0696224986589544 307
1738677696303 2.5631502949535583 308
1738677696320 2.7871367901914006 309
1738677696336 2.0922333944603357 310
1738677696353 4.102709125339937 311
1738677696372 2.2489938162632583 312
1738677696386 2.860220153780138 313
1738677696403 2.206745046495391 314
1738677696419 2.184001549220374 315
1738677696444 1.7296269561582964 316
1738677696463 1.8909464260049382 317
1738677696479 2.965690663957679 318
1738677696499 1.748946954094744 319
1738677696520 1.2709152200690235 320
1738677696540 2.085254022692796 321
1738677696557 2.268585161810702 322
1738677696573 3.9576147366786496 323
1738677696592 4.290348621554295 324
1738677696614 1.844401468013214 325
1738677696631 2.0021726513352136 326
1738677696649 2.0517385576227345 327
1738677696665 2.3494755920858243 328
1738677696679 1.7375360485213114 329
1738677696697 2.0340357457608436 330
1738677696712 2.4582210629685988 331
1738677696727 1.5534400023316908 332
1738677696742 1.5017294372731222 333
1738677696756 2.260464922082777 334
1738677696772 1.6491338726949725 335
1738677696788 1.5536780077544166 336
1738677696809 1.4636129634553345 337
1738677696832 1.406910407714166 338
1738677696848 2.0140798865200495 339
1738677696867 1.884753328944191 340
1738677696885 1.8953844052812554 341
1738677696915 1.52467974991603 342
1738677696929 2.020559696908008 343
1738677696942 2.146968710611884 344
1738677696961 1.6925539790289945 345
1738677696976 1.6772183407469634 346
1738677696992 1.3289200085430364 347
1738677697007 1.7202864495617949 348
1738677697025 1.442132997524428 349
1738677697041 1.8053223734270154 350
1738677697059 1.5193556614394956 351
1738677697078 1.2863798885629907 352
1738677697099 1.619597407122919 353
1738677697116 1.8709220763498764 354
1738677697139 1.4271227854780573 355
1738677697154 1.5706509832837445 356
1738677697171 2.871984324977911 357
1738677697193 1.7170012168961837 358
1738677697215 1.961243607579972 359
1738677697246 1.6577373024649185 360
1738677697266 2.198388341822429 361
1738677697282 1.7110343127168706 362
1738677697303 1.1708220962600746 363
1738677697328 1.014811859093139 364
1738677697352 1.970572467034701 365
1738677697379 1.6082606793743843 366
1738677697396 1.296138185087388 367
1738677697416 1.1787230414658907 368
1738677697431 1.9808035917957947 369
1738677697443 2.0707884222573805 370
1738677697457 1.173033475093708 371
1738677697473 3.0677961704154866 372
1738677697489 1.3522249581517485 373
1738677697505 1.3964741179018327 374
1738677697521 1.2441006029569193 375
1738677697538 1.495630105724279 376
1738677697555 1.7677150650828006 377
1738677697571 0.9410124944686069 378
1738677697592 1.086612044064336 379
1738677697609 1.2153937175263119 380
1738677697626 1.348484547704331 381
1738677697640 1.267287339310124 382
1738677697658 1.4168415031412613 383
1738677697676 1.2914471954718316 384
1738677697689 1.3555568322080063 385
1738677697705 1.394262775830424 386
1738677697724 1.6110579309706516 387
1738677697736 1.1389423301581387 388
1738677697751 1.2195313275894182 389
1738677697766 1.1812139713687433 390
1738677697780 0.9710165754469802 391
1738677697795 1.1953574967535123 392
1738677697810 2.18860478777878 393
1738677697825 1.164468717656766 394
1738677697840 1.1904857937288218 395
1738677697856 1.0080784283891362 396
1738677697873 1.1721974552943928 397
1738677697889 0.8372364328439876 398
1738677697905 1.3234103936358932 399
1738677697919 1.1934164016022037 400
1738677697948 1.2399375540443243 401
1738677697970 1.186702832954563 402
1738677697988 1.1033623242211186 403
1738677698010 0.8337785539092711 404
1738677698033 1.1291050543759125 405
1738677698060 1.4568778786570336 406
1738677698090 1.1926448442889879 407
1738677698118 1.814052541414781 408
1738677698134 1.36262808136739 409
1738677698152 1.4087894816345767 410
1738677698169 0.7746458201114099 411
1738677698187 1.1711899801379257 412
1738677698206 0.959685935234781 413
1738677698222 1.088719200184122 414
1738677698237 0.9972714380583533 415
1738677698252 1.3026287237608662 416
1738677698268 1.3732199291285299 417
1738677698284 0.8936603488554001 418
1738677698308 0.7824193483880518 419
1738677698328 0.7788145155314284 420
1738677698353 0.7433997052726085 421
1738677698372 1.3826321427491646 422
1738677698390 0.7889542147637975 423
1738677698409 0.9837446183711304 424
1738677698428 0.800079442651291 425
1738677698443 1.6683086924803598 426
1738677698460 0.8368124724056594 427
1738677698473 1.1584220309824251 428
1738677698488 0.7793520253655898 429
1738677698501 1.227083371813834 430
1738677698515 1.118046576203856 431
1738677698529 0.9017543650252876 432
1738677698547 1.1668850375141162 433
1738677698563 1.31847406753246 434
1738677698579 1.403104781443372 435
1738677698595 1.0874586571860232 436
1738677698612 1.3179921553874607 437
1738677698627 0.8445962644714661 438
1738677698645 0.9406370399493712 439
1738677698660 0.8447450256399588 440
1738677698675 0.8446693453854266 441
1738677698691 0.6797070732929561 442
1738677698706 0.8454695177885649 443
1738677698721 0.9230219041763567 444
1738677698735 1.1930883226310005 445
1738677698752 1.0661808680665616 446
1738677698772 0.6514251419367656 447
1738677698786 0.7341460472943674 448
1738677698800 0.6908503545541195 449
1738677698816 0.599115499821936 450
1738677698831 0.7376149153540411 451
1738677698846 1.0862645924933678 452
1738677698861 0.7972502193733682 453
1738677698876 0.6453746394334575 454
1738677698891 0.8874914725844698 455
1738677698906 0.7102271784113611 456
1738677698920 0.8861119674474819 457
1738677698940 0.837229646708929 458
1738677698957 1.037297865777197 459
1738677698974 0.6538373691585712 460
1738677698995 0.8829574849972661 461
1738677699016 0.6512333703562069 462
1738677699038 0.6112130214207494 463
1738677699055 0.7965244332953817 464
1738677699070 0.8317533146146028 465
1738677699084 0.4602754495484377 466
1738677699098 0.7109988697835299 467
1738677699112 1.3636727454518112 468
1738677699125 0.6981086710974655 469
1738677699138 0.6372651325438955 470
1738677699151 1.0305485401768806 471
1738677699166 0.7506418390926052 472
1738677699183 0.3779838287734897 473
1738677699196 0.5524462241214027 474
1738677699211 0.44667319623752794 475
1738677699226 0.6268326887633257 476
1738677699240 0.7845103726864665 477
1738677699255 0.5161387852033218 478
1738677699273 0.6380060690146564 479
1738677699291 0.9319403957151219 480
1738677699306 0.3492685127565381 481
1738677699321 0.4790280920939238 482
1738677699336 0.47516320158325476 483
1738677699351 0.8902364389572248 484
1738677699372 0.5106929265734361 485
1738677699388 0.5341084464041367 486
1738677699404 0.5264031354549147 487
1738677699417 0.5843426869964091 488
1738677699432 0.6698000490563033 489
1738677699447 0.456181575633888 490
1738677699468 0.608823448042521 491
1738677699496 0.7073049680521326 492
1738677699509 0.4658486913979441 493
1738677699525 0.8429178590193819 494
1738677699542 0.4691932376722209 495
1738677699556 0.7293862939661352 496
1738677699574 0.5355554362602795 497
1738677699595 0.6021455007674291 498
1738677699614 0.5181430332425826 499
