1738678254790 169.4806387665546 0
1738678254810 169.39270517785576 1
1738678254839 169.29645068422198 2
1738678254858 169.19274852685885 3
1738678254877 169.08238716104574 4
1738678254896 168.96607822267703 5
1738678254918 168.84446379400885 6
1738678254936 168.71812302077225 7
1738678254960 168.58757813094527 8
1738678254995 168.45329990317111 9
1738678255016 168.31571263022667 10
1738678255040 168.1751986202046 11
1738678255054 168.0321022752696 12
1738678255068 167.88673378505501 13
1738678255082 167.7393724690254 14
1738678255110 167.59026979948723 15
1738678255123 167.4396521343987 16
1738678255144 167.28772318673725 17
1738678255166 167.13466625492882 18
1738678255195 166.98064623673739 19
1738678255213 166.82581144705216 20
1738678255230 166.67029525819422 21
1738678255254 166.51421757968663 22
1738678255275 166.3576861928879 23
1738678255308 166.20079795447108 24
1738678255326 166.04363988143203 25
1738678255343 165.88629012912168 26
1738678255457 165.72881887271606 27
1738678255482 165.57128910154574 28
1738678255496 165.41375733481198 29
1738678255511 165.25627426639556 30
1738678255524 165.0988853457263 31
1738678255535 164.9416313010033 32
1738678255552 164.78454861045032 33
1738678255568 164.6276699267343 34
1738678255583 164.4710244591774 35
1738678255596 164.3146383179377 36
1738678255612 164.15853482392598 37
1738678255628 164.00273478785635 38
1738678255643 163.8472567614927 39
1738678255657 163.692117263852 40
1738678255669 163.5373309848537 41
1738678255682 163.3829109686572 42
1738678255697 163.2288687787084 43
1738678255712 163.0752146463159 44
1738678255727 162.92195760439708 45
1738678255741 162.76910560787118 46
1738678255764 162.61666564203117 47
1738678255784 162.46464382009074 48
1738678255801 162.31304547098873 49
1738678255825 162.16187521841988 50
1738678255850 162.01113705196985 51
1738678255879 161.86083439114063 52
1738678255896 161.71097014297695 53
1738678255911 161.5615467539322 54
1738678255932 161.4125662565493 55
1738678255956 161.2640303114739 56
1738678255975 161.11594024526647 57
1738678255995 160.96829708443283 58
1738678256020 160.821101586051 59
1738678256036 160.67435426533424 60
1738678256056 160.52805542043632 61
1738678256076 160.38220515477514 62
1738678256091 160.2368033971222 63
1738678256119 160.0918499196815 64
1738678256135 159.9473443543583 65
1738678256158 159.80328620739974 66
1738678256170 159.65967487256856 67
1738678256197 159.5165096429984 68
1738678256213 159.3737897218605 69
1738678256226 159.2315142319624 70
1738678256239 159.08968222438406 71
1738678256254 158.9482926862487 72
1738678256282 158.80734454771385 73
1738678256305 158.66683668826172 74
1738678256324 158.52676794235794 75
1738678256339 158.38713710454215 76
1738678256363 158.24794293400785 77
1738678256391 158.10918415872166 78
1738678256407 157.97085947912848 79
1738678256423 157.8329675714843 80
1738678256443 157.69550709085308 81
1738678256461 157.5584766738023 82
1738678256489 157.4218749408261 83
1738678256520 157.2857004985248 84
1738678256536 157.14995194156364 85
1738678256555 157.0146278544337 86
1738678256574 156.87972681303486 87
1738678256596 156.74524738609776 88
1738678256615 156.61118813646218 89
1738678256635 156.47754762222468 90
1738678256652 156.34432439777012 91
1738678256676 156.21151701469728 92
1738678256691 156.07912402265043 93
1738678256709 155.94714397006496 94
1738678256727 155.81557540483715 95
1738678256745 155.6844168749241 96
1738678256767 155.5536669288824 97
1738678256792 155.42332411635022 98
1738678256811 155.29338698847948 99
1738678256827 155.1638540983227 100
1738678256857 155.03472400117926 101
1738678256875 154.90599525490455 102
1738678256892 154.77766642018685 103
1738678256910 154.64973606079403 104
1738678256929 154.52220274379374 105
1738678256942 154.3950650397496 106
1738678256961 154.26832152289577 107
1738678256979 154.14197077129208 108
1738678256996 154.01601136696166 109
1738678257015 153.8904418960129 110
1738678257034 153.7652609487471 111
1738678257049 153.64046711975377 112
1738678257073 153.51605900799393 113
1738678257097 153.39203521687364 114
1738678257121 153.26839435430796 115
1738678257137 153.1451350327767 116
1738678257162 153.02225586937257 117
1738678257174 152.89975548584297 118
1738678257187 152.77763250862506 119
1738678257202 152.6558855688761 120
1738678257216 152.53451330249842 121
1738678257229 152.41351435016034 122
1738678257249 152.2928873573128 123
1738678257271 152.17263097420272 124
1738678257292 152.05274385588302 125
1738678257314 151.93322466221997 126
1738678257330 151.81407205789782 127
1738678257346 151.69528471242094 128
1738678257371 151.5768613001145 129
1738678257391 151.45880050012266 130
1738678257408 151.3411009964054 131
1738678257424 151.22376147773397 132
1738678257444 151.10678063768458 133
1738678257458 150.99015717463158 134
1738678257491 150.8738897917388 135
1738678257519 150.75797719695058 136
1738678257539 150.64241810298157 137
1738678257561 150.52721122730594 138
1738678257579 150.41235529214586 139
1738678257599 150.2978490244594 140
1738678257618 150.18369115592785 141
1738678257635 150.06988042294262 142
1738678257650 149.95641556659172 143
1738678257679 149.8432953326458 144
1738678257718 149.73051847154395 145
1738678257737 149.61808373837914 146
1738678257754 149.5059898928835 147
1738678257768 149.39423569941317 148
1738678257785 149.28281992693326 149
1738678257799 149.17174134900247 150
1738678257812 149.06099874375747 151
1738678257826 148.9505908938973 152
1738678257843 148.8405165866677 153
1738678257857 148.73077461384528 154
1738678257875 148.6213637717216 155
1738678257894 148.51228286108707 156
1738678257917 148.40353068721524 157
1738678257937 148.29510605984643 158
1738678257971 148.18700779317197 159
1738678258003 148.0792347058179 160
1738678258022 147.9717856208289 161
1738678258051 147.86465936565236 162
1738678258071 147.75785477212202 163
1738678258094 147.65137067644216 164
1738678258112 147.54520591917122 165
1738678258130 147.4393593452061 166
1738678258143 147.33382980376592 167
1738678258168 147.22861614837592 168
1738678258187 147.12371723685177 169
1738678258200 147.0191319312834 170
1738678258217 146.9148590980193 171
1738678258240 146.81089760765025 172
1738678258254 146.70724633499418 173
1738678258274 146.6039041590797 174
1738678258290 146.50086996313073 175
1738678258309 146.3981426345507 176
1738678258331 146.29572106490699 177
1738678258345 146.19360414991525 178
1738678258364 146.09179078942378 179
1738678258379 145.99027988739823 180
1738678258409 145.88907035190593 181
1738678258429 145.7881610951006 182
1738678258452 145.68755103320703 183
1738678258474 145.58723908650566 184
1738678258494 145.4872241793175 185
1738678258524 145.38750523998877 186
1738678258540 145.28808120087584 187
1738678258553 145.1889509983301 188
1738678258570 145.0901135726831 189
1738678258585 144.99156786823113 190
1738678258602 144.89331283322096 191
1738678258616 144.7953474198342 192
1738678258629 144.69767058417324 193
1738678258651 144.60028128624577 194
1738678258672 144.5031784899507 195
1738678258686 144.406361163063 196
1738678258701 144.30982827721937 197
1738678258714 144.21357880790364 198
1738678258729 144.1176117344323 199
1738678258742 144.02192603993987 200
1738678258761 143.9265207113648 201
1738678258787 143.83139473943476 202
1738678258802 143.73654711865285 203
1738678258818 143.64197684728296 204
1738678258847 143.54768292733567 205
1738678258863 143.45366436455427 206
1738678258875 143.35992016840058 207
1738678258891 143.2664493520409 208
1738678258917 143.17325093233214 209
1738678258941 143.08032392980786 210
1738678258957 142.9876673686644 211
1738678258976 142.89528027674703 212
1738678258998 142.80316168553634 213
1738678259015 142.71131063013434 214
1738678259035 142.61972614925088 215
1738678259059 142.5284072851901 216
1738678259079 142.4373530838369 217
1738678259114 142.34656259464327 218
1738678259130 142.25603487061503 219
1738678259145 142.16576896829827 220
1738678259168 142.07576394776612 221
1738678259193 141.98601887260546 222
1738678259215 141.8965328099035 223
1738678259242 141.80730483023478 224
1738678259257 141.7183340076479 225
1738678259272 141.62961941965256 226
1738678259288 141.54116014720623 227
1738678259309 141.4529552747015 228
1738678259323 141.3650038899529 229
1738678259338 141.277305084184 230
1738678259352 141.1898579520147 231
1738678259365 141.10266159144825 232
1738678259388 141.01571510385867 233
1738678259404 140.92901759397782 234
1738678259438 140.842568169883 235
1738678259454 140.75636594298416 236
1738678259473 140.67041002801133 237
1738678259520 140.58469954300222 238
1738678259538 140.49923360928955 239
1738678259557 140.41401135148897 240
1738678259575 140.32903189748626 241
1738678259589 140.2442943784253 242
1738678259602 140.1597979286957 243
1738678259619 140.07554168592054 244
1738678259639 139.9915247909442 245
1738678259657 139.90774638782014 246
1738678259686 139.824205623799 247
1738678259701 139.74090164931636 248
1738678259718 139.6578336179807 249
1738678259734 139.5750006865617 250
1738678259754 139.49240201497798 251
1738678259770 139.41003676628551 252
1738678259788 139.32790410666564 253
1738678259804 139.2460032054133 254
1738678259822 139.16433323492538 255
1738678259855 139.0828933706889 256
1738678259869 139.0016827912695 257
1738678259884 138.92070067829965 258
1738678259904 138.83994621646735 259
1738678259920 138.75941859350428 260
1738678259943 138.67911700017464 261
1738678259958 138.59904063026352 262
1738678259996 138.5191886805656 263
1738678260015 138.4395603508738 264
1738678260038 138.36015484396788 265
1738678260059 138.28097136560334 266
1738678260076 138.20200912450005 267
1738678260100 138.1232673323312 268
1738678260120 138.04474520371213 269
1738678260137 137.96644195618913 270
1738678260155 137.8883568102286 271
1738678260168 137.81048898920582 272
1738678260187 137.73283771939418 273
1738678260200 137.65540222995412 274
1738678260216 137.5781817529223 275
1738678260231 137.50117552320077 276
1738678260244 137.42438277854617 277
1738678260271 137.3478027595589 278
1738678260294 137.27143470967255 279
1738678260309 137.19527787514298 280
1738678260325 137.11933150503802 281
1738678260341 137.04359485122652 282
1738678260362 136.968067168368 283
1738678260380 136.89274771390214 284
1738678260421 136.8176357480382 285
1738678260446 136.74273053374466 286
1738678260462 136.66803133673872 287
1738678260479 136.59353742547611 288
1738678260508 136.5192480711406 289
1738678260525 136.44516254763377 290
1738678260545 136.37128013156487 291
1738678260569 136.2976001022405 292
1738678260591 136.2241217416544 293
1738678260613 136.15084433447745 294
1738678260635 136.0777671680476 295
1738678260652 136.00488953235956 296
1738678260672 135.93221072005525 297
1738678260687 135.8597300264133 298
1738678260711 135.78744674933944 299
1738678260738 135.7153601893566 300
1738678260759 135.64346964959486 301
1738678260773 135.57177443578183 302
1738678260790 135.50027385623264 303
1738678260804 135.42896722184048 304
1738678260821 135.35785384606658 305
1738678260839 135.28693304493075 306
1738678260853 135.21620413700163 307
1738678260871 135.14566644338714 308
1738678260886 135.07531928772488 309
1738678260910 135.00516199617257 310
1738678260929 134.93519389739868 311
1738678260950 134.86541432257278 312
1738678260966 134.79582260535628 313
1738678260992 134.72641808189294 314
1738678261007 134.65720009079965 315
1738678261020 134.58816797315686 316
1738678261049 134.51932107249954 317
1738678261065 134.45065873480786 318
1738678261078 134.38218030849796 319
1738678261091 134.31388514441267 320
1738678261119 134.24577259581267 321
1738678261136 134.177842018367 322
1738678261162 134.11009277014418 323
1738678261179 134.0425242116033 324
1738678261204 133.9751357055847 325
1738678261224 133.90792661730134 326
1738678261238 133.84089631432954 327
1738678261254 133.77404416660028 328
1738678261272 133.70736954639025 329
1738678261293 133.64087182831312 330
1738678261312 133.57455038931062 331
1738678261325 133.5084046086437 332
1738678261342 133.44243386788403 333
1738678261363 133.37663755090514 334
1738678261378 133.31101504387368 335
1738678261399 133.24556573524097 336
1738678261416 133.18028901573427 337
1738678261437 133.11518427834818 338
1738678261454 133.05025091833622 339
1738678261480 132.9854883332022 340
1738678261502 132.92089592269178 341
1738678261522 132.85647308878416 342
1738678261542 132.79221923568338 343
1738678261559 132.72813376981023 344
1738678261577 132.66421609979372 345
1738678261617 132.60046563646281 346
1738678261638 132.53688179283813 347
1738678261656 132.4734639841238 348
1738678261682 132.41021162769906 349
1738678261696 132.3471241431101 350
1738678261709 132.2842009520621 351
1738678261724 132.2214414784108 352
1738678261737 132.15884514815463 353
1738678261754 132.09641138942646 354
1738678261775 132.03413963248582 355
1738678261793 131.97202930971054 356
1738678261814 131.9100798555891 357
1738678261827 131.84829070671245 358
1738678261846 131.7866613017662 359
1738678261863 131.72519108152278 360
1738678261880 131.6638794888334 361
1738678261901 131.6027259686204 362
1738678261916 131.5417299678694 363
1738678261936 131.4808909356215 364
1738678261957 131.42020832296546 365
1738678261973 131.35968158303027 366
1738678261999 131.29931017097704 367
1738678262020 131.23909354399183 368
1738678262034 131.1790311612776 369
1738678262050 131.11912248404687 370
1738678262070 131.05936697551408 371
1738678262105 130.999764100888 372
1738678262120 130.94031332736432 373
1738678262137 130.88101412411814 374
1738678262156 130.82186596229639 375
1738678262171 130.76286831501062 376
1738678262188 130.70402065732938 377
1738678262202 130.64532246627112 378
1738678262216 130.58677322079652 379
1738678262233 130.52837240180148 380
1738678262248 130.47011949210955 381
1738678262262 130.41201397646503 382
1738678262280 130.35405534152534 383
1738678262310 130.29624307585414 384
1738678262325 130.23857666991393 385
1738678262343 130.18105561605904 386
1738678262361 130.12367940852843 387
1738678262383 130.06644754343867 388
1738678262403 130.00935951877676 389
1738678262420 129.95241483439318 390
1738678262440 129.8956129919949 391
1738678262457 129.83895349513827 392
1738678262476 129.78243584922214 393
1738678262497 129.7260595614809 394
1738678262513 129.66982414097762 395
1738678262527 129.61372909859708 396
1738678262542 129.55777394703895 397
1738678262558 129.50195820081106 398
1738678262573 129.44628137622237 399
1738678262590 129.3907429913764 400
1738678262606 129.33534256616434 401
1738678262620 129.28007962225846 402
1738678262639 129.22495368310518 403
1738678262651 129.16996427391868 404
1738678262667 129.115110921674 405
1738678262679 129.0603931551005 406
1738678262693 129.0058105046754 407
1738678262711 128.95136250261686 408
1738678262726 128.8970486828778 409
1738678262741 128.84286858113913 410
1738678262757 128.78882173480332 411
1738678262773 128.73490768298797 412
1738678262793 128.68112596651926 413
1738678262814 128.62747612792558 414
1738678262829 128.57395771143106 415
1738678262844 128.52057026294938 416
1738678262870 128.46731333007708 417
1738678262885 128.41418646208754 418
1738678262905 128.36118920992448 419
1738678262925 128.3083211261958 420
1738678262943 128.25558176516725 421
1738678262969 128.20297068275605 422
1738678262989 128.15048743652505 423
1738678263008 128.0981315856761 424
1738678263038 128.04590269104423 425
1738678263051 127.99380031509133 426
1738678263073 127.94182402190003 427
1738678263091 127.88997337716765 428
1738678263109 127.8382479482001 429
1738678263128 127.78664730390588 430
1738678263149 127.73517101478993 431
1738678263162 127.68381865294775 432
1738678263175 127.63258979205933 433
1738678263203 127.58148400738327 434
1738678263218 127.53050087575073 435
1738678263233 127.4796399755596 436
1738678263247 127.42890088676862 437
1738678263268 127.3782831908914 438
1738678263296 127.32778647099063 439
1738678263319 127.27741031167236 440
1738678263345 127.22715429907996 441
1738678263363 127.17701802088857 442
1738678263386 127.12700106629919 443
1738678263400 127.07710302603297 444
1738678263417 127.02732349232554 445
1738678263441 126.97766205892125 446
1738678263459 126.92811832106757 447
1738678263472 126.8786918755093 448
1738678263485 126.82938232048309 449
1738678263502 126.78018925571179 450
1738678263518 126.73111228239874 451
1738678263639 126.68215100322239 452
1738678263658 126.63330502233052 453
1738678263678 126.58457394533504 454
1738678263695 126.53595737930611 455
1738678263713 126.48745493276695 456
1738678263732 126.43906621568819 457
1738678263753 126.39079083948252 458
1738678263769 126.34262841699925 459
1738678263788 126.29457856251886 460
1738678263807 126.24664089174776 461
1738678263823 126.19881502181263 462
1738678263842 126.15110057125544 463
1738678263857 126.1034971600279 464
1738678263876 126.05600440948618 465
1738678263891 126.0086219423857 466
1738678263906 125.96134938287584 467
1738678263919 125.91418635649462 468
1738678263932 125.86713249016367 469
1738678263953 125.82018741218272 470
1738678263967 125.77335075222479 471
1738678263992 125.72662214133071 472
1738678264006 125.68000121190411 473
1738678264022 125.63348759770638 474
1738678264045 125.58708093385133 475
1738678264069 125.54078085680034 476
1738678264092 125.49458700435717 477
1738678264117 125.44849901566296 478
1738678264131 125.40251653119117 479
1738678264150 125.35663919274255 480
1738678264166 125.3108666434402 481
1738678264183 125.26519852772464 482
1738678264199 125.21963449134867 483
1738678264221 125.17417418137268 484
1738678264314 125.12881724615951 485
1738678264335 125.08356333536975 486
1738678264352 125.03841209995674 487
1738678264367 124.9933631921617 488
1738678264382 124.94841626550898 489
1738678264396 124.90357097480114 490
1738678264417 124.85882697611422 491
1738678264436 124.8141839267929 492
1738678264452 124.76964148544576 493
1738678264476 124.7251993119405 494
1738678264494 124.68085706739924 495
1738678264517 124.63661441419382 496
1738678264532 124.59247101594102 497
1738678264554 124.54842653749796 498
1738678264569 124.50448064495741 499
