1738679067342 151.74721367397484 0
1738679067381 160.34409209610226 1
1738679067418 208.6531188567744 2
1738679067455 94.43205042103838 3
1738679067494 142.87122901712175 4
1738679067533 144.9149507059706 5
1738679067594 428.93773830837733 6
1738679067634 146.98450694782684 7
1738679067673 238.3597216044752 8
1738679067714 201.90288125420184 9
1738679067753 368.4473668060123 10
1738679067791 65.78544858068247 11
1738679067830 52.31953236819766 12
1738679067868 130.7331281516098 13
1738679067907 185.0816554285946 14
1738679067944 152.7576808729301 15
1738679067982 170.89706837179003 16
1738679068020 329.5320903433062 17
1738679068057 180.02053678323895 18
1738679068095 75.71415259592733 19
1738679068132 157.29379573096153 20
1738679068171 196.8956769247654 21
1738679068209 192.73644368415864 22
1738679068248 168.93469572729768 23
1738679068286 164.3900183450159 24
1738679068325 89.72655106054718 25
1738679068364 266.00390218871394 26
1738679068403 164.75202913143272 27
1738679068443 204.69940256862583 28
1738679068481 230.62619851878333 29
1738679068518 157.55011330447095 30
1738679068556 172.2262120053598 31
1738679068594 188.3558761573013 32
1738679068632 174.07270109353013 33
1738679068670 178.8990558758807 34
1738679068709 140.30959678989984 35
1738679068747 164.26224372082225 36
1738679068785 157.80823629730406 37
1738679068825 140.74765425245343 38
1738679068864 182.02884068219262 39
1738679068903 302.52279037244017 40
1738679068940 259.75365577745066 41
1738679068977 196.238337504361 42
1738679069015 142.81561339168223 43
1738679069052 123.620817764953 44
1738679069089 74.9869915980785 45
1738679069126 181.9495754132854 46
1738679069165 112.00594445659918 47
1738679069203 150.09463991642292 48
1738679069241 227.2319065579425 49
1738679069279 182.9731953376979 50
1738679069318 154.6240236067989 51
1738679069356 255.63469044442041 52
1738679069395 179.70911932463304 53
1738679069433 220.65674077035888 54
1738679069472 173.0590969322998 55
1738679069510 146.407442696333 56
1738679069547 179.62796258914267 57
1738679069583 109.75083251478517 58
1738679069621 124.91624687796035 59
1738679069659 161.40395005239264 60
1738679069697 250.43087648062553 61
1738679069735 192.6960198624559 62
1738679069774 184.47470965367953 63
1738679069813 93.454480196226 64
1738679069852 169.4149174981829 65
1738679069890 188.27016278660295 66
1738679069930 148.83583030123583 67
1738679069969 124.98469447589655 68
1738679070007 177.81895218128312 69
1738679070046 172.53028362948498 70
1738679070084 178.01830988442276 71
1738679070122 196.5676429122541 72
1738679070161 169.97980839544988 73
1738679070199 106.78724049157047 74
1738679070238 174.59581357341077 75
1738679070277 163.85058096770686 76
1738679070316 217.71116151477625 77
1738679070354 207.22511882740784 78
1738679070392 155.66142470068988 79
1738679070432 258.3861545554934 80
1738679070471 140.9415018471969 81
1738679070510 181.83956544048164 82
1738679070549 80.1475383657789 83
1738679070587 109.32871907240933 84
1738679070625 105.4244601555216 85
1738679070664 187.11515150226293 86
1738679070703 215.08543294105021 87
