1738679394138 160.72217520375753 0
1738679394183 171.21847001647606 1
1738679394226 176.5621954703364 2
1738679394270 152.695658195962 3
1738679394314 168.00487892581188 4
1738679394374 181.23984299831864 5
1738679394424 178.09547014582893 6
1738679394469 152.7902328016428 7
1738679394514 184.22511738060805 8
1738679394558 175.9775916180466 9
1738679394602 181.61772481032244 10
1738679394645 179.27182364001175 11
1738679394688 167.82351143654407 12
1738679394732 160.7167868587443 13
1738679394775 161.90673704217318 14
1738679394818 159.59698934837604 15
1738679394861 164.68811138902248 16
1738679394906 161.52319019615757 17
1738679394951 160.1798281476856 18
1738679394995 221.29726957354347 19
1738679395039 163.19250114030098 20
1738679395083 179.56762765240924 21
1738679395126 153.50626006136454 22
1738679395169 171.33454751962333 23
1738679395212 166.70631371091523 24
1738679395255 168.13833927258196 25
1738679395298 173.1632975401174 26
1738679395340 156.5212328301836 27
1738679395384 182.72270077655213 28
1738679395426 157.14909782347817 29
1738679395470 153.5926305824041 30
1738679395513 168.09497893673327 31
1738679395557 176.9342958665227 32
1738679395600 206.20796560036322 33
1738679395643 175.3205076534481 34
1738679395687 163.42317934745685 35
1738679395730 171.29377188128203 36
1738679395772 177.68369299565313 37
