1738680372307 196.8437392583888 0
1738680372347 152.51891847701307 1
1738680372386 171.67631277890976 2
1738680372425 201.2101984560743 3
1738680372463 126.646994960653 4
1738680372503 142.03310146835676 5
1738680372546 153.3652757564308 6
1738680372585 152.12529293603018 7
1738680372624 214.63632935201662 8
1738680372662 181.73285016660304 9
1738680372702 189.32614920272215 10
1738680372739 153.70563869485346 11
1738680372777 255.94462861812355 12
1738680372814 154.5298630441822 13
1738680372851 219.72324108501562 14
1738680372890 180.99848204473375 15
1738680372928 139.20258703502873 16
1738680372965 176.70820589755044 17
1738680373007 170.6721386234702 18
1738680373048 90.77029232588087 19
1738680373093 161.23856448380866 20
1738680373133 173.51772657933085 21
1738680373171 174.01165614651813 22
1738680373209 245.76389851108564 23
1738680373249 152.3479625398942 24
1738680373288 241.05190307929678 25
1738680373328 164.20553761294946 26
1738680373368 169.25186565947064 27
1738680373409 195.31360953117118 28
1738680373448 173.94367717499645 29
1738680373488 51.54307515112722 30
1738680373528 174.8734088845835 31
1738680373567 256.7089323267692 32
1738680373607 48.768916255661736 33
1738680373645 188.3022767261454 34
1738680373683 190.30793516889509 35
1738680373721 150.7951636847792 36
1738680373759 133.2953669316545 37
1738680373799 153.41478219498097 38
1738680373837 184.34689982870364 39
1738680373876 172.75354665298914 40
1738680373915 309.50243690986355 41
1738680373955 146.32757994106137 42
1738680373995 191.57828639383325 43
1738680374034 144.8251455165429 44
1738680374073 187.57176610042137 45
1738680374113 192.5855976457693 46
1738680374152 125.67950884271053 47
1738680374194 225.89614838983496 48
1738680374233 117.87175343777814 49
1738680374273 148.8481405617603 50
1738680374310 180.77886987634056 51
1738680374347 144.47950619531554 52
1738680374386 175.6368629284201 53
1738680374423 81.24559603172605 54
1738680374461 195.91623783821848 55
1738680374498 167.3172726578138 56
1738680374535 529.5054088143802 57
1738680374573 180.9435391572923 58
1738680374611 96.7743109290361 59
1738680374648 148.10479529962916 60
1738680374685 196.774266256866 61
1738680374725 226.22365266133954 62
1738680374765 224.78071299706758 63
1738680374804 152.62773973645216 64
1738680374844 151.03936349643888 65
1738680374882 205.43766158621554 66
1738680374921 156.25525752524288 67
1738680374959 161.50505487692558 68
1738680374998 195.64956419639046 69
1738680375037 228.78837782392495 70
1738680375075 190.7982953442584 71
1738680375113 97.38083008009866 72
1738680375151 187.4788630538701 73
1738680375190 623.2674944430763 74
1738680375230 86.24312444152964 75
1738680375268 193.22665183349858 76
1738680375306 142.08152724257155 77
1738680375343 154.10716337777671 78
1738680375381 110.31174467467928 79
1738680375420 204.6036774607887 80
1738680375459 136.7821878295414 81
1738680375497 180.23661733266349 82
1738680375536 213.65615866693113 83
1738680375574 208.27136351877016 84
1738680375612 102.6658130238874 85
1738680375650 170.95461280895148 86
1738680375688 171.5531709957641 87
1738680375726 197.54791966727328 88
1738680375765 168.87736321366754 89
1738680375804 149.4053056739559 90
1738680375843 248.20942272277912 91
1738680375880 201.82244297641256 92
1738680375919 208.3698659155015 93
1738680375957 89.47589253888826 94
1738680375996 69.8378307398376 95
1738680376036 155.38299300747767 96
1738680376074 169.64538310357233 97
1738680376112 225.20478324960033 98
1738680376151 187.05810746934262 99
1738680376190 95.12146589936039 100
1738680376229 183.27742898312792 101
1738680376267 141.86728126243966 102
1738680376305 158.0135135215964 103
1738680376344 140.94479096332122 104
1738680376382 166.51321450611383 105
1738680376420 174.92971647439538 106
1738680376458 157.01392229083726 107
1738680376497 410.18395873718856 108
1738680376536 170.83764468968567 109
1738680376574 428.9798662806931 110
1738680376613 100.56392326582156 111
1738680376651 195.46564077102647 112
1738680376690 154.00240337203448 113
1738680376729 160.33872306988698 114
1738680376768 279.19565827905706 115
1738680376807 141.09219811486415 116
1738680376845 162.59319864499884 117
1738680376883 163.35579266117287 118
1738680376923 146.57432566154324 119
1738680376961 170.3481136370771 120
1738680377000 183.7747645564025 121
1738680377038 156.41475501400606 122
1738680377076 226.5282860248245 123
1738680377115 286.5132597254437 124
1738680377153 144.58227344776304 125
1738680377191 253.26164807998234 126
1738680377229 150.70029183105572 127
1738680377268 127.93086932637163 128
1738680377306 173.00345380425725 129
1738680377344 115.15258254076818 130
1738680377383 131.93889183789642 131
1738680377421 180.90591469449564 132
1738680377459 132.72122120167785 133
1738680377498 280.04219845625806 134
1738680377536 157.76897386580396 135
1738680377575 197.99538185720718 136
1738680377615 185.3935121532245 137
1738680377654 190.56090322568565 138
1738680377692 142.27952489015888 139
1738680377730 128.50308931640635 140
1738680377768 184.83957006122492 141
1738680377806 145.89440499235073 142
1738680377844 155.7709847225747 143
1738680377883 237.57570655425013 144
1738680377920 247.2704475070113 145
1738680377959 195.68208855557447 146
1738680377997 146.80206990294047 147
1738680378036 170.39935132738998 148
1738680378074 157.66414175288216 149
1738680378114 172.48855266530836 150
1738680378152 180.87949626549025 151
1738680378190 141.90995764313362 152
1738680378228 233.56075222603096 153
1738680378266 172.4349695699175 154
1738680378304 159.30597662724443 155
1738680378343 143.84791670635312 156
1738680378381 130.9245277337312 157
1738680378418 201.0085507137178 158
1738680378455 115.18567511738381 159
1738680378492 132.0641426297128 160
1738680378530 310.37171230594566 161
1738680378567 166.64476483411147 162
1738680378604 149.4719117396898 163
1738680378642 232.6133204313089 164
1738680378680 306.9971968889627 165
1738680378718 258.60663574711276 166
1738680378755 154.11783336185684 167
1738680378792 133.4391926759372 168
1738680378830 281.2155658788945 169
1738680378867 127.09075025713307 170
1738680378905 205.9527627580674 171
1738680378942 205.8186214810555 172
1738680378979 150.47271626346804 173
1738680379017 173.22117752589705 174
1738680379054 279.9809597669703 175
1738680379092 100.9634736182216 176
1738680379130 69.47167160538743 177
1738680379167 86.02395773576698 178
1738680379205 108.10530876762606 179
1738680379243 204.72284872749805 180
1738680379280 158.0501093484527 181
1738680379317 184.25861142843635 182
1738680379355 156.21620030228135 183
1738680379392 183.97620585279637 184
1738680379429 152.25058548289812 185
1738680379467 188.84985774254523 186
1738680379504 137.04131917790374 187
1738680379542 193.91020574096098 188
1738680379580 178.53531055977598 189
1738680379617 132.6625625605025 190
1738680379654 189.06708274845377 191
1738680379692 205.02123633736548 192
1738680379730 183.59135863515058 193
1738680379767 251.67439988683523 194
1738680379804 175.63045251167014 195
1738680379842 198.4342087454397 196
1738680379879 189.6899933535418 197
1738680379916 164.04472810864632 198
1738680379954 181.00693560918984 199
1738680379992 131.1010906562874 200
1738680380029 153.4683725707008 201
1738680380067 188.75528600874222 202
1738680380104 100.67866189649547 203
1738680380141 163.20058054044358 204
1738680380178 181.29246848279274 205
1738680380216 169.75497952259497 206
1738680380254 169.85873957876726 207
1738680380292 122.53513964189091 208
1738680380329 156.44614434023848 209
1738680380367 156.275838780094 210
1738680380404 169.1509551985417 211
1738680380442 166.03627490875195 212
1738680380479 188.03684793640036 213
1738680380516 165.82099399636158 214
1738680380554 172.31488059127997 215
1738680380591 103.30419433142121 216
1738680380629 186.4269602377201 217
1738680380666 147.52805294902598 218
1738680380703 82.59542207938796 219
1738680380740 137.5538913645414 220
1738680380779 168.82068361441145 221
1738680380816 188.53101852123123 222
1738680380853 158.42045697861678 223
1738680380891 181.12454809656478 224
1738680380928 131.07028140730458 225
1738680380965 153.59216074303546 226
1738680381003 141.03018732305114 227
1738680381041 134.94375718960288 228
1738680381079 192.23919752000597 229
1738680381116 167.22366144325966 230
1738680381154 229.44464568995238 231
1738680381192 82.9668693024497 232
1738680381229 205.08522976803974 233
1738680381267 169.5928469600573 234
1738680381305 166.77153104172572 235
1738680381342 183.44092284232397 236
1738680381380 161.84381332113688 237
1738680381418 200.3082394502692 238
1738680381455 186.67683745774468 239
1738680381493 141.13085540033018 240
1738680381530 117.58971788983622 241
1738680381567 215.2010538728642 242
1738680381605 173.08019188986606 243
1738680381642 198.53493113324097 244
1738680381679 158.18737677761422 245
1738680381717 175.04783791960736 246
1738680381755 210.4845487229728 247
1738680381792 191.0858767268453 248
1738680381831 190.01339456327185 249
1738680381869 170.29614569230276 250
1738680381907 200.75037491295606 251
1738680381944 187.40726569426508 252
1738680381982 159.8291641205981 253
1738680382020 124.44789358023004 254
1738680382057 169.55224838308618 255
1738680382095 172.43928569104406 256
1738680382132 270.3592741757404 257
1738680382169 98.92485896488317 258
1738680382207 219.91722527847395 259
1738680382245 161.68316197278457 260
1738680382282 128.87176595416418 261
1738680382319 190.65578632111803 262
1738680382357 188.0957571742168 263
1738680382395 114.74641426528783 264
1738680382432 151.948259196377 265
1738680382469 221.80255444380933 266
1738680382507 153.90614354096624 267
1738680382545 199.00164362935897 268
1738680382583 190.23954530417413 269
1738680382620 193.61314557453218 270
1738680382657 178.14012806958056 271
1738680382695 121.35343449229661 272
1738680382732 149.5196902532785 273
1738680382769 162.2931379683519 274
1738680382806 187.29398846581483 275
1738680382844 210.0389896062572 276
1738680382882 207.74083166165414 277
1738680382920 215.13306180501334 278
1738680382957 136.72281869651133 279
1738680382995 136.88120741709525 280
1738680383033 257.5148537591763 281
1738680383070 151.7867198349113 282
1738680383108 188.25159762845834 283
1738680383146 133.62637853367542 284
1738680383183 162.54254298856543 285
1738680383221 170.37595315613217 286
1738680383258 147.56837344688316 287
1738680383296 168.34177748544613 288
1738680383333 218.42237604439524 289
1738680383373 114.72745067918649 290
1738680383414 180.51633269213463 291
1738680383458 206.99788018724303 292
1738680383497 112.67501219668105 293
1738680383534 90.88722734782492 294
1738680383573 189.52230628717055 295
1738680383610 190.5977132722772 296
1738680383648 169.33968611754395 297
1738680383686 190.57221556836842 298
1738680383723 289.54032846041565 299
1738680383760 171.88188092360852 300
1738680383798 153.314565705875 301
1738680383835 182.2228747628815 302
1738680383872 408.46261218340646 303
1738680383910 189.42718342350338 304
1738680383948 173.05549586383188 305
1738680383986 93.00094251860159 306
1738680384024 176.17285583796672 307
1738680384062 164.14612357440106 308
1738680384099 171.31136740866748 309
1738680384137 143.8973029857312 310
1738680384174 192.97040253084572 311
1738680384211 182.43396172538905 312
1738680384249 203.07375599946997 313
1738680384286 178.6514703440396 314
1738680384323 228.9229887919646 315
1738680384361 243.14300724779864 316
1738680384399 211.9711666397181 317
1738680384436 258.41254880408013 318
1738680384473 78.25526877136983 319
1738680384511 234.2878614177915 320
1738680384549 198.27482227826565 321
1738680384587 188.2806532969708 322
1738680384624 160.3927967490773 323
1738680384662 174.44339073783837 324
1738680384700 136.07081410723526 325
1738680384737 175.12073171078995 326
1738680384775 177.5615780744967 327
1738680384812 177.2155259429517 328
1738680384849 196.54615576495976 329
1738680384887 147.11821531955522 330
1738680384924 143.90097985055763 331
1738680384962 58.798318266340424 332
1738680384999 178.2327304479615 333
1738680385037 175.19352762562102 334
1738680385075 111.26137535366479 335
1738680385113 182.17828656912133 336
1738680385151 153.23235680858326 337
1738680385188 128.6704678597239 338
1738680385226 649.3732448984215 339
1738680385263 151.48257367467448 340
1738680385301 147.13658388005322 341
1738680385338 79.76456521225886 342
1738680385375 150.7821667919404 343
1738680385413 187.474165322931 344
1738680385450 146.9023582381325 345
1738680385488 174.2345762749513 346
1738680385525 174.0532449471834 347
1738680385563 207.23497911357202 348
1738680385601 195.53165687741517 349
1738680385638 175.42779965386094 350
1738680385677 195.51990698249895 351
1738680385714 191.181656239243 352
1738680385751 104.60032685708715 353
1738680385789 141.5774604534212 354
1738680385827 201.90377515643007 355
1738680385864 153.01934477631107 356
1738680385901 126.32771311486152 357
1738680385939 203.22823382980943 358
1738680385976 109.15362852560179 359
1738680386014 159.85804948119838 360
1738680386051 155.6714418209329 361
1738680386088 189.82770924677814 362
1738680386127 156.41267610858736 363
1738680386164 168.1372706563798 364
1738680386202 195.22913254805346 365
1738680386239 143.38926434419943 366
1738680386277 179.9566999391269 367
1738680386314 306.627057954104 368
1738680386352 139.03752933080085 369
1738680386389 260.58851188375934 370
1738680386427 164.7053971941725 371
1738680386464 211.1189556016493 372
1738680386502 207.94040426789456 373
1738680386540 148.20416706107818 374
1738680386577 203.90880903014948 375
1738680386614 172.99477568046228 376
1738680386653 164.5398089090702 377
1738680386690 222.6996486351948 378
1738680386728 155.20827771137294 379
1738680386767 142.84922053979415 380
1738680386803 159.7396236039888 381
1738680386841 160.94550972952888 382
1738680386878 165.51355056158923 383
1738680386916 268.088274226208 384
1738680386953 62.69448027336332 385
1738680386991 168.11414190870718 386
1738680387029 133.9327363845749 387
1738680387066 153.6396790779088 388
1738680387103 188.78982064479393 389
1738680387141 149.73290485486396 390
1738680387178 167.47562464480222 391
1738680387217 180.80384114202272 392
1738680387254 223.85865893240342 393
1738680387291 197.01248097391172 394
1738680387328 241.8946074524012 395
1738680387365 106.68840519472784 396
1738680387403 167.3105723401587 397
1738680387441 276.3980577580061 398
1738680387478 181.821657580678 399
1738680387516 162.01229481529484 400
1738680387553 177.76704776815401 401
1738680387590 175.50749373667946 402
1738680387628 177.22365799807903 403
1738680387666 215.02429429944874 404
1738680387703 174.94514284829984 405
1738680387741 141.48580757648227 406
1738680387779 113.46390465118418 407
1738680387816 175.47886095810148 408
1738680387854 171.9583088556314 409
1738680387891 152.88785829842524 410
1738680387929 147.40000241310364 411
1738680387966 238.49319321040255 412
1738680388004 201.43552445362548 413
1738680388042 113.75946410018733 414
1738680388079 260.9991731759218 415
1738680388117 189.69173003024483 416
1738680388155 202.62526670457697 417
1738680388193 152.16667110805585 418
1738680388231 211.6668536869015 419
1738680388270 134.7265252157314 420
1738680388307 176.68841254994177 421
1738680388345 139.44433491398934 422
1738680388382 149.34182052902088 423
1738680388419 174.4854775431054 424
1738680388457 164.31731461719812 425
1738680388495 206.0712576609071 426
1738680388532 178.03392060506334 427
1738680388570 126.36564185585588 428
1738680388608 194.3311564652674 429
1738680388645 155.97031952154063 430
1738680388683 171.7924429586685 431
1738680388720 140.7260036935625 432
1738680388758 205.91513430123337 433
1738680388796 203.86484308217732 434
1738680388834 171.62058310149365 435
1738680388871 184.0512119862301 436
1738680388908 147.1769859439531 437
1738680388946 156.50635426502677 438
1738680388984 151.96600570563578 439
1738680389021 199.07659718708416 440
1738680389059 24.981043367628068 441
1738680389096 168.88741374068704 442
1738680389134 122.2138638155496 443
1738680389172 163.0813454407206 444
1738680389210 151.84477942863248 445
1738680389247 150.65156376796813 446
1738680389284 179.92180693305446 447
1738680389322 171.71807540870867 448
1738680389359 196.32387541182356 449
1738680389398 175.2901780721863 450
1738680389435 161.55991763542872 451
1738680389472 148.86669925095248 452
1738680389510 197.08633597633184 453
1738680389547 201.58678369672126 454
1738680389585 158.79443139865577 455
1738680389623 144.22889506072679 456
1738680389661 109.24752466533252 457
1738680389698 118.67511779614964 458
1738680389736 197.30276780982925 459
1738680389773 153.80911943724027 460
1738680389811 120.55432056536692 461
1738680389848 163.54490782286837 462
1738680389886 355.3441772945807 463
1738680389924 171.32973403535257 464
1738680389962 200.37679925499847 465
1738680389999 171.68157547597693 466
1738680390037 237.62160188637594 467
1738680390074 166.3353644748144 468
1738680390111 149.37988656869302 469
1738680390149 138.6739679655091 470
1738680390186 149.4466566576567 471
1738680390224 149.45380753776826 472
1738680390261 148.51190456413258 473
1738680390299 173.33088702928055 474
1738680390337 163.07500186380256 475
1738680390374 150.43302823671053 476
1738680390412 177.72147530879016 477
1738680390449 175.34986844658067 478
1738680390487 229.25327264108637 479
1738680390524 160.07220955782512 480
1738680390561 209.80979347731875 481
1738680390598 212.0817770679737 482
1738680390635 160.18837044204616 483
1738680390672 177.1931116185429 484
1738680390710 168.22579699620306 485
1738680390747 216.7744584660281 486
1738680390785 266.74610842865224 487
1738680390823 148.6994822438576 488
1738680390861 168.8896935624391 489
1738680390901 118.77637219453939 490
1738680390939 204.9428510921451 491
1738680390978 107.92002479942964 492
1738680391017 150.34471066248176 493
1738680391056 213.51989674692513 494
1738680391093 173.46478852849563 495
1738680391131 169.46434774068678 496
1738680391168 151.31678227364478 497
1738680391206 196.60686080123122 498
1738680391243 95.43882528228876 499
