1738677566492 156.30707881463536 0
1738677566533 144.8001421835494 1
1738677566559 136.38264085055388 2
1738677566576 130.06300988571263 3
1738677566630 125.18018170899651 4
1738677566685 121.2924244103502 5
1738677566720 118.10365476605142 6
1738677566739 115.41458499447349 7
1738677566762 113.09032701042128 8
1738677566797 111.03890379335493 9
1738677566886 109.19698993918975 10
1738677566906 107.52044418648825 11
1738677566924 105.97801883596694 12
1738677566941 104.54717574584849 13
1738677566958 103.21129956395141 14
1738677566969 101.95783805699037 15
1738677566983 100.77705790443822 16
1738677567000 99.6612093625352 17
1738677567016 98.60396281258835 18
1738677567030 97.6000263394282 19
1738677567043 96.64488406090739 20
1738677567058 95.73461519564299 21
1738677567077 94.86576729125598 22
1738677567100 94.03526594338025 23
1738677567153 93.24034924355685 24
1738677567175 92.47851911354893 25
1738677567203 91.74750428505362 26
1738677567218 91.04523141152256 27
1738677567233 90.36980194725507 28
1738677567252 89.71947319321416 29
1738677567264 89.09264241844774 30
1738677567279 88.48783330629377 31
1738677567290 87.90368420252274 32
1738677567306 87.33893779589744 33
1738677567319 86.79243196528888 34
1738677567334 86.26309159804997 35
1738677567345 85.7499212328122 36
1738677567359 85.2519984135383 37
1738677567373 84.76846766538637 38
1738677567385 84.29853501994705 39
1738677567398 83.84146302985663 40
1738677567410 83.39656622209745 41
1738677567423 82.96320694643681 42
1738677567435 82.54079158106977 43
1738677567449 82.1287670620553 44
1738677567463 81.7266177068656 45
1738677567493 81.33386230550676 46
1738677567509 80.95005145535553 47
1738677567524 80.5747651181896 48
1738677567546 80.20761037993854 49
1738677567560 79.84821939549813 50
1738677567573 79.49624750257244 51
1738677567585 79.15137148996173 52
1738677567598 78.81328800702555 53
1738677567609 78.48171210223265 54
1738677567623 78.15637587978262 55
1738677567640 77.83702726425588 56
1738677567654 77.5234288641316 57
1738677567673 77.21535692581617 58
1738677567686 76.9126003705552 59
1738677567700 76.6149599072662 60
1738677567719 76.32224721493505 61
1738677567733 76.03428418877021 62
1738677567760 75.75090224481173 63
1738677567777 75.47194167814855 64
1738677567820 75.19725107031769 65
1738677567837 74.926686741836 66
1738677567849 74.66011224616561 67
1738677567864 74.39739790172857 68
1738677567877 74.13842035887573 69
1738677567890 73.88306219897869 70
1738677567903 73.63121156305334 71
1738677567918 73.38276180754367 72
1738677567939 73.13761118509467 73
1738677567965 72.8956625483252 74
1738677567995 72.65682307478049 75
1738677568016 72.4210040113942 76
1738677568033 72.18812043693133 77
1738677568070 71.95809104100896 78
1738677568110 71.73083791840928 79
1738677568129 71.50628637750474 80
1738677568147 71.28436476171295 81
1738677568168 71.06500428298756 82
1738677568198 70.84813886643235 83
1738677568217 70.6337050052007 84
1738677568233 70.42164162490998 85
1738677568252 70.21188995686283 86
1738677568268 70.00439341942455 87
1738677568283 69.79909750695741 88
1738677568298 69.59594968576098 89
1738677568312 69.39489929651107 90
1738677568327 69.19589746272976 91
1738677568342 68.99889700485636 92
1738677568355 68.80385235952211 93
1738677568368 68.61071950366275 94
1738677568384 68.41945588313143 95
1738677568398 68.23002034550018 96
1738677568415 68.0423730767622 97
1738677568428 67.85647554166943 98
1738677568440 67.67229042745906 99
1738677568454 67.48978159074255 100
1738677568467 67.30891400734643 101
1738677568482 67.12965372491034 102
1738677568494 66.9519678180626 103
1738677568506 66.77582434600568 104
1738677568519 66.60119231235741 105
1738677568533 66.4280416271041 106
1738677568546 66.25634307053222 107
1738677568559 66.08606825901553 108
1738677568573 65.91718961254193 109
1738677568586 65.7496803238741 110
1738677568598 65.58351432924395 111
1738677568611 65.41866628048886 112
1738677568628 65.25511151854343 113
1738677568649 65.09282604820682 114
1738677568668 64.93178651411078 115
1738677568732 64.77197017781884 116
1738677568749 64.61335489599153 117
1738677568769 64.45591909955716 118
1738677568786 64.29964177383121 119
1738677568802 64.14450243953155 120
1738677568816 63.99048113463986 121
1738677568832 63.837558397062836 122
1738677568847 63.68571524804996 123
1738677568862 63.5349331763269 124
1738677568874 63.385194122906725 125
1738677568900 63.23648046654289 126
1738677568914 63.08877500979087 127
1738677568992 62.94206096564639 128
1738677569005 62.7963219447313 129
1738677569061 62.65154194299882 130
1738677569127 62.50770532993235 131
1738677569146 62.364796837212964 132
1738677569153 62.22280154783271 133
1738677569164 62.08170488563181 134
1738677569173 61.94149260523918 135
1738677569181 61.80215078239691 136
1738677569191 61.66366580465054 137
1738677569199 61.52602436238783 138
1738677569233 61.38921344020962 139
1738677569252 61.25322030861774 140
1738677569269 61.118032516004966 141
1738677569282 60.98363788093378 142
1738677569295 60.85002448469051 143
1738677569312 60.71718066410285 144
1738677569325 60.58509500460889 145
1738677569362 60.45375633356686 146
1738677569375 60.323153713794774 147
1738677569387 60.193276437330496 148
1738677569400 60.064114019402396 149
1738677569411 59.93565619260204 150
1738677569426 59.80789290125008 151
1738677569438 59.680814295947606 152
1738677569449 59.55441072830518 153
1738677569461 59.42867274584214 154
1738677569476 59.303591087049575 155
1738677569493 59.17915667661006 156
1738677569506 59.05536062076819 157
1738677569521 58.93219420284565 158
1738677569536 58.80964887889543 159
1738677569550 58.68771627348959 160
1738677569565 58.56638817563548 161
1738677569579 58.44565653481547 162
1738677569616 58.325513457145576 163
1738677569629 58.20595120164844 164
1738677569644 58.08696217663637 165
1738677569656 57.96853893620046 166
1738677569673 57.8506741768018 167
1738677569691 57.73336073396109 168
1738677569707 57.61659157904318 169
1738677569719 57.50035981613287 170
1738677569738 57.38465867899913 171
1738677569755 57.26948152814428 172
1738677569771 57.154821847935246 173
1738677569786 57.04067324381417 174
1738677569804 56.92702943958537 175
1738677569815 56.81388427477649 176
1738677569833 56.70123170207068 177
1738677569856 56.58906578480805 178
1738677569872 56.477380694553744 179
1738677569887 56.366170708730344 180
1738677569902 56.255430208312866 181
1738677569920 56.14515367558388 182
1738677569935 56.035335691947104 183
1738677569953 55.92597093579743 184
1738677569970 55.81705418044571 185
1738677569985 55.70858029209633 186
1738677570003 55.600544227876355 187
1738677570023 55.49294103391404 188
1738677570040 55.385765843465755 189
1738677570055 55.27901387508941 190
1738677570076 55.172680430863245 191
1738677570106 55.06676089464831 192
1738677570121 54.96125073039381 193
1738677570133 54.856145480483384 194
1738677570148 54.75144076412169 195
1738677570164 54.64713227575973 196
1738677570180 54.54321578355802 197
1738677570195 54.439687127886266 198
1738677570217 54.336542219858835 199
1738677570232 54.233777039904496 200
1738677570250 54.13138763637011 201
1738677570263 54.0293701241566 202
1738677570277 53.92772068338691 203
1738677570290 53.82643555810461 204
1738677570304 53.72551105500263 205
1738677570318 53.624943542180965 206
1738677570332 53.52472944793302 207
1738677570346 53.42486525955915 208
1738677570361 53.32534752220745 209
1738677570374 53.22617283774034 210
1738677570390 53.12733786362675 211
1738677570407 53.028839311858974 212
1738677570423 52.93067394789374 213
1738677570438 52.832838589616514 214
1738677570459 52.73533010632889 215
1738677570487 52.638145417758146 216
1738677570506 52.54128149308841 217
1738677570526 52.44473535001316 218
1738677570542 52.348504053808085 219
1738677570559 52.25258471642419 220
1738677570577 52.15697449560038 221
1738677570591 52.06167059399518 222
1738677570611 51.966670258337004 223
1738677570656 51.87197077859257 224
1738677570685 51.77756948715306 225
1738677570699 51.683463758037504 226
1738677570714 51.58965100611301 227
1738677570727 51.496128686331346 228
1738677570742 51.40289429298174 229
1738677570756 51.30994535895913 230
1738677570772 51.21727945504782 231
1738677570786 51.124894189219944 232
1738677570800 51.03278720594857 233
1738677570814 50.940956185535 234
1738677570826 50.84939884344988 235
1738677570842 50.758112929687975 236
1738677570857 50.667096228136 237
1738677570874 50.57634655595366 238
1738677570887 50.48586176296704 239
1738677570899 50.39563973107449 240
1738677570914 50.30567837366457 241
1738677570929 50.21597563504565 242
1738677570942 50.12652948988724 243
1738677570956 50.03733794267234 244
1738677570970 49.94839902716096 245
1738677570985 49.859710805864346 246
1738677571000 49.77127136952963 247
1738677571014 49.683078836634934 248
1738677571028 49.59513135289437 249
1738677571042 49.507427090772936 250
1738677571058 49.41996424901098 251
1738677571075 49.33274105215812 252
1738677571091 49.24575575011633 253
1738677571109 49.15900661769202 254
1738677571122 49.07249195415686 255
1738677571139 48.9862100828173 256
1738677571153 48.90015935059244 257
1738677571165 48.81433812760019 258
1738677571178 48.72874480675144 259
1738677571191 48.64337780335213 260
1738677571206 48.55823555471304 261
1738677571220 48.473316519767195 262
1738677571243 48.38861917869451 263
1738677571256 48.30414203255386 264
1738677571274 48.21988360292208 265
1738677571289 48.13584243154 266
1738677571310 48.05201707996518 267
1738677571332 47.968406129231376 268
1738677571348 47.885008179514436 269
1738677571374 47.80182184980468 270
1738677571389 47.7188457775853 271
1738677571408 47.63607861851716 272
1738677571424 47.553519046129296 273
1738677571442 47.47116575151553 274
1738677571463 47.389017443036565 275
1738677571483 47.30707284602789 276
1738677571500 47.22533070251314 277
1738677571519 47.14378977092281 278
1738677571538 47.062448825818244 279
1738677571557 46.981306657620856 280
1738677571576 46.900362072346375 281
1738677571595 46.81961389134407 282
1738677571619 46.739060951040805 283
1738677571649 46.65870210268989 284
1738677571664 46.57853621212466 285
1738677571683 46.498562159516425 286
1738677571697 46.41877883913719 287
1738677571731 46.339185159126544 288
1738677571757 46.259780041262914 289
1738677571775 46.18056242073907 290
1738677571789 46.101531245941786 291
1738677571809 46.02268547823541 292
1738677571838 45.94402409174962 293
1738677571858 45.86554607317086 294
1738677571873 45.78725042153778 295
1738677571889 45.70913614804022 296
1738677571902 45.63120227582204 297
1738677571929 45.553447839787474 298
1738677571944 45.47587188641088 299
1738677571963 45.39847347355021 300
1738677571992 45.321251670263635 301
1738677572040 45.244205556629545 302
1738677572061 45.1673342235699 303
1738677572111 45.09063677267667 304
1738677572220 45.014112316041334 305
1738677572271 44.937759976087726 306
1738677572312 44.861578885407525 307
1738677572361 44.78556818659897 308
1738677572393 44.70972703210836 309
1738677572418 44.63405458407438 310
1738677572444 44.5585500141752 311
1738677572474 44.48321250347837 312
1738677572488 44.40804124229336 313
1738677572521 44.33303543002662 314
1738677572566 44.25819427503941 315
1738677572612 44.18351699450795 316
1738677572633 44.1090028142862 317
1738677572649 44.03465096877099 318
1738677572664 43.960460700769524 319
1738677572681 43.886431261369275 320
1738677572697 43.81256190981009 321
1738677572712 43.73885191335863 322
1738677572728 43.66530054718496 323
1738677572746 43.591907094241336 324
1738677572759 43.518670845143 325
1738677572776 43.44559109805128 326
1738677572793 43.37266715855853 327
1738677572810 43.29989833957507 328
1738677572824 43.227283961218355 329
1738677572848 43.15482335070368 330
1738677572883 43.08251584223709 331
1738677572911 43.01036077691003 332
1738677572942 42.93835750259575 333
1738677572968 42.86650537384765 334
1738677572995 42.794803751799286 335
1738677573010 42.72325200406601 336
1738677573023 42.65184950464857 337
1738677573036 42.58059563383799 338
1738677573053 42.50948977812249 339
1738677573077 42.43853133009561 340
1738677573105 42.36771968836623 341
1738677573122 42.29705425746985 342
1738677573139 42.22653444778162 343
1738677573152 42.15615967543066 344
1738677573167 42.085929362216 345
1738677573189 42.01584293552373 346
1738677573217 41.94589982824587 347
1738677573245 41.87609947870021 348
1738677573293 41.806441330551884 349
1738677573308 41.736924832735994 350
1738677573340 41.667549439381744 351
1738677573396 41.59831460973763 352
1738677573431 41.52921980809804 353
1738677573460 41.46026450373114 354
1738677573474 41.39144817080769 355
1738677573486 41.322770288331384 356
1738677573498 41.25423034007008 357
1738677573511 41.185827814488384 358
1738677573524 41.117562204681214 359
1738677573535 41.049433008308455 360
1738677573546 40.981439727530876 361
1738677573559 40.91358186894689 362
1738677573572 40.84585894353046 363
1738677573588 40.77827046657005 364
1738677573604 40.71081595760855 365
1738677573618 40.64349494038419 366
1738677573632 40.57630694277234 367
1738677573647 40.5092514967285 368
1738677573661 40.44232813823192 369
1738677573678 40.375536407230406 370
1738677573697 40.3088758475858 371
1738677573717 40.24234600702056 372
1738677573733 40.175946437065015 373
1738677573748 40.1096766930056 374
1738677573768 40.043536333833934 375
1738677573784 39.97752492219662 376
1738677573799 39.911642024345916 377
1738677573813 39.84588721009126 378
1738677573827 39.78026005275147 379
1738677573841 39.71476012910775 380
1738677573855 39.64938701935749 381
1738677573871 39.584140307068736 382
1738677573886 39.51901957913548 383
1738677573900 39.45402442573354 384
1738677573914 39.38915444027723 385
1738677573928 39.32440921937677 386
1738677573943 39.25978836279617 387
1738677573960 39.19529147341205 388
1738677573974 39.13091815717287 389
1738677573988 39.06666802305896 390
1738677574002 39.002540683043115 391
1738677574015 38.93853575205182 392
1738677574031 38.87465284792711 393
1738677574046 38.810891591388945 394
1738677574060 38.747251605998336 395
1738677574073 38.68373251812085 396
1738677574091 38.62033395689083 397
1738677574106 38.557055554176095 398
1738677574126 38.49389694454328 399
1738677574140 38.430857765223564 400
1738677574155 38.36793765607906 401
1738677574169 38.30513625956971 402
1738677574182 38.242453220720584 403
1738677574197 38.17988818708987 404
1738677574212 38.11744080873713 405
1738677574225 38.05511073819225 406
1738677574237 37.992897630424714 407
1738677574250 37.930801142813486 408
1738677574263 37.868820935117206 409
1738677574277 37.80695666944494 410
1738677574289 37.74520801022737 411
1738677574302 37.68357462418835 412
1738677574314 37.622056180316996 413
1738677574330 37.56065234984008 414
1738677574345 37.49936280619501 415
1738677574360 37.438187225002984 416
1738677574384 37.37712528404279 417
1738677574402 37.31617666322481 418
1738677574416 37.255341044565554 419
1738677574428 37.19461811216249 420
1738677574443 37.1340075521692 421
1738677574458 37.07350905277117 422
1738677574470 37.01312230416151 423
1738677574484 36.952846998517465 424
1738677574497 36.892682829977 425
1738677574509 36.83262949461584 426
1738677574522 36.77268669042479 427
1738677574534 36.71285411728752 428
1738677574546 36.65313147695846 429
1738677574559 36.593518473041236 430
1738677574574 36.53401481096729 431
1738677574588 36.47462019797488 432
1738677574603 36.41533434308832 433
1738677574619 36.35615695709758 434
1738677574635 36.297087752538225 435
1738677574651 36.23812644367146 436
1738677574673 36.179272746464726 437
1738677574692 36.12052637857234 438
1738677574715 36.0618870593166 439
1738677574728 36.003354509669 440
1738677574742 35.944928452231835 441
1738677574761 35.886608611220076 442
1738677574801 35.82839471244338 443
1738677574816 35.77028648328845 444
1738677574831 35.71228365270168 445
1738677574848 35.65438595117198 446
1738677574867 35.59659311071386 447
1738677574886 35.538904864850764 448
1738677574906 35.48132094859861 449
1738677574924 35.42384109844966 450
1738677574942 35.366465052356496 451
1738677574957 35.30919254971627 452
1738677574971 35.25202333135523 453
1738677574985 35.19495713951333 454
1738677575002 35.13799371782922 455
1738677575019 35.08113281132532 456
1738677575038 35.02437416639317 457
1738677575053 34.967717530778955 458
1738677575078 34.911162653569214 459
1738677575094 34.85470928517681 460
1738677575104 34.79835717732701 461
1738677575117 34.74210608304386 462
1738677575203 34.68595575663663 463
1738677575383 34.629905953686546 464
1738677575409 34.573956431033665 465
1738677575426 34.51810694676389 466
1738677575443 34.462357260196264 467
1738677575461 34.4067071318703 468
1738677575478 34.351156323533644 469
1738677575497 34.29570459812974 470
1738677575515 34.24035171978579 471
1738677575530 34.18509745380086 472
1738677575566 34.12994156663401 473
1738677575598 34.074883825892826 474
1738677575614 34.01992400032186 475
1738677575633 33.96506185979142 476
1738677575647 33.910297175286374 477
1738677575661 33.85562971889518 478
1738677575678 33.80105926379905 479
1738677575698 33.746585584261204 480
1738677575712 33.69220845561638 481
1738677575733 33.637927654260366 482
1738677575759 33.58374295763974 483
1738677575778 33.52965414424169 484
1738677575795 33.475660993584064 485
1738677575811 33.42176328620545 486
1738677575826 33.36796080365543 487
1738677575842 33.31425332848498 488
1738677575860 33.26064064423694 489
1738677575875 33.207122535436696 490
1738677575893 33.15369878758286 491
1738677575915 33.10036918713823 492
1738677575934 33.04713352152067 493
1738677575948 32.99399157909433 494
1738677575974 32.94094314916078 495
1738677575992 32.88798802195041 496
1738677576010 32.83512598861383 497
1738677576026 32.78235684121345 498
1738677576044 32.72968037271514 499
