1738823639556 46.31033448900174 0
1738823639636 40.6637028843684 1
1738823639709 16.102236914973254 2
1738823639816 20.29701500012258 3
1738823639907 13.322789836106283 4
1738823639988 0.822925494054224 5
1738823640061 0.12357288485440285 6
1738823640145 0.5162382253810402 7
1738823640220 0.37513743930062904 8
1738823640296 0.007144443193792228 9
1738823640370 0.08660703584130214 10
1738823640493 0.015476403552908264 11
1738823640571 0.0915696227175031 12
1738823640631 0.005012499336191722 13
1738823640737 0.16474625555904332 14
1738823640856 0.027155946833997684 15
1738823640935 0.1957351865244525 16
1738823641007 0.006131474301100718 17
1738823641091 0.03864680823492049 18
1738823641180 0.08614458876385378 19
1738823641288 0.009333136519280196 20
1738823641364 0.0007083065271656866 21
1738823641444 0.06693595988277949 22
1738823641531 0.7204142568548049 23
1738823641644 0.048718883945296367 24
1738823641705 0.18674008985750554 25
1738823641781 0.06889237434333477 26
1738823641867 0.0237201933801355 27
1738823641964 0.001357631531563261 28
1738823642052 0.01650756852926822 29
1738823642149 0.00016301537011074687 30
1738823642236 1.5155223637878666e-05 31
1738823642314 0.14284191535610502 32
1738823642385 6.803788141867522e-05 33
1738823642476 0.0019114081802851137 34
1738823642565 0.01084724491300735 35
1738823642645 0.11216328410426 36
1738823642721 0.026701618416914187 37
1738823642801 2.7205651769835075e-05 38
1738823642877 0.148529470786114 39
1738823642951 0.00038160625777852893 40
1738823643027 0.003302155413311507 41
1738823643107 0.05883370176181493 42
1738823643160 0.034090928326584474 43
1738823643237 0.07261102112733533 44
1738823643304 0.05015941261987899 45
1738823643377 0.08149015202412539 46
1738823643460 0.002667155890988711 47
1738823643536 0.024587051906673853 48
1738823643615 0.036383851198601685 49
1738823643695 0.00015519627200177096 50
1738823643777 0.004811152292518744 51
1738823643849 0.11119890378044421 52
1738823643929 0.05328640741600242 53
1738823643994 0.011683109245485537 54
1738823644074 0.00023520057798139275 55
1738823644145 0.005490197373331892 56
1738823644221 0.005739635607904897 57
1738823644306 0.012112609154216554 58
1738823644372 0.0001513955573400533 59
1738823644445 0.05017741815751448 60
1738823644523 0.011083972826906825 61
1738823644642 0.05371750759668552 62
1738823644710 0.7674784149546018 63
1738823644776 2.189613992801603e-05 64
1738823644849 0.012479203856541037 65
1738823644929 0.0073208386881960285 66
1738823645013 0.053316802988371985 67
1738823645129 0.06564726117608456 68
1738823645193 0.006153260583072767 69
1738823645314 0.028636243317595757 70
1738823645430 0.08774223395584452 71
1738823645538 0.12026198229125307 72
1738823645637 0.010318797639995967 73
1738823645772 0.004900415847696893 74
1738823645850 0.002818734493841226 75
1738823645933 0.3840491906017409 76
1738823646003 0.2035359047102794 77
1738823646080 0.022788213930645396 78
1738823646146 0.1191011637936812 79
1738823646219 0.02996244340441713 80
1738823646305 0.08541158815727239 81
1738823646394 0.011268941167034084 82
1738823646470 0.12740685926021772 83
1738823646537 0.0071124393862045145 84
1738823646635 0.035488654932072976 85
1738823646747 7.46054217544428e-05 86
1738823646831 0.06483889102400367 87
1738823646907 0.008525367866839759 88
1738823646981 0.0008854925279783932 89
1738823647044 0.0007691977589038727 90
1738823647109 0.034932521240302876 91
1738823647189 0.020121229703472826 92
1738823647277 0.0005584582887047639 93
1738823647346 0.1277264686216254 94
1738823647417 0.06560851265393783 95
1738823647501 0.3170501155225091 96
1738823647578 0.026034739301116775 97
1738823647646 0.09227719691449503 98
1738823647712 0.22955453270364995 99
1738823647793 0.019692860462056115 100
1738823647857 0.4672355300757402 101
1738823647922 0.06382102933286499 102
1738823647987 0.013000273725321778 103
1738823648075 0.21172526287825957 104
1738823648154 0.014368129696979579 105
1738823648239 0.05867556643230424 106
1738823648325 0.11049314105947683 107
1738823648402 0.20072617284329372 108
1738823648486 0.0025598293102029102 109
1738823648568 0.016981057677724273 110
1738823648648 0.00012861177340698336 111
1738823648719 0.0781315994716207 112
1738823648790 0.013172410190968294 113
1738823648890 0.027130671964977537 114
1738823648962 0.043343625466820156 115
1738823649038 0.0222154409443341 116
1738823649119 0.14999660684832697 117
1738823649181 0.10025450001696685 118
1738823649253 0.0006225726926300102 119
1738823649342 0.14891698249736157 120
1738823649414 0.04266836786220544 121
1738823649487 0.029354224361178766 122
1738823649553 0.034823442091107035 123
1738823649631 0.01721670192464394 124
1738823649714 0.12569720322757316 125
1738823649790 4.4210388303321434e-05 126
1738823649868 0.031073008911316827 127
1738823649944 0.12142492200724468 128
1738823650030 0.7504327589700045 129
1738823650117 0.00014074261637346728 130
1738823650193 0.031243512698467188 131
1738823650274 0.0002357229454395782 132
1738823650344 0.17807925914846257 133
1738823650407 0.1351638538701525 134
1738823650505 0.010159018381183223 135
1738823650582 0.16302094386989427 136
1738823650658 0.02068783589226495 137
1738823650760 0.003591433228557808 138
1738823650830 0.024433629729657378 139
1738823650902 0.04309554868393749 140
1738823650979 0.19794996404118662 141
1738823651075 0.0010862170621297148 142
1738823651153 0.032600762482248184 143
1738823651230 0.0037193055676399815 144
1738823651316 0.0026103217027482286 145
1738823651414 0.004150853917443502 146
1738823651479 0.627835302601463 147
1738823651554 0.0053337521515767474 148
1738823651621 0.028047448135905897 149
1738823651697 0.022563596426131965 150
1738823651796 0.37434561172499287 151
1738823651869 0.075953717678051 152
1738823651946 0.030376090744886012 153
1738823652026 0.08482522900061991 154
1738823652099 0.02009639042744972 155
1738823652175 0.014817877741945623 156
1738823652242 0.10768156785462211 157
1738823652330 0.08483060173502047 158
1738823652413 0.175072875152186 159
1738823652482 0.00200592740629344 160
1738823652540 0.01771002502934281 161
1738823652618 0.002786525296641595 162
1738823652693 0.4801686273113729 163
1738823652781 0.06337093228656243 164
1738823652862 0.0007529698934408363 165
1738823652942 0.015390983988342368 166
1738823653016 0.014179171107512706 167
1738823653091 0.0016018605866205556 168
1738823653168 0.2570915800910684 169
1738823653239 0.03221832044900048 170
1738823653326 0.022566990282411565 171
1738823653432 0.020728034468522824 172
1738823653515 0.10874699100677435 173
1738823653595 8.738758625397261e-05 174
1738823653708 0.024039888702863957 175
1738823653790 0.007718442522062352 176
1738823653930 0.05844877793290358 177
1738823654013 0.00022716216263568573 178
1738823654109 0.010408955900300353 179
1738823654196 0.0003810864798489119 180
1738823654273 0.48533515218796036 181
1738823654373 0.05578474749400289 182
1738823654527 0.10695390063423715 183
1738823654658 0.001099479290149288 184
1738823654736 2.3175625169934478e-05 185
1738823654820 0.4442366821180516 186
1738823654894 0.01624383665865231 187
1738823654968 0.10617387809700818 188
1738823655038 0.2727431320838211 189
1738823655128 0.11702776616567973 190
1738823655208 0.13657979874205564 191
1738823655277 0.00989584327865444 192
1738823655342 0.0019161492196643095 193
1738823655416 0.1359769226605047 194
1738823655485 0.029584216498111805 195
1738823655558 0.3000699977425155 196
1738823655621 0.00034644953881327826 197
1738823655700 0.01740057979003994 198
1738823655782 0.11424606863612974 199
1738823655863 0.014274344892579088 200
1738823655949 0.3135385822891489 201
1738823656023 0.3169078546296835 202
1738823656092 0.01706716387910895 203
1738823656179 0.009724285410592259 204
1738823656242 0.06411795746304957 205
1738823656330 0.02965086087652373 206
1738823656437 0.0528349678805027 207
1738823656501 0.31175535643422153 208
1738823656565 3.0980477380158114e-05 209
1738823656644 0.16512339449666716 210
1738823656725 1.6991025296539664e-05 211
1738823656803 0.14633012863832756 212
1738823656872 0.05020912081604995 213
1738823656935 0.0075590675844006625 214
1738823657014 0.5868113897449507 215
1738823657095 0.06727786207178398 216
1738823657179 0.0661523614335419 217
1738823657261 0.271944969669112 218
1738823657344 0.06669959899260283 219
1738823657427 0.10724136473825005 220
1738823657499 0.005406030533874586 221
1738823657582 0.10328783422512634 222
1738823657667 6.411867084760721e-07 223
1738823657742 0.43263259439869794 224
1738823657823 0.033023588324188405 225
1738823657895 0.19689466294370414 226
1738823657982 0.003131971271249968 227
1738823658068 0.043003428056890954 228
1738823658134 0.005121197664324056 229
1738823658206 0.0576186185794002 230
1738823658318 0.0013895890250416251 231
1738823658402 0.009169787523400526 232
1738823658482 0.08710717033905586 233
1738823658564 0.002686034283738356 234
1738823658654 0.09738573249467737 235
1738823658757 0.02401526564036232 236
1738823658867 0.00529028887979499 237
1738823658916 0.27463179713482766 238
1738823658994 0.09201762312178423 239
1738823659068 0.039391938270310005 240
1738823659175 0.13413914815157754 241
1738823659258 0.0028818425856868687 242
1738823659333 0.0014294927628159476 243
1738823659409 0.006239709660732106 244
1738823659493 0.013407527735541849 245
1738823659578 0.0017231068147947606 246
1738823659658 0.007120517494819519 247
1738823659775 0.1688162892416716 248
1738823659853 0.10084318875522254 249
1738823659934 0.016670603709035246 250
1738823659997 0.05727687540811303 251
1738823660087 0.02517274540069932 252
1738823660156 0.045488575310258995 253
1738823660227 0.002176362932733362 254
1738823660300 0.0455773317810291 255
1738823660381 0.005240864815597708 256
1738823660454 0.1926482803735074 257
1738823660535 0.04785278263384425 258
1738823660600 0.002006624605541024 259
1738823660679 0.0333647222580612 260
1738823660768 0.004262963907858341 261
1738823660842 0.002848484510206797 262
1738823660936 0.025630907682487918 263
1738823661016 0.003795539522901392 264
1738823661085 0.0009581612217868824 265
1738823661179 0.15948633929345082 266
1738823661246 0.09397608255663312 267
1738823661344 0.11932107264437301 268
1738823661435 0.0012562333454669095 269
1738823661501 0.005287162708513982 270
1738823661577 0.037234031515151846 271
1738823661656 0.05751779199729404 272
1738823661722 0.009855864874685203 273
1738823661796 0.11849630141529181 274
1738823661889 0.0009198672580708512 275
1738823661965 0.007982573880795752 276
1738823662034 0.0002368441032642217 277
1738823662115 0.017505418427509627 278
1738823662189 0.0007198094674666825 279
1738823662273 0.07213817262222799 280
1738823662346 0.0162430967506725 281
1738823662431 0.021664820597571306 282
1738823662502 0.13990650786290243 283
1738823662565 0.11118877993666956 284
1738823662647 0.02774344836983836 285
1738823662739 0.49733725684665425 286
1738823662825 0.0011408317439113341 287
1738823662916 0.03209834649220435 288
1738823663009 0.0040839755655284245 289
1738823663103 0.20266630638585234 290
1738823663166 0.12412771098486522 291
1738823663238 0.05884618504186504 292
1738823663302 0.0008040631052546075 293
1738823663371 0.01087182585729545 294
1738823663436 0.017455333578562594 295
1738823663508 0.00018163226236338778 296
1738823663606 0.1134607039000157 297
1738823663674 0.17401423632757135 298
1738823663755 0.17471884789025896 299
1738823663839 0.00829982994079208 300
1738823663908 0.1078866660200459 301
1738823663987 0.014501977546914424 302
1738823664051 0.055426615159270755 303
1738823664115 0.04732697758926754 304
1738823664196 0.08495877151634429 305
1738823664278 0.04976912858168758 306
1738823664383 3.988116319563178e-07 307
1738823664457 0.0022060145480809067 308
1738823664537 0.184918108386128 309
1738823664607 0.0457106716663685 310
1738823664671 0.09609275632636079 311
1738823664741 0.0004942419133520038 312
1738823664817 0.12094639705774135 313
1738823664892 0.060895001568295415 314
1738823664970 0.06093043011189043 315
1738823665046 0.0013666211302819753 316
1738823665115 0.08429623170197052 317
1738823665186 0.22573452974737393 318
1738823665252 0.0024306134690135774 319
1738823665322 0.593873140906388 320
1738823665403 0.00025738435592560457 321
1738823665493 0.12827505414134077 322
1738823665548 0.3336260000622239 323
1738823665623 0.016475762373554872 324
1738823665699 0.043356025816794624 325
1738823665775 0.023744797363474603 326
1738823665855 3.4135344993483024e-06 327
1738823665926 0.004443369236306446 328
1738823666004 0.06832315148269759 329
1738823666085 0.007157029312807154 330
1738823666160 0.10411777078040894 331
1738823666240 0.17417695438150402 332
1738823666316 0.06093831496128761 333
1738823666400 0.004592348505668088 334
1738823666484 0.020012150055657808 335
1738823666554 0.18988455777740737 336
1738823666628 0.01154635659007908 337
1738823666701 0.0003446708751209528 338
1738823666776 0.08859062470220737 339
1738823666840 0.26701319249611966 340
1738823666912 0.1958758946255773 341
1738823666992 0.017087887762457385 342
1738823667067 0.16273823180256994 343
1738823667139 0.08148767259618665 344
1738823667203 0.18189950828891813 345
1738823667279 0.16130503452813844 346
1738823667344 0.11798447440772346 347
1738823667418 0.11527238067421351 348
1738823667499 0.11475531791349533 349
1738823667573 0.011226051394413888 350
1738823667651 0.0027565680758369626 351
1738823667724 0.02888181265096689 352
1738823667788 0.3092776087489805 353
1738823667874 2.302889128357497e-06 354
1738823667962 0.10264177865005301 355
1738823668033 0.028503379365390002 356
1738823668105 0.0018258138887042308 357
1738823668179 0.03272729902378531 358
1738823668244 0.020632817467695557 359
1738823668312 0.13792938071129757 360
1738823668379 0.08870829572459153 361
1738823668446 0.011642413948547039 362
1738823668519 0.03610642425579256 363
1738823668627 0.1988141570829131 364
1738823668693 0.0732549486126356 365
1738823668758 0.0007642479364079179 366
1738823668831 0.0006759429857263988 367
1738823668910 0.0009531884420633628 368
1738823668981 0.14208920759525168 369
1738823669054 0.010814628435830888 370
1738823669120 0.01101834004607411 371
1738823669185 0.0050147418579110006 372
1738823669259 0.0015193830961400005 373
1738823669337 0.03912580589836783 374
1738823669422 0.16478579969956544 375
1738823669496 0.027196552424684977 376
1738823669566 0.004138040296110886 377
1738823669646 0.00022217030929375925 378
1738823669728 0.07368022395252068 379
1738823669798 0.024281004489442534 380
1738823669880 0.11313417588478553 381
1738823669959 0.001587690715816335 382
1738823670031 0.18199943858426965 383
1738823670107 0.7132723144906334 384
1738823670185 0.07181223821746933 385
1738823670244 0.016101540826132178 386
1738823670297 0.005922727512455681 387
1738823670362 0.04968166608275956 388
1738823670435 0.055538840791799 389
1738823670512 0.05428264327398765 390
1738823670586 0.003160685637489856 391
1738823670645 0.010067423616625376 392
1738823670706 0.02666889997519494 393
1738823670767 0.13582977841581922 394
1738823670850 0.12981595174261973 395
1738823670953 0.031449782979453694 396
1738823671021 0.03012927316128422 397
1738823671102 0.01825326298764971 398
1738823671183 0.5160739660019793 399
1738823671261 0.0052810956960718655 400
1738823671325 0.067066822951982 401
1738823671409 0.06088660355135989 402
1738823671492 0.01638713188545269 403
1738823671577 0.015540489782415758 404
1738823671695 0.05487935402663549 405
1738823671769 0.03687610971011571 406
1738823671836 0.0048308267935428155 407
1738823671912 0.04666582241206301 408
1738823671983 3.16227471029603e-05 409
1738823672069 0.42968664143677104 410
1738823672129 0.10189291201326325 411
1738823672188 0.0994232222435655 412
1738823672254 0.0059426930719353325 413
1738823672329 0.00013227642123512625 414
1738823672400 0.05161397348747468 415
1738823672476 0.07007962077225773 416
1738823672558 0.12616396396156662 417
1738823672628 0.0006419587860155589 418
1738823672685 0.006247078964534995 419
1738823672759 0.006250680956194676 420
1738823672831 0.12435777049209225 421
1738823672899 0.09364576807440464 422
1738823672976 0.13344473944323887 423
1738823673081 0.0018782624593435423 424
1738823673154 0.19366206074496198 425
1738823673213 0.09874032089156132 426
1738823673290 0.07685705499713737 427
1738823673363 0.21229751516091006 428
1738823673446 0.001260176890755619 429
1738823673524 0.01896828527703935 430
1738823673611 0.003860641289035966 431
1738823673683 0.14403410611940468 432
1738823673765 0.05622858525152404 433
1738823673846 0.059049400370643164 434
1738823673916 0.00020354861293714078 435
1738823673981 0.04416805431913073 436
1738823674056 0.11059716319954153 437
1738823674134 0.6213968732688867 438
1738823674207 0.0008361664814650952 439
1738823674286 0.004845106661146576 440
1738823674363 0.02538502395156476 441
1738823674454 0.058443954913585415 442
1738823674532 0.13424634450384357 443
1738823674592 0.011095875720587678 444
1738823674668 0.0075715236971665425 445
1738823674740 0.15420828759710273 446
1738823674826 0.023092027606009053 447
1738823674910 0.3625486229338433 448
1738823674985 0.028407632015175144 449
1738823675056 0.009031398685119848 450
1738823675135 0.33957702021089176 451
1738823675199 0.04284710423585423 452
1738823675273 0.0032018934600751645 453
1738823675335 0.21352469352175615 454
1738823675417 0.08547692475230152 455
1738823675494 0.08799744854812969 456
1738823675578 0.18984607103663004 457
1738823675656 0.005945772216920463 458
1738823675734 0.0002260785462527202 459
1738823675827 0.08482556559073094 460
1738823675910 0.01971339628267348 461
1738823675980 0.31140449787084473 462
1738823676056 0.015424152576801605 463
1738823676122 0.06608899313005502 464
1738823676196 0.03930152240535865 465
1738823676263 0.19068810950823423 466
1738823676320 0.0010536373505318657 467
1738823676393 0.22533557862157216 468
1738823676467 0.007778261814350068 469
1738823676533 0.2521865329205315 470
1738823676606 0.02819659239804871 471
1738823676684 0.0011828761240355939 472
1738823676767 0.0025113261395489773 473
1738823676825 0.0010074558094921124 474
1738823676890 0.1700197862668026 475
1738823676960 0.014371660274064911 476
1738823677037 0.16657603044100414 477
1738823677101 0.0257811069767001 478
1738823677183 0.0026420539346743476 479
1738823677256 0.019609559895691762 480
1738823677338 0.0003947770084570439 481
1738823677401 0.007473328770908918 482
1738823677480 0.022267418344808998 483
1738823677552 0.04749222185589727 484
1738823677615 0.0049821002689686466 485
1738823677689 0.029906132337285365 486
1738823677752 0.00023856401214566455 487
1738823677828 0.026179717060032845 488
1738823677881 0.10181948462611935 489
1738823677976 0.3022333828989116 490
1738823678034 0.00029825519196664764 491
1738823678100 0.6120411567531722 492
1738823678172 0.008087654713599521 493
1738823678232 0.15136038276842037 494
1738823678301 0.030480728978275407 495
1738823678369 0.03335572959176991 496
1738823678445 0.08002473154329214 497
1738823678514 0.005772287510019922 498
1738823678583 0.11281238827081169 499
