1738824016784 175.40136360539194 0
1738824016791 165.49138389505552 1
1738824016798 168.80082379245607 2
1738824016804 174.96037331924023 3
1738824016809 165.45128818637468 4
1738824016815 169.06121935056058 5
1738824016821 168.59219725315006 6
1738824016827 169.94942743893927 7
1738824016833 164.5361397983899 8
1738824016839 170.60330735295867 9
1738824016844 164.66785168372652 10
1738824016850 169.9212276401086 11
1738824016856 172.48007081653483 12
1738824016863 169.5799915301769 13
1738824016870 171.36418522905834 14
1738824016876 162.3450194595903 15
1738824016882 169.9085698864739 16
1738824016889 173.00198422421224 17
1738824016895 166.02025989001177 18
1738824016901 170.32497219733122 19
1738824016907 169.71737252677207 20
1738824016913 168.9653964687328 21
1738824016919 166.5309094254074 22
1738824016924 172.637031349888 23
1738824016930 166.63005411475203 24
1738824016936 167.54484623080555 25
1738824016942 167.63029047273537 26
1738824016948 168.27287621789168 27
1738824016954 175.3452634612183 28
1738824016961 169.4634217327185 29
1738824016967 174.40620406841876 30
1738824016973 167.64821420038942 31
1738824016980 168.77068048670142 32
1738824016985 169.55811869058317 33
1738824016992 168.2805988578707 34
1738824016998 171.20087921788198 35
1738824017004 168.1287438910402 36
1738824017010 174.1230599541675 37
1738824017016 168.63357030492148 38
1738824017023 165.35404693344344 39
1738824017030 170.40960967191594 40
1738824017035 170.86479300254996 41
1738824017041 169.5019277781044 42
1738824017047 170.8440012333351 43
1738824017054 168.1948887615819 44
1738824017060 170.09938027648505 45
1738824017066 172.7407940964501 46
1738824017072 171.05599658061223 47
1738824017078 167.2365105877347 48
1738824017084 168.6427550280946 49
1738824017091 169.47214156650466 50
1738824017097 168.8563004037055 51
1738824017103 169.05834110399874 52
1738824017110 168.93454615642796 53
1738824017116 165.34235810909144 54
1738824017122 172.49472428345334 55
1738824017127 170.8275917600421 56
1738824017133 164.08854398929157 57
1738824017139 170.45913316043382 58
1738824017145 171.33338184266958 59
1738824017150 170.18738297863328 60
1738824017156 164.42238494240564 61
1738824017163 170.14147791518135 62
1738824017169 170.5762393468837 63
1738824017174 169.5843370588179 64
