1738680044176 145.92518128015948 0
1738680044218 170.98413797991282 1
1738680044259 152.6750381913043 2
1738680044300 186.05507342748058 3
1738680044341 173.4609110105552 4
1738680044399 125.58259260698352 5
1738680044448 161.41750933715258 6
1738680044492 163.57596519493788 7
1738680044534 154.1233992286382 8
1738680044575 158.11922720159544 9
1738680044617 154.0508817433572 10
1738680044658 168.67116742322455 11
1738680044699 178.30843321189317 12
1738680044740 180.84430244353192 13
1738680044780 167.91466152368398 14
1738680044821 155.0325399583135 15
1738680044861 175.42883301611644 16
1738680044901 167.76479349411207 17
1738680044943 162.4956039195808 18
1738680044985 169.9875524082116 19
1738680045027 176.08971364877823 20
1738680045070 165.7066816132425 21
1738680045111 167.41484278345953 22
1738680045152 169.4413227522939 23
1738680045192 170.73191367714333 24
1738680045232 174.26905037228775 25
1738680045273 170.92801581898186 26
1738680045314 160.847956493169 27
1738680045354 159.97432953758687 28
1738680045395 185.68457941460866 29
1738680045435 177.27018754864622 30
1738680045475 172.37441139367465 31
1738680045516 166.49066094424307 32
1738680045556 172.42640664672936 33
1738680045596 170.93856846064557 34
1738680045637 163.41763809911077 35
1738680045679 156.6426899560046 36
1738680045721 174.7923190280282 37
1738680045762 184.87543727668483 38
1738680045802 170.1658982540843 39
1738680045843 181.15165054676984 40
1738680045883 173.64228902267485 41
1738680045924 181.19394821489516 42
1738680045965 161.96686429603028 43
1738680046005 181.0920687876481 44
1738680046046 176.08064585828197 45
1738680046087 167.66754988040378 46
1738680046127 163.24360032531473 47
1738680046168 168.4101811719777 48
1738680046209 163.06606209456535 49
1738680046250 192.15506155020813 50
1738680046292 167.58195834733255 51
1738680046334 166.34150266806535 52
1738680046374 162.85724395066362 53
1738680046415 174.98452175746596 54
1738680046455 153.25645774556753 55
1738680046495 171.39392310247464 56
1738680046536 167.62943300692717 57
1738680046576 180.1966888063386 58
1738680046616 160.68699614866566 59
1738680046657 171.39785936120634 60
1738680046697 167.80176601771842 61
1738680046737 178.68184348424913 62
1738680046777 157.54817133760176 63
1738680046818 165.2175088270545 64
1738680046859 155.20050943560972 65
1738680046899 164.36669544343926 66
1738680046940 167.6646184916397 67
1738680046981 175.60618387927536 68
1738680047022 138.12738984268879 69
1738680047063 158.93562253292416 70
1738680047104 157.0562502962794 71
1738680047145 162.80400337302356 72
1738680047184 167.20582434903682 73
1738680047226 175.22063015071762 74
1738680047267 173.75511364705946 75
1738680047307 185.067406615474 76
1738680047348 166.07438793773548 77
1738680047390 162.1729196676668 78
1738680047432 173.26122477444088 79
