1738823367884 175.9354116441878 0
1738823367909 175.72663950268964 1
1738823367929 175.3313200539699 2
1738823367960 174.77055363760408 3
1738823367981 174.06420222430015 4
1738823368009 173.23082362305234 5
1738823368030 172.2876433653268 6
1738823368052 171.25055574069933 7
1738823368071 170.13414702418592 8
1738823368089 168.9517352383685 9
1738823368106 167.7154218754943 10
1738823368125 166.43615190158155 11
1738823368142 165.12377910619932 12
1738823368169 163.78713447328977 13
1738823368190 162.43409575147007 14
1738823368212 161.07165681461217 15
1738823368231 159.70599574024666 16
1738823368254 158.34254080714132 17
1738823368271 156.9860338349228 18
1738823368297 155.64059046677409 19
1738823368321 154.30975713854008 20
1738823368342 152.99656459028625 21
1738823368369 151.7035778647205 22
1738823368389 150.43294280529076 23
1738823368417 149.1864291188642 24
1738823368434 147.96547010671534 25
1738823368455 146.77119919563694 26
1738823368468 145.6044834204246 27
1738823368484 144.46595402151974 28
1738823368501 143.35603432864912 29
1738823368519 142.2749651040585 30
1738823368539 141.22282751836536 31
1738823368559 140.19956392894332 32
1738823368573 139.20499662574508 33
1738823368593 138.23884470308624 34
1738823368618 137.30073920857683 35
1738823368640 136.39023671243024 36
1738823368663 135.50683143207053 37
1738823368684 134.6499660385071 38
1738823368713 133.8190412625124 39
1738823368736 133.0134244103487 40
1738823368759 132.23245689073718 41
1738823368781 131.47546084701168 42
1738823368809 130.74174498100174 43
1738823368830 130.03060964817234 44
1738823368855 129.34135129693024 45
1738823368883 128.67326631879652 46
1738823368919 128.02565437034232 47
1738823368943 127.39782122238188 48
1738823368968 126.78908118690376 49
1738823368990 126.19875916758404 50
1738823369014 125.62619237544583 51
1738823369037 125.07073174729157 52
1738823369059 124.5317431009178 53
1738823369076 124.00860805780643 54
1738823369090 123.50072476095644 55
1738823369106 123.00750841274841 56
1738823369124 122.5283916552122 57
1738823369139 122.06282481276959 58
1738823369158 121.61027601543461 59
1738823369175 121.17023121856032 60
1738823369195 120.74219413350089 61
1738823369214 120.32568608200323 62
1738823369255 119.92024578573594 63
1738823369276 119.52542910109285 64
1738823369292 119.14080870826317 65
1738823369305 118.76597376252784 66
1738823369322 118.40052951481323 67
1738823369336 118.04409690769789 68
1738823369353 117.69631215231936 69
1738823369368 117.35682629095515 70
1738823369384 117.02530474945075 71
1738823369405 116.7014268831287 72
1738823369425 116.38488551933203 73
1738823369452 116.07538649932577 74
1738823369470 115.77264822189885 75
1738823369492 115.47640119066745 76
1738823369505 115.18638756677983 77
1738823369522 114.90236072845413 78
1738823369543 114.62408483854375 79
1738823369561 114.35133442111544 80
1738823369576 114.08389394784066 81
1738823369593 113.82155743483796 82
1738823369613 113.56412805046172 83
1738823369630 113.31141773440802 84
1738823369647 113.06324682839914 85
1738823369668 112.81944371861374 86
1738823369692 112.57984448994765 87
1738823369710 112.34429259211961 88
1738823369729 112.1126385175754 89
1738823369759 111.88473949109175 90
1738823369778 111.66045917093808 91
1738823369803 111.43966736141675 92
1738823369825 111.2222397365717 93
1738823369852 111.00805757482976 94
1738823369875 110.79700750431985 95
1738823369904 110.58898125859645 96
1738823369926 110.3838754424836 97
1738823369947 110.18159130774467 98
1738823369976 109.98203453827723 99
1738823369998 109.78511504452806 100
1738823370020 109.59074676682145 101
1738823370038 109.39884748729327 102
1738823370058 109.20933865012559 103
1738823370073 109.02214518977785 104
1738823370101 108.83719536691623 105
1738823370118 108.65442061174593 106
1738823370135 108.47375537445738 107
1738823370151 108.29513698250415 108
1738823370170 108.11850550443566 109
1738823370193 107.9438036200161 110
1738823370222 107.77097649636785 111
1738823370241 107.59997166988552 112
1738823370261 107.43073893367453 113
1738823370281 107.2632302302761 114
1738823370302 107.09739954944826 115
1738823370323 106.93320283078128 116
1738823370340 106.77059787093248 117
1738823370368 106.60954423527457 118
1738823370388 106.45000317375892 119
1738823370410 106.29193754080234 120
1738823370442 106.13531171901437 121
1738823370464 105.98009154658845 122
1738823370488 105.82624424818846 123
1738823370513 105.6737383691678 124
1738823370535 105.52254371296664 125
1738823370553 105.37263128153786 126
1738823370578 105.22397321865954 127
1738823370603 105.07654275599795 128
1738823370620 104.93031416179058 129
1738823370643 104.78526269202456 130
1738823370668 104.64136454399194 131
1738823370690 104.49859681210755 132
1738823370711 104.3569374458814 133
1738823370748 104.21636520994169 134
1738823370777 104.07685964600971 135
1738823370797 103.93840103673227 136
1738823370820 103.80097037128184 137
1738823370842 103.66454931263804 138
1738823370860 103.52912016646972 139
1738823370886 103.39466585153856 140
1738823370905 103.26116987155073 141
1738823370925 103.12861628838559 142
1738823370947 102.99698969663389 143
1738823370964 102.8662751993815 144
1738823370985 102.73645838517743 145
1738823371005 102.60752530612793 146
1738823371047 102.47946245706149 147
1738823371064 102.35225675571166 148
1738823371080 102.22589552386788 149
1738823371096 102.10036646944621 150
1738823371111 101.97565766943498 151
1738823371128 101.85175755367169 152
1738823371145 101.72865488941041 153
1738823371163 101.60633876664032 154
1738823371182 101.48479858411838 155
1738823371212 101.36402403608064 156
1738823371237 101.24400509959872 157
1738823371255 101.12473202254925 158
1738823371276 101.00619531216614 159
1738823371298 100.88838572414654 160
1738823371315 100.77129425228313 161
1738823371333 100.65491211859664 162
1738823371348 100.53923076394373 163
1738823371363 100.42424183907659 164
1738823371384 100.30993719613188 165
1738823371401 100.19630888052784 166
1738823371419 100.0833491232488 167
1738823371440 99.97105033349875 168
1738823371460 99.85940509170453 169
1738823371486 99.74840614285229 170
1738823371505 99.63804639014006 171
1738823371527 99.52831888893091 172
1738823371542 99.41921684099198 173
1738823371561 99.31073358900481 174
1738823371579 99.20286261133387 175
1738823371596 99.09559751704036 176
1738823371612 98.98893204112909 177
1738823371628 98.88286004001687 178
1738823371645 98.77737548721164 179
1738823371662 98.67247246919166 180
1738823371685 98.56814518147492 181
1738823371703 98.4643879248697 182
1738823371723 98.36119510189667 183
1738823371747 98.25856121337473 184
1738823371770 98.15648085516216 185
1738823371793 98.0549487150454 186
1738823371815 97.95395956976833 187
1738823371848 97.8535082821952 188
1738823371869 97.75358979860029 189
1738823371893 97.65419914607841 190
1738823371915 97.5553314300704 191
1738823371937 97.45698183199727 192
1738823371956 97.35914560699885 193
1738823371980 97.26181808177056 194
1738823372013 97.16499465249456 195
1738823372036 97.06867078285983 196
1738823372055 96.97284200216764 197
1738823372079 96.87750390351759 198
1738823372095 96.78265214207049 199
1738823372112 96.68828243338473 200
1738823372127 96.59439055182203 201
1738823372145 96.50097232901945 202
1738823372162 96.40802365242467 203
1738823372179 96.31554046389104 204
1738823372194 96.22351875832982 205
1738823372214 96.13195458241705 206
1738823372227 96.04084403335173 207
1738823372246 95.95018325766377 208
1738823372262 95.85996845006855 209
1738823372280 95.77019585236637 210
1738823372303 95.68086175238444 211
1738823372323 95.59196248295937 212
1738823372346 95.5034944209583 213
1738823372367 95.41545398633707 214
1738823372380 95.32783764123313 215
1738823372401 95.2406418890922 216
1738823372426 95.1538632738266 217
1738823372443 95.06749837900409 218
1738823372470 94.98154382706564 219
1738823372503 94.89599627857079 220
1738823372518 94.81085243146957 221
1738823372537 94.72610902039919 222
1738823372552 94.6417628160052 223
1738823372568 94.55781062428508 224
1738823372585 94.47424928595403 225
1738823372603 94.39107567583146 226
1738823372620 94.30828670224743 227
1738823372636 94.2258793064681 228
1738823372659 94.14385046213941 229
1738823372673 94.06219717474815 230
1738823372687 93.98091648109951 231
1738823372706 93.90000544881049 232
1738823372721 93.81946117581877 233
1738823372748 93.73928078990566 234
1738823372765 93.6594614482332 235
1738823372783 93.58000033689456 236
1738823372802 93.50089467047701 237
1738823372823 93.42214169163707 238
1738823372847 93.34373867068751 239
1738823372868 93.26568290519519 240
1738823372922 93.18797171958992 241
1738823372942 93.11060246478338 242
1738823372958 93.03357251779785 243
1738823372978 92.95687928140462 244
1738823372998 92.88052018377103 245
1738823373015 92.80449267811659 246
1738823373030 92.72879424237726 247
1738823373048 92.65342237887761 248
1738823373068 92.57837461401097 249
1738823373093 92.50364849792666 250
1738823373114 92.4292416042246 251
1738823373134 92.35515152965647 252
1738823373161 92.28137589383368 253
1738823373185 92.20791233894155 254
1738823373202 92.13475852945965 255
1738823373218 92.06191215188784 256
1738823373235 91.98937091447823 257
1738823373254 91.91713254697234 258
1738823373269 91.84519480034368 259
1738823373289 91.77355544654529 260
1738823373315 91.7022122782623 261
1738823373334 91.631163108669 262
1738823373354 91.56040577119074 263
1738823373372 91.48993811927008 264
1738823373389 91.4197580261371 265
1738823373406 91.34986338458421 266
1738823373426 91.28025210674443 267
1738823373444 91.21092212387401 268
1738823373470 91.14187138613848 269
1738823373503 91.07309786240246 270
1738823373519 91.00459954002295 271
1738823373544 90.936374424646 272
1738823373564 90.86842054000667 273
1738823373587 90.80073592773236 274
1738823373610 90.73331864714898 275
1738823373638 90.66616677509039 276
1738823373656 90.59927840571062 277
1738823373676 90.53265165029896 278
1738823373696 90.466284637098 279
1738823373720 90.40017551112408 280
1738823373738 90.33432243399068 281
1738823373765 90.26872358373416 282
1738823373785 90.20337715464196 283
1738823373804 90.13828135708351 284
1738823373823 90.07343441734326 285
1738823373846 90.00883457745601 286
1738823373868 89.94448009504472 287
1738823373895 89.88036924316029 288
1738823373911 89.81650031012363 289
1738823373926 89.75287159936977 290
1738823373947 89.68948142929409 291
1738823373970 89.62632813310046 292
1738823373986 89.56341005865136 293
1738823374004 89.50072556832008 294
1738823374019 89.43827303884456 295
1738823374036 89.3760508611832 296
1738823374060 89.31405744037255 297
1738823374080 89.25229119538658 298
1738823374104 89.19075055899779 299
1738823374123 89.12943397763999 300
1738823374144 89.06833991127282 301
1738823374163 89.00746683324779 302
1738823374184 88.94681323017593 303
1738823374205 88.88637760179711 304
1738823374227 88.82615846085076 305
1738823374246 88.76615433294829 306
1738823374265 88.70636375644675 307
1738823374286 88.64678528232425 308
1738823374301 88.58741747405647 309
1738823374317 88.52825890749489 310
1738823374329 88.46930817074632 311
1738823374343 88.41056386405361 312
1738823374356 88.352024599678 313
1738823374371 88.29368900178245 314
1738823374386 88.23555570631676 315
1738823374401 88.17762336090334 316
1738823374422 88.11989062472477 317
1738823374446 88.06235616841234 318
1738823374464 88.00501867393588 319
1738823374482 87.94787683449479 320
1738823374503 87.89092935441019 321
1738823374523 87.83417494901833 322
1738823374547 87.77761234456518 323
1738823374573 87.72124027810197 324
1738823374594 87.66505749738204 325
1738823374619 87.60906276075869 326
1738823374639 87.5532548370842 327
1738823374659 87.49763250560976 328
1738823374687 87.44219455588673 329
1738823374710 87.38693978766858 330
1738823374735 87.33186701081424 331
1738823374760 87.27697504519219 332
1738823374778 87.22226272058569 333
1738823374802 87.16772887659887 334
1738823374822 87.11337236256401 335
1738823374847 87.05919203744959 336
1738823374868 87.00518676976942 337
1738823374886 86.95135543749251 338
1738823374909 86.89769692795416 339
1738823374923 86.84421013776775 340
1738823374944 86.79089397273756 341
1738823374963 86.73774734777236 342
1738823374979 86.68476918679995 343
1738823374996 86.6319584226826 344
1738823375013 86.57931399713343 345
1738823375029 86.52683486063326 346
1738823375049 86.47451997234896 347
1738823375073 86.42236830005191 348
1738823375103 86.37037882003789 349
1738823375136 86.31855051704731 350
1738823375162 86.26688238418662 351
1738823375179 86.21537342285025 352
1738823375199 86.16402264264347 353
1738823375225 86.11282906130603 354
1738823375247 86.06179170463643 355
1738823375267 86.01090960641714 356
1738823375295 85.96018180834044 357
1738823375335 85.90960735993507 358
1738823375363 85.85918531849349 359
1738823375390 85.80891474900012 360
1738823375429 85.75879472405997 361
1738823375456 85.70882432382827 362
1738823375490 85.65900263594064 363
1738823375510 85.60932875544397 364
1738823375539 85.55980178472801 365
1738823375560 85.51042083345769 366
1738823375587 85.46118501850601 367
1738823375611 85.41209346388769 368
1738823375629 85.36314530069335 369
1738823375663 85.31433966702453 370
1738823375687 85.26567570792916 371
1738823375707 85.21715257533783 372
1738823375738 85.1687694280005 373
1738823375754 85.1205254314241 374
1738823375773 85.07241975781042 375
1738823375797 85.02445158599491 376
1738823375823 84.97662010138592 377
1738823375846 84.92892449590452 378
1738823375869 84.88136396792505 379
1738823375897 84.83393772221608 380
1738823375918 84.78664496988209 381
1738823375940 84.73948492830564 382
1738823375957 84.69245682109016 383
1738823375981 84.64555987800325 384
1738823376004 84.59879333492056 385
1738823376023 84.5521564337702 386
1738823376044 84.50564842247776 387
1738823376064 84.45926855491179 388
1738823376088 84.41301609082976 389
1738823376110 84.36689029582482 390
1738823376135 84.32089044127265 391
1738823376153 84.27501580427928 392
1738823376170 84.22926566762901 393
1738823376190 84.18363931973315 394
1738823376211 84.13813605457909 395
1738823376238 84.09275517167997 396
1738823376269 84.04749597602462 397
1738823376292 84.0023577780284 398
1738823376310 83.95733989348403 399
1738823376332 83.9124416435132 400
1738823376352 83.86766235451866 401
1738823376377 83.82300135813662 402
1738823376404 83.77845799118965 403
1738823376420 83.7340315956402 404
1738823376437 83.68972151854423 405
1738823376452 83.64552711200578 406
1738823376467 83.60144773313141 407
1738823376484 83.55748274398556 408
1738823376504 83.5136315115461 409
1738823376519 83.46989340766032 410
1738823376535 83.42626780900142 411
1738823376551 83.38275409702531 412
1738823376568 83.33935165792806 413
1738823376586 83.29605988260344 414
1738823376604 83.25287816660108 415
1738823376618 83.209805910085 416
1738823376636 83.16684251779247 417
1738823376652 83.12398739899335 418
1738823376671 83.0812399674498 419
1738823376690 83.03859964137635 420
1738823376713 82.99606584340029 421
1738823376734 82.95363800052266 422
1738823376760 82.91131554407932 423
1738823376778 82.86909790970263 424
1738823376804 82.8269845372834 425
1738823376823 82.78497487093321 426
1738823376846 82.74306835894707 427
1738823376876 82.7012644537665 428
1738823376902 82.65956261194289 429
1738823376923 82.61796229410126 430
1738823376947 82.57646296490437 431
1738823376971 82.53506409301713 432
1738823376993 82.49376515107139 433
1738823377010 82.45256561563102 434
1738823377034 82.41146496715743 435
1738823377058 82.3704626899752 436
1738823377085 82.32955827223837 437
1738823377103 82.28875120589673 438
1738823377126 82.24804098666253 439
1738823377150 82.2074271139777 440
1738823377171 82.16690909098108 441
1738823377187 82.12648642447614 442
1738823377206 82.08615862489899 443
1738823377224 82.04592520628665 444
1738823377240 82.00578568624566 445
1738823377257 81.96573958592093 446
1738823377273 81.92578642996507 447
1738823377288 81.88592574650765 448
1738823377303 81.84615706712512 449
1738823377319 81.80647992681084 450
1738823377333 81.76689386394543 451
1738823377352 81.72739842026729 452
1738823377368 81.68799314084364 453
1738823377385 81.64867757404166 454
1738823377409 81.60945127149978 455
1738823377428 81.57031378809965 456
1738823377475 81.5312646819379 457
1738823377495 81.49230351429848 458
1738823377512 81.45342984962528 459
1738823377528 81.41464325549465 460
1738823377543 81.3759433025886 461
1738823377556 81.33732956466801 462
1738823377572 81.2988016185463 463
1738823377586 81.26035904406291 464
1738823377605 81.22200142405771 465
1738823377622 81.18372834434489 466
1738823377639 81.14553939368776 467
1738823377656 81.10743416377338 468
1738823377677 81.06941224918751 469
1738823377698 81.03147324738994 470
1738823377717 80.99361675868987 471
1738823377736 80.95584238622158 472
1738823377756 80.91814973592047 473
1738823377778 80.880538416499 474
1738823377798 80.84300803942318 475
1738823377818 80.80555821888917 476
1738823377839 80.76818857180008 477
1738823377864 80.73089871774285 478
1738823377885 80.69368827896564 479
1738823377911 80.6565568803552 480
1738823377936 80.6195041494146 481
1738823377954 80.58252971624097 482
1738823377977 80.54563321350372 483
1738823377997 80.50881427642265 484
1738823378023 80.47207254274663 485
1738823378045 80.43540765273211 486
1738823378071 80.39881924912203 487
1738823378087 80.3623069771249 488
1738823378102 80.32587048439423 489
1738823378117 80.28950942100765 490
1738823378132 80.25322343944688 491
1738823378152 80.21701219457742 492
1738823378168 80.18087534362859 493
1738823378187 80.14481254617372 494
1738823378206 80.10882346411069 495
1738823378235 80.07290776164227 496
1738823378253 80.03706510525708 497
1738823378271 80.00129516371044 498
1738823378293 79.96559760800545 499
