1738680018841 175.98652875909363 0
1738680018882 152.67041831762464 1
1738680018923 154.74306560254598 2
1738680018964 192.81213878419751 3
1738680019005 181.03391957538867 4
1738680019062 167.06812269566927 5
1738680019110 162.26408375820517 6
1738680019154 179.05504858971554 7
1738680019196 173.06393085400194 8
1738680019237 179.59714679986848 9
1738680019279 189.73854779285875 10
1738680019320 149.9419769233553 11
1738680019361 185.10179475794672 12
1738680019403 174.3008901512253 13
1738680019446 161.3468896536523 14
1738680019489 168.40161788625122 15
1738680019530 171.73102049804848 16
1738680019571 181.30919095482753 17
1738680019612 176.35017515686286 18
1738680019653 164.2967615074136 19
1738680019694 161.9708321684724 20
1738680019734 179.64756240225708 21
1738680019774 184.20622581472205 22
1738680019815 148.57010922090993 23
1738680019856 177.09476993137147 24
1738680019896 183.547557979346 25
1738680019937 170.0677890400593 26
1738680019977 181.76453231340187 27
1738680020018 181.5180880141874 28
1738680020059 143.96441171884436 29
1738680020101 170.29411204413287 30
1738680020143 165.90305119205144 31
1738680020184 155.8584124731478 32
1738680020225 196.62267726437943 33
1738680020266 148.38233520548042 34
1738680020306 171.45718513327955 35
1738680020346 177.5052398574911 36
1738680020387 174.83593876412777 37
1738680020427 161.97871695304426 38
1738680020468 163.26684501837389 39
1738680020508 165.3987213617783 40
1738680020550 178.50768889717202 41
1738680020591 163.04171862374042 42
1738680020631 155.63360271825044 43
1738680020672 172.57128679820525 44
1738680020713 155.23045033480014 45
1738680020753 150.88398970449308 46
1738680020794 173.11965592792308 47
1738680020836 152.25387561093007 48
1738680020878 175.0386424736333 49
1738680020919 176.3337409764632 50
1738680020959 148.70822044770873 51
1738680021000 191.9913642960925 52
1738680021041 174.87338262101562 53
1738680021081 137.41690758734478 54
1738680021122 191.71317371659538 55
1738680021162 151.965987907933 56
1738680021203 179.52261113180796 57
1738680021243 163.27934867264182 58
1738680021284 187.36730917904347 59
1738680021325 176.25672935878504 60
1738680021366 187.8274871366705 61
1738680021407 174.5825985052756 62
1738680021447 156.5797008715018 63
1738680021490 157.62433725483535 64
1738680021531 172.66959185848407 65
1738680021572 179.55149871281316 66
1738680021613 191.1729349145377 67
1738680021654 145.3544987662137 68
1738680021694 197.34820467554786 69
1738680021735 181.49839431033658 70
1738680021775 139.74162433608385 71
1738680021816 144.71030866367127 72
1738680021857 161.71000941327597 73
1738680021897 149.12719271148225 74
1738680021938 150.41397964821954 75
1738680021979 136.63614940605697 76
1738680022022 193.94726303061344 77
1738680022066 182.44216043226317 78
1738680022106 170.5255080079181 79
1738680022147 166.9427560222003 80
1738680022188 166.35394859957054 81
1738680022228 170.71872038725397 82
1738680022269 130.15842554715184 83
1738680022310 165.77462887837308 84
1738680022350 147.7353374631955 85
1738680022391 198.50005476434424 86
1738680022431 175.2008906903435 87
1738680022472 158.49963253446657 88
1738680022513 182.78405311800555 89
1738680022554 184.96887427724928 90
1738680022596 169.28258142705508 91
1738680022642 171.96142802177937 92
1738680022685 167.05661575624217 93
1738680022728 167.4232286557128 94
1738680022769 199.67489206724295 95
1738680022810 136.6203178242562 96
1738680022850 175.76153252089426 97
1738680022891 189.51561806663378 98
