1738824028114 175.0884120717487 0
1738824028120 172.78902404824265 1
1738824028125 167.37970385101144 2
1738824028131 166.1386071215774 3
1738824028137 166.25158805856907 4
1738824028143 168.23059122084823 5
1738824028149 170.40720794252616 6
1738824028155 168.40784296377487 7
1738824028161 170.3837588366445 8
1738824028167 164.99829249416211 9
1738824028173 170.21727530775456 10
1738824028179 170.35412346798302 11
1738824028184 169.1593709882106 12
1738824028190 170.31881740336368 13
1738824028196 166.68230231838405 14
1738824028202 167.46636102228322 15
1738824028208 171.1880202204701 16
1738824028214 173.5768780208023 17
1738824028220 167.1000529428915 18
1738824028226 168.5049016583186 19
1738824028232 172.26065669342262 20
1738824028238 169.91714058362254 21
1738824028244 166.04736011295628 22
1738824028251 166.10664782490952 23
1738824028257 169.4424400455714 24
1738824028263 166.52557504567932 25
1738824028268 166.54628857821598 26
1738824028274 170.89111652213202 27
1738824028280 164.70836351896017 28
1738824028286 169.88837294369878 29
1738824028292 170.7454971403932 30
1738824028298 167.24149320325097 31
1738824028304 168.80912410237136 32
1738824028313 168.99822712634668 33
1738824028320 168.41376209194567 34
1738824028327 169.5516426408294 35
1738824028333 163.41485834439993 36
1738824028339 168.63706432505552 37
1738824028345 169.22287155070902 38
1738824028351 167.808058449239 39
1738824028359 171.59395433837378 40
1738824028364 172.3775432488607 41
1738824028370 169.1802575733881 42
1738824028376 170.69523853973016 43
1738824028381 169.1031624914897 44
1738824028387 170.01193144709342 45
