1738825168944 170.6330285173875 0
1738825168964 170.627158642186 1
1738825168989 170.62130990374618 2
1738825169010 170.6154822211734 3
1738825169035 170.60967551389277 4
1738825169053 170.60388970164712 5
1738825169067 170.59812470449612 6
1738825169082 170.59238044281494 7
1738825169102 170.58665683729288 8
1738825169118 170.58095380893218 9
1738825169138 170.5752712790469 10
1738825169157 170.56960916926133 11
1738825169175 170.56396740150907 12
1738825169192 170.5583458980318 13
1738825169209 170.55274458137765 14
1738825169226 170.54716337440047 15
1738825169244 170.54160220025827 16
1738825169260 170.53606098241215 17
1738825169275 170.53053964462504 18
1738825169298 170.52503811096045 19
1738825169313 170.51955630578138 20
1738825169329 170.51409415374906 21
1738825169343 170.50865157982165 22
1738825169358 170.50322850925326 23
1738825169374 170.49782486759258 24
1738825169391 170.49244058068177 25
1738825169406 170.48707557465534 26
1738825169424 170.4817297759389 27
1738825169454 170.47640311124798 28
1738825169469 170.47109550758702 29
1738825169484 170.46580689224794 30
1738825169499 170.46053719280926 31
1738825169519 170.45528633713482 32
1738825169542 170.45005425337268 33
1738825169574 170.44484086995394 34
1738825169595 170.43964611559156 35
1738825169612 170.4344699192794 36
1738825169638 170.42931221029096 37
1738825169660 170.42417291817833 38
1738825169675 170.41905197277092 39
1738825169689 170.41394930417462 40
1738825169708 170.40886484277044 41
1738825169730 170.40379851921352 42
1738825169746 170.398750264432 43
1738825169761 170.39372000962615 44
1738825169776 170.38870768626677 45
1738825169791 170.3837132260946 46
1738825169811 170.37873656111907 47
1738825169826 170.37377762361714 48
1738825169841 170.36883634613233 49
1738825169856 170.36391266147362 50
1738825169871 170.3590065027143 51
1738825169886 170.35411780319126 52
1738825169900 170.34924649650338 53
1738825169915 170.34439251651096 54
1738825169938 170.3395557973344 55
1738825169957 170.33473627335337 56
1738825169975 170.32993387920553 57
1738825169996 170.32514854978564 58
1738825170022 170.3203802202446 59
1738825170047 170.31562882598828 60
1738825170066 170.31089430267653 61
1738825170082 170.30617658622228 62
1738825170099 170.30147561279026 63
1738825170114 170.29679131879647 64
1738825170131 170.29212364090657 65
1738825170145 170.28747251603536 66
1738825170165 170.28283788134559 67
1738825170182 170.27821967424697 68
1738825170198 170.27361783239525 69
1738825170236 170.26903229369105 70
1738825170255 170.2644629962792 71
1738825170274 170.25990987854743 72
1738825170299 170.2553728791257 73
1738825170314 170.2508519368849 74
1738825170334 170.24634699093625 75
1738825170352 170.24185798063002 76
1738825170373 170.23738484555477 77
1738825170390 170.23292752553638 78
1738825170410 170.228485960637 79
1738825170429 170.22406009115412 80
1738825170466 170.21964985761977 81
1738825170482 170.21525520079948 82
1738825170504 170.21087606169127 83
1738825170523 170.20651238152487 84
1738825170543 170.20216410176073 85
1738825170558 170.19783116408908 86
1738825170575 170.193513510429 87
1738825170591 170.18921108292753 88
1738825170606 170.18492382395883 89
1738825170620 170.18065167612312 90
1738825170633 170.17639458224593 91
1738825170649 170.17215248537707 92
1738825170663 170.1679253287898 93
1738825170678 170.16371305597997 94
1738825170697 170.15951561066504 95
1738825170715 170.15533293678328 96
1738825170734 170.1511649784929 97
1738825170751 170.14701168017092 98
1738825170772 170.14287298641275 99
1738825170794 170.13874884203094 100
1738825170810 170.1346391920544 101
1738825170831 170.1305439817277 102
1738825170848 170.12646315650997 103
1738825170864 170.12239666207418 104
1738825170884 170.11834444430633 105
1738825170903 170.11430644930442 106
1738825170918 170.11028262337777 107
1738825170936 170.1062729130462 108
1738825170952 170.10227726503894 109
1738825170968 170.0982956262941 110
1738825170984 170.09432794395758 111
1738825171000 170.09037416538249 112
1738825171016 170.0864342381281 113
1738825171034 170.08250810995915 114
1738825171054 170.078595728845 115
1738825171079 170.07469704295866 116
1738825171102 170.0708120006763 117
1738825171121 170.06694055057622 118
1738825171145 170.06308264143797 119
1738825171163 170.05923822224173 120
1738825171180 170.05540724216746 121
1738825171207 170.05158965059405 122
1738825171225 170.0477853970985 123
1738825171240 170.04399443145527 124
1738825171256 170.04021670363534 125
1738825171273 170.03645216380556 126
1738825171289 170.03270076232764 127
1738825171305 170.02896244975773 128
1738825171319 170.02523717684537 129
1738825171334 170.0215248945327 130
1738825171350 170.01782555395383 131
1738825171364 170.01413910643413 132
1738825171381 170.01046550348926 133
1738825171396 170.0068046968246 134
1738825171410 170.00315663833422 135
1738825171430 169.9995212801005 136
1738825171453 169.99589857439318 137
1738825171471 169.99228847366854 138
1738825171505 169.98869093056874 139
1738825171522 169.98510589792124 140
1738825171545 169.98153332873767 141
1738825171571 169.97797317621348 142
1738825171596 169.97442539372705 143
1738825171612 169.9708899348389 144
1738825171640 169.967366753291 145
1738825171659 169.9638558030062 146
1738825171675 169.96035703808727 147
1738825171691 169.95687041281641 148
1738825171705 169.9533958816542 149
1738825171722 169.94993339923937 150
1738825171736 169.9464829203877 151
1738825171754 169.94304440009134 152
1738825171768 169.93961779351844 153
1738825171786 169.93620305601203 154
1738825171920 169.93280014308962 155
1738825171935 169.92940901044224 156
1738825171951 169.92602961393416 157
1738825171973 169.9226619096017 158
1738825171992 169.91930585365287 159
1738825172009 169.91596140246662 160
1738825172030 169.91262851259214 161
1738825172048 169.90930714074815 162
1738825172068 169.90599724382233 163
1738825172097 169.90269877887042 164
1738825172114 169.8994117031158 165
1738825172134 169.89613597394882 166
1738825172148 169.8928715489259 167
1738825172164 169.88961838576898 168
1738825172180 169.8863764423651 169
1738825172205 169.88314567676522 170
1738825172222 169.8799260471842 171
1738825172238 169.87671751199957 172
1738825172254 169.87352002975126 173
1738825172270 169.87033355914082 174
1738825172290 169.86715805903074 175
1738825172310 169.8639934884439 176
1738825172326 169.8608398065629 177
1738825172344 169.85769697272934 178
1738825172359 169.8545649464433 179
1738825172375 169.8514436873627 180
1738825172389 169.84833315530253 181
1738825172404 169.84523331023445 182
1738825172418 169.842144112286 183
1738825172433 169.83906552174 184
1738825172450 169.83599749903397 185
1738825172465 169.83294000475954 186
1738825172480 169.82989299966178 187
1738825172497 169.8268564446386 188
1738825172510 169.82383030074007 189
1738825172531 169.82081452916808 190
1738825172548 169.81780909127534 191
1738825172565 169.81481394856516 192
1738825172600 169.81182906269063 193
1738825172619 169.808854395454 194
1738825172639 169.80588990880622 195
1738825172658 169.80293556484634 196
1738825172675 169.79999132582074 197
1738825172691 169.7970571541228 198
1738825172711 169.7941330122921 199
1738825172723 169.79121886301394 200
1738825172739 169.7883146691188 201
1738825172755 169.78542039358166 202
1738825172769 169.78253599952149 203
1738825172784 169.77966145020065 204
1738825172794 169.77679670902432 205
1738825172813 169.77394173953996 206
1738825172829 169.7710965054368 207
1738825172847 169.76826097054504 208
1738825172867 169.76543509883555 209
1738825172881 169.76261885441926 210
1738825172900 169.75981220154642 211
1738825172923 169.75701510460635 212
1738825172941 169.75422752812653 213
1738825172957 169.75144943677245 214
1738825172981 169.7486807953466 215
1738825173003 169.7459215687884 216
1738825173024 169.74317172217332 217
1738825173048 169.74043122071248 218
1738825173065 169.73770002975206 219
1738825173080 169.73497811477284 220
1738825173096 169.73226544138947 221
1738825173111 169.7295619753503 222
1738825173135 169.7268676825364 223
1738825173168 169.7241825289614 224
1738825173196 169.72150648077076 225
1738825173224 169.7188395042413 226
1738825173243 169.7161815657808 227
1738825173256 169.71353263192722 228
1738825173274 169.7108926693483 229
1738825173293 169.70826164484134 230
1738825173317 169.7056395253321 231
1738825173338 169.7030262778747 232
1738825173362 169.70042186965122 233
1738825173380 169.69782626797067 234
1738825173399 169.69523944026903 235
1738825173422 169.69266135410842 236
1738825173454 169.6900919771768 237
1738825173513 169.68753127728715 238
1738825173530 169.68497922237748 239
1738825173548 169.6824357805098 240
1738825173568 169.67990091987005 241
1738825173591 169.67737460876734 242
1738825173606 169.67485681563358 243
1738825173625 169.6723475090229 244
1738825173641 169.6698466576114 245
1738825173658 169.66735423019628 246
1738825173673 169.6648701956957 247
1738825173692 169.66239452314818 248
1738825173713 169.65992718171205 249
1738825173734 169.65746814066515 250
1738825173754 169.65501736940408 251
1738825173772 169.65257483744404 252
1738825173793 169.65014051441818 253
1738825173810 169.6477143700771 254
1738825173830 169.64529637428856 255
1738825173849 169.6428864970368 256
1738825173871 169.6404847084223 257
1738825173892 169.63809097866098 258
1738825173912 169.63570527808434 259
1738825173927 169.63332757713823 260
1738825173946 169.63095784638304 261
1738825173961 169.62859605649288 262
1738825173977 169.62624217825532 263
1738825173993 169.62389618257086 264
1738825174008 169.6215580404524 265
1738825174024 169.619227723025 266
1738825174041 169.6169052015252 267
1738825174060 169.61459044730086 268
1738825174083 169.61228343181037 269
1738825174106 169.60998412662252 270
1738825174128 169.60769250341585 271
1738825174151 169.60540853397842 272
1738825174178 169.60313219020713 273
1738825174192 169.6008634441075 274
1738825174208 169.59860226779315 275
1738825174218 169.5963486334854 276
1738825174234 169.59410251351272 277
1738825174248 169.59186388031043 278
1738825174266 169.58963270642042 279
1738825174284 169.58740896449032 280
1738825174301 169.5851926272735 281
1738825174319 169.58298366762844 282
1738825174336 169.58078205851822 283
1738825174358 169.5785877730104 284
1738825174374 169.57640078427636 285
1738825174391 169.574221065591 286
1738825174406 169.5720485903322 287
1738825174422 169.56988333198058 288
1738825174439 169.56772526411905 289
1738825174461 169.56557436043238 290
1738825174480 169.56343059470663 291
1738825174496 169.56129394082922 292
1738825174515 169.5591643727879 293
1738825174535 169.5570418646709 294
1738825174550 169.55492639066617 295
1738825174565 169.55281792506113 296
1738825174579 169.55071644224236 297
1738825174594 169.54862191669508 298
1738825174610 169.54653432300273 299
1738825174625 169.54445363584674 300
1738825174641 169.5423798300059 301
1738825174658 169.54031288035623 302
1738825174674 169.53825276187052 303
1738825174703 169.5361994496179 304
1738825174727 169.53415291876328 305
1738825174749 169.53211314456746 306
1738825174764 169.53008010238625 307
1738825174779 169.52805376767034 308
1738825174795 169.52603411596496 309
1738825174811 169.52402112290935 310
1738825174825 169.52201476423642 311
1738825174838 169.52001501577257 312
1738825174853 169.51802185343703 313
1738825174868 169.51603525324174 314
1738825174886 169.51405519129082 315
1738825174906 169.51208164378033 316
1738825174921 169.51011458699773 317
1738825174939 169.50815399732176 318
1738825174954 169.50619985122188 319
1738825174968 169.50425212525798 320
1738825174985 169.50231079608014 321
1738825175005 169.50037584042792 322
1738825175026 169.49844723513044 323
1738825175055 169.49652495710583 324
1738825175068 169.49460898336076 325
1738825175085 169.49269929099023 326
1738825175103 169.49079585717735 327
1738825175123 169.48889865919267 328
1738825175142 169.48700767439408 329
1738825175166 169.48512288022636 330
1738825175182 169.48324425422086 331
1738825175200 169.48137177399525 332
1738825175215 169.479505417253 333
1738825175230 169.47764516178313 334
1738825175247 169.47579098545992 335
1738825175262 169.47394286624257 336
1738825175280 169.47210078217478 337
1738825175294 169.47026471138437 338
1738825175308 169.46843463208316 339
1738825175323 169.46661052256653 340
1738825175341 169.46479236121297 341
1738825175356 169.4629801264839 342
1738825175372 169.46117379692333 343
1738825175385 169.45937335115755 344
1738825175400 169.45757876789463 345
1738825175414 169.4557900259243 346
