1738824634400 170.99066275450116 0
1738824634407 170.85641914050228 1
1738824634414 167.96778958748726 2
1738824634420 171.37766518338768 3
1738824634427 167.77259921297656 4
1738824634437 169.27600470247552 5
1738824634443 169.7325977090655 6
1738824634449 171.53329361605748 7
1738824634455 169.68145727608066 8
1738824634462 171.3311905122446 9
1738824634468 169.4363125397695 10
1738824634475 168.15901717416358 11
1738824634482 168.00741776071578 12
1738824634489 168.93864761648302 13
1738824634495 169.58740613267472 14
1738824634501 167.31050268847954 15
1738824634507 168.4501905928467 16
1738824634513 170.5050411516716 17
1738824634519 169.4681992655368 18
1738824634525 169.42785112287768 19
1738824634531 169.17383912402553 20
1738824634537 167.5198434879378 21
1738824634543 167.84404160851471 22
1738824634549 168.14355942096924 23
1738824634555 170.9757726033485 24
1738824634562 167.6677118625743 25
1738824634568 168.7899298210108 26
1738824634574 169.46368961206656 27
1738824634580 169.7428018639708 28
1738824634587 167.75892957513216 29
1738824634593 170.23191269707672 30
1738824634600 167.5212144139147 31
1738824634606 170.7300170330343 32
1738824634612 167.3734576705427 33
1738824634618 171.0647523614549 34
1738824634624 168.4088152664007 35
1738824634630 171.8104609000402 36
1738824634636 166.42183603485552 37
1738824634642 169.37204797571292 38
1738824634648 167.35624703285836 39
1738824634654 167.13431297998324 40
1738824634660 167.86198163723802 41
1738824634667 165.84827973869247 42
1738824634673 170.89903274907306 43
1738824634679 169.086115123474 44
1738824634684 166.75957893256265 45
1738824634690 165.54035759246142 46
1738824634696 168.40122727121673 47
1738824634702 170.42331405056186 48
1738824634708 169.02392906596756 49
