1738679065087 168.91777088857629 0
1738679065095 174.71568338837693 1
1738679065101 171.8053901078288 2
1738679065108 172.07237152249846 3
1738679065114 169.62290722710037 4
1738679065120 176.51088300147148 5
1738679065126 163.818860326203 6
1738679065132 175.5543329509482 7
1738679065138 170.81272100802443 8
1738679065145 166.6235673099932 9
1738679065151 172.0099633283769 10
1738679065156 169.6827824788697 11
1738679065162 168.92387776753236 12
1738679065168 169.6316223123992 13
1738679065174 165.64696116352846 14
1738679065180 165.0155388302689 15
1738679065186 172.89117606910185 16
1738679065192 169.11191400529518 17
1738679065198 167.07941061973855 18
1738679065204 167.2538105306863 19
1738679065209 168.72084527997637 20
1738679065216 169.636571558628 21
1738679065222 167.3570574449211 22
1738679065229 168.8472111781111 23
1738679065235 164.35550439966102 24
1738679065243 169.58443295675275 25
1738679065250 166.34878827116944 26
1738679065256 168.91616486375165 27
1738679065263 167.8387480025008 28
1738679065269 174.70828065993064 29
1738679065276 171.33445086198745 30
1738679065282 171.20965428857463 31
1738679065289 167.7951032480396 32
1738679065298 171.26965408459978 33
1738679065305 171.33456001614113 34
1738679065312 171.85728943262143 35
1738679065319 172.3341640869825 36
1738679065325 170.0301559978174 37
1738679065332 171.4780141178028 38
1738679065338 169.83609901453585 39
1738679065344 171.29860937426264 40
1738679065350 173.59504333170906 41
1738679065356 168.64839970336163 42
1738679065363 166.2834988152127 43
1738679065371 167.5193712374863 44
1738679065377 168.88873392198607 45
1738679065383 166.90176427421568 46
1738679065389 165.6975899570736 47
1738679065395 169.96063444626617 48
1738679065401 168.78007828844812 49
1738679065407 169.49753597984002 50
1738679065413 166.87076498187466 51
1738679065419 175.19278475384633 52
1738679065426 164.7107348343817 53
1738679065432 166.4149524537931 54
1738679065438 170.9021922048708 55
1738679065444 172.45909727196596 56
1738679065451 169.24895411663792 57
1738679065457 166.33629151310762 58
1738679065464 168.0088625273836 59
1738679065470 168.17882767689494 60
1738679065476 168.14098647857148 61
1738679065481 167.08464408368317 62
1738679065487 166.97862033089433 63
1738679065494 165.7469614029813 64
1738679065500 170.5068877185851 65
1738679065506 170.45286175389631 66
1738679065511 167.6193898137275 67
1738679065517 166.94523789883698 68
1738679065523 170.66916729685218 69
1738679065528 170.94891243266287 70
1738679065534 168.02673133313948 71
1738679065540 171.53392924143444 72
1738679065546 169.29591767867674 73
1738679065551 168.63438627069004 74
1738679065557 167.14551915178478 75
1738679065563 171.38378058477133 76
1738679065569 172.15584670938895 77
1738679065575 168.62324267225782 78
1738679065581 170.27145442283796 79
1738679065586 171.92733255211726 80
1738679065592 167.17931609629636 81
1738679065598 172.78044504570235 82
1738679065604 165.2356281961598 83
1738679065610 171.5378801095356 84
1738679065617 171.29984955995104 85
1738679065623 168.78585096430987 86
1738679065629 166.97836193508036 87
1738679065636 171.21739530017206 88
1738679065642 169.58456606621533 89
1738679065647 169.01670551072334 90
1738679065654 170.25793009166472 91
1738679065660 168.2479059933605 92
1738679065666 171.08456685979644 93
1738679065673 167.35502685399032 94
1738679065679 173.46469060196677 95
1738679065685 167.58358804697383 96
1738679065692 164.8337758619181 97
1738679065698 168.21762324398193 98
1738679065704 169.9201751541535 99
1738679065710 167.77614493628013 100
1738679065716 169.00060312771956 101
1738679065722 169.74168919843578 102
