1738679852727 175.2235185412635 0
1738679852734 167.03890651751428 1
1738679852741 170.8289900166897 2
1738679852748 167.9481670871893 3
1738679852755 165.00350777021865 4
1738679852762 169.32328532172886 5
1738679852769 168.51643860828995 6
1738679852776 165.8114752742512 7
1738679852783 168.81378637878967 8
1738679852789 170.34288306993426 9
1738679852795 169.9122216639335 10
1738679852801 174.0879579459763 11
1738679852807 168.7104153799593 12
1738679852813 168.27701061390562 13
1738679852819 171.3318880520755 14
1738679852825 171.19096322477725 15
1738679852831 174.1220650433086 16
1738679852837 170.1619946067708 17
1738679852843 168.54943937866614 18
1738679852849 161.7688812056855 19
1738679852854 173.71109721432205 20
1738679852860 171.23744227378214 21
1738679852868 167.73149372613238 22
1738679852875 168.28983296561512 23
1738679852882 160.84891990091765 24
1738679852888 170.52000615592652 25
1738679852895 170.89470564625805 26
1738679852901 165.64853361562086 27
1738679852907 165.29474824156387 28
1738679852913 170.9726996056532 29
1738679852919 167.65153533357864 30
1738679852925 173.28938118677326 31
1738679852931 171.45633123949386 32
1738679852938 171.35180298718552 33
1738679852946 169.2866218427911 34
1738679852952 167.99432088814336 35
1738679852959 166.55322049446622 36
1738679852965 167.8809836071659 37
1738679852972 171.4787182327102 38
1738679852980 171.2095764165435 39
1738679852987 167.60043967573017 40
1738679852994 169.02346978097066 41
1738679853001 174.61869567794403 42
1738679853008 166.75606878527424 43
1738679853016 174.16045756649774 44
1738679853023 172.24825972545477 45
1738679853030 170.13252363842804 46
1738679853038 173.82613270714464 47
1738679853044 170.9437591637673 48
1738679853051 167.75981184632812 49
1738679853057 167.4237858842816 50
1738679853064 169.86408109799376 51
1738679853070 169.88369541706956 52
1738679853077 167.5895040758327 53
1738679853084 167.2424112204471 54
1738679853090 169.5777320997415 55
1738679853096 171.25892181721719 56
1738679853103 168.4065826459918 57
1738679853109 164.53155299721686 58
1738679853115 168.9794158299088 59
1738679853122 169.9837292516302 60
1738679853128 169.51201640527202 61
1738679853135 169.72015592304663 62
1738679853141 170.51804934635635 63
1738679853148 169.3721882243188 64
1738679853154 167.1321744385443 65
1738679853161 166.57349060046144 66
1738679853167 166.97336084437094 67
1738679853173 167.70902032006626 68
1738679853179 170.87270732582851 69
1738679853186 167.79220154563723 70
1738679853192 168.23203996001027 71
