1738679043813 167.19476940455547 0
1738679043820 170.234989648102 1
1738679043826 164.48035193476352 2
1738679043832 170.09990279020508 3
1738679043838 166.95871334542707 4
1738679043844 165.9919127379504 5
1738679043849 170.29381508100386 6
1738679043855 167.06982401918515 7
1738679043861 168.52998053078326 8
1738679043866 170.37573711825402 9
1738679043872 165.23884513216294 10
1738679043879 168.32530165143552 11
1738679043886 167.3151330118894 12
1738679043892 170.35164271319883 13
1738679043900 164.37796322218983 14
1738679043906 170.4609491659514 15
1738679043912 171.49544325105794 16
1738679043919 168.51039596405676 17
1738679043925 169.14113835884183 18
1738679043931 164.45490582674628 19
1738679043938 169.54596326267006 20
1738679043944 168.20362441389108 21
1738679043950 171.26410045452084 22
1738679043956 169.53277659875863 23
1738679043961 169.80348013383104 24
1738679043967 166.2245263418224 25
1738679043975 165.56912873411324 26
1738679043981 167.95491937563463 27
1738679043987 169.10927071073252 28
1738679043994 171.97954798934862 29
1738679044000 168.3483619092107 30
1738679044006 167.7963262042625 31
1738679044013 170.787527102221 32
1738679044019 168.14670913815533 33
1738679044025 170.51299285026136 34
1738679044031 172.45950166578598 35
1738679044037 167.58225785373796 36
1738679044043 166.3551332075789 37
1738679044049 168.8857546736712 38
1738679044055 167.60033062892967 39
1738679044060 172.65988170660682 40
1738679044066 172.30301655886382 41
1738679044072 168.73038592721576 42
1738679044077 166.0192540617238 43
1738679044083 165.35534733328785 44
1738679044089 168.12566024884333 45
1738679044095 169.01891078532745 46
1738679044100 172.53529880457592 47
1738679044106 162.21613123435517 48
1738679044112 168.7934103876242 49
1738679044117 169.4557134275328 50
1738679044123 169.0361179219499 51
1738679044128 165.12558456971854 52
1738679044134 168.8891838084668 53
1738679044140 169.00174844542954 54
1738679044145 169.8142801821395 55
1738679044151 169.17597453019977 56
1738679044157 172.1455346102857 57
1738679044163 167.99657647239243 58
1738679044169 171.68655197564075 59
1738679044175 166.7912608990418 60
1738679044180 171.2934712390343 61
1738679044186 168.8892683718245 62
1738679044192 170.22341272815046 63
