1738824891973 170.87308285913429 0
1738824892003 170.86950273633963 1
1738824892031 170.8655997165503 2
1738824892059 170.8614082546739 3
1738824892083 170.85695943951293 4
1738824892103 170.85228131377195 5
1738824892124 170.84739916515082 6
1738824892149 170.84233579084065 7
1738824892189 170.83711173761455 8
1738824892207 170.83174551957302 9
1738824892220 170.82625381546967 10
1738824892235 170.82065164740703 11
1738824892249 170.814952542561 12
1738824892267 170.80916867946448 13
1738824892284 170.80331102025843 14
1738824892304 170.79738943020396 15
1738824892321 170.79141278563858 16
1738824892341 170.78538907146023 17
1738824892363 170.7793254691258 18
1738824892385 170.77322843606495 19
1738824892406 170.76710377732772 20
1738824892426 170.76095671021054 21
1738824892443 170.7547919225372 22
1738824892465 170.7486136252066 23
1738824892486 170.74242559956446 24
1738824892506 170.73623124010172 25
1738824892525 170.7300335929357 26
1738824892549 170.72383539048562 27
1738824892568 170.71763908271632 28
1738824892592 170.7114468652863 29
1738824892609 170.70526070490453 30
1738824892629 170.69908236217137 31
1738824892649 170.69291341215128 32
1738824892668 170.68675526290156 33
1738824892688 170.68060917215894 34
1738824892703 170.67447626236674 35
1738824892722 170.66835753420648 36
1738824892750 170.66225387878265 37
1738824892771 170.65616608859412 38
1738824892801 170.6500948674123 39
1738824892824 170.6440408391753 40
1738824892844 170.63800455599528 41
1738824892861 170.63198650536773 42
1738824892887 170.62598711666158 43
1738824892909 170.62000676696204 44
1738824892931 170.61404578633045 45
1738824892954 170.60810446253936 46
1738824892973 170.602183045335 47
1738824892994 170.5962817502743 48
1738824893015 170.59040076217852 49
1738824893046 170.58454023824274 50
1738824893070 170.57870031083397 51
1738824893092 170.57288109001053 52
1738824893108 170.56708266578906 53
1738824893123 170.56130511018583 54
1738824893141 170.55554847905313 55
1738824893158 170.54981281373313 56
1738824893171 170.5440981425456 57
1738824893188 170.53840448212753 58
1738824893203 170.5327318386382 59
1738824893218 170.52708020884432 60
1738824893241 170.52144958109636 61
1738824893256 170.51583993620713 62
1738824893272 170.51025124824267 63
1738824893290 170.50468348523364 64
1738824893309 170.49913660981605 65
1738824893325 170.49361057980715 66
1738824893343 170.4881053487243 67
1738824893360 170.4826208662513 68
1738824893382 170.47715707865828 69
1738824893402 170.47171392917943 70
1738824893425 170.46629135835292 71
1738824893455 170.46088930432643 72
1738824893474 170.45550770313224 73
1738824893494 170.4501464889347 74
1738824893509 170.44480559425278 75
1738824893530 170.43948495015997 76
1738824893548 170.4341844864645 77
1738824893570 170.428904131871 78
1738824893588 170.4236438141263 79
1738824893604 170.41840346015 80
1738824893623 170.41318299615202 81
1738824893642 170.40798234773868 82
1738824893662 170.40280144000735 83
1738824893684 170.3976401976318 84
1738824893706 170.39249854493914 85
1738824893721 170.38737640597836 86
1738824893735 170.3822737045824 87
1738824893750 170.37719036442348 88
1738824893765 170.37212630906296 89
1738824893780 170.36708146199612 90
1738824893795 170.36205574669208 91
1738824893806 170.35704908662976 92
1738824893821 170.35206140533012 93
1738824893839 170.34709262638492 94
1738824893863 170.3421426734825 95
1738824893885 170.3372114704309 96
1738824893904 170.33229894117844 97
1738824893920 170.32740500983223 98
1738824893937 170.32252960067444 99
1738824893953 170.31767263817702 100
1738824893968 170.31283404701486 101
1738824893987 170.3080137520772 102
1738824894001 170.3032116784779 103
1738824894015 170.29842775156496 104
1738824894032 170.29366189692806 105
1738824894046 170.288914040406 106
1738824894061 170.28418410809297 107
1738824894076 170.279472026344 108
1738824894093 170.27477772177969 109
1738824894114 170.27010112129057 110
1738824894131 170.2654421520408 111
1738824894151 170.26080074147103 112
1738824894168 170.2561768173013 113
1738824894183 170.25157030753354 114
1738824894199 170.24698114045296 115
1738824894223 170.24240924463012 116
1738824894241 170.2378545489221 117
1738824894258 170.2333169824735 118
1738824894276 170.22879647471717 119
1738824894306 170.22429295537518 120
1738824894343 170.2198063544587 121
1738824894381 170.21533660226868 122
1738824894416 170.21088362939577 123
1738824894441 170.20644736672008 124
1738824894455 170.20202774541136 125
1738824894474 170.19762469692847 126
1738824894493 170.19323815301905 127
1738824894514 170.18886804571912 128
1738824894534 170.18451430735234 129
1738824894552 170.18017687052975 130
1738824894569 170.17585566814856 131
1738824894585 170.17155063339192 132
1738824894607 170.16726169972782 133
1738824894631 170.16298880090835 134
1738824894655 170.15873187096886 135
1738824894674 170.154490844227 136
1738824894706 170.1502656552818 137
1738824894726 170.14605623901264 138
1738824894750 170.1418625305784 139
1738824894768 170.13768446541633 140
1738824894790 170.1335219792411 141
1738824894805 170.12937500804367 142
1738824894825 170.12524348809023 143
1738824894847 170.12112735592123 144
1738824894867 170.11702654835025 145
1738824894889 170.11294100246295 146
1738824894913 170.10887065561585 147
1738824894935 170.10481544543518 148
1738824894958 170.10077530981616 149
1738824894976 170.09675018692138 150
1738824894996 170.09274001518014 151
1738824895018 170.08874473328694 152
1738824895035 170.08476428020057 153
1738824895055 170.08079859514305 154
1738824895073 170.07684761759828 155
1738824895092 170.07291128731123 156
1738824895114 170.0689895442865 157
1738824895130 170.06508232878744 158
1738824895158 170.06118958133487 159
1738824895180 170.0573112427062 160
1738824895215 170.0534472539339 161
1738824895240 170.04959755630495 162
1738824895263 170.0457620913592 163
1738824895315 170.0419408008886 164
1738824895342 170.038133626936 165
1738824895365 170.0343405117941 166
1738824895382 170.03056139800424 167
1738824895398 170.02679622835535 168
1738824895414 170.023044945883 169
1738824895431 170.0193074938681 170
1738824895449 170.015583815836 171
1738824895464 170.0118738555554 172
1738824895478 170.00817755703707 173
1738824895493 170.0044948645331 174
1738824895509 170.00082572253552 175
1738824895524 169.99717007577559 176
1738824895543 169.9935278692224 177
1738824895556 169.989899048082 178
1738824895572 169.98628355779644 179
1738824895606 169.98268134404248 180
1738824895621 169.97909235273073 181
1738824895642 169.97551653000465 182
1738824895667 169.97195382223936 183
1738824895715 169.96840417604074 184
1738824895734 169.96486753824445 185
1738824895754 169.96134385591472 186
1738824895784 169.9578330763435 187
1738824895801 169.95433514704948 188
1738824895819 169.95085001577698 189
1738824895836 169.94737763049494 190
1738824895850 169.94391793939616 191
1738824895864 169.94047089089588 192
1738824895879 169.93703643363125 193
1738824895894 169.93361451646007 194
1738824895911 169.9302050884599 195
1738824895925 169.92680809892715 196
1738824895941 169.92342349737592 197
1738824895956 169.92005123353724 198
1738824895976 169.91669125735805 199
1738824896001 169.91334351900016 200
1738824896022 169.91000796883952 201
1738824896043 169.9066845574649 202
1738824896068 169.90337323567732 203
1738824896086 169.90007395448896 204
1738824896103 169.89678666512222 205
1738824896113 169.89351131900875 206
1738824896133 169.8902478677886 207
1738824896146 169.8869962633093 208
1738824896161 169.88375645762494 209
1738824896179 169.8805284029952 210
1738824896197 169.87731205188445 211
1738824896224 169.87410735696096 212
1738824896249 169.8709142710958 213
1738824896276 169.86773274736217 214
1738824896306 169.8645627390343 215
1738824896326 169.86140419958673 216
1738824896350 169.8582570826933 217
1738824896370 169.85512134222643 218
1738824896393 169.85199693225587 219
1738824896416 169.8488838070484 220
1738824896439 169.8457819210665 221
1738824896459 169.84269122896762 222
1738824896475 169.83961168560336 223
1738824896494 169.8365432460187 224
1738824896514 169.83348586545085 225
1738824896534 169.83043949932875 226
1738824896555 169.82740410327193 227
1738824896574 169.82437963308993 228
1738824896595 169.8213660447812 229
1738824896622 169.81836329453247 230
1738824896642 169.8153713387179 231
1738824896664 169.8123901338981 232
1738824896685 169.80941963681943 233
1738824896706 169.8064598044132 234
1738824896723 169.80351059379478 235
1738824896748 169.8005719622629 236
1738824896764 169.79764386729858 237
1738824896798 169.79472626656468 238
1738824896818 169.79181911790482 239
1738824896842 169.7889223793428 240
1738824896874 169.78603600908158 241
1738824896892 169.78315996550265 242
1738824896914 169.78029420716524 243
1738824896934 169.7774386928054 244
1738824896953 169.7745933813353 245
1738824897011 169.77175823184268 246
1738824897032 169.7689332035896 247
1738824897053 169.76611825601208 248
1738824897073 169.76331334871918 249
1738824897092 169.76051844149222 250
1738824897113 169.757733494284 251
1738824897146 169.75495846721816 252
1738824897169 169.75219332058836 253
1738824897192 169.74943801485747 254
1738824897218 169.74669251065694 255
1738824897242 169.743956768786 256
1738824897263 169.74123075021092 257
1738824897286 169.73851441606416 258
1738824897319 169.73580772764396 259
1738824897356 169.73311064641322 260
1738824897402 169.7304231339991 261
1738824897422 169.7277451521921 262
1738824897452 169.72507666294538 263
1738824897482 169.722417628374 264
1738824897494 169.71976801075448 265
1738824897509 169.7171277725236 266
1738824897534 169.71449687627825 267
1738824897558 169.7118752847742 268
1738824897576 169.70926296092588 269
1738824897603 169.7066598678052 270
1738824897632 169.70406596864132 271
1738824897656 169.7014812268196 272
1738824897675 169.69890560588124 273
1738824897692 169.6963390695222 274
1738824897711 169.69378158159287 275
1738824897739 169.69123310609723 276
1738824897756 169.6886936071921 277
1738824897772 169.68616304918677 278
1738824897791 169.6836413965419 279
1738824897812 169.68112861386925 280
1738824897827 169.6786246659308 281
1738824897853 169.67612951763803 282
1738824897873 169.67364313405153 283
1738824897893 169.67116548038007 284
1738824897914 169.6686965219801 285
1738824897939 169.66623622435506 286
1738824897961 169.66378455315478 287
1738824897981 169.66134147417466 288
1738824898004 169.65890695335534 289
1738824898030 169.65648095678182 290
1738824898056 169.65406345068286 291
1738824898082 169.65165440143028 292
1738824898103 169.64925377553868 293
1738824898131 169.64686153966434 294
1738824898153 169.64447766060502 295
1738824898181 169.64210210529896 296
1738824898205 169.63973484082447 297
1738824898226 169.63737583439948 298
1738824898251 169.63502505338047 299
1738824898275 169.63268246526235 300
1738824898301 169.63034803767746 301
1738824898322 169.62802173839526 302
1738824898348 169.62570353532158 303
1738824898376 169.62339339649796 304
1738824898394 169.62109129010128 305
1738824898413 169.61879718444288 306
1738824898434 169.6165110479683 307
1738824898454 169.6142328492563 308
1738824898471 169.6119625570187 309
1738824898488 169.6097001400994 310
1738824898503 169.60744556747406 311
1738824898518 169.60519880824953 312
1738824898534 169.60295983166301 313
1738824898550 169.60072860708178 314
1738824898568 169.59850510400253 315
1738824898584 169.5962892920506 316
1738824898606 169.59408114097985 317
1738824898632 169.59188062067162 318
1738824898653 169.5896877011344 319
1738824898670 169.58750235250344 320
1738824898688 169.5853245450398 321
1738824898708 169.58315424913013 322
1738824898722 169.5809914352859 323
1738824898738 169.57883607414317 324
1738824898753 169.57668813646154 325
1738824898770 169.5745475931241 326
1738824898788 169.57241441513662 327
1738824898804 169.57028857362707 328
1738824898823 169.56817003984506 329
1738824898845 169.5660587851615 330
1738824898864 169.5639547810677 331
1738824898886 169.56185799917523 332
1738824898913 169.55976841121506 333
1738824898936 169.55768598903737 334
1738824898968 169.55561070461064 335
1738824898989 169.5535425300216 336
1738824899009 169.55148143747417 337
1738824899033 169.54942739928947 338
1738824899058 169.54738038790495 339
1738824899083 169.5453403758741 340
1738824899107 169.54330733586573 341
1738824899122 169.54128124066366 342
1738824899139 169.5392620631661 343
1738824899156 169.53724977638524 344
1738824899173 169.5352443534466 345
1738824899189 169.53324576758868 346
1738824899209 169.53125399216256 347
1738824899238 169.52926900063102 348
1738824899266 169.5272907665685 349
1738824899287 169.52531926366032 350
1738824899315 169.52335446570228 351
1738824899334 169.52139634660023 352
1738824899355 169.5194448803695 353
1738824899381 169.51750004113455 354
1738824899405 169.51556180312826 355
1738824899430 169.5136301406918 356
1738824899455 169.51170502827375 357
1738824899481 169.50978644043 358
1738824899501 169.5078743518231 359
1738824899518 169.5059687372217 360
1738824899535 169.50406957150034 361
1738824899552 169.5021768296389 362
1738824899577 169.5002904867219 363
1738824899596 169.49841051793834 364
1738824899613 169.49653689858118 365
1738824899626 169.4946696040468 366
1738824899642 169.4928086098346 367
1738824899658 169.49095389154658 368
1738824899674 169.4891054248868 369
1738824899689 169.48726318566102 370
1738824899704 169.4854271497762 371
1738824899720 169.48359729324022 372
