1738825345099 184.97013499721297 0
1738825345133 211.3355803540831 1
1738825345167 185.21088740958078 2
1738825345201 131.74135201712215 3
1738825345235 204.92553410982453 4
1738825345273 124.44996639125249 5
1738825345313 149.3565905414121 6
1738825345352 172.36231535271418 7
1738825345393 182.49115078976155 8
1738825345436 117.55382153530981 9
1738825345475 197.24627028249898 10
1738825345511 177.12013309857954 11
1738825345549 123.43142889471262 12
1738825345586 127.55545063253386 13
1738825345623 244.19898543725887 14
1738825345658 140.67113481091764 15
1738825345692 175.00317297242228 16
1738825345727 196.97285380749008 17
1738825345761 180.1685235110007 18
1738825345796 132.51159189142462 19
1738825345855 163.1903693302924 20
1738825345890 197.5745520344564 21
1738825345925 120.88158078947998 22
1738825345959 159.1237677809731 23
1738825345997 159.19239082058806 24
1738825346031 233.05520289335428 25
1738825346065 204.08283585220212 26
1738825346099 217.511563061666 27
1738825346133 157.8002886409793 28
1738825346167 81.79509567157191 29
1738825346200 166.12783921265375 30
1738825346233 241.41389589175074 31
1738825346267 147.26318295991203 32
1738825346301 347.4141563150265 33
1738825346334 129.95729031413646 34
1738825346367 195.94573831122088 35
1738825346402 305.77538180978905 36
1738825346435 184.75619788763095 37
1738825346469 198.93102391832198 38
1738825346503 166.50243976606214 39
1738825346537 185.2347999196219 40
1738825346570 115.83669944088628 41
1738825346603 180.59767355663382 42
1738825346637 118.27155750135923 43
1738825346671 149.66263609758266 44
1738825346705 182.4776775545942 45
1738825346739 165.76439132896417 46
1738825346772 138.79465002054735 47
1738825346806 189.44241975942916 48
1738825346839 158.43048310110925 49
1738825346872 153.6009382874598 50
1738825346905 107.17553868192195 51
1738825346939 165.8728720012645 52
1738825346973 239.87492993593108 53
1738825347006 322.545674049195 54
1738825347039 190.28354977454578 55
1738825347072 180.30299306446938 56
1738825347105 178.93657892129363 57
1738825347138 163.10419995386997 58
1738825347171 175.99324956105008 59
1738825347204 118.29337047678511 60
1738825347238 184.70489731010716 61
1738825347271 183.46421905195294 62
1738825347304 123.97274667404633 63
1738825347337 88.86739125730509 64
1738825347371 193.47707757813913 65
1738825347404 237.34329611044336 66
1738825347438 205.33364165949212 67
1738825347472 180.14873557002352 68
1738825347506 162.87696974412663 69
1738825347541 150.52263736140767 70
1738825347574 123.80215923359047 71
1738825347609 185.5715500529256 72
1738825347643 191.42771524451686 73
1738825347677 172.2932338078406 74
1738825347710 209.24765109355184 75
1738825347743 124.54955151651785 76
1738825347776 186.2711438420012 77
1738825347810 673.3702267380396 78
1738825347844 167.69625435773594 79
1738825347886 185.38593438327743 80
1738825347924 202.2031144530916 81
1738825347962 206.72793625055544 82
1738825347997 181.38921126573152 83
1738825348031 99.77562275690431 84
1738825348065 183.91822661708565 85
1738825348098 90.2809463903676 86
1738825348131 150.7055258017612 87
1738825348164 211.2978982809025 88
1738825348197 109.55437206089863 89
1738825348230 173.46890422457312 90
1738825348264 150.15383340954682 91
1738825348297 199.8238274400103 92
1738825348330 169.72021931952176 93
1738825348364 128.25862136219882 94
1738825348398 154.7398545678551 95
1738825348482 188.42422835483578 96
1738825348518 194.68235790191045 97
1738825348552 120.83574286571827 98
1738825348588 165.8401521952615 99
1738825348622 210.93306324717375 100
1738825348655 136.25836460594775 101
1738825348689 194.0384437608468 102
1738825348722 166.6544532483098 103
1738825348755 139.1150547658432 104
1738825348789 198.79651386036957 105
1738825348822 166.33864861807405 106
1738825348856 213.4155964185457 107
1738825348890 182.6018331881796 108
1738825348924 156.88355199567272 109
1738825348958 190.6507299920927 110
1738825348991 171.8895935052627 111
1738825349023 223.67285429525276 112
1738825349056 155.0948360819929 113
1738825349090 180.16655310337268 114
1738825349123 139.1249791565288 115
1738825349156 166.72714250341394 116
1738825349189 148.18325377033932 117
1738825349222 174.6289182026558 118
1738825349255 107.6694113421779 119
1738825349289 190.09367055745457 120
1738825349322 197.81288800331473 121
1738825349355 180.35660407135737 122
1738825349389 150.75820879665508 123
1738825349422 192.28028557273018 124
1738825349455 193.39857291381804 125
1738825349489 209.74537881897996 126
1738825349525 182.31940105079374 127
1738825349559 164.37505402664385 128
1738825349592 163.0673979970888 129
1738825349626 127.32749786765976 130
1738825349659 179.5608618164727 131
1738825349693 80.97392484314936 132
1738825349726 137.82363506357277 133
1738825349760 60.474448206562485 134
1738825349794 167.21186623593516 135
1738825349827 167.99993606201113 136
1738825349860 162.01734390586142 137
1738825349894 153.49874934320317 138
