1738822530392 169.46928671508385 0
1738822530414 169.28664969603702 1
1738822530447 169.10462554286397 2
1738822530464 168.9232119317822 3
1738822530483 168.74240654802372 4
1738822530498 168.56220708580014 5
1738822530516 168.3826112482676 6
1738822530533 168.20361674749182 7
1738822530548 168.02522130441352 8
1738822530566 167.8474226488136 9
1738822530596 167.67021851927885 10
1738822530610 167.49360666316753 11
1738822530625 167.31758483657526 12
1738822530641 167.1421508043008 13
1738822530655 166.96730233981222 14
1738822530668 166.79303722521317 15
1738822530682 166.61935325120893 16
1738822530695 166.44624821707328 17
1738822530711 166.27371993061473 18
1738822530727 166.10176620814346 19
1738822530743 165.93038487443806 20
1738822530760 165.7595737627126 21
1738822530778 165.58933071458367 22
1738822530794 165.41965358003762 23
1738822530809 165.25054021739797 24
1738822530825 165.081988493293 25
1738822530845 164.9139962826231 26
1738822530858 164.74656146852868 27
1738822530872 164.5796819423583 28
1738822530884 164.41335560363603 29
1738822530898 164.2475803600303 30
1738822530910 164.08235412732162 31
1738822530924 163.91767482937115 32
1738822530937 163.7535403980893 33
1738822530954 163.58994877340416 34
1738822530973 163.4268979032303 35
1738822530988 163.26438574343766 36
1738822531006 163.10241025782065 37
1738822531024 162.9409694180669 38
1738822531039 162.780061203727 39
1738822531055 162.61968360218344 40
1738822531073 162.45983460862013 41
1738822531087 162.30051222599218 42
1738822531106 162.14171446499543 43
1738822531122 161.98343934403644 44
1738822531138 161.82568488920214 45
1738822531155 161.6684491342302 46
1738822531173 161.51173012047911 47
1738822531192 161.35552589689843 48
1738822531217 161.19983451999906 49
1738822531230 161.04465405382408 50
1738822531247 160.8899825699191 51
1738822531264 160.7358181473033 52
1738822531280 160.58215887243992 53
1738822531296 160.4290028392076 54
1738822531312 160.27634814887128 55
1738822531331 160.1241929100535 56
1738822531346 159.9725352387055 57
1738822531361 159.8213732580791 58
1738822531374 159.67070509869762 59
1738822531387 159.5205288983283 60
1738822531402 159.37084280195324 61
1738822531414 159.22164496174196 62
1738822531427 159.07293353702295 63
1738822531442 158.92470669425595 64
1738822531464 158.77696260700424 65
1738822531479 158.6296994559066 66
1738822531495 158.48291542865024 67
1738822531510 158.33660871994272 68
1738822531524 158.19077753148528 69
1738822531537 158.0454200719449 70
1738822531554 157.90053455692765 71
1738822531567 157.7561192089514 72
1738822531582 157.6121722574189 73
1738822531594 157.4686919385911 74
1738822531607 157.3256764955601 75
1738822531622 157.18312417822287 76
1738822531642 157.0410332432545 77
1738822531657 156.89940195408207 78
1738822531668 156.75822858085778 79
1738822531682 156.6175114004333 80
1738822531700 156.4772486963335 81
1738822531724 156.33743875873014 82
1738822531747 156.19807988441644 83
1738822531763 156.05917037678088 84
1738822531784 155.92070854578182 85
1738822531805 155.78269270792146 86
1738822531825 155.64512118622093 87
1738822531843 155.5079923101943 88
1738822531857 155.37130441582363 89
1738822531887 155.2350558455336 90
1738822531928 155.09924494816664 91
1738822531979 154.96387007895748 92
1738822532006 154.82892959950877 93
1738822532023 154.69442187776576 94
1738822532040 154.56034528799185 95
1738822532058 154.42669821074412 96
1738822532076 154.2934790328484 97
1738822532088 154.16068614737517 98
1738822532102 154.02831795361493 99
1738822532114 153.89637285705442 100
1738822532128 153.764849269352 101
1738822532141 153.6337456083137 102
1738822532162 153.50306029786955 103
1738822532184 153.37279176804938 104
1738822532199 153.2429384549593 105
1738822532233 153.11349880075775 106
1738822532247 152.9844712536322 107
1738822532265 152.85585426777544 108
1738822532283 152.7276463033622 109
1738822532303 152.59984582652606 110
1738822532319 152.47245130933607 111
1738822532339 152.34546122977335 112
1738822532355 152.21887407170863 113
1738822532380 152.09268832487885 114
1738822532400 151.96690248486448 115
1738822532418 151.84151505306664 116
1738822532434 151.7165245366845 117
1738822532449 151.5919294486928 118
1738822532466 151.46772830781913 119
1738822532482 151.34391963852153 120
1738822532498 151.22050197096635 121
1738822532517 151.0974738410058 122
1738822532533 150.97483379015603 123
1738822532552 150.85258036557482 124
1738822532567 150.73071212003958 125
1738822532585 150.60922761192577 126
1738822532597 150.4881254051848 127
1738822532610 150.36740406932236 128
1738822532623 150.24706217937688 129
1738822532641 150.12709831589783 130
1738822532654 150.00751106492427 131
1738822532667 149.8882990179637 132
1738822532680 149.7694607719704 133
1738822532693 149.65099492932436 134
1738822532709 149.53290009781026 135
1738822532729 149.4151748905962 136
1738822532747 149.29781792621287 137
1738822532765 149.18082782853267 138
1738822532780 149.0642032267487 139
1738822532797 148.9479427553543 140
1738822532822 148.8320450541222 141
1738822532838 148.71650876808414 142
1738822532853 148.60133254751003 143
1738822532868 148.48651504788808 144
1738822532887 148.37205492990384 145
1738822532902 148.25795085942056 146
1738822532933 148.1442015074586 147
1738822532951 148.03080555017547 148
1738822532976 147.91776166884588 149
1738822532990 147.80506854984165 150
1738822533006 147.6927248846121 151
1738822533026 147.58072936966397 152
1738822533045 147.46908070654194 153
1738822533067 147.35777760180892 154
1738822533084 147.24681876702647 155
1738822533097 147.1362029187354 156
1738822533110 147.02592877843642 157
1738822533122 146.91599507257055 158
1738822533136 146.80640053250025 159
1738822533154 146.69714389448995 160
1738822533170 146.58822389968714 161
1738822533182 146.47963929410318 162
1738822533197 146.3713888285945 163
1738822533209 146.26347125884368 164
1738822533225 146.15588534534064 165
1738822533239 146.04862985336396 166
1738822533256 145.94170355296217 167
1738822533271 145.835105218935 168
1738822533286 145.72883363081533 169
1738822533299 145.6228875728504 170
1738822533313 145.5172658339834 171
1738822533327 145.41196720783546 172
1738822533343 145.30699049268716 173
1738822533357 145.2023344914606 174
1738822533373 145.0979980117012 175
1738822533392 144.99397986555957 176
1738822533406 144.89027886977385 177
1738822533423 144.78689384565172 178
1738822533438 144.68382361905253 179
1738822533453 144.58106702036957 180
1738822533465 144.47862288451262 181
1738822533482 144.37649005089003 182
1738822533496 144.27466736339156 183
1738822533509 144.1731536703706 184
1738822533525 144.07194782462687 185
1738822533540 143.9710486833894 186
1738822533557 143.87045510829887 187
1738822533571 143.77016596539062 188
1738822533587 143.6701801250775 189
1738822533604 143.5704964621329 190
1738822533623 143.4711138556736 191
1738822533637 143.37203118914303 192
1738822533653 143.27324735029433 193
1738822533674 143.17476123117356 194
1738822533694 143.076571728103 195
1738822533708 142.97867774166457 196
1738822533722 142.88107817668308 197
1738822533735 142.78377194220982 198
1738822533747 142.68675795150614 199
1738822533760 142.5900351220269 200
1738822533773 142.4936023754043 201
1738822533790 142.3974586374315 202
1738822533803 142.30160283804653 203
1738822533815 142.20603391131596 204
1738822533828 142.11075079541908 205
1738822533842 142.01575243263167 206
1738822533863 141.92103776931015 207
1738822533878 141.82660575587568 208
1738822533894 141.73245534679822 209
1738822533908 141.63858550058103 210
1738822533922 141.54499517974466 211
1738822533935 141.45168335081155 212
1738822533948 141.35864898429026 213
1738822533964 141.26589105466002 214
1738822533977 141.17340854035538 215
1738822533989 141.0812004237506 216
1738822534002 140.98926569114454 217
1738822534015 140.8976033327451 218
1738822534028 140.80621234265433 219
1738822534041 140.71509171885293 220
1738822534054 140.62424046318543 221
1738822534066 140.53365758134507 222
1738822534079 140.44334208285858 223
1738822534095 140.35329298107166 224
1738822534112 140.26350929313375 225
1738822534128 140.1739900399835 226
1738822534157 140.08473424633374 227
1738822534174 139.9957409406571 228
1738822534195 139.9070091551711 229
1738822534215 139.81853792582368 230
1738822534233 139.7303262922787 231
1738822534247 139.64237329790146 232
1738822534270 139.55467798974425 233
1738822534287 139.46723941853207 234
1738822534329 139.38005663864817 235
1738822534345 139.2931287081201 236
1738822534368 139.2064546886052 237
1738822534384 139.12003364537662 238
1738822534398 139.03386464730937 239
1738822534415 138.94794676686604 240
1738822534430 138.862279080083 241
1738822534447 138.7768606665565 242
1738822534463 138.6916906094287 243
1738822534475 138.6067679953739 244
1738822534486 138.5220919145849 245
1738822534499 138.43766146075927 246
1738822534511 138.35347573108547 247
1738822534523 138.26953382622963 248
1738822534537 138.18583485032175 249
1738822534552 138.10237791094235 250
1738822534566 138.01916211910893 251
1738822534583 137.93618658926275 252
1738822534600 137.85345043925528 253
1738822534617 137.77095279033517 254
1738822534630 137.68869276713482 255
1738822534645 137.60666949765738 256
1738822534661 137.5248821132635 257
1738822534683 137.44332974865827 258
1738822534699 137.36201154187836 259
1738822534714 137.28092663427887 260
1738822534728 137.20007417052048 261
1738822534743 137.11945329855658 262
1738822534756 137.0390631696205 263
1738822534770 136.9589029382127 264
1738822534783 136.87897176208799 265
1738822534796 136.79926880224303 266
1738822534814 136.7197932229036 267
1738822534828 136.640544191512 268
1738822534839 136.56152087871465 269
1738822534857 136.48272245834949 270
1738822534870 136.40414810743366 271
1738822534885 136.32579700615108 272
1738822534898 136.24766833784022 273
1738822534913 136.16976128898156 274
1738822534928 136.09207504918575 275
1738822534941 136.0146088111811 276
1738822534954 135.93736177080157 277
1738822534976 135.86033312697475 278
1738822534993 135.78352208170972 279
1738822535011 135.70692784008511 280
1738822535027 135.63054961023713 281
1738822535042 135.5543866033477 282
1738822535056 135.47843803363256 283
1738822535073 135.40270311832953 284
1738822535087 135.32718107768667 285
1738822535099 135.25187113495062 286
1738822535112 135.17677251635493 287
1738822535133 135.10188445110842 288
1738822535147 135.02720617138365 289
1738822535160 134.95273691230526 290
1738822535178 134.8784759119386 291
1738822535194 134.80442241127835 292
1738822535207 134.73057565423693 293
1738822535234 134.65693488763333 294
1738822535254 134.58349936118162 295
1738822535269 134.51026832747993 296
1738822535287 134.437241041999 297
1738822535303 134.36441676307103 298
1738822535316 134.29179475187883 299
1738822535332 134.21937427244424 300
1738822535345 134.14715459161758 301
1738822535358 134.0751349790663 302
1738822535373 134.00331470726417 303
1738822535386 133.93169305148035 304
1738822535401 133.86026928976847 305
1738822535414 133.78904270295587 306
1738822535427 133.71801257463272 307
1738822535442 133.6471781911414 308
1738822535455 133.57653884156562 309
1738822535473 133.50609381771991 310
1738822535489 133.43584241413896 311
1738822535505 133.36578392806692 312
1738822535542 133.29591765944707 313
1738822535562 133.22624291091114 314
1738822535583 133.1567589877689 315
1738822535613 133.0874651979979 316
1738822535632 133.01836085223277 317
1738822535652 132.9494452637552 318
1738822535674 132.88071774848348 319
1738822535695 132.8121776249623 320
1738822535717 132.7438242143525 321
1738822535736 132.67565684042088 322
1738822535759 132.60767482953017 323
1738822535778 132.5398775106288 324
1738822535797 132.4722642152409 325
1738822535815 132.4048342774563 326
1738822535836 132.3375870339206 327
1738822535853 132.27052182382508 328
1738822535868 132.20363798889684 329
1738822535886 132.13693487338918 330
1738822535904 132.07041182407136 331
1738822535917 132.00406819021916 332
1738822535932 131.937903323605 333
1738822535950 131.87191657848825 334
1738822535968 131.80610731160547 335
1738822535983 131.74047488216092 336
1738822536004 131.67501865181686 337
1738822536028 131.60973798468407 338
1738822536045 131.54463224731228 339
1738822536064 131.47970080868063 340
1738822536085 131.41494304018843 341
1738822536103 131.35035831564542 342
1738822536118 131.28594601126278 343
1738822536138 131.2217055056434 344
1738822536163 131.15763617977296 345
1738822536182 131.09373741701037 346
1738822536200 131.03000860307867 347
1738822536228 130.96644912605586 348
1738822536247 130.90305837636564 349
1738822536265 130.83983574676844 350
1738822536281 130.7767806323522 351
1738822536298 130.71389243052334 352
1738822536314 130.65117054099784 353
1738822536334 130.58861436579218 354
1738822536359 130.5262233092144 355
1738822536376 130.46399677785521 356
1738822536395 130.40193418057913 357
1738822536410 130.34003492851556 358
1738822536425 130.27829843505017 359
1738822536445 130.21672411581594 360
1738822536468 130.1553113886844 361
1738822536483 130.09405967375713 362
1738822536505 130.03296839335698 363
1738822536527 129.97203697201942 364
1738822536543 129.91126483648384 365
1738822536567 129.85065141568526 366
1738822536585 129.7901961407455 367
1738822536599 129.72989844496493 368
1738822536612 129.66975776381372 369
1738822536625 129.60977353492373 370
1738822536639 129.54994519807988 371
1738822536653 129.49027219521176 372
1738822536669 129.43075397038555 373
1738822536687 129.3713899697954 374
1738822536702 129.31217964175536 375
1738822536720 129.25312243669111 376
1738822536737 129.1942178071317 377
1738822536753 129.13546520770137 378
1738822536775 129.0768640951115 379
1738822536794 129.0184139281524 380
1738822536806 128.9601141676853 381
1738822536821 128.90196427663423 382
1738822536835 128.8439637199781 383
1738822536847 128.7861119647426 384
1738822536861 128.72840847999228 385
1738822536873 128.67085273682278 386
1738822536887 128.61344420835272 387
1738822536899 128.55618236971586 388
1738822536912 128.4990666980535 389
1738822536924 128.44209667250635 390
1738822536937 128.38527177420704 391
1738822536951 128.32859148627222 392
1738822536964 128.2720552937949 393
1738822536977 128.21566268383674 394
1738822536991 128.15941314542047 395
1738822537004 128.10330616952226 396
1738822537016 128.04734124906395 397
1738822537029 127.99151787890585 398
1738822537042 127.93583555583878 399
1738822537055 127.88029377857693 400
1738822537066 127.82489204775023 401
1738822537079 127.76962986589683 402
1738822537093 127.71450673745586 403
1738822537114 127.65952216875996 404
1738822537133 127.60467566802785 405
1738822537147 127.54996674535715 406
1738822537164 127.495394912717 407
1738822537177 127.44095968394075 408
1738822537194 127.3866605747188 409
1738822537209 127.33249710259135 410
1738822537228 127.27846878694122 411
1738822537245 127.22457514898663 412
1738822537262 127.17081571177425 413
1738822537279 127.11719000017185 414
1738822537295 127.06369754086141 415
1738822537308 127.010337862332 416
1738822537327 126.95711049487275 417
1738822537340 126.90401497056597 418
1738822537361 126.85105082328003 419
1738822537374 126.79821758866245 420
1738822537387 126.74551480413312 421
1738822537402 126.69294200887728 422
1738822537414 126.64049874383875 423
1738822537430 126.58818455171294 424
1738822537445 126.53599897694035 425
1738822537464 126.48394156569948 426
1738822537498 126.43201186590022 427
1738822537546 126.38020942717718 428
1738822537574 126.32853380088288 429
1738822537587 126.27698454008112 430
1738822537600 126.22556119954035 431
1738822537612 126.1742633357271 432
1738822537632 126.12309050679923 433
1738822537645 126.07204227259953 434
1738822537659 126.02111819464908 435
1738822537672 125.97031783614077 436
1738822537689 125.91964076193278 437
1738822537703 125.86908653854215 438
1738822537716 125.81865473413832 439
1738822537735 125.76834491853668 440
1738822537762 125.71815666319232 441
1738822537776 125.66808954119341 442
1738822537792 125.61814312725511 443
1738822537806 125.56831699771311 444
1738822537820 125.51861073051742 445
1738822537837 125.46902390522601 446
1738822537852 125.41955610299863 447
1738822537869 125.37020690659062 448
1738822537887 125.32097590034661 449
1738822537903 125.27186267019451 450
1738822537922 125.22286680363916 451
1738822537940 125.17398788975639 452
1738822537954 125.12522551918683 453
1738822537969 125.07657928412985 454
1738822537985 125.02804877833753 455
1738822538003 124.97963359710863 456
1738822538019 124.93133333728251 457
1738822538032 124.88314759723329 458
1738822538046 124.83507597686376 459
1738822538062 124.78711807759957 460
1738822538074 124.73927350238316 461
1738822538092 124.69154185566804 462
1738822538110 124.64392274341282 463
1738822538128 124.59641577307538 464
1738822538143 124.54902055360715 465
1738822538158 124.50173669544716 466
1738822538172 124.45456381051632 467
1738822538186 124.4075015122118 468
1738822538202 124.36054941540107 469
1738822538217 124.31370713641637 470
1738822538232 124.266974293049 471
1738822538244 124.22035050454356 472
1738822538257 124.1738353915924 473
1738822538269 124.12742857633008 474
1738822538282 124.08112968232751 475
1738822538295 124.03493833458663 476
1738822538308 123.98885415953481 477
1738822538320 123.94287678501918 478
1738822538332 123.89700584030128 479
1738822538348 123.85124095605154 480
1738822538362 123.80558176434369 481
1738822538381 123.76002789864948 482
1738822538397 123.71457899383321 483
1738822538412 123.66923468614621 484
1738822538427 123.62399461322168 485
1738822538442 123.57885841406909 486
1738822538456 123.53382572906898 487
1738822538475 123.48889619996761 488
1738822538492 123.44406946987176 489
1738822538507 123.39934518324326 490
1738822538525 123.35472298589379 491
1738822538542 123.3102025249798 492
1738822538558 123.26578344899713 493
1738822538573 123.22146540777585 494
1738822538598 123.17724805247512 495
1738822538610 123.13313103557797 496
1738822538623 123.08911401088629 497
1738822538635 123.04519663351554 498
1738822538648 123.00137855988982 499
