1738824489105 159.54918358169118 0
1738824489152 201.04069290475934 1
1738824489195 210.94393090538634 2
1738824489237 142.0660155515568 3
1738824489283 163.003839212962 4
1738824489328 211.11354165575312 5
1738824489373 130.78438938656777 6
1738824489417 204.77150763502803 7
1738824489460 192.41228503639283 8
1738824489504 139.80873861780734 9
1738824489546 77.0430987433681 10
1738824489589 148.87111912534672 11
1738824489633 163.97760500604872 12
1738824489676 114.35221327351124 13
1738824489718 164.56332154139042 14
1738824489760 190.89906837354616 15
1738824489802 199.88285997270376 16
1738824489845 220.55207197521165 17
1738824489917 155.05433645327906 18
1738824489984 208.3525782506075 19
1738824490028 192.44418591782917 20
1738824490072 164.5641251345877 21
1738824490117 153.65509300429943 22
1738824490161 169.61542767016172 23
1738824490206 107.73592416501037 24
1738824490249 125.05243018092021 25
1738824490292 178.79177726030485 26
1738824490335 287.4393546865013 27
1738824490378 140.4187919963107 28
1738824490429 197.72499590161368 29
1738824490475 158.24422001719051 30
1738824490520 135.8093411052335 31
1738824490564 157.382499106187 32
1738824490607 154.11905730618628 33
1738824490650 193.0616479872951 34
1738824490693 186.46823749106605 35
1738824490735 132.17663464191315 36
1738824490777 76.8537795835789 37
1738824490820 144.3519582347644 38
1738824490863 181.60875454613074 39
1738824490906 184.49449229688693 40
1738824490950 170.9284028001982 41
1738824490995 186.8601755855071 42
1738824491039 220.5167926410863 43
1738824491082 252.5832162212565 44
1738824491126 137.28473978409326 45
1738824491170 166.61284337139804 46
1738824491214 143.0716631253981 47
1738824491259 98.36002505658281 48
1738824491303 149.9794119112995 49
1738824491346 219.9797460025185 50
1738824491389 213.59168645748008 51
1738824491431 120.68727109073367 52
1738824491476 210.5116240042417 53
1738824491519 167.59854119633457 54
1738824491571 369.2023286212473 55
1738824491618 199.7670846008228 56
1738824491664 132.07143680005754 57
1738824491707 144.1218116124276 58
1738824491750 123.71102681388287 59
1738824491793 238.16453389366652 60
1738824491835 194.40716748889903 61
1738824491878 172.5552594429812 62
1738824491922 136.464005164186 63
1738824491970 102.74212476165658 64
1738824492015 201.16530519130293 65
1738824492059 228.24313972689308 66
1738824492103 228.320297829656 67
1738824492145 201.4362623785348 68
1738824492188 183.43477680600859 69
1738824492230 183.4264619683281 70
1738824492273 322.4053260312151 71
1738824492316 128.4829234621439 72
1738824492359 104.15913007838486 73
1738824492402 176.13163661784995 74
1738824492445 188.6920077093938 75
1738824492487 200.9370180159213 76
1738824492530 156.8404154418118 77
1738824492574 136.94962314857978 78
1738824492616 337.7233947875713 79
1738824492664 73.81376813574245 80
1738824492713 173.96497967156398 81
1738824492758 143.68065268002442 82
1738824492803 153.09455710804045 83
1738824492847 197.2591053988045 84
1738824492891 216.26919231801347 85
1738824492933 307.07905462826864 86
1738824492977 179.6366633985613 87
1738824493019 149.92016137451017 88
1738824493062 177.5506635375249 89
1738824493104 164.05735110164886 90
1738824493147 194.38800214353395 91
1738824493189 207.7581145234601 92
1738824493232 142.77035363613442 93
1738824493274 168.0711334507679 94
1738824493317 265.40871197403067 95
1738824493359 203.46739656511852 96
1738824493402 165.9142216598651 97
1738824493445 252.25293564553763 98
1738824493487 140.59834651154063 99
1738824493530 162.62053178671525 100
1738824493572 202.63983270574343 101
1738824493615 190.96292790910502 102
1738824493658 172.5534379573565 103
1738824493701 191.89227104753255 104
1738824493744 104.7253448280591 105
1738824493786 190.5348074792344 106
1738824493829 286.76805647576055 107
1738824493872 190.9965530030376 108
1738824493915 160.0989859150097 109
1738824493958 143.56027522914243 110
1738824494001 127.0145994254444 111
1738824494044 221.22794694603306 112
1738824494088 138.47384535604036 113
1738824494131 202.29516066188555 114
1738824494175 127.4674451779787 115
1738824494218 111.39025670538012 116
1738824494261 208.74116226409166 117
1738824494304 187.03427833967936 118
1738824494348 236.04991312387628 119
1738824494391 126.11844009802674 120
1738824494435 188.63375780746597 121
1738824494478 219.2732300590497 122
1738824494522 227.4783980433575 123
1738824494566 160.92669483427082 124
1738824494610 195.1500612098935 125
1738824494654 222.45713236514933 126
1738824494697 276.1719951579374 127
1738824494740 173.22256768509467 128
1738824494784 160.2720794721437 129
1738824494828 56.06862733016418 130
1738824494871 159.19136649343264 131
1738824494915 124.23546408862676 132
1738824494958 170.72234167781576 133
1738824495002 118.8566087665721 134
1738824495045 170.5468028267768 135
1738824495089 171.94987246242215 136
1738824495134 142.3135555700123 137
1738824495178 186.52370184104007 138
1738824495221 174.951791113188 139
1738824495265 199.68563839352936 140
1738824495309 163.20366261936763 141
1738824495352 169.01270902848643 142
1738824495395 162.69779075380083 143
1738824495438 170.82335226968826 144
1738824495481 205.9444815640724 145
1738824495524 195.36067855693915 146
1738824495568 209.66418226908675 147
1738824495611 176.74723131773715 148
1738824495654 220.19958432538988 149
1738824495698 174.33066091279974 150
1738824495742 357.4822724537464 151
1738824495785 167.57111869651393 152
1738824495829 178.1314761374018 153
1738824495873 204.5776747513256 154
1738824495916 142.74794284947475 155
1738824495960 121.29841947921389 156
1738824496004 74.51954121575304 157
1738824496047 163.62257205122913 158
1738824496091 166.14120657763843 159
1738824496134 173.41911113541556 160
1738824496178 188.39542642585704 161
1738824496221 67.42148967871087 162
1738824496265 163.22900595706884 163
1738824496309 239.09001873392148 164
1738824496353 171.76054111789406 165
1738824496397 132.96789334386426 166
1738824496441 131.54599111773067 167
1738824496484 86.94222190140779 168
1738824496528 178.32860656405427 169
1738824496572 161.50313197174373 170
1738824496615 179.8069874637721 171
1738824496659 191.83172579820925 172
1738824496703 233.3532907360271 173
1738824496746 298.4452771760747 174
1738824496790 217.03690967648723 175
1738824496834 182.52958473055537 176
1738824496877 157.46764065446803 177
1738824496921 172.25195958858185 178
1738824496965 156.3402275337465 179
1738824497009 143.732271797949 180
1738824497052 175.89003764378808 181
1738824497096 180.67567733996904 182
1738824497139 124.55732164523765 183
1738824497183 127.39648155644983 184
1738824497226 155.7930683477855 185
1738824497270 187.26814065808816 186
1738824497314 360.04926243016746 187
1738824497357 194.31019616523426 188
1738824497400 142.4035716143064 189
1738824497444 191.74305099909088 190
1738824497487 116.03566424402524 191
1738824497530 153.40796921132713 192
1738824497574 172.73346823237074 193
1738824497618 188.9938286173427 194
1738824497661 165.47736294487083 195
1738824497705 157.5487308962588 196
1738824497748 184.21518836924756 197
1738824497792 161.86765900865586 198
1738824497835 145.5117697887766 199
1738824497879 94.4108731165046 200
1738824497922 190.88701803745644 201
1738824497966 112.25616557341372 202
1738824498010 140.6308340193181 203
1738824498054 152.87109713943028 204
1738824498098 143.6651660067227 205
1738824498141 153.1196454558102 206
1738824498184 136.40270309782932 207
1738824498228 183.5070021192077 208
1738824498272 176.84670204244233 209
1738824498316 191.23787863761746 210
1738824498360 188.4816185756053 211
1738824498403 172.8647612134408 212
1738824498447 161.29251845921823 213
1738824498490 122.19721374083058 214
1738824498534 186.80807412487337 215
1738824498578 53.087036440432826 216
1738824498621 88.75841307641682 217
1738824498665 180.6613699936561 218
1738824498709 116.61999210021511 219
1738824498752 149.4778474339463 220
1738824498796 159.33865875265388 221
1738824498840 183.0173394544492 222
1738824498884 186.25529844945143 223
1738824498928 141.84067819023204 224
1738824498971 175.48900930299737 225
1738824499015 142.8377871969466 226
1738824499060 137.8660036508004 227
1738824499103 126.34539609129004 228
1738824499146 190.5129895892993 229
1738824499190 149.01173582513772 230
1738824499233 194.98496134713898 231
1738824499277 146.5523510978587 232
1738824499320 245.580891477019 233
1738824499364 186.5472134858063 234
1738824499407 158.838420915628 235
1738824499450 174.5709958957041 236
1738824499494 137.61953341242472 237
1738824499537 134.8047410526872 238
1738824499580 140.06503417739754 239
1738824499624 149.63608466549294 240
1738824499668 226.4428508159196 241
1738824499712 166.86476982297037 242
1738824499756 118.10735236065953 243
1738824499799 223.79362917954387 244
1738824499843 166.7816344374163 245
1738824499887 216.0824179201948 246
1738824499930 164.70985020788106 247
1738824499974 203.78166899262254 248
1738824500018 208.30905214548144 249
1738824500061 170.12537380295936 250
1738824500105 164.14162584786155 251
1738824500148 152.90612044400038 252
1738824500192 172.0443477272769 253
1738824500235 154.9760452193023 254
1738824500279 178.14899363316292 255
1738824500322 128.27790649177032 256
1738824500366 139.50522221323334 257
1738824500409 177.5000920774317 258
1738824500461 131.92704617952543 259
1738824500507 168.0526148963746 260
1738824500551 116.60413440794343 261
1738824500596 136.90623622287956 262
1738824500641 237.1030160886873 263
1738824500686 142.30747092117443 264
1738824500731 362.7453887743371 265
1738824500775 185.47530577643982 266
1738824500821 139.27079430551373 267
1738824500866 111.75491634226293 268
1738824500911 207.78288149672827 269
1738824500956 196.2621360229908 270
1738824501002 120.4068052212433 271
1738824501047 192.38363520193445 272
1738824501092 209.16564043861703 273
1738824501137 146.78120439599343 274
1738824501182 172.5712070496577 275
1738824501226 182.1045508525752 276
1738824501271 195.02672988678782 277
1738824501315 274.1912982238814 278
1738824501359 165.37782370938956 279
1738824501402 181.8211203224181 280
1738824501446 157.85253171573567 281
1738824501490 171.18786887704772 282
1738824501534 206.66325993880523 283
1738824501578 188.95867946089294 284
1738824501621 131.54891575048381 285
1738824501665 217.28524563688768 286
1738824501709 204.4904851175718 287
1738824501753 222.46313939774188 288
1738824501796 226.52086597982873 289
1738824501840 156.04428699793354 290
1738824501884 134.50683316765227 291
1738824501927 249.55538224250535 292
1738824501970 344.5458824565813 293
1738824502015 176.66611802771965 294
1738824502058 167.624713073889 295
1738824502102 145.25045626185823 296
1738824502146 172.7284664477511 297
1738824502189 105.95756229798472 298
1738824502233 185.3343815228009 299
1738824502276 165.42218326944632 300
1738824502319 207.3530224227519 301
1738824502363 157.58482242052168 302
1738824502406 233.50152007560962 303
1738824502450 211.12709442198576 304
1738824502493 179.9161706187553 305
1738824502537 149.03067930170778 306
1738824502580 153.53378766959318 307
1738824502624 153.48510634356762 308
1738824502667 165.34929950335555 309
1738824502710 211.78864933809228 310
1738824502754 93.12009291266799 311
1738824502797 135.47689866589675 312
1738824502841 162.6608147605584 313
1738824502884 137.28088148808172 314
1738824502928 174.80151712361365 315
1738824502971 168.5888194165821 316
1738824503015 152.76789119990983 317
1738824503058 176.2390376360476 318
1738824503103 125.39357029007058 319
1738824503146 176.2208661791856 320
1738824503190 148.11621017798782 321
1738824503233 123.9338027316205 322
1738824503277 167.6531340709272 323
1738824503320 175.05944474304556 324
1738824503364 182.92828944180235 325
1738824503407 83.31222989977141 326
1738824503451 145.6901137412735 327
1738824503494 191.6271780113668 328
1738824503537 138.97715554084863 329
1738824503580 157.549658899379 330
1738824503624 137.29998484569632 331
1738824503668 164.5286703808954 332
1738824503711 155.77902894452063 333
1738824503755 158.58217688196942 334
1738824503798 135.94410477777217 335
1738824503842 212.79399309638288 336
1738824503887 152.10357378738004 337
1738824503930 165.31234054176545 338
1738824503974 167.61896625827768 339
1738824504017 166.06962046913722 340
1738824504061 176.89851596202968 341
1738824504105 153.81749887893307 342
1738824504149 268.65873559359363 343
1738824504192 278.4634843370925 344
1738824504236 197.26801432206335 345
1738824504280 151.77018015472518 346
1738824504324 238.36077500927072 347
1738824504366 214.4421438486227 348
1738824504410 194.56859248522568 349
1738824504454 143.54764991223604 350
1738824504497 163.90567384640207 351
1738824504541 166.15373175782628 352
1738824504584 180.71343964311694 353
1738824504628 129.70562974787205 354
1738824504672 147.4483591534836 355
1738824504717 163.03239281676252 356
1738824504760 122.21431170001993 357
1738824504803 198.22270321337697 358
1738824504846 171.39972096016277 359
1738824504890 127.89760227084652 360
1738824504933 145.0775254696381 361
1738824504977 112.74751181178901 362
1738824505021 161.04075474461263 363
1738824505065 95.88689809334353 364
1738824505108 235.0623166349495 365
1738824505152 167.57697284090105 366
1738824505196 175.50813218148278 367
1738824505240 146.03786408368816 368
1738824505284 213.44899945920778 369
1738824505329 156.81535059570854 370
1738824505372 187.77668902884727 371
1738824505416 131.23058480502692 372
1738824505460 112.3987106154988 373
1738824505503 174.66389207064665 374
1738824505546 169.4859273312972 375
1738824505589 188.43917684620217 376
1738824505633 162.3895965257173 377
1738824505676 265.78556419149464 378
1738824505720 191.01687008663805 379
1738824505764 133.52982354186992 380
1738824505807 119.84654700940763 381
1738824505851 151.2701908009032 382
1738824505894 186.96962209682457 383
1738824505938 161.26384227242292 384
1738824505981 219.55606870010638 385
1738824506024 168.47451122212865 386
1738824506069 158.01100468387833 387
1738824506112 328.7064074879242 388
1738824506156 626.8234117487602 389
1738824506199 218.50200413465006 390
1738824506243 185.8950940339051 391
1738824506287 159.12735437368096 392
1738824506330 203.85814890309774 393
1738824506373 154.0171584635524 394
1738824506417 175.45317137239087 395
1738824506461 137.07794010137408 396
1738824506504 218.91713539553285 397
1738824506547 186.38745304079637 398
1738824506591 180.73682375541912 399
1738824506634 273.0576815832405 400
1738824506678 177.69724788703166 401
1738824506721 174.03897331753376 402
1738824506765 151.34731289848222 403
1738824506808 182.19007558719935 404
1738824506852 195.31142913595545 405
1738824506895 96.95369805912006 406
1738824506939 97.85513934682795 407
1738824506982 168.1871919660185 408
1738824507026 189.9532288946913 409
1738824507070 161.2446107444571 410
1738824507113 212.85137243250674 411
1738824507156 151.3507900216741 412
1738824507200 194.278561740379 413
1738824507243 198.76606663756093 414
1738824507287 159.77063556660738 415
1738824507330 188.48019053328167 416
1738824507374 187.73461144564212 417
1738824507417 243.90593285967793 418
1738824507461 177.6114220088677 419
1738824507505 76.58928367247752 420
1738824507548 220.95691124864405 421
1738824507591 181.90812345025793 422
1738824507635 151.8983133722008 423
1738824507679 105.40659755676262 424
1738824507723 163.82863148065192 425
1738824507766 229.99221895514523 426
1738824507809 159.92514300185726 427
1738824507853 199.39522900745894 428
1738824507896 195.28101243930226 429
1738824507940 188.75231371156192 430
1738824507983 198.10778892451435 431
1738824508026 352.43399296758383 432
1738824508070 343.5173328270132 433
1738824508113 204.51986916171168 434
1738824508157 217.22616297475963 435
1738824508201 139.6260833818261 436
1738824508244 192.6244487564933 437
1738824508287 206.59793679420878 438
1738824508331 171.17985016794378 439
1738824508374 157.09028985085675 440
1738824508417 156.14969214190432 441
1738824508460 350.6288035258568 442
1738824508503 234.31629021489724 443
1738824508546 188.49386242866137 444
1738824508590 142.40608483973668 445
1738824508633 134.75413340478477 446
1738824508676 332.4041535201935 447
1738824508720 130.89541978648725 448
1738824508764 136.39768415509064 449
1738824508807 147.59156872418504 450
1738824508852 167.17329796876425 451
1738824508898 184.88419034983414 452
1738824508943 165.03577513896602 453
1738824508986 213.854177157125 454
1738824509030 86.70849955434379 455
1738824509073 173.27904718624129 456
1738824509117 103.94589613517357 457
1738824509160 246.125602467948 458
1738824509219 181.93936914021344 459
1738824509269 192.62137631129852 460
1738824509315 228.7167421100893 461
1738824509360 193.14668842943354 462
1738824509405 135.3431059217457 463
1738824509448 151.38529958121995 464
1738824509493 244.20178229014937 465
1738824509536 217.22069907568422 466
1738824509581 135.5230439260904 467
1738824509625 180.12131485825233 468
1738824509668 139.47322865234187 469
1738824509712 213.89979248402102 470
1738824509756 122.88992770922053 471
1738824509799 151.024904656901 472
1738824509842 154.7966315261224 473
1738824509885 199.31123624429432 474
1738824509929 163.20816404378272 475
1738824509972 175.52685014796822 476
1738824510015 129.52149112266747 477
1738824510058 165.39548691597324 478
1738824510102 140.82327338285774 479
1738824510145 135.0744102237205 480
1738824510188 208.7801012618501 481
1738824510231 349.43127686423725 482
1738824510275 188.31160510801078 483
1738824510318 195.6945312425876 484
1738824510362 188.62842731869003 485
1738824510405 205.31621624974156 486
1738824510448 163.7256366108567 487
1738824510491 181.42838906083878 488
1738824510551 309.2310613640191 489
1738824510605 168.08320085346804 490
1738824510650 201.32819343409437 491
1738824510695 165.125941294558 492
1738824510740 153.61871516901624 493
1738824510788 186.15216114349792 494
1738824510834 133.23703236052725 495
1738824510880 161.59890543058788 496
1738824510924 149.80591236866798 497
1738824510970 195.85786889451353 498
1738824511014 169.5024848856714 499
