1738680434988 183.25915522682104 0
1738680435027 137.95776206134713 1
1738680435065 166.5017834760083 2
1738680435103 162.8876251227697 3
1738680435143 165.6625384088929 4
1738680435184 162.76047632201457 5
1738680435222 150.6421645105217 6
1738680435261 189.64673547622596 7
1738680435299 164.20480716521124 8
1738680435337 156.195875723758 9
1738680435374 171.93755023972304 10
1738680435413 177.7936413108356 11
1738680435450 164.89213086596905 12
1738680435488 147.4365385049021 13
1738680435525 178.84797478090778 14
1738680435563 155.21872986394794 15
1738680435600 160.69325967262222 16
1738680435638 177.72741184062252 17
1738680435677 173.61424215413405 18
1738680435715 168.43980531718333 19
1738680435754 157.25906846069722 20
1738680435793 190.5304005861434 21
1738680435831 159.4865392228185 22
1738680435868 189.55341268399235 23
1738680435906 180.13398689609141 24
1738680435944 164.25578613641144 25
1738680435981 202.5822588851495 26
1738680436018 166.86932872755355 27
1738680436056 152.84074935047002 28
1738680436094 172.2088717513741 29
1738680436131 140.66675787297922 30
1738680436169 173.91697896131657 31
1738680436206 153.41124673729985 32
1738680436244 172.22466773713634 33
1738680436282 163.04416904764702 34
1738680436321 173.31698844920095 35
1738680436359 169.9554468674615 36
1738680436398 154.83155337931484 37
1738680436436 175.20260057227367 38
1738680436474 182.19632552532386 39
1738680436511 158.62735455550285 40
1738680436549 174.36496820243673 41
1738680436586 177.9395695949212 42
1738680436624 171.60887763990917 43
1738680436662 167.35876763706779 44
1738680436699 146.07548690501898 45
1738680436737 174.93242204376205 46
1738680436775 144.92071190847707 47
1738680436812 183.3116694930925 48
1738680436851 172.27060632729518 49
1738680436889 176.0784353439105 50
1738680436926 173.6045153429648 51
1738680436964 174.27395230861597 52
1738680437003 178.06714165208686 53
1738680437044 138.468050156354 54
1738680437082 167.58492371221604 55
1738680437120 165.75144355592258 56
1738680437157 160.7121841509983 57
1738680437196 160.81845808983368 58
1738680437235 182.07381228250875 59
1738680437273 173.80688994846372 60
1738680437311 167.65226840170115 61
1738680437349 167.40860650208484 62
1738680437387 151.36462043533135 63
1738680437425 193.63367029588986 64
1738680437463 175.02299270316797 65
1738680437501 186.06970644721014 66
1738680437538 179.69746621136667 67
1738680437576 160.3854246325601 68
1738680437613 127.12672270015695 69
1738680437651 172.21944929957792 70
1738680437689 178.56068665145884 71
1738680437727 166.86533052152728 72
1738680437764 171.02115826024888 73
1738680437802 167.62501424988227 74
1738680437841 169.78680233298903 75
1738680437879 207.97971453801765 76
1738680437918 157.96863989881987 77
1738680437955 185.94898124002313 78
1738680437993 173.0691447350143 79
1738680438030 178.6303507432278 80
1738680438067 167.13821247937943 81
1738680438105 166.51186490241528 82
1738680438143 157.05364615398895 83
1738680438180 180.2916763664536 84
1738680438218 174.41587795844902 85
1738680438255 192.18784811944388 86
1738680438293 149.9010262040325 87
1738680438331 178.7946359181806 88
1738680438368 159.35365510242977 89
1738680438406 149.80569285177097 90
1738680438445 170.56249044370693 91
1738680438483 171.63010942816982 92
1738680438521 175.0397252014525 93
1738680438559 183.15013249885376 94
1738680438596 164.7776852127165 95
1738680438633 177.5032076876108 96
1738680438671 160.48008345542334 97
1738680438708 171.55710844632878 98
1738680438746 168.21656048315432 99
1738680438784 155.2512251339894 100
1738680438821 159.02631732306108 101
1738680438859 174.73775450181705 102
1738680438896 175.1094529936497 103
1738680438934 153.9262299811076 104
1738680438973 169.17273684822896 105
1738680439010 157.98359850045486 106
1738680439047 207.28851041453655 107
1738680439085 165.33820055161416 108
1738680439122 178.74793163990842 109
1738680439160 180.39505012959398 110
1738680439198 146.3465344347335 111
1738680439235 177.9449977869234 112
1738680439273 191.18414299456853 113
1738680439311 176.1936939950363 114
1738680439351 173.59246213802595 115
1738680439389 165.8296380019492 116
1738680439427 165.03298436302825 117
1738680439464 166.4909458368407 118
1738680439502 184.84033718776996 119
1738680439540 171.00838617719452 120
1738680439578 172.14279430562092 121
1738680439615 143.49315986372525 122
1738680439653 137.09772257747179 123
1738680439691 188.10784658223002 124
1738680439729 139.17829103660625 125
1738680439766 195.608792580242 126
1738680439803 189.63727561511527 127
1738680439841 200.57219637871793 128
1738680439879 176.47291969166503 129
1738680439917 182.9971699963344 130
1738680439955 155.85288969915655 131
1738680439992 200.74554813146085 132
1738680440030 174.76211900885104 133
1738680440069 159.25908147418392 134
1738680440106 179.37796621424272 135
1738680440143 187.07267926600434 136
1738680440181 187.91671989192304 137
1738680440218 165.94085753744045 138
1738680440256 158.84594848514618 139
1738680440294 172.4570274320863 140
1738680440331 171.75547978234812 141
1738680440368 160.12987642989538 142
1738680440406 163.80257181422755 143
1738680440443 160.30208053309545 144
1738680440481 181.64446934317886 145
1738680440519 165.26186030660384 146
1738680440557 195.1763544310421 147
1738680440596 156.41693702684455 148
1738680440633 197.13585866671886 149
1738680440671 174.25705481000395 150
1738680440708 129.27414013742504 151
1738680440746 124.58084885174553 152
1738680440783 174.59146611326904 153
1738680440821 155.0670155194033 154
1738680440858 167.32028521130434 155
1738680440896 214.65576213931243 156
1738680440934 170.84110554412982 157
1738680440972 181.27038195610848 158
1738680441010 165.06081502246943 159
1738680441048 171.98628847790113 160
1738680441085 172.59064592683276 161
1738680441124 157.59150113483014 162
1738680441161 171.4753844890325 163
1738680441199 153.98819800391806 164
1738680441236 163.49091061403686 165
1738680441273 181.4755730855835 166
