1738679579109 169.24418094032956 0
1738679579116 166.8172426103262 1
1738679579122 166.85223609626323 2
1738679579128 172.03226725880933 3
1738679579134 168.8420750778455 4
1738679579140 170.74198324867368 5
1738679579146 170.28757049899102 6
1738679579151 168.18051879453705 7
1738679579157 166.90072877308702 8
1738679579164 171.3677530683749 9
1738679579170 167.47390206125175 10
1738679579176 168.72433103788026 11
1738679579182 167.8001354062036 12
1738679579188 167.85045978400314 13
1738679579195 167.2851655852151 14
