1738680958027 188.91402133089318 0
1738680958073 135.45981665864159 1
1738680958118 124.84628782389566 2
1738680958163 64.2976454222722 3
1738680958209 139.9574865786792 4
1738680958255 220.736134130017 5
1738680958299 174.80861861761673 6
1738680958344 143.31341588796872 7
1738680958389 159.89891544001875 8
1738680958434 103.75144386900634 9
1738680958479 124.40930949997752 10
1738680958524 200.8988560460582 11
1738680958571 125.13211387400163 12
1738680958618 206.6274756942025 13
1738680958665 166.85706420041373 14
1738680958711 232.5972520211793 15
1738680958756 155.13451346148284 16
1738680958801 231.14708868526327 17
1738680958846 144.15088988246384 18
1738680958890 160.27222170712062 19
1738680958935 121.53223968374125 20
1738680958980 240.74694654905105 21
1738680959025 190.8454068940585 22
1738680959072 150.43583145812983 23
1738680959118 236.58552083572988 24
1738680959163 183.07280014769984 25
1738680959208 243.25761894202998 26
1738680959252 212.58977474754406 27
1738680959298 149.6246692769678 28
1738680959343 162.93973239123207 29
1738680959388 225.529166323539 30
1738680959434 139.59668834906202 31
1738680959479 160.389647130236 32
1738680959523 163.41955447621092 33
1738680959568 165.67981091741328 34
1738680959613 148.9402706377659 35
1738680959658 197.27321440185108 36
1738680959703 161.6762431866923 37
1738680959748 187.91957468323542 38
1738680959793 201.09667196019308 39
1738680959837 177.14521842390351 40
1738680959882 168.7701110629809 41
1738680959929 137.85515699103604 42
1738680959975 224.3968547336059 43
1738680960020 178.7202549471229 44
1738680960064 195.78750195561167 45
1738680960109 314.3346272169254 46
1738680960154 116.5927450577441 47
1738680960199 131.41949200956816 48
1738680960243 134.56202168052667 49
1738680960288 217.06562537795952 50
1738680960333 157.4028722699023 51
1738680960378 151.76163291498406 52
1738680960422 317.2494079237506 53
1738680960467 134.51421995941823 54
1738680960512 151.45309846505427 55
1738680960560 184.35858127980913 56
1738680960607 146.8318812618262 57
1738680960652 183.04799520007657 58
1738680960698 120.55492982239372 59
1738680960743 196.4139383284797 60
1738680960788 152.66419665272855 61
1738680960832 181.6849274282894 62
1738680960877 163.4744961756982 63
1738680960922 103.78371559982115 64
1738680960968 139.4614157458784 65
1738680961013 240.5303980430665 66
1738680961057 159.2538009104203 67
1738680961102 90.36423572961168 68
1738680961147 202.8339522551592 69
1738680961191 196.79879159017565 70
1738680961236 98.16451770281373 71
1738680961281 155.1071113190613 72
1738680961326 194.5978511673342 73
1738680961372 111.76814618196119 74
1738680961416 72.2587118027602 75
1738680961462 204.27007305387824 76
1738680961506 242.48036462611603 77
1738680961551 153.65170587343744 78
1738680961596 223.17436583465354 79
1738680961641 128.7795136043718 80
1738680961686 162.578940547332 81
1738680961731 188.49162402463512 82
1738680961777 114.17464076063007 83
1738680961822 224.57468783406375 84
1738680961867 161.23191261336612 85
1738680961911 57.56345981291323 86
1738680961959 164.17980684838648 87
1738680962003 188.95452892323053 88
1738680962048 167.30901524606122 89
1738680962093 186.83097133256805 90
1738680962137 162.17078758827682 91
1738680962182 142.97272641910797 92
1738680962227 145.4656917259342 93
1738680962272 158.19029501487188 94
1738680962318 208.108427771307 95
1738680962362 132.1432514911857 96
1738680962407 136.059881076066 97
1738680962452 188.81189022853837 98
1738680962497 175.90668910569934 99
1738680962542 181.52792215896105 100
1738680962586 170.09331936608768 101
1738680962631 134.05395023018625 102
1738680962676 148.54338435861902 103
1738680962721 134.7500204890392 104
1738680962766 186.24146455155542 105
1738680962810 144.80779294405488 106
1738680962856 102.28915225130524 107
1738680962900 165.70414626660408 108
1738680962945 144.01124396506316 109
1738680962990 131.66797970556198 110
1738680963034 191.74073900937046 111
1738680963079 195.43052107501148 112
1738680963124 204.56268111789464 113
1738680963168 143.19417111226042 114
1738680963213 184.67632936225087 115
1738680963258 105.45193630220659 116
1738680963303 168.07004597720413 117
1738680963348 152.3543189067692 118
1738680963393 204.1887716432045 119
1738680963439 141.99341259372974 120
1738680963484 223.99396983345522 121
1738680963528 199.9648649742779 122
1738680963573 173.5527310480979 123
1738680963618 138.55039413727027 124
1738680963663 132.29944263287143 125
1738680963707 166.72787522448095 126
1738680963753 142.38089215924543 127
1738680963798 130.61620259999637 128
1738680963842 158.14003899273413 129
1738680963888 144.5659271475516 130
1738680963933 161.54811765014205 131
1738680963977 166.60907545531074 132
1738680964023 141.74844099480381 133
1738680964068 151.18802248978068 134
1738680964113 188.74672943922164 135
1738680964157 173.49261393212433 136
1738680964202 129.60257369542623 137
1738680964247 132.87352213263063 138
1738680964292 170.4919751280266 139
1738680964336 134.01019311539605 140
1738680964381 121.79732496052249 141
1738680964427 203.86627079655744 142
1738680964471 170.07658468361936 143
1738680964516 246.09211334604262 144
1738680964561 188.03253139097976 145
1738680964606 155.42220489389265 146
1738680964651 197.85620876445526 147
1738680964696 180.40145197290994 148
1738680964741 164.5204471399205 149
1738680964786 179.59844007249154 150
1738680964830 113.20801369611169 151
1738680964875 189.21200102926187 152
1738680964920 162.03814626146882 153
1738680964966 250.29724181448907 154
1738680965010 229.67252382580324 155
1738680965055 203.60746486387697 156
1738680965100 124.12993255377751 157
1738680965145 139.21291105024218 158
1738680965190 158.88297155398575 159
1738680965235 192.57890511055197 160
1738680965279 245.908225706988 161
1738680965324 210.5741997808409 162
1738680965369 160.51940665074721 163
1738680965413 207.5430941950658 164
1738680965457 155.16858301841685 165
1738680965503 178.52848940481837 166
1738680965548 168.55589761163853 167
1738680965592 162.93145328142623 168
1738680965637 159.32862381648494 169
1738680965683 153.85955473790887 170
1738680965729 210.4442191155016 171
1738680965773 114.02219465469533 172
1738680965817 144.67390636495549 173
1738680965862 191.52680988613702 174
1738680965907 56.877765323364244 175
1738680965952 232.01833768209642 176
1738680965996 223.99175325118344 177
1738680966041 200.52022337526301 178
1738680966086 161.93903646311506 179
1738680966130 171.02046909892573 180
1738680966174 206.41417680407648 181
1738680966219 157.97382769788342 182
1738680966264 184.9781481164029 183
1738680966309 137.16330376085583 184
1738680966354 176.7130406774229 185
1738680966398 217.69531751692028 186
1738680966442 101.58042567467557 187
1738680966487 165.34330568933933 188
1738680966531 159.70356968854117 189
1738680966577 123.92738054970243 190
1738680966622 122.1165434927751 191
1738680966666 175.48416020094393 192
1738680966711 171.26399549866446 193
1738680966756 109.48955031322798 194
1738680966800 182.50710318699316 195
1738680966845 128.44488660281172 196
1738680966890 217.47136698248144 197
1738680966934 123.03804372399789 198
1738680966979 107.65762323816286 199
1738680967024 181.05750622440024 200
1738680967068 102.35731865962525 201
1738680967114 182.6860562422798 202
1738680967159 104.82784566180538 203
1738680967203 121.73406796328761 204
1738680967249 207.31291515998217 205
1738680967294 158.86909539523427 206
1738680967338 182.2603172268049 207
1738680967382 150.2214389350943 208
1738680967427 165.82592134300688 209
1738680967471 136.12487508309943 210
1738680967516 186.6462710780479 211
1738680967561 231.89217014424096 212
1738680967606 156.57821575665375 213
1738680967652 124.21864832263908 214
1738680967697 166.31222074240284 215
1738680967742 214.28923383560678 216
1738680967786 171.09612772552657 217
1738680967831 164.59114285321348 218
1738680967876 177.54708919515946 219
1738680967920 211.2338177409754 220
1738680967965 174.36965433915753 221
1738680968009 198.67222739745608 222
1738680968053 204.83247922540318 223
1738680968098 165.12753017212876 224
1738680968142 141.62481711924568 225
1738680968189 168.3008431104767 226
1738680968234 175.38428984990114 227
1738680968278 185.37221910975964 228
1738680968323 64.02894930690326 229
1738680968367 145.27818511336662 230
1738680968412 176.02315441602596 231
1738680968458 150.8551496862741 232
1738680968503 187.20693400635116 233
1738680968547 172.09352959340208 234
1738680968591 151.94091817504915 235
1738680968636 62.85412533465636 236
1738680968680 109.35146247295056 237
1738680968726 170.45222969479008 238
1738680968770 145.9149757476242 239
1738680968815 141.3205132708209 240
1738680968860 171.07293163842337 241
1738680968904 180.81184058277722 242
1738680968949 192.01005917085374 243
1738680968994 129.4327089046116 244
1738680969038 187.0650371076136 245
1738680969084 155.20813228277476 246
1738680969129 236.36258563203768 247
1738680969173 170.55245439420338 248
1738680969218 182.90573253599248 249
1738680969263 166.87602276297068 250
1738680969307 193.47776878786453 251
1738680969353 177.15425031435902 252
1738680969399 197.54071744784022 253
1738680969444 157.14025431141144 254
1738680969488 198.81937635511397 255
1738680969533 69.1260787594164 256
1738680969577 145.18713104253084 257
1738680969622 186.81206215659518 258
1738680969667 119.0105010868562 259
1738680969711 179.04602762093543 260
1738680969756 156.67883556338552 261
1738680969801 213.9194867222238 262
1738680969846 190.08211616031255 263
1738680969890 175.7601540574953 264
1738680969935 196.78028143682295 265
1738680969981 189.37628056622935 266
1738680970025 76.75107370288258 267
1738680970069 186.97208150078762 268
1738680970114 179.69012170471856 269
1738680970159 167.93614935085355 270
1738680970203 146.4593636908248 271
1738680970248 189.9225125108951 272
1738680970294 89.15787546710344 273
1738680970339 164.02694372558085 274
1738680970383 112.89873469453208 275
1738680970428 135.2688613504337 276
1738680970473 173.35797208322447 277
1738680970518 161.9131291205702 278
1738680970563 179.0814512250355 279
1738680970607 190.2256232711032 280
1738680970652 99.6639559586787 281
1738680970696 138.9847181770192 282
1738680970741 222.42692611367204 283
1738680970786 168.2456914443472 284
1738680970831 234.89890180388144 285
1738680970876 334.03153124648003 286
1738680970921 156.36806928073474 287
1738680970966 179.90256945372457 288
1738680971010 233.2123709976846 289
1738680971058 194.47365717671371 290
1738680971102 264.51676062114956 291
1738680971147 151.66448251465889 292
1738680971191 143.32706726183707 293
1738680971237 148.66698529275584 294
1738680971282 151.80682751280557 295
1738680971327 144.49603066203042 296
1738680971371 157.38893156711333 297
1738680971417 91.89982037431044 298
1738680971462 148.03681966450083 299
1738680971506 149.96672361558586 300
1738680971551 270.72905709189973 301
1738680971595 165.69602397492733 302
1738680971640 261.4101194299973 303
1738680971685 110.17880133445485 304
1738680971729 155.26703730389045 305
1738680971774 195.10994663730838 306
1738680971821 189.6446772246555 307
1738680971866 154.75810266353943 308
1738680971911 196.09873786775086 309
1738680971956 98.23073783383902 310
1738680972001 194.58446337405977 311
1738680972045 98.39156067641919 312
1738680972090 200.61171999398124 313
1738680972135 146.21172056587406 314
1738680972180 191.89308034206522 315
1738680972225 181.87696588099882 316
1738680972269 150.6384900637367 317
1738680972314 174.3222167739569 318
1738680972359 97.36344374635641 319
1738680972403 108.19462033916545 320
1738680972448 246.40275349043955 321
1738680972493 208.1858050985998 322
1738680972538 236.78197189667162 323
1738680972582 171.58757359599065 324
1738680972627 230.52260603933644 325
1738680972672 187.0988391269324 326
1738680972718 198.99336242984157 327
1738680972763 164.26437382094917 328
1738680972807 153.32425003240968 329
1738680972852 181.57329606643265 330
1738680972897 147.6334937230985 331
1738680972942 88.1634938896916 332
1738680972987 154.71901746764294 333
1738680973033 131.59137251620015 334
1738680973078 180.6757513974063 335
1738680973123 219.5752721778316 336
1738680973168 197.0372967385514 337
1738680973213 198.44425791520752 338
1738680973257 167.56547617933472 339
1738680973303 40.59338740626095 340
1738680973347 174.93356617266193 341
1738680973392 227.31748258635753 342
1738680973436 95.92919638382675 343
1738680973481 279.0362926309264 344
1738680973525 175.36873973486385 345
1738680973571 166.47702422884834 346
1738680973616 207.40318591299095 347
1738680973661 153.0352976559637 348
1738680973705 137.2157239270877 349
1738680973750 178.47586529046472 350
1738680973795 124.40541446496736 351
1738680973841 154.32461149789054 352
1738680973886 173.76353740466325 353
1738680973931 170.75214146733006 354
1738680973976 210.03260826353358 355
1738680974020 174.78241751116437 356
1738680974066 215.75418364102617 357
1738680974111 165.96225988739474 358
1738680974156 234.90643964558123 359
1738680974200 166.13805801342835 360
1738680974245 63.475642697497854 361
1738680974290 191.20037656615227 362
1738680974334 181.83618686681928 363
1738680974379 210.45865874917197 364
1738680974424 174.5810347961439 365
1738680974469 158.85570321079075 366
1738680974513 182.1589149049825 367
1738680974558 201.14806453647927 368
1738680974602 207.7454756744837 369
1738680974648 198.8822988913668 370
1738680974693 168.46189956513737 371
1738680974737 170.48220943557675 372
1738680974782 134.0882879807702 373
1738680974827 211.29031119470832 374
1738680974872 156.59948701398605 375
1738680974916 178.96121016093608 376
1738680974961 143.82175649459944 377
1738680975006 163.22380811990993 378
1738680975050 128.24980014476935 379
1738680975095 182.71880697634066 380
1738680975139 203.1958628420963 381
1738680975185 197.49836249230896 382
1738680975230 193.74186472748076 383
1738680975274 144.80281293238988 384
1738680975319 135.16621399439782 385
1738680975363 150.64643291253677 386
1738680975409 214.87292398987626 387
1738680975453 128.03189079754713 388
1738680975498 91.5306166695221 389
1738680975542 172.18465629901502 390
1738680975587 179.95389994692118 391
1738680975631 164.0270117855153 392
1738680975677 123.40123307649448 393
1738680975722 256.51705140275254 394
1738680975767 218.9033313519942 395
1738680975812 179.88015985358072 396
1738680975857 164.91938727522293 397
1738680975902 177.23716328689866 398
1738680975946 140.66138725866196 399
1738680975991 153.70707845682105 400
1738680976035 170.44149428596143 401
1738680976080 214.36296108956893 402
1738680976124 154.11960843952534 403
1738680976169 144.25984608319217 404
1738680976214 285.33358754531116 405
1738680976259 176.8288082486734 406
1738680976304 159.98431422482452 407
1738680976348 176.47415652799586 408
1738680976393 180.03929057236616 409
1738680976438 170.95008974017392 410
1738680976482 171.27039405528518 411
1738680976527 162.28706697518177 412
1738680976572 216.65482167302565 413
1738680976617 228.35443108289695 414
1738680976662 245.44207539443505 415
1738680976706 54.374099175581414 416
1738680976751 207.74524074336057 417
1738680976797 202.1755677189468 418
1738680976842 167.8754526001884 419
1738680976887 139.89526558727104 420
1738680976931 142.81253952347026 421
1738680976976 203.9119576967693 422
1738680977021 152.398332291204 423
1738680977066 155.82843800714375 424
1738680977110 156.81836290124645 425
1738680977156 129.7776749152459 426
1738680977200 88.56097053990334 427
1738680977246 143.35209680779698 428
1738680977291 205.51406720169444 429
1738680977336 261.7034046928285 430
1738680977381 210.85508156309274 431
1738680977426 165.39594340176478 432
1738680977470 157.29445232354217 433
1738680977515 148.43328168959238 434
1738680977559 147.80408131542922 435
1738680977604 179.4351858088784 436
1738680977649 242.45859914928394 437
1738680977694 160.20804932468906 438
1738680977739 154.05534297555533 439
1738680977784 156.7373989829395 440
1738680977833 174.76262159683696 441
1738680977878 165.0439498836163 442
1738680977923 149.73385543549963 443
1738680977968 77.6088740399957 444
1738680978013 198.58012935235564 445
1738680978058 175.4680257718797 446
1738680978102 163.56320381969553 447
1738680978147 162.12234553812056 448
1738680978192 204.0070174906216 449
1738680978236 174.03229620990268 450
1738680978281 141.93737305185627 451
1738680978326 149.88919128580378 452
1738680978371 135.76511796610455 453
1738680978417 168.04468519068195 454
1738680978461 200.14207503932067 455
1738680978506 201.6638326624366 456
1738680978551 120.69240429698243 457
1738680978596 152.63792347828223 458
1738680978640 165.4949093328714 459
1738680978685 161.83229505575258 460
1738680978730 182.3449942886681 461
1738680978775 212.04732253092905 462
1738680978819 189.0008355598514 463
1738680978864 175.22722306289396 464
1738680978908 91.14142420974494 465
1738680978954 149.7160073112086 466
1738680978998 168.3088189095679 467
1738680979043 200.30649280905743 468
1738680979088 146.0202049034735 469
1738680979133 122.29362692523995 470
1738680979178 225.82928308897414 471
1738680979223 198.05341242793668 472
1738680979267 192.56506993526042 473
1738680979312 152.78393991505075 474
1738680979357 237.05720151816442 475
1738680979402 174.35999146326762 476
1738680979447 137.27790091865248 477
1738680979492 132.69782616227317 478
1738680979537 187.1152930383927 479
1738680979582 190.1716883396625 480
1738680979627 147.14159178197758 481
1738680979672 169.38072100421186 482
1738680979716 179.7780228808848 483
1738680979761 154.5414030905212 484
1738680979806 214.09300616234097 485
1738680979851 127.5153155212705 486
1738680979895 249.07105679363693 487
1738680979941 195.40523217440816 488
1738680979986 160.52597674929717 489
1738680980031 152.2090801265234 490
1738680980076 123.97889744800331 491
1738680980121 158.27707983553907 492
1738680980166 152.98867546189376 493
1738680980210 164.4662961214984 494
1738680980255 161.2773624489005 495
1738680980300 222.72721477947007 496
1738680980345 263.81633907297504 497
1738680980389 81.70354886447585 498
1738680980433 207.76389954897826 499
