1738680342430 170.4199062026436 0
1738680342437 167.9922234853339 1
1738680342444 170.78488934148905 2
1738680342451 168.9726129036194 3
1738680342458 168.4415310803383 4
1738680342464 169.4156141778927 5
1738680342471 171.5022544257174 6
1738680342477 170.09947860506463 7
1738680342483 171.4347802061587 8
1738680342490 167.37823418103076 9
1738680342497 169.57818348371865 10
1738680342503 168.90208766111562 11
1738680342510 166.33693128370956 12
1738680342516 168.41594857816781 13
1738680342522 171.36673729625548 14
1738680342528 167.48516664452936 15
1738680342535 167.8785995249286 16
1738680342541 169.7032769757114 17
1738680342547 169.34000201035363 18
1738680342554 170.01265599542953 19
1738680342560 169.3644693288162 20
1738680342566 169.58637541246756 21
1738680342573 168.2972088903578 22
1738680342579 169.70642113237685 23
1738680342585 168.21637737068542 24
1738680342592 170.5493410113629 25
1738680342598 169.06249591733751 26
1738680342604 166.8634400198093 27
1738680342611 168.14683557635126 28
1738680342618 169.59569119563457 29
1738680342624 167.49861768698128 30
1738680342631 168.4486887187971 31
1738680342639 169.39030496993243 32
1738680342645 169.919297593621 33
1738680342652 164.868599175734 34
1738680342659 166.92708744815764 35
1738680342665 171.10911379768726 36
1738680342671 166.64306818164184 37
1738680342677 170.7178324508836 38
1738680342684 172.58356059477012 39
1738680342690 169.27185420146034 40
1738680342697 168.6298162178894 41
1738680342703 170.47567023822592 42
1738680342710 169.5197961732163 43
1738680342716 167.89385334768346 44
1738680342723 169.502852351266 45
1738680342729 171.93866749232902 46
1738680342736 169.44181703164676 47
1738680342742 169.07685567681864 48
1738680342749 166.12907120541863 49
1738680342756 167.09313784804098 50
1738680342762 171.05196151610352 51
1738680342769 168.18982990230995 52
1738680342776 169.23690285696404 53
1738680342783 168.0975261209633 54
1738680342789 170.63320364393354 55
1738680342796 168.05907870593714 56
1738680342804 167.32410226630597 57
1738680342812 168.52055376163293 58
1738680342819 170.72778027356833 59
1738680342826 168.25868722417346 60
1738680342833 169.28070667786992 61
1738680342841 165.3880206388387 62
1738680342848 169.09995483706544 63
1738680342855 169.84782835514707 64
1738680342862 169.37712776042218 65
1738680342869 169.89062065401936 66
1738680342875 166.89770083841051 67
