1738822475593 169.31213782154168 0
1738822475616 152.4304156757495 1
1738822475631 140.94263899949576 2
1738822475654 132.88318816482834 3
1738822475668 127.02139551223635 4
1738822475685 122.58508620565598 5
1738822475698 119.08826894017287 6
1738822475713 116.22372494468672 7
1738822475727 113.7960382242961 8
1738822475744 111.67982806336794 9
1738822475759 109.79368837368753 10
1738822475783 108.08391716370232 11
1738822475798 106.51434922391488 12
1738822475814 105.05999449550293 13
1738822475830 103.70305029967052 14
1738822475846 102.43039503411298 15
1738822475863 101.23200707235752 16
1738822475878 100.09996205842226 17
1738822475895 99.02779231740611 18
1738822475921 98.01007345053267 19
1738822475939 97.04215388630534 20
1738822475960 96.11997476691201 21
1738822475977 95.23994725694345 22
1738822476003 94.39886665370538 23
1738822476019 93.59385034880621 24
1738822476031 92.82229148022118 25
1738822476043 92.08182310751047 26
1738822476056 91.37028961634071 27
1738822476080 90.6857232332448 28
1738822476104 90.02632427025083 29
1738822476120 89.39044418530716 30
1738822476133 88.77657084039366 31
1738822476154 88.18331552849018 32
1738822476177 87.60940146289079 33
1738822476205 87.05365350250328 34
1738822476228 86.51498894025276 35
1738822476247 85.99240921821092 36
1738822476278 85.48499245867853 37
1738822476303 84.99188671897176 38
1738822476319 84.51230389151915 39
1738822476338 84.04551418158661 40
1738822476359 83.59084110349136 41
1738822476387 83.14765694317133 42
1738822476413 82.71537864085204 43
1738822476443 82.29346405257691 44
1738822476466 81.8814085537186 45
1738822476484 81.47874195140365 46
1738822476506 81.08502567614948 47
1738822476524 80.69985022600261 48
1738822476538 80.32283283913308 49
1738822476553 79.95361537322319 50
1738822476580 79.5918623721246 51
1738822476598 79.23725930217503 52
1738822476644 78.8895109422871 53
1738822476678 78.54833991346979 54
1738822476709 78.21348533483723 55
1738822476747 77.8847015944119 56
1738822476766 77.56175722415826 57
1738822476783 77.24443386970091 58
1738822476801 76.93252534609623 59
1738822476813 76.62583677185252 60
1738822476827 76.32418377413885 61
1738822476841 76.02739175879242 62
1738822476854 75.73529523934108 63
1738822476867 75.44773721980252 64
1738822476883 75.16456862651519 65
1738822476897 74.88564778470021 66
1738822476919 74.61083993585511 67
1738822476943 74.34001679244284 68
1738822476969 74.07305612666677 69
1738822476995 73.80984139041851 70
1738822477033 73.5502613637524 71
1738822477053 73.29420982948257 72
1738822477068 73.04158527171677 73
1738822477083 72.7922905963392 74
1738822477096 72.54623287163315 75
1738822477111 72.30332308739659 76
1738822477129 72.0634759310502 77
1738822477154 71.82660957937046 78
1738822477173 71.59264550460055 79
1738822477190 71.36150829380144 80
1738822477210 71.13312548040358 81
1738822477234 70.90742738701077 82
1738822477280 70.68434697858812 83
1738822477337 70.46381972524075 84
1738822477354 70.24578347385666 85
1738822477379 70.03017832794893 86
1738822477402 69.81694653508744 87
1738822477422 69.60603238136108 88
1738822477444 69.39738209235762 89
1738822477465 69.19094374019024 90
1738822477485 68.98666715613766 91
1738822477505 68.78450384850022 92
1738822477520 68.58440692530547 93
1738822477536 68.38633102152629 94
1738822477553 68.19023223050065 95
1738822477595 67.99606803926679 96
1738822477627 67.8037972675492 97
1738822477653 67.61338001015157 98
1738822477676 67.42477758253098 99
1738822477697 67.23795246934502 100
1738822477714 67.05286827577844 101
1738822477734 66.86948968147124 102
1738822477748 66.68778239688196 103
1738822477762 66.50771312193315 104
1738822477776 66.3292495067962 105
1738822477809 66.15236011468336 106
1738822477830 65.97701438652406 107
1738822477847 65.80318260741102 108
1738822477863 65.63083587470999 109
1738822477881 65.45994606773392 110
1738822477900 65.29048581888947 111
1738822477926 65.12242848620944 112
1738822477943 64.95574812719146 113
1738822477965 64.7904194738674 114
1738822477997 64.62641790903389 115
1738822478025 64.46371944357846 116
1738822478044 64.30230069483994 117
1738822478057 64.14213886594622 118
1738822478071 63.98321172607531 119
1738822478090 63.82549759158995 120
1738822478104 63.66897530799826 121
1738822478119 63.51362423269652 122
1738822478136 63.35942421845268 123
1738822478153 63.20635559759137 124
1738822478173 63.054399166844235 125
1738822478195 62.903536172831025 126
1738822478215 62.75374829813907 127
1738822478234 62.605017647970946 128
1738822478250 62.457326737331535 129
1738822478266 62.31065847872756 130
1738822478285 62.16499617035428 131
1738822478301 62.020323484745305 132
1738822478323 61.87662445786298 133
1738822478346 61.733883478608135 134
1738822478369 61.592085278728874 135
1738822478398 61.45121492310969 136
1738822478430 61.31125780042272 137
1738822478453 61.17219961412442 138
1738822478485 61.034026373781394 139
1738822478522 60.89672438671037 140
1738822478545 60.76028024991803 141
1738822478568 60.62468084232698 142
1738822478594 60.48991331727496 143
1738822478617 60.35596509527544 144
1738822478638 60.222823857027585 145
1738822478663 60.090477536665134 146
1738822478681 59.95891431523338 147
1738822478722 59.8281226143848 148
1738822478743 59.69809109028366 149
1738822478795 59.568808627711014 150
1738822478844 59.44026433436138 151
1738822478878 59.31244753532347 152
1738822478904 59.18534776773699 153
1738822479013 59.05895477561855 154
1738822479054 58.933258504849675 155
1738822479085 58.80824909832052 156
1738822479112 58.68391689122291 157
1738822479137 58.560252406486796 158
1738822479159 58.437246350354805 159
1738822479185 58.31488960808895 160
1738822479206 58.19317323980497 161
1738822479227 58.072088476429045 162
1738822479247 57.95162671577233 163
1738822479269 57.831779518719 164
1738822479287 57.71253860552342 165
1738822479301 57.5938958522125 166
1738822479316 57.47584328708933 167
1738822479333 57.35837308733451 168
1738822479346 57.24147757570145 169
1738822479368 57.12514921730266 170
1738822479386 57.009380616483355 171
1738822479402 56.89416451377974 172
1738822479418 56.779493782958724 173
1738822479437 56.665361428136414 174
1738822479459 56.55176058097271 175
1738822479475 56.438684497939384 176
1738822479489 56.326126557659116 177
1738822479505 56.214080258313295 178
1738822479521 56.10253921511616 179
1738822479541 55.99149715785326 180
1738822479560 55.88094792848196 181
1738822479583 55.77088547879227 182
1738822479606 55.661303868125806 183
1738822479629 55.55219726115123 184
1738822479648 55.443559925694444 185
1738822479676 55.33538623062152 186
1738822479798 55.227670643773266 187
1738822479836 55.12040772994931 188
1738822479856 55.01359214894073 189
1738822479875 54.90721865360922 190
1738822479907 54.801282088012016 191
1738822479929 54.695777385570686 192
1738822479947 54.590699567282876 193
1738822479966 54.486043739975585 194
1738822479984 54.38180509459894 195
1738822479998 54.27797890455896 196
1738822480016 54.174560524088776 197
1738822480030 54.0715453866567 198
1738822480043 53.96892900341034 199
1738822480055 53.8667069616559 200
1738822480068 53.76487492337138 201
1738822480080 53.66342862375302 202
1738822480093 53.562363869794076 203
1738822480106 53.46167653889481 204
1738822480122 53.361362577503236 205
1738822480135 53.26141799978547 206
1738822480148 53.16183888632521 207
1738822480166 53.06262138285125 208
1738822480184 52.96376169899268 209
1738822480204 52.865256107060766 210
1738822480233 52.767100940856935 211
1738822480253 52.669292594506274 212
1738822480276 52.57182752131579 213
1738822480307 52.47470223265685 214
1738822480328 52.377913296871206 215
1738822480354 52.281457338200106 216
1738822480405 52.185331035735736 217
1738822480421 52.08953112239456 218
1738822480437 51.994054383912186 219
1738822480453 51.89889765785885 220
1738822480469 51.80405783267542 221
1738822480483 51.70953184672916 222
1738822480501 51.615316687389026 223
1738822480514 51.521409390119686 224
1738822480530 51.42780703759427 225
1738822480547 51.334506758825015 226
1738822480576 51.241505728311616 227
1738822480596 51.14880116520682 228
1738822480619 51.05639033249884 229
1738822480645 50.96427053621031 230
1738822480667 50.87243912461309 231
1738822480685 50.780893487459124 232
1738822480699 50.68963105522637 233
1738822480722 50.59864929837996 234
1738822480741 50.50794572664788 235
1738822480759 50.4175178883111 236
1738822480775 50.32736336950775 237
1738822480789 50.23747979355096 238
1738822480804 50.147864820260224 239
1738822480817 50.05851614530578 240
1738822480831 49.96943149956598 241
1738822480851 49.88060864849708 242
1738822480875 49.79204539151544 243
1738822480887 49.703739561391686 244
1738822480901 49.615689023656735 245
1738822480913 49.527891676019216 246
1738822480926 49.4403454477943 247
1738822480940 49.35304829934343 248
1738822480953 49.26599822152497 249
1738822480966 49.17919323515537 250
1738822480979 49.09263139048072 251
1738822480993 49.00631076665837 252
1738822481007 48.92022947124857 253
1738822481020 48.83438563971567 254
1738822481043 48.748777434939086 255
1738822481060 48.66340304673327 256
1738822481079 48.57826069137709 257
1738822481095 48.4933486111519 258
1738822481117 48.40866507388859 259
1738822481143 48.32420837252301 260
1738822481160 48.239976824659834 261
1738822481177 48.155968772144846 262
1738822481195 48.07218258064493 263
1738822481220 47.988616639236255 264
1738822481240 47.90526936000001 265
1738822481259 47.82213917762587 266
1738822481286 47.73922454902268 267
1738822481306 47.656523952936595 268
1738822481336 47.57403588957627 269
1738822481368 47.491758880245044 270
1738822481391 47.40969146697991 271
1738822481418 47.32783221219732 272
1738822481456 47.24617969834543 273
1738822481506 47.164732527562855 274
1738822481519 47.08348932134374 275
1738822481536 47.002448720209 276
1738822481554 46.921609383383625 277
1738822481571 46.84096998847991 278
1738822481589 46.76052923118662 279
1738822481605 46.68028582496367 280
1738822481616 46.60023850074265 281
1738822481627 46.5203860066326 282
1738822481641 46.440727107631396 283
1738822481663 46.36126058534221 284
1738822481683 46.28198523769528 285
1738822481706 46.202899878674735 286
1738822481728 46.12400333805034 287
1738822481752 46.04529446111416 288
1738822481774 45.966772108422 289
1738822481803 45.88843515553956 290
1738822481823 45.81028249279316 291
1738822481842 45.732313025024965 292
1738822481862 45.654525671352694 293
1738822481879 45.57691936493359 294
1738822481896 45.4994930527327 295
1738822481912 45.422245695295345 296
1738822481926 45.34517626652363 297
1738822481943 45.26828375345697 298
1738822481956 45.19156715605662 299
1738822481974 45.11502548699401 300
1738822481989 45.03865777144286 301
1738822482003 44.962463046875115 302
1738822482020 44.886440362860334 303
1738822482041 44.8105887808689 304
1738822482058 44.73490737407851 305
1738822482076 44.65939522718424 306
1738822482096 44.58405143621203 307
1738822482111 44.50887510833526 308
1738822482127 44.43386536169486 309
1738822482151 44.3590213252224 310
1738822482180 44.28434213846645 311
1738822482217 44.209826951421846 312
1738822482243 44.135474924362185 313
1738822482278 44.06128522767505 314
1738822482306 43.987257041700325 315
1738822482336 43.913389556571225 316
1738822482359 43.83968197205821 317
1738822482387 43.76613349741555 318
1738822482406 43.692743351230675 319
1738822482427 43.61951076127607 320
1738822482447 43.54643496436386 321
1738822482466 43.47351520620285 322
1738822482481 43.40075074125807 323
1738822482501 43.32814083261285 324
1738822482519 43.25568475183319 325
1738822482537 43.18338177883458 326
1738822482556 43.11123120175099 327
1738822482596 43.03923231680639 328
1738822482617 42.96738442818822 329
1738822482633 42.89568684792319 330
1738822482651 42.82413889575523 331
1738822482720 42.75273989902556 332
1738822482757 42.681489192554686 333
1738822482795 42.61038611852667 334
1738822482845 42.539430026375136 335
1738822482859 42.46862027267145 336
1738822482872 42.3979562210147 337
1738822482886 42.32743724192357 338
1738822482902 42.257062712730146 339
1738822482926 42.18683201747539 340
1738822482943 42.116744546806586 341
1738822482960 42.04679969787641 342
1738822482994 41.976996874243696 343
1738822483009 41.90733548577605 344
1738822483030 41.83781494855396 345
1738822483052 41.76843468477659 346
1738822483069 41.69919412266921 347
1738822483088 41.63009269639215 348
1738822483105 41.56112984595128 349
1738822483127 41.49230501711012 350
1738822483148 41.42361766130322 351
1738822483166 41.35506723555123 352
1738822483180 41.28665320237727 353
1738822483194 41.21837502972473 354
1738822483211 41.150232190876444 355
1738822483225 41.082224164375276 356
1738822483237 41.014350433945964 357
1738822483254 40.94661048841833 358
1738822483268 40.879003821651736 359
1738822483288 40.81152993246083 360
1738822483311 40.74418832454249 361
1738822483328 40.67697850640406 362
1738822483349 40.60989999129273 363
1738822483386 40.542952297126035 364
1738822483405 40.47613494642363 365
1738822483420 40.40944746624016 366
1738822483433 40.342889388099124 367
1738822483447 40.27646024792802 368
1738822483460 40.21015958599442 369
1738822483475 40.143986946843164 370
1738822483489 40.077941879234594 371
1738822483504 40.01202393608373 372
1738822483518 39.94623267440059 373
1738822483537 39.88056765523131 374
1738822483560 39.815028443600404 375
1738822483581 39.74961460845382 376
1738822483600 39.68432572260308 377
1738822483620 39.619161362670155 378
1738822483637 39.55412110903342 379
1738822483654 39.489204545774335 380
1738822483667 39.424411260625135 381
1738822483684 39.35974084491723 382
1738822483700 39.29519289353058 383
1738822483715 39.23076700484376 384
1738822483729 39.16646278068497 385
1738822483750 39.102279826283706 386
1738822483763 39.03821775022329 387
1738822483777 38.974276164394176 388
1738822483796 38.910454683947954 389
1738822483811 38.84675292725213 390
1738822483827 38.783170515845626 391
1738822483843 38.71970707439499 392
1738822483859 38.656362230651304 393
1738822483877 38.593135615407846 394
1738822483893 38.53002686245827 395
1738822483912 38.46703560855567 396
1738822483930 38.40416149337211 397
1738822483956 38.34140415945888 398
1738822483978 38.27876325220745 399
1738822483992 38.21623841981086 400
1738822484011 38.15382931322591 401
1738822484029 38.09153558613592 402
1738822484055 38.029356894913874 403
1738822484075 37.967292898586486 404
1738822484090 37.90534325879854 405
1738822484108 37.84350763977796 406
1738822484127 37.78178570830136 407
1738822484145 37.72017713366018 408
1738822484160 37.65868158762725 409
1738822484175 37.597298744424045 410
1738822484188 37.53602828068831 411
1738822484202 37.47486987544229 412
1738822484217 37.41382321006133 413
1738822484233 37.35288796824315 414
1738822484250 37.292063835977444 415
1738822484265 37.231350501515955 416
1738822484279 37.17074765534316 417
1738822484296 37.110254990147254 418
1738822484320 37.04987220079161 419
1738822484336 36.98959898428685 420
1738822484355 36.92943503976301 421
1738822484379 36.86938006844251 422
1738822484399 36.809433773613286 423
1738822484419 36.74959586060244 424
1738822484436 36.689866036750225 425
1738822484454 36.63024401138456 426
1738822484472 36.57072949579577 427
1738822484496 36.51132220321182 428
1738822484517 36.452021848773946 429
1738822484536 36.39282814951253 430
1738822484564 36.3337408243235 431
1738822484587 36.274759593945 432
1738822484602 36.215884180934374 433
1738822484620 36.15711430964562 434
1738822484636 36.09844970620712 435
1738822484656 36.039890098499654 436
1738822484676 35.98143521613486 437
1738822484715 35.92308479043395 438
1738822484732 35.864838554406695 439
1738822484753 35.80669624273089 440
1738822484775 35.74865759173195 441
1738822484791 35.69072233936291 442
1738822484806 35.6328902251847 443
1738822484820 35.57516099034675 444
1738822484834 35.517534377567834 445
1738822484848 35.46001013111717 446
1738822484862 35.40258799679593 447
1738822484876 35.345267721918916 448
1738822484895 35.28804905529651 449
1738822484908 35.23093174721697 450
1738822484924 35.17391554942892 451
1738822484938 35.117000215124094 452
1738822484955 35.0601854989204 453
1738822484968 35.003471156845166 454
1738822484984 34.94685694631869 455
1738822484998 34.89034262613794 456
1738822485011 34.83392795646063 457
1738822485029 34.77761269878942 458
1738822485043 34.72139661595637 459
1738822485064 34.66527947210769 460
1738822485076 34.60926103268858 461
1738822485089 34.553341064428416 462
1738822485103 34.49751933532611 463
1738822485116 34.44179561463566 464
1738822485137 34.38616967285192 465
1738822485148 34.33064128169661 466
1738822485163 34.275210214104476 467
1738822485182 34.219876244209686 468
1738822485198 34.16463914733242 469
1738822485219 34.109498699965634 470
1738822485235 34.05445467976204 471
1738822485252 33.99950686552124 472
1738822485269 33.944655037177085 473
1738822485284 33.88989897578517 474
1738822485302 33.83523846351057 475
1738822485321 33.78067328361567 476
1738822485338 33.72620322044824 477
1738822485356 33.671828059429664 478
1738822485379 33.61754758704327 479
1738822485396 33.56336159082294 480
1738822485420 33.509269859341785 481
1738822485439 33.455272182201035 482
1738822485454 33.40136835001905 483
1738822485472 33.34755815442054 484
1738822485489 33.29384138802583 485
1738822485510 33.240217844440465 486
1738822485526 33.1866873182447 487
1738822485543 33.133249604983384 488
1738822485558 33.07990450115585 489
1738822485570 33.026651804205976 490
1738822485588 32.97349131251238 491
1738822485601 32.92042282537878 492
1738822485622 32.86744614302444 493
1738822485636 32.814561066574804 494
1738822485654 32.761767398052214 495
1738822485699 32.70906494036677 496
1738822485739 32.65645349730735 497
1738822485758 32.603932873532685 498
1738822485771 32.55150287456262 499
