1738679816120 169.08493684095774 0
1738679816140 169.0808449886408 1
1738679816156 169.07663966557936 2
1738679816171 169.07234485604985 3
1738679816186 169.06798231114755 4
1738679816207 169.06357165232336 5
1738679816225 169.05913048928068 6
1738679816243 169.05467454636093 7
1738679816258 169.0502177929059 8
1738679816274 169.0457725741691 9
1738679816292 169.0413497402199 10
1738679816334 169.0369587709754 11
1738679816366 169.0326078960429 12
1738679816381 169.0283042084875 13
1738679816404 169.0240537719752 14
1738679816422 169.01986172100135 15
1738679816436 169.0157323541142 16
1738679816451 169.01166922019172 17
1738679816463 169.00767519794047 18
1738679816476 169.00375256886443 19
1738679816489 168.9999030840056 20
1738679816501 168.99612802479464 21
1738679816515 168.9924282583685 22
1738679816534 168.98880428772162 23
