1738680917714 166.27361908850293 0
1738680917720 169.48962566730847 1
1738680917727 168.44758654652 2
1738680917734 168.12856231889015 3
1738680917741 168.39518603326434 4
1738680917747 168.41152068995692 5
1738680917753 169.19997013080874 6
1738680917760 167.5553031450345 7
1738680917766 169.51809265833614 8
1738680917772 166.50345656103926 9
1738680917778 171.02605955726997 10
1738680917785 168.0817080740598 11
1738680917791 167.2190268991008 12
1738680917797 170.74553625031936 13
1738680917803 170.05782404786746 14
1738680917810 168.8116905282736 15
1738680917816 169.39337246069033 16
1738680917822 169.59714318662466 17
1738680917829 170.80997254701356 18
1738680917835 170.26147605677315 19
1738680917841 170.9700285131069 20
1738680917847 166.4924989232231 21
1738680917854 167.1733883911214 22
1738680917860 168.65852126250337 23
1738680917866 166.57854371913874 24
1738680917872 167.25176700531085 25
1738680917879 169.875707871915 26
1738680917885 169.74256477950902 27
1738680917892 169.4933010745232 28
1738680917899 168.65683855181217 29
1738680917907 165.66898368687157 30
1738680917914 168.06514872430074 31
1738680917922 171.4015559949624 32
1738680917929 168.45716600472701 33
1738680917937 170.41906047566457 34
1738680917944 169.2606854527161 35
1738680917950 167.20958442615492 36
1738680917957 169.58205291323904 37
1738680917965 168.376938371869 38
1738680917972 171.4156396738866 39
1738680917980 170.87607045992928 40
1738680917987 170.21373442915103 41
1738680917994 168.47237675964467 42
1738680918000 168.7695497756405 43
1738680918007 169.8612221729411 44
1738680918013 170.04959575656238 45
1738680918020 168.51385403371893 46
1738680918027 169.7098495074727 47
1738680918034 170.6298544718707 48
1738680918041 170.06145873176166 49
1738680918047 169.61658453763556 50
1738680918054 166.6327611967649 51
1738680918060 168.1699131437913 52
1738680918067 169.88048489663433 53
1738680918073 168.18673418780878 54
1738680918079 166.10856165905224 55
1738680918086 169.130194890327 56
1738680918094 166.95442032900246 57
1738680918101 170.26301009655384 58
1738680918109 168.85969540002137 59
1738680918116 165.27804731415037 60
1738680918123 167.6389491253863 61
1738680918130 170.09834733834444 62
1738680918137 167.8316841603781 63
1738680918143 166.5985567874152 64
1738680918150 168.17679251659115 65
1738680918157 169.30112333554342 66
1738680918165 169.96377846767174 67
1738680918172 167.7966754244615 68
1738680918179 167.22992392774532 69
1738680918187 168.96172909567656 70
1738680918194 166.1998000394041 71
1738680918202 171.40963818546652 72
1738680918209 167.60820914098684 73
1738680918216 168.09848139420706 74
1738680918223 170.28961532459928 75
1738680918230 168.49786049795256 76
1738680918236 167.62590681093937 77
