1738824782798 155.1037388228069 0
1738824782836 149.70958889201003 1
1738824782874 145.15199451157093 2
1738824782912 168.68387175947075 3
1738824782950 138.20550205523412 4
1738824782987 139.74564091468224 5
1738824783025 112.24840195794062 6
1738824783065 177.20195229548725 7
1738824783103 197.18047907356444 8
1738824783140 224.25765700540126 9
1738824783179 92.43291828608696 10
1738824783219 223.3301565816162 11
1738824783258 224.27869555112562 12
1738824783296 165.25734708256303 13
1738824783334 233.40564271761343 14
1738824783372 128.41188916570258 15
1738824783410 165.0855307922498 16
1738824783448 176.42824423918304 17
1738824783486 181.08558417354288 18
1738824783523 179.75843687460633 19
1738824783560 186.55240992990016 20
1738824783598 189.53900830461262 21
1738824783637 136.5612494002573 22
1738824783673 216.60279595723583 23
1738824783710 174.06602375395676 24
1738824783746 183.43325959338748 25
1738824783783 149.84778190934534 26
1738824783821 220.09883311451742 27
1738824783859 158.15725853615848 28
1738824783896 208.23125593282293 29
1738824783933 116.5656524745206 30
1738824783971 166.46132045991794 31
1738824784009 244.67259609257636 32
1738824784047 188.34451673745926 33
1738824784084 173.47675326327703 34
1738824784121 162.7374169595165 35
1738824784158 177.9598542168041 36
1738824784195 168.11194067502416 37
1738824784232 197.49949201945668 38
1738824784268 160.8356175258004 39
1738824784304 209.834903866109 40
1738824784342 170.4821045757927 41
1738824784379 185.55025973048765 42
1738824784416 244.64563705255904 43
1738824784453 160.1512422162213 44
1738824784491 166.1725324416612 45
1738824784528 220.8418380693817 46
1738824784565 173.30457122380534 47
1738824784603 278.736514610787 48
1738824784640 189.0954909012149 49
1738824784678 132.68004364451585 50
1738824784717 183.1592224353511 51
1738824784755 133.08175675317395 52
1738824784794 212.89399872839897 53
1738824784832 142.68454117668438 54
1738824784871 164.18071359210944 55
1738824784909 288.68758288148786 56
1738824784948 181.5453661813229 57
1738824784986 137.1105043321159 58
1738824785025 193.4088059111405 59
1738824785063 95.34586349917153 60
1738824785102 209.62100020026824 61
1738824785141 160.5704399098702 62
1738824785179 160.65574344151108 63
1738824785218 217.0431278763226 64
1738824785256 168.8067057512298 65
1738824785295 151.0538073474417 66
1738824785333 107.21008210610277 67
1738824785372 149.15648753097642 68
1738824785411 150.53542742020363 69
1738824785449 170.04760367856863 70
1738824785488 226.33478179858656 71
1738824785526 133.997328538056 72
1738824785565 133.51633974854872 73
1738824785604 160.2060782237388 74
1738824785642 184.45927928634865 75
1738824785679 152.7278490753518 76
1738824785716 162.76260799253254 77
1738824785753 195.5777852099402 78
1738824785791 169.44614596488557 79
1738824785829 218.62469422315323 80
1738824785866 201.45666243467596 81
1738824785904 155.2532481590972 82
1738824785942 131.53668688562578 83
1738824785979 183.39120863690323 84
1738824786017 178.84644610621586 85
1738824786054 175.95447027950513 86
1738824786091 136.68825101636767 87
1738824786129 164.76606493724395 88
1738824786167 142.82715516616403 89
1738824786205 137.43479438537076 90
1738824786242 110.2513952794654 91
1738824786280 181.55247335954363 92
1738824786318 177.37742969716996 93
1738824786355 172.7111877162968 94
1738824786392 160.37769936571473 95
1738824786430 138.2948289054351 96
1738824786467 175.8287714712463 97
1738824786504 186.32750040683004 98
1738824786542 134.36465092543338 99
1738824786580 183.84472202092684 100
1738824786617 148.733725899762 101
1738824786655 173.79561018298074 102
1738824786692 181.80706895920576 103
1738824786730 181.72492923180056 104
1738824786767 185.7319243254242 105
1738824786805 95.82137698330965 106
1738824786843 155.1225901370053 107
1738824786881 150.5641104666341 108
1738824786920 151.226436402417 109
1738824786957 177.0102186786974 110
1738824786995 105.1883516456611 111
1738824787032 233.9293867245347 112
1738824787070 236.52306776503215 113
1738824787107 175.33485604040524 114
1738824787146 141.07314799564364 115
1738824787184 103.88549292791956 116
1738824787224 165.84648884910743 117
1738824787262 169.58583353542053 118
1738824787301 190.95693920107897 119
1738824787340 180.1686717261087 120
1738824787379 165.16624197555475 121
1738824787416 158.43098812983098 122
1738824787454 93.16034406539434 123
1738824787492 221.69644855127078 124
1738824787529 125.20113524790472 125
1738824787567 190.68998320686646 126
1738824787605 179.05802873498752 127
1738824787644 162.62929224016062 128
1738824787682 168.31731951306747 129
1738824787721 160.07295416570676 130
1738824787759 133.54834585054937 131
1738824787797 125.89358478573484 132
1738824787835 242.68544320292398 133
1738824787872 185.8639708716223 134
1738824787910 254.0077413092042 135
1738824787948 320.3194619872597 136
1738824787985 178.12615790030296 137
1738824788023 149.615516000934 138
1738824788061 197.61974569328683 139
1738824788098 166.741533067558 140
1738824788134 125.05486266192727 141
1738824788171 148.77414092956624 142
1738824788208 251.83751718505152 143
1738824788245 156.3936519466301 144
1738824788282 189.76252300721532 145
1738824788321 167.49128707134417 146
1738824788360 163.03964583185726 147
1738824788398 174.46135744690852 148
1738824788435 169.50702174274744 149
1738824788472 187.3695240803557 150
1738824788511 190.7940139783898 151
1738824788548 181.51137107657266 152
1738824788586 155.11585785495973 153
1738824788624 180.1860178606828 154
1738824788662 229.97368938723525 155
1738824788698 200.79106793333654 156
1738824788736 188.61616025990924 157
1738824788773 190.39310022652657 158
1738824788812 146.51121868138674 159
1738824788849 157.6108982830845 160
1738824788888 160.64873411758967 161
1738824788925 168.377458112588 162
1738824788963 159.25220403385535 163
1738824789002 215.3506033743683 164
1738824789041 167.6863979322425 165
1738824789079 175.6555080640708 166
1738824789117 173.61144580039223 167
1738824789154 138.78370936446538 168
1738824789192 81.75755249353914 169
1738824789229 197.3435599692643 170
1738824789266 179.07402922042834 171
1738824789303 136.82204706266822 172
1738824789341 202.10963626390898 173
1738824789378 98.70983751968711 174
1738824789416 160.0349747954782 175
1738824789453 165.276809706832 176
1738824789490 171.20756942373157 177
1738824789527 160.66588966281967 178
1738824789565 110.46647621380728 179
1738824789602 179.51446574204172 180
1738824789640 165.77095716998875 181
1738824789677 239.93564440666805 182
1738824789714 172.46313962027426 183
1738824789751 186.80909565876982 184
1738824789789 154.6575146562281 185
1738824789827 219.98833452415968 186
1738824789865 202.83959976347404 187
1738824789902 155.7252158072281 188
1738824789941 179.71550842481142 189
1738824789978 163.81408049082793 190
1738824790029 174.23432207319644 191
1738824790069 182.04716846886524 192
1738824790107 225.45836408285666 193
1738824790144 183.35112795284527 194
1738824790183 143.95316124233787 195
1738824790219 209.52147328180152 196
1738824790258 184.88811735012268 197
1738824790297 141.52878872688154 198
1738824790337 163.01390912469725 199
1738824790379 187.9409726674666 200
1738824790418 382.07329953511857 201
1738824790462 159.0516707654162 202
1738824790502 187.592480116116 203
1738824790541 163.6246449948706 204
1738824790579 173.30310880472476 205
1738824790617 184.28040114255947 206
1738824790654 227.70542098217032 207
1738824790692 99.20151027676579 208
1738824790730 288.12739047514066 209
1738824790767 182.06270151626853 210
1738824790805 141.65148250199627 211
1738824790843 182.36776335662924 212
1738824790881 183.23403096245232 213
1738824790919 72.48856059786846 214
1738824790956 192.9982068649024 215
1738824790993 171.348657147517 216
1738824791032 296.6674585035545 217
1738824791070 166.62323732874682 218
1738824791108 176.66003511631084 219
1738824791146 138.79628423319235 220
1738824791184 160.68623277421443 221
1738824791222 189.56756380644583 222
1738824791258 223.93543320425647 223
1738824791296 198.5723405976804 224
1738824791334 129.24475484822813 225
1738824791372 246.86741582830675 226
1738824791410 189.23230964601447 227
1738824791447 186.3477646176896 228
1738824791485 179.93289591758145 229
1738824791524 190.26067132453562 230
1738824791563 90.79147876792788 231
1738824791600 155.5756432914637 232
1738824791638 181.15834878215878 233
1738824791675 163.24208331638934 234
1738824791712 160.5242514390001 235
1738824791760 85.80386822765945 236
1738824791802 78.44283101109284 237
1738824791842 188.77498026656718 238
1738824791880 186.574350407555 239
1738824791918 159.6910397902878 240
1738824791956 104.22052795232514 241
1738824791994 148.47350357019818 242
1738824792032 153.55377250343355 243
1738824792069 112.12635599289275 244
1738824792107 175.18524395540413 245
1738824792145 51.44051742777018 246
1738824792182 198.06924560853744 247
1738824792220 216.30306768043036 248
1738824792257 162.58198491662134 249
1738824792296 135.68461538379535 250
1738824792334 167.01122582081277 251
1738824792371 166.45018402335302 252
1738824792409 168.1036418761597 253
1738824792447 156.93419993729643 254
1738824792491 168.70924911049204 255
1738824792531 179.80820318800141 256
1738824792569 137.59917873401648 257
1738824792607 293.4931541954528 258
1738824792655 155.1764240859836 259
1738824792699 186.3746249698799 260
1738824792739 250.31975279423077 261
1738824792778 130.7027244243465 262
1738824792817 156.1497995801123 263
1738824792855 174.67693339646374 264
1738824792893 129.34539719832804 265
1738824792932 138.25206057759226 266
1738824792970 110.3858654081001 267
1738824793008 162.64777899750845 268
1738824793046 116.43389424349367 269
1738824793083 168.79241039434538 270
1738824793121 164.19471615848084 271
1738824793158 146.83110274515346 272
1738824793198 205.4146334266102 273
1738824793237 154.67326752048447 274
1738824793275 192.86419457636438 275
1738824793312 206.27080308474805 276
1738824793350 171.15529387724337 277
1738824793387 144.10117832908608 278
1738824793426 182.47576479303768 279
1738824793472 131.39993580862497 280
1738824793512 203.54852705549928 281
1738824793551 149.52499064131723 282
1738824793591 165.96822678795894 283
1738824793629 249.51406869065246 284
1738824793667 146.76650023770503 285
1738824793708 198.4632968260642 286
1738824793746 165.96322581874657 287
1738824793783 148.8740326245672 288
1738824793836 176.80279356020955 289
1738824793876 191.9850441351751 290
1738824793914 204.9278595822196 291
1738824793952 210.59425694819575 292
1738824793990 117.31318303162728 293
1738824794029 229.45963841253845 294
1738824794071 196.42048967706634 295
1738824794110 163.10623207106497 296
1738824794150 170.13388448493146 297
1738824794189 52.930770156781314 298
1738824794227 162.5612849363524 299
1738824794265 121.5822762983953 300
1738824794303 175.9457932872612 301
1738824794340 180.03381236784975 302
1738824794378 164.41223479013348 303
1738824794415 185.93829927006215 304
1738824794460 191.53677270726402 305
1738824794502 286.9340495357335 306
1738824794541 183.28854729291922 307
1738824794579 191.28316676009206 308
1738824794618 124.11995297518399 309
1738824794655 193.93831486068885 310
1738824794693 171.08709420713635 311
1738824794730 195.83232289465673 312
1738824794768 180.7992661351591 313
1738824794805 184.75245588394407 314
1738824794845 140.2069019980878 315
1738824794883 166.91159269348952 316
1738824794921 212.97925351874005 317
1738824794959 182.3589887205766 318
1738824794997 139.95288186161457 319
1738824795035 243.11287935829566 320
1738824795074 127.61056470378996 321
1738824795112 130.50790754645828 322
1738824795151 202.78357590917437 323
1738824795189 257.8462242800286 324
1738824795228 127.78660758877609 325
1738824795266 166.30575982430133 326
1738824795345 174.10986175296046 327
1738824795385 163.23932544719435 328
1738824795426 175.828862856458 329
1738824795467 223.4711723526922 330
1738824795506 117.41914085702628 331
1738824795544 62.18120723826415 332
1738824795582 183.5184568962625 333
1738824795619 124.38970128972375 334
1738824795657 178.79009196068924 335
1738824795696 147.1722703053355 336
1738824795735 45.65097967455046 337
1738824795774 111.22832660200805 338
1738824795812 177.21981496623633 339
1738824795850 159.15322500188032 340
1738824795889 164.24242796925333 341
1738824795927 187.19099405359898 342
1738824795965 167.64060574247918 343
1738824796002 135.94226645432983 344
1738824796041 74.37171010354781 345
1738824796078 196.15559994169246 346
1738824796116 106.92758233116348 347
1738824796154 234.98245758033457 348
1738824796191 139.91029490655734 349
1738824796229 121.1257487567064 350
1738824796269 194.1154739345062 351
1738824796307 150.44108731695795 352
1738824796346 155.41957999534085 353
1738824796384 125.38552653613677 354
1738824796422 168.35185734599307 355
1738824796460 170.12423950580362 356
1738824796499 184.51144748426327 357
1738824796537 158.21296366464972 358
1738824796575 197.76464790658872 359
1738824796613 142.6746216717904 360
1738824796651 72.37039796382228 361
1738824796689 182.63550550129858 362
1738824796727 152.64679054577908 363
1738824796765 144.99719568694755 364
1738824796803 211.26800746460574 365
1738824796840 128.8828285060901 366
1738824796878 195.11828671588975 367
1738824796916 182.4530003391023 368
1738824796955 172.84195182239736 369
1738824796993 273.59108638464323 370
1738824797031 117.79083202937235 371
1738824797069 141.9372787229571 372
1738824797107 176.56657558458178 373
1738824797144 182.86663048450816 374
1738824797182 236.57927795639378 375
1738824797220 154.05223210619883 376
1738824797258 171.81720673004438 377
1738824797296 197.05308560781708 378
1738824797334 80.96624797655429 379
1738824797372 138.19032812888213 380
1738824797410 174.20329089838512 381
1738824797448 144.5462292720989 382
1738824797487 158.75517974950412 383
1738824797525 138.30985271569742 384
1738824797563 122.0346179851131 385
1738824797601 156.01747920764208 386
1738824797640 168.95636967695597 387
1738824797679 95.80111329219234 388
1738824797717 183.52515933589737 389
1738824797757 200.1773086894475 390
1738824797796 187.241138951575 391
1738824797834 175.10341822641462 392
1738824797872 335.0826605794895 393
1738824797910 166.4220125872863 394
1738824797948 175.3275402847382 395
1738824797986 143.099091279616 396
1738824798024 140.922335966653 397
1738824798062 273.41927216576227 398
1738824798099 166.8046478596524 399
1738824798137 185.06142892690008 400
1738824798174 236.9188899562212 401
1738824798212 163.20179567302273 402
1738824798252 154.5380713594302 403
1738824798291 200.73471511466227 404
1738824798330 113.75298056533775 405
1738824798368 178.34705060139856 406
1738824798406 276.5473058496257 407
1738824798443 194.24816873469877 408
1738824798481 155.99535429758538 409
1738824798519 151.3141096637541 410
1738824798557 189.19798470920807 411
1738824798595 196.93955312066723 412
1738824798634 262.08823715539984 413
1738824798671 194.60483805359553 414
1738824798709 130.64510608606773 415
1738824798748 119.03013473113973 416
1738824798786 166.61810875181536 417
1738824798824 198.8824508239564 418
1738824798862 202.4013772434873 419
1738824798899 181.41204786334444 420
1738824798937 161.87932116829862 421
1738824798975 196.32499442751697 422
1738824799013 133.6482196705232 423
1738824799051 184.37939123948703 424
1738824799088 149.258244138418 425
1738824799126 156.6304707195908 426
1738824799164 160.35396840123286 427
1738824799202 152.46392023643202 428
1738824799240 165.76610655432233 429
1738824799277 287.8754700163266 430
1738824799315 165.41527641280126 431
1738824799353 153.75592211163766 432
1738824799393 166.04629650803108 433
1738824799432 292.8206992352279 434
1738824799471 174.42273665269502 435
1738824799509 170.90457122752613 436
1738824799547 169.016577222623 437
1738824799585 158.33414861544878 438
1738824799623 165.82406376778633 439
1738824799661 173.22835068009073 440
1738824799698 134.04357135725314 441
1738824799736 167.93088079390134 442
1738824799775 120.32306194997962 443
1738824799814 181.94114287691437 444
1738824799852 136.52831327535034 445
1738824799890 172.01581598927828 446
1738824799928 166.17048983723157 447
1738824799965 199.76677447130916 448
1738824800004 207.22812890537807 449
1738824800041 163.04330237838744 450
1738824800079 177.96877871175698 451
1738824800116 197.85757694189536 452
1738824800154 161.97018015990656 453
1738824800192 167.05656514751706 454
1738824800229 163.15073221887693 455
1738824800267 169.6498341592876 456
1738824800304 198.07623903934737 457
1738824800341 277.19240739788114 458
1738824800379 178.12277534432928 459
1738824800416 189.3419269127803 460
1738824800458 170.54829620783792 461
1738824800497 292.14879693996437 462
1738824800536 101.8447566820804 463
1738824800575 163.64818118190146 464
1738824800613 150.6089571354751 465
1738824800652 161.69909316338126 466
1738824800691 196.27830951464549 467
1738824800730 159.32755810937562 468
1738824800769 143.1001020061221 469
1738824800808 155.67176947471467 470
1738824800847 188.43133281773785 471
1738824800886 230.56668775419135 472
1738824800924 231.91901721602005 473
1738824800963 190.85751017290727 474
1738824801002 114.92181452082289 475
1738824801040 81.7845690495909 476
1738824801079 76.76338143167983 477
1738824801117 170.8712739398171 478
1738824801155 154.9841407840467 479
1738824801194 252.30183272807855 480
1738824801233 135.9024777513344 481
1738824801271 151.48314009238862 482
1738824801310 144.37755916106067 483
1738824801349 151.09564228246646 484
1738824801388 159.43207789785222 485
1738824801425 128.58688648739144 486
1738824801466 135.65664764767766 487
1738824801505 139.11251390673866 488
1738824801543 174.8351588620178 489
1738824801582 162.77646536581477 490
1738824801619 135.65259363154829 491
1738824801656 208.08720536091235 492
1738824801694 112.0873673001477 493
1738824801732 183.4825086687527 494
1738824801770 163.719845145829 495
1738824801808 137.0794767248176 496
1738824801846 147.15862533957855 497
1738824801884 183.3080717364839 498
1738824801922 127.51895368026632 499
