1738825793107 175.69779037682432 0
1738825793114 170.5469245911029 1
1738825793121 168.74991861399909 2
1738825793128 169.39245571388605 3
1738825793135 168.46531563577264 4
1738825793142 171.97574075538748 5
1738825793149 171.0525851177321 6
1738825793157 170.29689685536604 7
1738825793164 170.77570821410674 8
1738825793170 170.0171078172057 9
1738825793178 169.47940991268 10
1738825793185 167.95871133451175 11
1738825793192 169.7948844091817 12
1738825793198 168.85190504172184 13
1738825793205 168.8931987256749 14
1738825793212 171.52799852416766 15
1738825793218 170.06327571733777 16
