1738826072307 167.4666856668505 0
1738826072315 171.77111965140125 1
1738826072323 172.8063073197249 2
1738826072331 172.65520270006627 3
1738826072338 168.08664184590108 4
1738826072345 171.1875397683735 5
1738826072352 169.6189110343293 6
1738826072359 168.5868935871184 7
1738826072366 167.65060150439066 8
1738826072373 168.88211086719605 9
1738826072380 168.04186234961236 10
1738826072387 168.0505416190245 11
1738826072396 168.24099430469755 12
1738826072403 170.02817008123154 13
1738826072411 169.0464000919772 14
1738826072418 170.3401555236288 15
1738826072425 171.18507914015507 16
1738826072432 168.57070984690202 17
1738826072439 169.80174715556305 18
1738826072446 166.7153282684037 19
1738826072453 169.29166619519177 20
1738826072460 167.93013117218752 21
1738826072467 168.86957901628128 22
1738826072474 166.37486638364257 23
1738826072481 167.00579816931722 24
1738826072489 168.2988780661042 25
1738826072497 168.7567958549413 26
1738826072503 168.88205006893358 27
1738826072511 167.77250074162356 28
1738826072519 165.65615669544906 29
1738826072526 166.94901400717882 30
1738826072534 169.29451887831252 31
1738826072542 169.3042693955093 32
1738826072549 170.79980744157055 33
1738826072556 170.37063530779906 34
1738826072564 167.12880113835104 35
1738826072572 169.0018319349048 36
1738826072579 171.14011894443505 37
1738826072587 169.32851661279545 38
1738826072595 166.9581799863546 39
1738826072603 166.1167013534912 40
1738826072610 169.92765186706885 41
1738826072617 167.9102418675002 42
1738826072624 171.74528040099133 43
1738826072630 169.9578812903491 44
1738826072637 168.53001689954667 45
1738826072644 169.73876991063497 46
1738826072651 168.6551096901 47
1738826072658 168.27758740170327 48
1738826072664 169.6021923236867 49
1738826072671 168.40052057813082 50
1738826072678 168.76900093538418 51
1738826072685 169.04094918756795 52
1738826072692 166.55736485351372 53
1738826072698 170.47120271066962 54
1738826072705 167.35719799212785 55
1738826072712 170.46419068517758 56
1738826072719 170.30588646396274 57
1738826072726 168.13201871204927 58
1738826072733 170.41094032389665 59
1738826072740 167.83476386758812 60
