1738823248253 169.4806387665546 0
1738823248272 167.69580060663614 1
1738823248290 164.48505501880035 2
1738823248305 160.1695296101851 3
1738823248324 155.08815295157316 4
1738823248340 149.5708231379624 5
1738823248355 143.91736657901282 6
1738823248369 138.3826337022754 7
1738823248385 133.16758822795967 8
1738823248403 128.41585866196064 9
1738823248419 124.21494270153113 10
1738823248449 120.60108612077624 11
1738823248481 117.56678873544388 12
1738823248514 115.06990716367856 13
1738823248554 113.04340983616814 14
1738823248593 111.40497508266506 15
1738823248611 110.06578925604353 16
1738823248629 108.93808128829451 17
1738823248648 107.94110771815838 18
1738823248668 107.00546598554834 19
1738823248688 106.07575482131355 20
1738823248707 105.11171331021481 21
1738823248724 104.08805214883795 22
1738823248740 102.99324187789685 23
1738823248760 101.82754569044806 24
1738823248781 100.60058262281275 25
1738823248801 99.32868534459814 26
1738823248818 98.03228067240045 27
1738823248836 96.7334756441164 28
1738823248845 95.45398244918024 29
1738823248860 94.213466014554 30
1738823248873 93.02835207498893 31
1738823248885 91.91109367680805 32
1738823248893 90.86986192748073 33
1738823248903 89.90860319967993 34
1738823248920 89.02738996809357 35
1738823248955 88.22298542853514 36
1738823248978 87.48954199563606 37
1738823249001 86.81935937531715 38
1738823249026 86.20363769234231 39
1738823249045 85.63317363714253 40
1738823249069 85.09896138734204 41
1738823249088 84.59267393809813 42
1738823249105 84.107013447146 43
1738823249130 83.63593052367398 44
1738823249154 83.17472158008181 45
1738823249177 82.72002017972514 46
1738823249197 82.26970272261103 47
1738823249218 81.82273096018896 48
1738823249239 81.3789539967581 49
1738823249264 80.9388909824173 50
1738823249285 80.50351303959403 51
1738823249310 80.07403950825336 52
1738823249327 79.65175973702947 53
1738823249343 79.23788773546136 54
1738823249357 78.8334533210108 55
1738823249372 78.43923015811895 56
1738823249385 78.05569843777259 57
1738823249403 77.6830379591145 58
1738823249419 77.32114606318292 59
1738823249437 76.9696741965056 60
1738823249456 76.62807677463408 61
1738823249480 76.29566637287542 62
1738823249505 75.9716699798921 63
1738823249525 75.65528199284243 64
1738823249544 75.34571069936302 65
1738823249564 75.04221608341653 66
1738823249581 74.74413782727828 67
1738823249603 74.45091329864769 68
1738823249623 74.16208606811593 69
1738823249644 73.87730607534532 70
1738823249663 73.5963229468458 71
1738823249685 73.31897417301988 72
1738823249709 73.04516989699545 73
1738823249731 72.77487597997454 74
1738823249755 72.50809681883952 75
1738823249774 72.24485913415634 76
1738823249794 71.9851976517203 77
1738823249818 71.72914329631632 78
1738823249836 71.47671422568725 79
1738823249851 71.22790977370333 80
1738823249868 70.98270715665002 81
1738823249885 70.74106063223572 82
1738823249902 70.50290268932025 83
1738823249918 70.26814678535692 84
1738823249936 70.03669113284255 85
1738823249954 69.8084230582101 86
1738823249977 69.58322350786413 87
1738823249994 69.36097134733768 88
1738823250013 69.1415471820504 89
1738823250043 68.9248365139587 90
1738823250062 68.71073213086456 91
1738823250079 68.49913569914031 92
1738823250095 68.28995859255355 93
1738823250108 68.08312203769087 94
1738823250123 67.8785566895066 95
1738823250138 67.67620176926164 96
1738823250152 67.47600390296962 97
1738823250166 67.2779157934775 98
1738823250185 67.08189484588857 99
1738823250203 66.88790184673992 100
1738823250219 66.69589977464722 101
1738823250242 66.50585279627433 102
1738823250264 66.31772547837195 103
1738823250285 66.13148222574455 104
1738823250305 65.94708693739327 105
1738823250321 65.76450285936326 106
1738823250343 65.58369260321933 107
1738823250363 65.40461829348202 108
1738823250382 65.22724180540267 109
1738823250406 65.05152505559121 110
1738823250426 64.87743031156351 111
1738823250439 64.70492049153913 112
1738823250454 64.53395943209779 113
1738823250473 64.36451210795984 114
1738823250487 64.19654479465224 115
1738823250504 64.03002517072913 116
1738823250519 63.86492236123284 117
1738823250536 63.701206928020625 118
1738823250558 63.53885081537496 119
1738823250579 63.377827260979686 120
1738823250601 63.218110682978896 121
1738823250621 63.05967655359137 122
1738823250646 62.90250126881361 123
1738823250666 62.74656202230869 124
1738823250688 62.59183668984008 125
1738823250706 62.43830372875013 126
1738823250727 62.28594209515561 127
1738823250748 62.134731179859365 128
1738823250764 61.98465076254802 129
1738823250786 61.83568098271268 130
1738823250809 61.68780232491877 131
1738823250829 61.54099561555636 132
1738823250853 61.395242028000204 133
1738823250892 61.25052309315653 134
1738823250913 61.106820712622095 135
1738823250931 60.96411717207379 136
1738823250949 60.822395152989515 137
1738823250968 60.68163774132275 138
1738823250984 60.541828432269696 139
1738823251001 60.402951130744164 140
1738823251018 60.2649901475862 141
1738823251035 60.12793019185828 142
1738823251058 59.99175635982281 143
1738823251087 59.856454121343404 144
1738823251106 59.7220093045211 145
1738823251126 59.58840807937143 146
1738823251147 59.45563694128724 147
1738823251164 59.32368269492821 148
1738823251188 59.192532439047724 149
1738823251210 59.06217355262473 150
1738823251229 58.93259368252573 151
1738823251253 58.80378073278946 152
1738823251277 58.675722855512205 153
1738823251297 58.54840844321904 154
1738823251314 58.421826122539294 155
1738823251334 58.29596474896118 156
1738823251354 58.17081340242157 157
1738823251371 58.046361383487366 158
1738823251390 57.92259820990202 159
1738823251410 57.79951361330014 160
1738823251432 57.677097535929775 161
1738823251451 57.55534012726303 162
1738823251473 57.43423174041656 163
1738823251494 57.31376292834133 164
1738823251519 57.19392443977509 165
1738823251540 57.074707214977614 166
1738823251556 56.95610238128936 167
1738823251573 56.83810124856704 168
1738823251588 56.72069530455659 169
1738823251605 56.60387621026451 170
1738823251620 56.48763579538466 171
1738823251635 56.37196605383049 172
1738823251653 56.256859139412136 173
1738823251671 56.14230736168766 174
1738823251686 56.02830318200596 175
1738823251703 55.91483920974874 176
1738823251718 55.80190819876926 177
1738823251731 55.68950304401865 178
1738823251745 55.577616778344456 179
1738823251763 55.46624256944252 180
1738823251779 55.355373716941735 181
1738823251798 55.24500364960061 182
1738823251819 55.1351259225962 183
1738823251839 55.02573421488751 184
1738823251863 54.91682232663902 185
1738823251885 54.80838417669261 186
1738823251911 54.700413800079666 187
1738823251933 54.59290534556822 188
1738823251956 54.48585307324269 189
1738823251977 54.379251352116015 190
1738823251996 54.2730946577757 191
1738823252017 54.167377570066726 192
1738823252040 54.06209477081432 193
1738823252055 53.95724104159063 194
1738823252074 53.85281126152822 195
1738823252091 53.74880040518369 196
1738823252110 53.645203540453146 197
1738823252131 53.542015826541224 198
1738823252154 53.4392325119841 199
1738823252173 53.336848932726014 200
1738823252196 53.23486051024851 201
1738823252214 53.13326274975086 202
1738823252236 53.032051238379324 203
1738823252259 52.93122164350325 204
1738823252277 52.83076971103542 205
1738823252294 52.7306912637942 206
1738823252313 52.63098219990503 207
1738823252333 52.53163849123919 208
1738823252354 52.432656181887836 209
1738823252377 52.334031386669515 210
1738823252397 52.235760289669926 211
1738823252418 52.13783914281256 212
1738823252436 52.0402642644595 213
1738823252459 51.94303203804161 214
1738823252478 51.84613891071748 215
1738823252501 51.7495813920608 216
1738823252523 51.65335605277583 217
1738823252547 51.55745952344057 218
1738823252573 51.46188849327735 219
1738823252591 51.36663970895057 220
1738823252610 51.27170997339113 221
1738823252627 51.17709614464728 222
1738823252648 51.08279513476114 223
1738823252671 50.98880390867084 224
1738823252692 50.895119483137236 225
1738823252713 50.801738925694934 226
1738823252730 50.708659353626814 227
1738823252755 50.61587793296162 228
1738823252775 50.52339187749369 229
1738823252797 50.43119844782453 230
1738823252818 50.33929495042543 231
1738823252838 50.247678736720445 232
1738823252861 50.156347202189494 233
1738823252881 50.06529778549073 234
1738823252904 49.97452796760185 235
1738823252931 49.884035270979886 236
1738823252957 49.79381725873893 237
1738823252980 49.70387153384552 238
1738823253002 49.61419573833112 239
1738823253019 49.52478755252154 240
1738823253039 49.43564469428275 241
1738823253059 49.34676491828282 242
1738823253077 49.25814601526965 243
1738823253098 49.169785811364115 244
1738823253119 49.0816821673684 245
1738823253139 48.99383297808907 246
1738823253157 48.90623617167458 247
1738823253180 48.81888970896705 248
1738823253235 48.731791582867785 249
1738823253253 48.64493981771631 250
1738823253276 48.55833246868276 251
1738823253297 48.471967621172915 252
1738823253314 48.385843390246265 253
1738823253330 48.299957920045905 254
1738823253346 48.2143093832409 255
1738823253361 48.128895980480145 256
1738823253376 48.04371593985785 257
1738823253389 47.95876751639019 258
1738823253405 47.874048991502974 259
1738823253421 47.78955867253004 260
1738823253440 47.70529489222207 261
1738823253460 47.62125600826579 262
1738823253485 47.53744040281307 263
1738823253511 47.45384648201991 264
1738823253530 47.37047267559497 265
1738823253553 47.28731743635756 266
1738823253573 47.20437923980469 267
1738823253594 47.121656583687184 268
1738823253615 47.039147987594596 269
1738823253637 46.95685199254856 270
1738823253656 46.874767160604755 271
1738823253677 46.79289207446293 272
1738823253695 46.711225337085004 273
1738823253713 46.62976557132103 274
1738823253727 46.54851141954292 275
1738823253747 46.4674615432855 276
1738823253768 46.386614622895145 277
1738823253787 46.30596935718545 278
1738823253803 46.225524463099944 279
1738823253818 46.145278675381796 280
1738823253835 46.06523074625013 281
1738823253849 45.98537944508298 282
1738823253864 45.905723558106665 283
1738823253885 45.82626188809147 284
1738823253903 45.7469932540535 285
1738823253921 45.667916490962554 286
1738823253943 45.58903044945586 287
1738823253959 45.51033399555766 288
1738823253981 45.43182601040434 289
1738823254001 45.353505389975226 290
1738823254024 45.27537104482861 291
1738823254048 45.1974218998432 292
1738823254069 45.11965689396467 293
1738823254087 45.04207497995735 294
1738823254104 44.96467512416077 295
1738823254121 44.88745630625117 296
1738823254143 44.81041751900759 297
1738823254163 44.733557768082854 298
1738823254181 44.65687607177882 299
1738823254199 44.580371460826264 300
1738823254221 44.50404297816905 301
1738823254243 44.42788967875262 302
1738823254265 44.35191062931652 303
1738823254285 44.276104908191144 304
1738823254307 44.20047160509838 305
1738823254325 44.12500982095629 306
1738823254346 44.049718667687394 307
1738823254368 43.974597268030955 308
1738823254388 43.89964475535873 309
1738823254409 43.824860273494416 310
1738823254427 43.750242976536605 311
1738823254453 43.67579202868508 312
1738823254475 43.60150660407063 313
1738823254495 43.527385886588014 314
1738823254518 43.45342906973227 315
1738823254536 43.379635356438094 316
1738823254553 43.30600395892235 317
1738823254568 43.23253409852965 318
1738823254585 43.15922500558073 319
1738823254601 43.086075919224015 320
1738823254618 43.01308608728977 321
1738823254632 42.940254766147106 322
1738823254647 42.86758122056375 323
1738823254664 42.79506472356853 324
1738823254680 42.722704556316344 325
1738823254707 42.6505000079557 326
1738823254724 42.57845037549894 327
1738823254744 42.506554963694676 328
1738823254769 42.43481308490283 329
1738823254827 42.363224058971866 330
1738823254847 42.291787213118454 331
1738823254869 42.22050188180932 332
1738823254889 42.14936740664533 333
1738823254911 42.07838313624775 334
1738823254932 42.007548426146606 335
1738823254953 41.936862638671116 336
1738823254975 41.86632514284221 337
1738823254995 41.79593531426698 338
1738823255044 41.725692535035094 339
1738823255068 41.65559619361722 340
1738823255085 41.58564568476515 341
1738823255104 41.515840409413926 342
1738823255127 41.44617977458565 343
1738823255152 41.376663193295165 344
1738823255180 41.307290084457314 345
1738823255195 41.23805987279608 346
1738823255212 41.16897198875518 347
1738823255228 41.10002586841053 348
1738823255249 41.031220953384 349
1738823255265 40.962556690759 350
1738823255281 40.894032532997464 351
1738823255296 40.82564793785833 352
1738823255313 40.75740236831755 353
1738823255346 40.68929529248945 354
1738823255369 40.621326183549634 355
1738823255386 40.55349451965913 356
1738823255406 40.485799783889945 357
1738823255429 40.41824146415201 358
1738823255445 40.350819053121306 359
1738823255463 40.28353204816939 360
1738823255478 40.216379951294066 361
1738823255497 40.14936226905138 362
1738823255518 40.082478512488706 363
1738823255535 40.01572819707915 364
1738823255553 39.94911084265692 365
1738823255570 39.88262597335407 366
1738823255586 39.816273117538124 367
1738823255600 39.750051807750914 368
1738823255619 39.683961580648514 369
1738823255636 39.61800197694207 370
1738823255659 39.55217254133984 371
1738823255678 39.486472822490114 372
1738823255696 39.42090237292514 373
1738823255716 39.355460749006085 374
1738823255736 39.29014751086886 375
1738823255756 39.224962222370976 376
1738823255778 39.159904451039125 377
1738823255798 39.094973768017944 378
1738823255821 39.03016974801933 379
1738823255836 38.965491969272954 380
1738823255858 38.900940013477246 381
1738823255880 38.83651346575163 382
1738823255906 38.77221191458916 383
1738823255926 38.70803495181025 384
1738823255944 38.64398217251704 385
1738823255970 38.58005317504862 386
1738823255989 38.51624756093687 387
1738823256014 38.452564934863204 388
1738823256038 38.389004904615916 389
1738823256061 38.325567081048284 390
1738823256078 38.26225107803739 391
1738823256093 38.199056512443555 392
1738823256109 38.13598300407057 393
1738823256125 38.073030175626414 394
1738823256153 38.01019765268478 395
1738823256168 37.94748506364713 396
1738823256186 37.88489203970544 397
1738823256206 37.822418214805516 398
1738823256227 37.76006322561089 399
1738823256250 37.697826711467364 400
1738823256270 37.63570831436814 401
1738823256288 37.57370767891939 402
1738823256307 37.511824452306534 403
1738823256326 37.450058284260976 404
1738823256344 37.38840882702745 405
1738823256369 37.32687573533179 406
1738823256389 37.26545866634925 407
1738823256410 37.20415727967347 408
1738823256430 37.1429712372857 409
1738823256446 37.08190020352467 410
1738823256461 37.02094384505696 411
1738823256479 36.96010183084772 412
1738823256494 36.89937383213197 413
1738823256513 36.838759522386255 414
1738823256530 36.778258577300846 415
1738823256547 36.717870674752305 416
1738823256565 36.6575954947765 417
1738823256582 36.59743271954208 418
1738823256595 36.53738203332427 419
1738823256610 36.47744312247921 420
1738823256627 36.41761567541858 421
1738823256648 36.35789938258467 422
1738823256670 36.298293936425814 423
1738823256692 36.23879903137223 424
1738823256711 36.1794143638122 425
1738823256730 36.12013963206867 426
1738823256752 36.06097453637613 427
1738823256776 36.00191877885792 428
1738823256797 35.942972063503824 429
1738823256819 35.88413409614808 430
1738823256835 35.82540458444767 431
1738823256850 35.766783237860885 432
1738823256866 35.70826976762634 433
1738823256884 35.6498638867423 434
1738823256900 35.591565309946105 435
1738823256915 35.53337375369421 436
1738823256931 35.47528893614228 437
1738823256956 35.41731057712575 438
1738823256980 35.35943839814053 439
1738823257003 35.301672122324156 440
1738823257024 35.24401147443705 441
1738823257044 35.18645618084422 442
1738823257060 35.12900596949707 443
1738823257081 35.07166056991566 444
1738823257103 35.014419713171044 445
1738823257125 34.957283131868046 446
1738823257147 34.900250560128065 447
1738823257169 34.8433217335724 448
1738823257185 34.78649638930559 449
1738823257203 34.72977426589913 450
1738823257223 34.67315510337536 451
1738823257250 34.6166386431916 452
1738823257269 34.56022462822456 453
1738823257285 34.50391280275491 454
1738823257304 34.447702912452094 455
1738823257326 34.39159470435938 456
1738823257346 34.335587926879086 457
1738823257368 34.279682329758096 458
1738823257390 34.22387766407346 459
1738823257409 34.16817368221834 460
1738823257433 34.11257013788801 461
1738823257448 34.05706678606615 462
1738823257463 34.001663383011355 463
1738823257484 33.94635968624374 464
1738823257505 33.89115545453178 465
1738823257525 33.836050447879366 466
1738823257539 33.781044427513 467
1738823257556 33.726137155869196 468
1738823257570 33.67132839658199 469
1738823257588 33.61661791447076 470
1738823257610 33.56200547552803 471
1738823257630 33.50749084690765 472
1738823257654 33.45307379691294 473
1738823257676 33.39875409498515 474
1738823257690 33.344531511692 475
1738823257704 33.29040581871637 476
1738823257718 33.2363767888452 477
1738823257735 33.18244419595852 478
1738823257750 33.12860781501857 479
1738823257768 33.074867422059185 480
1738823257785 33.021222794175195 481
1738823257803 32.96767370951207 482
1738823257823 32.914219947255646 483
1738823257843 32.86086128762203 484
1738823257863 32.80759751184757 485
1738823257884 32.75442840217906 486
1738823257901 32.70135374186401 487
1738823257920 32.648373315141036 488
1738823257937 32.59548690723042 489
1738823257953 32.542694304324776 490
1738823257969 32.489995293579845 491
1738823257986 32.43738966310537 492
1738823258005 32.38487720195619 493
1738823258020 32.332457700123335 494
1738823258040 32.280130948525304 495
1738823258057 32.227896738999476 496
1738823258080 32.17575486429355 497
1738823258101 32.12370511805718 498
1738823258119 32.071747294833706 499
