1738825038423 173.67853558708902 0
1738825038464 171.4333559721627 1
1738825038505 182.66707843761816 2
1738825038546 176.19974247450858 3
1738825038588 164.70130929972865 4
1738825038654 162.08679391889453 5
1738825038697 166.5594485886986 6
1738825038738 167.20620852392403 7
1738825038779 166.78989909125735 8
1738825038820 171.79988535769138 9
1738825038860 180.50069378091487 10
1738825038900 171.861558450747 11
1738825038939 166.68182491495597 12
1738825038979 182.49653480878519 13
1738825039019 178.2771616271995 14
1738825039058 165.2052421359315 15
1738825039098 173.09267629737192 16
1738825039138 163.0280184205778 17
