1738824474929 57.804422073505215 0
1738824474972 162.4788716278404 1
1738824475014 172.26908711120467 2
1738824475058 125.21502469969084 3
1738824475102 222.69391463021705 4
1738824475176 194.82513277982005 5
1738824475222 148.74157629585946 6
1738824475266 186.8331009907855 7
1738824475309 176.0641609447116 8
1738824475352 76.56992355829291 9
1738824475395 192.87698795865512 10
1738824475437 276.8069468373901 11
1738824475481 174.31378575663285 12
1738824475523 178.16282388963506 13
1738824475565 149.54706907126354 14
1738824475608 208.48910664192877 15
1738824475651 232.30524517511648 16
1738824475696 245.8611474894982 17
1738824475739 178.2481722211262 18
1738824475782 175.8786290728511 19
1738824475825 206.3409567106525 20
1738824475868 132.08497573138322 21
1738824475911 144.8757146383421 22
1738824475954 257.1953226007102 23
1738824475996 170.9097732225182 24
1738824476039 177.9802807374182 25
1738824476081 109.76624649445795 26
1738824476125 184.31972674301284 27
1738824476168 164.15535449881554 28
1738824476212 178.0744426800396 29
1738824476256 136.98678571944959 30
1738824476299 218.2348110949318 31
1738824476342 193.78675260191332 32
1738824476384 189.9146016701637 33
1738824476425 157.34839992515805 34
1738824476468 226.86802005778264 35
1738824476510 157.06818116245066 36
1738824476551 183.2501601194315 37
1738824476593 184.53185029422187 38
1738824476636 232.32068071120943 39
1738824476678 184.2691163564519 40
1738824476720 147.336422234162 41
1738824476762 175.3762099077137 42
1738824476804 186.06513896305037 43
1738824476847 150.62329605410739 44
1738824476889 203.94889661267734 45
1738824476931 161.42734362386153 46
1738824476973 178.5983679373622 47
1738824477045 210.28838462047622 48
1738824477089 147.68925706788832 49
1738824477135 276.04132260383386 50
1738824477180 204.33403712787867 51
1738824477223 176.8820339830319 52
1738824477267 191.43787757989844 53
1738824477310 222.80116136919264 54
1738824477352 156.0926167014761 55
1738824477395 129.41377461773263 56
1738824477438 163.70219994823364 57
1738824477480 137.7962251231699 58
1738824477523 195.59543562595732 59
1738824477565 170.23246221478763 60
1738824477609 228.09196616213993 61
1738824477651 163.8826868770444 62
1738824477694 303.2756024120747 63
1738824477737 170.91720403946545 64
1738824477780 244.25120572375937 65
1738824477823 188.5587212589818 66
1738824477866 199.07159279135325 67
1738824477909 188.6204580272312 68
1738824477951 155.51568866952647 69
1738824477994 243.21433590530847 70
1738824478037 227.26986361657262 71
1738824478080 209.68361033807324 72
1738824478123 342.98184691169405 73
1738824478166 153.06697307650757 74
1738824478209 202.98817024068936 75
1738824478252 177.7055710819062 76
1738824478298 263.9328404921209 77
1738824478341 158.16148835086588 78
1738824478383 142.70535567709723 79
1738824478426 170.03502597582636 80
1738824478468 168.0117427026988 81
1738824478511 171.99494450647128 82
1738824478552 200.71902940316613 83
1738824478594 131.31836060157335 84
1738824478635 174.05293012286927 85
1738824478677 229.62550745103516 86
1738824478719 177.34592464162418 87
1738824478761 167.5091920983337 88
1738824478802 210.15492086439326 89
1738824478844 150.71586165060543 90
1738824478890 111.2742031506786 91
1738824478932 155.0686532078307 92
1738824478974 219.7137505477383 93
1738824479016 170.7264202363587 94
1738824479058 48.68964610151569 95
1738824479100 142.1410212326442 96
1738824479141 129.56388557837084 97
1738824479184 183.41596000743056 98
1738824479227 110.03526916014852 99
1738824479269 143.2336363268785 100
1738824479313 123.43586408641703 101
1738824479356 177.27259135203735 102
1738824479399 138.34148395830698 103
1738824479443 248.6292308607865 104
1738824479491 149.61813240808794 105
1738824479536 241.4091792468687 106
1738824479582 140.31278957305577 107
1738824479629 177.69574200077295 108
1738824479674 182.05045009137535 109
1738824479717 193.55449990985773 110
1738824479761 190.29239678313132 111
1738824479804 219.38435296640236 112
1738824479846 204.36500708180512 113
1738824479888 175.2121103796325 114
1738824479931 178.32366405339374 115
1738824479973 166.17190241899303 116
1738824480016 305.3465080151803 117
1738824480058 219.53619544346813 118
1738824480100 174.15747726708705 119
1738824480142 155.29829072906185 120
1738824480183 196.59259952723613 121
1738824480225 180.86240684112948 122
1738824480269 165.6461528472078 123
1738824480312 126.45357538307046 124
1738824480355 188.63152407089356 125
1738824480397 183.11586778203193 126
1738824480441 104.59461180975292 127
1738824480484 127.02067679139373 128
1738824480528 171.37193058992256 129
1738824480572 140.19619704935195 130
1738824480614 147.4728052335217 131
1738824480657 63.18692653765603 132
1738824480700 216.78665057522295 133
1738824480744 204.27805732745117 134
1738824480787 219.11671321565402 135
1738824480830 80.96123353303292 136
1738824480872 190.91140054857547 137
1738824480915 138.77927958101006 138
1738824480956 89.79507434319085 139
1738824480999 210.2615905275762 140
1738824481041 196.46405008221865 141
1738824481083 168.50710181019352 142
1738824481127 178.72258814233697 143
1738824481171 248.615908940032 144
1738824481214 152.4064848454057 145
1738824481256 123.29252781863627 146
1738824481299 148.61005938126695 147
1738824481341 160.86348344325407 148
1738824481391 188.401950374519 149
1738824481433 178.76032992441029 150
1738824481474 159.64552087800132 151
1738824481516 169.74198076660738 152
1738824481558 152.62317492213293 153
1738824481600 170.66443895056764 154
1738824481642 204.55405398548828 155
1738824481685 202.72472080168305 156
1738824481727 144.09945056643593 157
1738824481770 171.85936113424466 158
1738824481813 210.41996359284067 159
1738824481857 196.86165184837526 160
1738824481900 161.97643538605516 161
1738824481945 87.56174160729812 162
1738824481987 174.00813329860236 163
1738824482030 168.66325592559903 164
1738824482071 188.84998573801013 165
1738824482113 172.52449849237414 166
1738824482156 188.9283883230827 167
1738824482199 38.76083603779217 168
1738824482242 161.2323516525286 169
1738824482285 167.89137575218308 170
1738824482328 170.44552716530717 171
1738824482371 196.56045239251017 172
1738824482414 189.7692537864033 173
1738824482456 100.7513348792076 174
1738824482500 116.75017952310337 175
1738824482543 137.34011993151842 176
1738824482587 139.96384184117989 177
1738824482630 206.74292630425396 178
1738824482673 157.6010847657589 179
1738824482716 169.09535761819643 180
1738824482759 186.50855100843262 181
1738824482802 168.24945749511545 182
1738824482845 197.16160021941596 183
1738824482888 168.8838003301022 184
1738824482931 99.08736839661982 185
1738824482973 144.2510698725627 186
1738824483016 175.69698163063268 187
1738824483059 174.75532812165943 188
1738824483102 89.26867183164312 189
1738824483145 146.41475049690874 190
1738824483188 175.45062554957812 191
1738824483231 224.05428819353554 192
1738824483274 213.36256290593903 193
1738824483317 139.35723449245327 194
1738824483360 212.13978989848422 195
1738824483403 185.52234157121404 196
1738824483447 43.483064138596774 197
1738824483490 138.4814050734242 198
1738824483532 194.9362962945252 199
1738824483574 184.86556967845027 200
1738824483616 179.14240054356114 201
1738824483659 147.2616799501309 202
1738824483701 164.33038664786142 203
1738824483744 214.6525153078336 204
1738824483786 141.50573129566175 205
1738824483828 184.50438005901927 206
1738824483871 169.93679923221194 207
1738824483913 175.12281603136725 208
1738824483955 179.348578652027 209
1738824483999 194.57600385223893 210
1738824484042 135.86909342958214 211
1738824484084 150.7969976004977 212
1738824484127 172.85147689396177 213
1738824484170 173.39117279671834 214
1738824484211 144.88162898039738 215
1738824484255 165.18986233822176 216
1738824484298 163.02138428542148 217
1738824484340 178.33689876948984 218
1738824484382 131.2232925966697 219
1738824484481 159.27033780116844 220
1738824484525 168.89841083610239 221
1738824484568 164.29717635589932 222
1738824484611 175.82950534092114 223
1738824484654 232.75714541177643 224
1738824484697 213.88950571167823 225
1738824484742 169.3434300784204 226
1738824484785 180.847979933815 227
1738824484828 172.01142370773593 228
1738824484869 137.38882450020463 229
1738824484911 204.3696893604644 230
1738824484952 149.31094270762333 231
1738824484995 158.76918400196612 232
1738824485038 146.7550758870866 233
1738824485081 149.91173040904616 234
1738824485123 168.69748288305564 235
1738824485166 192.23300944826002 236
1738824485210 169.7946895689477 237
1738824485252 166.27763615654715 238
1738824485295 137.3472533477138 239
1738824485337 164.84852913369062 240
1738824485379 162.08101132768633 241
1738824485422 182.87952748089276 242
1738824485464 164.73185698880644 243
1738824485506 173.3756462413858 244
1738824485549 210.72510645223642 245
1738824485591 196.02410620555514 246
1738824485633 181.68077543158137 247
1738824485675 118.12476486054547 248
1738824485717 190.86347623876242 249
1738824485762 230.86923530506377 250
1738824485805 175.14754814888315 251
1738824485848 162.14753459931947 252
1738824485889 179.48202020510604 253
1738824485932 256.1544213060836 254
1738824485975 157.83757183525253 255
1738824486018 135.80789026631706 256
1738824486062 137.0148915501789 257
1738824486106 175.81553357042162 258
1738824486148 188.84646777323056 259
1738824486191 135.64600261039175 260
1738824486233 156.0064965079568 261
1738824486276 209.4790224231716 262
1738824486318 127.1527646080392 263
1738824486360 178.4030472944832 264
1738824486402 205.2674789075746 265
1738824486444 152.72278210688611 266
1738824486486 134.6036758488205 267
1738824486529 240.79931359243298 268
1738824486571 159.68942745854295 269
1738824486614 168.35553692457788 270
1738824486655 270.1622734639956 271
1738824486697 130.25805329403937 272
1738824486739 164.7851312217952 273
1738824486784 181.37462036126408 274
1738824486827 211.85012853442862 275
1738824486869 144.1746550284068 276
1738824486911 198.81991056873724 277
1738824486954 154.2192006231412 278
1738824486997 141.04557409646353 279
1738824487040 175.71979959903774 280
1738824487084 131.3013472437906 281
1738824487130 198.79030891396292 282
