1738679253757 169.4806387665546 0
1738679253780 169.47374217992754 1
1738679253796 169.46603205781773 2
1738679253818 169.4576226174389 3
1738679253833 169.44861802608423 4
1738679253849 169.43911294518722 5
1738679253865 169.42919310226486 6
1738679253885 169.41893587460794 7
1738679253903 169.40841087232286 8
1738679253918 169.39768051135312 9
1738679253933 169.38680056955036 10
1738679253949 169.37582072081818 11
1738679254012 169.36478504391508 12
1738679254037 169.35373250373524 13
1738679254057 169.34269740385847 14
1738679254076 169.33170980991372 15
1738679254099 169.32079594387895 16
1738679254128 169.30997854987697 17
1738679254144 169.29927723234877 18
1738679254160 169.28870876771532 19
1738679254180 169.27828739079612 20
1738679254196 169.268025057351 21
1738679254219 169.25793168416564 22
1738679254236 169.24801536811847 23
1738679254271 169.23828258565777 24
1738679254287 169.22873837408838 25
1738679254306 169.21938649602217 26
1738679254321 169.21022958829218 27
1738679254339 169.20126929656664 28
1738679254359 169.19250639683324 29
1738679254373 169.18394090485324 30
1738679254397 169.17557217461626 31
1738679254414 169.16739898675624 32
1738679254434 169.15941962782054 33
1738679254453 169.1516319612196 34
1738679254470 169.14403349062042 35
1738679254490 169.1366214164871 36
1738679254506 169.1293926864151 37
1738679254526 169.12234403985298 38
1738679254540 169.11547204775363 39
1738679254559 169.10877314765239 40
1738679254576 169.1022436746243 41
1738679254593 169.0958798885338 42
1738679254610 169.08967799795175 43
1738679254626 169.08363418108215 44
1738679254643 169.07774460400688 45
1738679254664 169.07200543653067 46
1738679254681 169.06641286587967 47
1738679254701 169.06096310848386 48
1738679254721 169.0556524200516 49
1738679254737 169.0504771041231 50
1738679254765 169.0454335192728 51
