1738823235993 169.31213782154168 0
1738823236019 167.39776392134448 1
1738823236040 163.9596685495461 2
1738823236065 159.36591676012029 3
1738823236103 154.00574705987552 4
1738823236135 148.25534823239596 5
1738823236157 142.45123058837544 6
1738823236195 136.87182393351097 7
1738823236215 131.7271698760934 8
1738823236236 127.15596568494423 9
1738823236256 123.22878020060239 10
1738823236277 119.9560012134272 11
1738823236298 117.29897581291583 12
1738823236319 115.18284740801624 13
1738823236343 113.50974556472718 14
1738823236363 112.17121453664608 15
1738823236386 111.05904051005173 16
1738823236407 110.07392598031956 17
1738823236454 109.13173674165532 18
1738823236476 108.16729288085376 19
1738823236496 107.13587633014477 20
1738823236524 106.01277650166706 21
1738823236548 104.79129040765146 22
1738823236565 103.4796372342859 23
1738823236581 102.09724590441786 24
1738823236597 100.67083643072125 25
1738823236614 99.23065175484415 26
1738823236629 97.80711642573807 27
1738823236646 96.42811139054753 28
1738823236660 95.11696858066016 29
1738823236677 93.89121141548517 30
1738823236691 92.76200247392633 31
1738823236713 91.73421015787062 32
1738823236729 90.80697319685862 33
1738823236749 89.9746248200639 34
1738823236778 89.22783567584871 35
1738823236805 88.55484361612473 36
1738823236827 87.94265632323858 37
1738823236847 87.37813634102555 38
1738823236868 86.84890441182263 39
1738823236889 86.34402349441231 40
1738823236911 85.85445030847103 41
1738823236930 85.37326214857939 42
1738823236953 84.89568304747532 43
1738823236980 84.41894470704281 44
1738823237020 83.94202400052959 45
1738823237037 83.46530071081798 46
1738823237055 82.99017721591584 47
1738823237069 82.51869694211118 48
1738823237085 82.0531915225737 49
1738823237101 81.59597864892407 50
1738823237118 81.14912441934254 51
1738823237135 80.71427626343943 52
1738823237153 80.29256578726853 53
1738823237175 79.88457547918716 54
1738823237196 79.49035932432456 55
1738823237224 79.10950501441864 56
1738823237243 78.74122450690696 57
1738823237273 78.38445998477951 58
1738823237295 78.03799353890294 59
1738823237309 77.70055085109078 60
1738823237325 77.37089151273396 61
1738823237339 77.04788110659885 62
1738823237353 76.73054258404234 63
1738823237371 76.41808661170347 64
1738823237385 76.10992232017774 65
1738823237403 75.80565119519235 66
1738823237425 75.5050476909375 67
1738823237453 75.2080305378732 68
1738823237493 74.91462871723459 69
1738823237523 74.62494575637513 70
1738823237538 74.33912544890661 71
1738823237548 74.05732140936361 72
1738823237564 73.77967211662032 73
1738823237609 73.5062823554496 74
1738823237629 73.23721128883919 75
1738823237636 72.97246682604643 76
1738823237660 72.71200551744974 77
1738823237711 72.45573691629454 78
1738823237731 72.20353119553367 79
1738823237777 71.9552287808958 80
1738823237814 71.71065083759441 81
1738823237839 71.46960960208777 82
1738823237869 71.23191775505188 83
1738823237882 70.99739626135248 84
1738823237898 70.76588033434051 85
1738823237918 70.53722339649532 86
1738823237946 70.31129909244565 87
1738823237973 70.08800155492096 88
1738823237996 69.86724422524898 89
1738823238020 69.64895758784692 90
1738823238065 69.43308619638144 91
1738823238093 69.21958535397907 92
1738823238115 69.00841776865 93
1738823238142 68.79955044615495 94
1738823238169 68.59295201395882 95
1738823238189 68.38859059896993 96
1738823238214 68.1864323145564 97
1738823238261 67.98644035350009 98
1738823238280 67.78857463618297 99
1738823238296 67.59279192899122 100
1738823238319 67.39904632691514 101
1738823238337 67.2072899857615 102
1738823238359 67.0174739915911 103
1738823238376 66.82954926572745 104
1738823238402 66.64346742047286 105
1738823238460 66.45918150102469 106
1738823238486 66.27664657070771 107
1738823238509 66.0958201175632 108
1738823238526 65.91666227902627 109
1738823238548 65.73913589681601 110
1738823238564 65.5632064256562 111
1738823238585 65.38884172686382 112
1738823238604 65.21601178137033 113
1738823238621 65.04468835683407 114
1738823238643 64.87484466080647 115
1738823238665 64.70645500717359 116
1738823238680 64.53949451707447 117
1738823238703 64.37393886891995 118
1738823238725 64.20976410563145 119
1738823238742 64.04694650129082 120
1738823238755 63.88546248440439 121
1738823238770 63.72528861115464 122
1738823238786 63.566401579426675 123
1738823238802 63.40877827302555 124
1738823238818 63.25239582522057 125
1738823238836 63.09723169138344 126
1738823238851 62.94326372180144 127
1738823238868 62.7904702275154 128
1738823238887 62.63883003402451 129
1738823238905 62.48832251971861 130
1738823238923 62.338927637776656 131
1738823238947 62.19062592188573 132
1738823238965 62.0433984774106 133
1738823238989 61.89722696054197 134
1738823239011 61.752093548474 135
1738823239030 61.60798090383757 136
1738823239048 61.46487213649834 137
1738823239068 61.32275076548267 138
1738823239097 61.18160068329125 139
1738823239115 61.04140612427092 140
1738823239137 60.90215163810174 141
1738823239159 60.763822068874035 142
1738823239173 60.62640253971843 143
1738823239190 60.4898784425391 144
1738823239205 60.3542354321003 145
1738823239219 60.21945942353153 146
1738823239236 60.08553659224062 147
1738823239258 59.952453375241554 148
1738823239272 59.82019647299633 149
1738823239286 59.68875285101624 150
1738823239302 59.55810974064509 151
1738823239318 59.428254638635856 152
1738823239337 59.29917530531644 153
1738823239355 59.1708597613035 154
1738823239380 59.043296282859956 155
1738823239398 58.91647339609334 156
1738823239415 58.79037987025887 157
1738823239428 58.66500471046326 158
1738823239446 58.54033715006785 159
1738823239461 58.41636664306718 160
1738823239477 58.29308285667885 161
1738823239494 58.17047566432881 162
1738823239510 58.04853513915905 163
1738823239528 57.92725154812829 164
1738823239547 57.806615346724676 165
1738823239569 57.686617174265585 166
1738823239590 57.567247849726115 167
1738823239610 57.44849836801495 168
1738823239629 57.33035989660414 169
1738823239649 57.21282377241611 170
1738823239670 57.095881498877 171
1738823239688 56.979524743056345 172
1738823239705 56.86374533282837 173
1738823239725 56.74853525400753 174
1738823239743 56.633886647428696 175
1738823239771 56.519791805958235 176
1738823239794 56.4062431714372 177
1738823239813 56.29323333156833 178
1738823239839 56.18075501676707 179
1738823239863 56.068801097001156 180
1738823239885 55.957364578645226 181
1738823239909 55.84643860137592 182
1738823239923 55.736016435129955 183
1738823239939 55.62609147714363 184
1738823239956 55.5166572490867 185
1738823239971 55.40770739429877 186
1738823239985 55.29923567513091 187
1738823240002 55.191235970391126 188
1738823240022 55.083702272888196 189
1738823240039 54.97662868706646 190
1738823240059 54.87000942672194 191
1738823240079 54.76383881278988 192
1738823240103 54.6581112711937 193
1738823240143 54.55282133074648 194
1738823240169 54.447963621097095 195
1738823240196 54.343532870714604 196
1738823240222 54.23952390490691 197
1738823240241 54.1359316438701 198
1738823240294 54.03275110076753 199
1738823240318 53.92997737983831 200
1738823240337 53.827605674535775 201
1738823240363 53.72563126569738 202
1738823240388 53.624049519747814 203
1738823240404 53.52285588693669 204
1738823240444 53.4220458996127 205
1738823240468 53.32161517053527 206
1738823240491 53.22155939122461 207
1738823240513 53.12187433035034 208
1738823240535 53.02255583215877 209
1738823240558 52.92359981493809 210
1738823240585 52.82500226952053 211
1738823240597 52.726759257820426 212
1738823240619 52.62886691140664 213
1738823240644 52.53132143010781 214
1738823240663 52.43411908064917 215
1738823240681 52.33725619531917 216
1738823240696 52.24072917066483 217
1738823240711 52.14453446621444 218
1738823240725 52.04866860322675 219
1738823240738 51.953128163465664 220
1738823240755 51.85790978799976 221
1738823240769 51.763010176026235 222
1738823240786 51.66842608371855 223
1738823240811 51.574154323097574 224
1738823240841 51.48019176092599 225
1738823240862 51.38653531762545 226
1738823240883 51.293181966216416 227
1738823240905 51.20012873128025 228
1738823240920 51.10737268794338 229
1738823240939 51.0149109608829 230
1738823240954 50.92274072335368 231
1738823240968 50.830859196236055 232
1738823240986 50.73926364710403 233
1738823241001 50.647951389313356 234
1738823241018 50.55691978110898 235
1738823241035 50.466166224751454 236
1738823241059 50.375688165661785 237
1738823241081 50.285483091584226 238
1738823241103 50.195548531766576 239
1738823241123 50.10588205615755 240
1738823241153 50.01648127462075 241
1738823241170 49.92734383616496 242
1738823241186 49.83846742819021 243
1738823241203 49.74984977574943 244
1738823241221 49.66148864082527 245
1738823241236 49.573381821621744 246
1738823241252 49.48552715187048 247
1738823241268 49.39792250015121 248
1738823241285 49.31056576922622 249
1738823241310 49.22345489538853 250
1738823241334 49.13658784782339 251
1738823241356 49.04996262798305 252
1738823241377 48.96357726897422 253
1738823241397 48.87742983495829 254
1738823241423 48.79151842056373 255
1738823241445 48.705841150310604 256
1738823241464 48.62039617804688 257
1738823241490 48.53518168639619 258
1738823241513 48.450195886216996 259
1738823241536 48.365437016072676 260
1738823241551 48.280903341712396 261
1738823241565 48.19659315556256 262
1738823241586 48.112504776228576 263
1738823241606 48.028636548006695 264
1738823241623 47.94498684040569 265
1738823241639 47.861554047678226 266
1738823241661 47.77833658836168 267
1738823241678 47.69533290482825 268
1738823241698 47.61254146284396 269
1738823241720 47.52996075113674 270
1738823241739 47.447589280973034 271
1738823241760 47.36542558574295 272
1738823241777 47.28346822055371 273
1738823241799 47.20171576183124 274
1738823241825 47.1201668069298 275
1738823241847 47.03881997374928 276
1738823241863 46.957673900360184 277
1738823241882 46.8767272446362 278
1738823241903 46.79597868389389 279
1738823241926 46.71542691453969 280
1738823241949 46.63507065172385 281
1738823241979 46.55490862900128 282
1738823241997 46.47493959799905 283
1738823242021 46.39516232809049 284
1738823242043 46.3155756060758 285
1738823242057 46.23617823586883 286
1738823242071 46.156969038190105 287
1738823242085 46.0779468502659 288
1738823242106 45.999110525533204 289
1738823242123 45.9204589333504 290
1738823242143 45.84199095871378 291
1738823242158 45.76370550197947 292
1738823242176 45.6856014785908 293
1738823242191 45.6076778188111 294
1738823242205 45.52993346746156 295
1738823242218 45.452367383664324 296
1738823242235 45.3749785405905 297
1738823242252 45.297765925213085 298
1738823242271 45.22072853806469 299
1738823242285 45.14386539299997 300
1738823242303 45.067175516962614 301
1738823242328 44.99065794975682 302
1738823242346 44.91431174382334 303
1738823242365 44.83813596401955 304
1738823242386 44.76212968740406 305
1738823242404 44.68629200302522 306
1738823242427 44.610622011713865 307
1738823242448 44.53511882587987 308
1738823242477 44.45978156931275 309
1738823242497 44.384609376985985 310
1738823242538 44.30960139486509 311
1738823242563 44.234756779719326 312
1738823242581 44.16007469893705 313
1738823242608 44.08555433034456 314
1738823242626 44.0111948620283 315
1738823242646 43.936995492160584 316
1738823242660 43.86295542882844 317
1738823242679 43.78907388986587 318
1738823242695 43.71535010268913 319
1738823242714 43.64178330413518 320
1738823242729 43.568372740303225 321
1738823242743 43.49511766639912 322
1738823242759 43.42201734658275 323
1738823242775 43.34907105381837 324
1738823242790 43.27627806972752 325
1738823242813 43.20363768444495 326
1738823242835 43.13114919647702 327
1738823242859 43.05881191256287 328
1738823242894 42.98662514753812 329
1738823242945 42.914588224201125 330
1738823242981 42.84270047318171 331
1738823243004 42.7709612328123 332
1738823243027 42.69936984900148 333
1738823243045 42.62792567510992 334
1738823243063 42.55662807182849 335
1738823243078 42.48547640705871 336
1738823243097 42.41447005579536 337
1738823243115 42.34360840001126 338
1738823243129 42.27289082854418 339
1738823243146 42.20231673698575 340
1738823243163 42.131885527572514 341
1738823243186 42.061596609078876 342
1738823243214 41.991449396712056 343
1738823243240 41.921443312008954 344
1738823243257 41.85157778273481 345
1738823243279 41.7818522427839 346
1738823243299 41.71226613208174 347
1738823243317 41.64281889648937 348
1738823243333 41.57350998770913 349
1738823243347 41.50433886319228 350
1738823243363 41.435304986048216 351
1738823243378 41.36640782495533 352
1738823243398 41.29764685407351 353
1738823243421 41.22902155295814 354
1738823243444 41.16053140647572 355
1738823243464 41.09217590472094 356
1738823243489 41.02395454293527 357
1738823243511 40.95586682142696 358
1738823243531 40.88791224549248 359
1738823243555 40.82009032533942 360
1738823243577 40.75240057601066 361
1738823243605 40.68484251730994 362
1738823243624 40.61741567372872 363
1738823243643 40.55011957437441 364
1738823243670 40.482953752899725 365
1738823243695 40.41591774743343 366
1738823243715 40.349011100512186 367
1738823243734 40.28223335901371 368
1738823243756 40.21558407409097 369
1738823243777 40.149062801107654 370
1738823243797 40.08266909957471 371
1738823243826 40.01640253308802 372
1738823243846 39.95026266926704 373
1738823243864 39.88424907969477 374
1738823243888 39.818361339858505 375
1738823243914 39.7525990290917 376
1738823243939 39.68696173051694 377
1738823243958 39.62144903098973 378
1738823243979 39.556060521043406 379
1738823244008 39.49079579483485 380
1738823244027 39.42565445009133 381
1738823244049 39.360636088058 382
1738823244063 39.295740313446586 383
1738823244081 39.23096673438468 384
1738823244101 39.16631496236612 385
1738823244118 39.10178461220207 386
1738823244136 39.037375301973015 387
1738823244153 38.97308665298152 388
1738823244177 38.908918289705866 389
1738823244197 38.84486983975437 390
1738823244218 38.78094093382056 391
1738823244235 38.717131205639085 392
1738823244256 38.65344029194236 393
1738823244277 38.58986783241795 394
1738823244297 38.52641346966664 395
1738823244314 38.46307684916128 396
1738823244336 38.39985761920628 397
1738823244355 38.33675543089771 398
1738823244381 38.273769938084236 399
1738823244398 38.210900797328556 400
1738823244419 38.14814766786951 401
1738823244443 38.08551021158491 402
1738823244465 38.02298809295489 403
1738823244489 37.960580979025856 404
1738823244509 37.89828853937514 405
1738823244528 37.836110446076106 406
1738823244548 37.77404637366397 407
1738823244570 37.712095999102004 408
1738823244589 37.65025900174852 409
1738823244613 37.588535063324194 410
1738823244637 37.52692386788003 411
1738823244685 37.46542510176581 412
1738823244705 37.404038453599135 413
1738823244724 37.342763614234876 414
1738823244744 37.28160027673509 415
1738823244766 37.22054813633965 416
1738823244786 37.15960689043705 417
1738823244804 37.0987762385359 418
1738823244826 37.038055882236776 419
1738823244845 36.977445525204594 420
1738823244870 36.91694487314143 421
1738823244889 36.85655363375962 422
1738823244911 36.7962715167555 423
1738823244935 36.73609823378353 424
1738823244951 36.67603349843064 425
1738823244967 36.6160770261913 426
1738823244984 36.55622853444269 427
1738823244999 36.496487742420435 428
1738823245018 36.436854371194734 429
1738823245035 36.377328143646714 430
1738823245059 36.31790878444539 431
1738823245077 36.25859602002478 432
1738823245095 36.19938957856147 433
1738823245114 36.14028918995261 434
1738823245132 36.08129458579403 435
1738823245153 36.02240549935901 436
1738823245181 35.96362166557709 437
1738823245196 35.90494282101341 438
1738823245219 35.8463687038483 439
1738823245241 35.78789905385715 440
1738823245261 35.72953361239072 441
1738823245283 35.67127212235556 442
1738823245309 35.61311432819495 443
1738823245329 35.55505997587 444
1738823245352 35.497108812841034 445
1738823245371 35.43926058804937 446
1738823245389 35.38151505189928 447
1738823245410 35.32387195624028 448
1738823245430 35.26633105434964 449
1738823245461 35.20889210091524 450
1738823245487 35.15155485201865 451
1738823245507 35.09431906511843 452
1738823245524 35.03718449903373 453
1738823245544 34.98015091392816 454
1738823245565 34.92321807129385 455
1738823245586 34.8663857339358 456
1738823245619 34.809653665956404 457
1738823245637 34.75302163274034 458
1738823245658 34.696489400939484 459
1738823245679 34.64005673845825 460
1738823245694 34.583723414439056 461
1738823245713 34.52748919924798 462
1738823245736 34.471353864460745 463
1738823245752 34.41531718284875 464
1738823245769 34.35937892836549 465
1738823245787 34.30353887613302 466
1738823245807 34.24779680242876 467
1738823245824 34.19215248467237 468
1738823245847 34.13660570141287 469
1738823245864 34.08115623231604 470
1738823245888 34.02580385815185 471
1738823245910 33.97054836078218 472
1738823245934 33.91538952314868 473
1738823245957 33.86032712926084 474
1738823245978 33.805360964184196 475
1738823245998 33.75049081402875 476
1738823246020 33.695716465937544 477
1738823246039 33.641037708075366 478
1738823246060 33.58645432961767 479
1738823246086 33.53196612073969 480
1738823246102 33.47757287260554 481
1738823246125 33.42327437735772 482
1738823246145 33.36907042810659 483
1738823246164 33.31496081892006 484
1738823246185 33.260945344813436 485
1738823246201 33.20702380173937 486
1738823246218 33.153195986578034 487
1738823246235 33.09946169712737 488
1738823246253 33.04582073209344 489
1738823246269 32.99227289108109 490
1738823246287 32.93881797458453 491
1738823246307 32.88545578397813 492
1738823246325 32.83218612150749 493
1738823246348 32.779008790280386 494
1738823246369 32.72592359425803 495
1738823246391 32.672930338246374 496
1738823246411 32.62002882788757 497
1738823246430 32.56721886965153 498
1738823246449 32.51450027082762 499
