1738680582420 169.1196441491695 0
1738680582452 169.10949029616975 1
1738680582470 169.0997102389622 2
1738680582493 169.09028922730514 3
1738680582515 169.08121310985044 4
1738680582541 169.07246830956296 5
1738680582559 169.06487513442528 6
1738680582584 169.05754255532122 7
1738680582607 169.05046067818165 8
1738680582641 169.04362000307296 9
1738680582659 169.03701140816818 10
1738680582676 169.03062613437584 11
1738680582691 169.0244557705989 12
1738680582706 169.01849223959874 13
1738680582721 169.01272778443857 14
1738680582737 169.0071549554827 15
1738680582750 169.00176659792874 16
1738680582764 168.99655583985074 17
1738680582780 168.99151608073228 18
1738680582797 168.9866409804693 19
1738680582813 168.98192444882363 20
1738680582833 168.97736063530823 21
1738680582852 168.97294391948634 22
1738680582869 168.96866890166817 23
1738680582890 168.96453039398833 24
1738680582913 168.96052341184776 25
1738680582932 168.9566431657065 26
1738680582948 168.9528850532117 27
1738680582967 168.94924465164772 28
1738680582986 168.94571771069457 29
1738680583002 168.94230014548273 30
1738680583043 168.93898802993135 31
1738680583063 168.9357775903589 32
1738680583079 168.9326651993545 33
1738680583096 168.9296473698996 34
1738680583114 168.92672074972955 35
1738680583129 168.92388211592524 36
1738680583146 168.9211283697254 37
1738680583167 168.91845653155042 38
1738680583184 168.91586373622886 39
1738680583203 168.91334722841898 40
1738680583227 168.9109043582163 41
1738680583245 168.90853257694027 42
1738680583262 168.90622943309265 43
1738680583285 168.90399256847988 44
1738680583303 168.90181971449402 45
1738680583324 168.89970868854417 46
1738680583340 168.89765739063319 47
1738680583359 168.89566380007406 48
1738680583378 168.89372597233904 49
1738680583392 168.89184203603682 50
1738680583408 168.89001019001282 51
1738680583430 168.8882287005667 52
1738680583452 168.88649589878324 53
1738680583474 168.88481017797048 54
1738680583494 168.883169991203 55
1738680583514 168.8815738489636 56
1738680583530 168.8800203168809 57
1738680583556 168.87850801355881 58
1738680583574 168.877035608493 59
1738680583601 168.87560182007252 60
1738680583624 168.87420541366131 61
1738680583641 168.87284519975805 62
1738680583654 168.87152003222943 63
1738680583673 168.87022880661542 64
1738680583695 168.86897045850242 65
1738680583713 168.8677439619622 66
1738680583728 168.86654832805357 67
1738680583747 168.8653826033845 68
1738680583767 168.86424586873193 69
1738680583790 168.86313723771713 70
1738680583808 168.86205585553455 71
1738680583829 168.86100089773097 72
1738680583847 168.8599715690346 73
1738680583863 168.8589671022303 74
1738680583880 168.8579867570805 75
1738680583897 168.8570298192887 76
1738680583918 168.85609559950498 77
1738680583934 168.85518343237123 78
1738680583952 168.85429267560392 79
1738680583975 168.85342270911428 80
1738680583991 168.85257293416308 81
1738680584008 168.85174277254927 82
1738680584027 168.85093166583087 83
1738680584048 168.85013907457676 84
1738680584070 168.8493644776486 85
1738680584091 168.84860737151072 86
1738680584109 168.84786726956773 87
