1738824740780 131.11854641674387 0
1738824740819 115.72253134301987 1
1738824740857 169.0290346371247 2
1738824740896 134.23105365514522 3
1738824740934 337.1639869673689 4
1738824740973 172.21697855305487 5
1738824741012 179.7147507106519 6
1738824741052 84.83276496783536 7
1738824741090 161.1063249880047 8
1738824741129 108.94254157386537 9
1738824741167 145.15222278912518 10
1738824741206 158.1573593599168 11
1738824741244 273.2338446267447 12
1738824741282 185.92198172984916 13
1738824741321 143.84346801833235 14
1738824741359 186.66013137094845 15
1738824741397 181.98405587958388 16
1738824741435 155.85308393916733 17
1738824741474 180.8038827698353 18
1738824741511 103.79443924694743 19
1738824741548 155.50157305230277 20
1738824741584 165.73254208696395 21
1738824741621 162.29887407526354 22
1738824741659 121.35907815455148 23
1738824741697 176.53274134078316 24
1738824741734 214.22620352041122 25
1738824741772 152.36197866236293 26
1738824741809 268.58407443987903 27
1738824741846 211.8982697621292 28
1738824741883 120.29097710139754 29
1738824741920 117.90929743142483 30
1738824741959 157.18482208991153 31
1738824741997 114.20581226084734 32
1738824742033 200.7450019875276 33
1738824742071 170.79137269676716 34
1738824742108 156.02631601629554 35
1738824742145 198.7876957157918 36
1738824742182 1.3315270391322422 37
1738824742219 195.26438895884306 38
1738824742257 100.65227413386324 39
1738824742295 153.49135622151064 40
1738824742333 257.4590292820981 41
1738824742371 225.51143875127798 42
1738824742408 134.50177278037683 43
1738824742446 108.45500525129685 44
1738824742483 174.76403781210672 45
1738824742520 182.19422407626325 46
1738824742556 174.02975474103113 47
1738824742593 115.2392389580255 48
1738824742630 175.86566680574953 49
1738824742666 172.17779008047572 50
1738824742703 166.44626198752712 51
1738824742741 166.71303845220643 52
1738824742778 199.34501259387824 53
1738824742816 246.00632258137983 54
1738824742853 177.22845316650123 55
1738824742891 254.30272796782802 56
1738824742928 160.9838069807616 57
1738824742964 147.98513086650973 58
1738824743002 228.60928611763805 59
1738824743039 181.98682148830056 60
1738824743075 156.79434364081078 61
1738824743112 150.47784424767366 62
1738824743149 251.0117010259696 63
1738824743185 163.5551488751663 64
1738824743222 225.16491285385453 65
1738824743259 129.9648795560917 66
1738824743297 141.78673935122407 67
1738824743334 144.0355584145597 68
1738824743371 157.84443942857484 69
1738824743410 214.34499667240908 70
1738824743447 133.79359469194907 71
1738824743484 214.55202018250975 72
1738824743522 183.38580283711661 73
1738824743558 198.63290446936097 74
1738824743595 181.67723099469848 75
1738824743631 182.5306304498497 76
1738824743668 163.05784769247015 77
1738824743705 196.81947220508775 78
1738824743743 208.0089419591342 79
1738824743780 173.94548050692165 80
1738824743818 181.00446600699362 81
1738824743855 165.50138013447548 82
1738824743892 180.96038634576038 83
1738824743929 169.60924058789678 84
1738824743966 142.11599604109497 85
1738824744003 156.82347109244955 86
1738824744041 187.53143261448045 87
1738824744077 134.43997832735843 88
1738824744114 158.87845807842322 89
1738824744151 193.00137951189492 90
1738824744187 195.5844014125839 91
1738824744225 176.3060365738686 92
1738824744262 119.85643106549338 93
1738824744299 220.30662634860244 94
1738824744337 186.940792960082 95
1738824744373 161.43944644101202 96
1738824744410 191.06052201020933 97
1738824744446 175.48716508148638 98
1738824744484 212.89297822794805 99
1738824744521 119.49571108651125 100
1738824744558 173.30847602656033 101
1738824744596 167.06344092520155 102
1738824744657 253.2776914542842 103
1738824744696 260.7264914792541 104
1738824744734 115.20639821082855 105
1738824744773 171.61314338666244 106
1738824744810 148.47847965884242 107
1738824744847 110.05795550148738 108
1738824744884 164.15361753042893 109
1738824744921 175.80988595794912 110
1738824744959 157.9481425088634 111
1738824744997 129.8467686652548 112
1738824745034 169.9243439928395 113
1738824745071 167.01365344051874 114
1738824745109 177.83350043114908 115
1738824745146 124.51083539664634 116
1738824745185 155.65735394373945 117
1738824745223 126.91009131122844 118
1738824745260 155.73454326785833 119
1738824745297 144.7640721579048 120
1738824745335 153.6121979737942 121
1738824745372 225.33526041001554 122
1738824745410 138.90285994929405 123
1738824745446 202.91512749630513 124
1738824745484 146.63555117290986 125
1738824745522 143.57457764162822 126
1738824745559 247.3137615296554 127
1738824745597 177.23332443306316 128
1738824745634 97.800572037419 129
1738824745671 169.2174219547921 130
1738824745709 164.70797854645298 131
1738824745746 187.02554136430106 132
1738824745784 171.93258974214052 133
1738824745823 115.26947281568866 134
1738824745861 167.6126275565922 135
1738824745899 141.96971645239196 136
1738824745937 169.34709342049666 137
1738824745974 194.34323515118112 138
1738824746011 159.3527470776533 139
1738824746049 228.4100851220757 140
1738824746086 158.85148627041912 141
1738824746123 311.00833927312397 142
1738824746161 154.01722695643969 143
1738824746198 167.38232722455396 144
1738824746235 157.07579143985208 145
1738824746273 189.00880168693848 146
1738824746310 134.73788843596887 147
1738824746347 191.47964453748529 148
1738824746385 211.82015774782624 149
1738824746422 198.70107869180114 150
1738824746460 153.1050531237745 151
1738824746497 141.9293284119952 152
1738824746534 206.49087005183466 153
1738824746571 156.23015103994507 154
1738824746609 117.33965481116161 155
1738824746646 126.76964398435665 156
1738824746683 165.23513190915864 157
1738824746720 188.66248491631768 158
1738824746758 147.32422643751624 159
1738824746795 166.93270750661904 160
1738824746832 190.34935793161262 161
1738824746869 161.61434091562884 162
1738824746907 236.05051281003054 163
1738824746944 162.67320852523375 164
1738824746981 215.20046487528967 165
1738824747019 185.29362841569926 166
1738824747056 166.47905852041788 167
1738824747094 166.8965826855445 168
1738824747131 185.0118650680255 169
1738824747168 178.81085529761788 170
1738824747205 210.29184483485022 171
1738824747242 244.34576021368443 172
1738824747280 187.18528852591103 173
1738824747317 117.32850796538462 174
1738824747355 221.72937541663256 175
1738824747393 167.36941046687735 176
1738824747430 171.79803581383516 177
1738824747468 158.57042097512448 178
1738824747506 136.37121375501354 179
1738824747543 195.68633219213794 180
1738824747581 229.81305316686388 181
1738824747618 184.63192849594355 182
1738824747655 187.94996609497727 183
1738824747692 178.142775267567 184
1738824747730 232.12130363756523 185
1738824747767 114.38284687742191 186
1738824747805 186.19917652507942 187
1738824747842 149.30196155464597 188
1738824747879 157.6759415937117 189
1738824747916 160.6048472717648 190
1738824747954 240.8869707520869 191
1738824747992 168.94951344431277 192
1738824748029 157.28315061981314 193
1738824748066 101.91227796139071 194
1738824748103 178.61652104739022 195
1738824748139 169.53228042300105 196
1738824748176 164.40740703950206 197
1738824748214 189.37636901197652 198
1738824748251 139.1438647054284 199
1738824748289 134.5272420402075 200
1738824748326 195.46691856280833 201
1738824748364 161.99911088216714 202
1738824748402 195.0512530202442 203
1738824748440 169.74413951423952 204
1738824748478 138.97188441136745 205
1738824748515 159.21630216495726 206
1738824748553 144.93134405105351 207
1738824748590 112.76619224170143 208
1738824748628 156.70782875158747 209
1738824748665 196.76952296382026 210
1738824748702 199.5887203481669 211
1738824748739 156.33052025495635 212
1738824748777 142.69188771833976 213
1738824748814 145.92951602593809 214
1738824748851 183.56226222315968 215
1738824748887 181.4082242648228 216
1738824748924 261.15627834044136 217
1738824748961 163.24941225953657 218
1738824748998 178.3969626381093 219
1738824749035 187.65774436194354 220
1738824749072 153.3282962632941 221
1738824749109 190.87862629513492 222
1738824749146 190.90169626389596 223
1738824749182 192.24932235042203 224
1738824749228 165.6812084595573 225
1738824749267 123.33096589917206 226
1738824749305 115.17622641056026 227
1738824749343 239.164209197178 228
1738824749381 235.03603754517195 229
1738824749419 180.83280981534242 230
1738824749462 191.56020301837808 231
1738824749501 159.8477090018643 232
1738824749540 185.33725475469916 233
1738824749577 178.04450984818106 234
1738824749615 191.61674899194918 235
1738824749654 147.30721670171374 236
1738824749692 180.7945792579179 237
1738824749730 28.177310128602866 238
1738824749767 147.58158634249136 239
1738824749805 169.25315143179972 240
1738824749842 112.1252549277418 241
1738824749879 196.62239656623066 242
1738824749917 240.04161007066767 243
1738824749955 252.30780640197634 244
1738824749993 1.4791158312604755 245
1738824750031 130.14806077423717 246
1738824750069 96.9899654525952 247
1738824750107 153.73406501023842 248
1738824750144 82.86590760372067 249
1738824750182 115.1734353518289 250
1738824750220 171.47387492119893 251
1738824750257 169.07977774370542 252
1738824750295 152.7033036376026 253
1738824750333 155.20468552842368 254
1738824750370 167.5408181739145 255
1738824750409 140.4145082149847 256
1738824750446 200.55075138663784 257
1738824750484 168.59046321131848 258
1738824750521 178.76748052032684 259
1738824750559 185.61356159957893 260
1738824750596 125.10438951702616 261
1738824750635 183.5851622386739 262
1738824750675 133.99195009862672 263
1738824750714 174.45039969662452 264
1738824750752 163.88260694809105 265
1738824750790 147.50180716449228 266
1738824750828 119.95772028356289 267
1738824750866 222.95654662447183 268
1738824750903 175.79193165119096 269
1738824750941 202.85431691443938 270
1738824750979 171.5102357018566 271
1738824751016 175.7616569933611 272
1738824751054 217.8598588446739 273
1738824751091 174.00592588531407 274
1738824751129 184.0712448774982 275
1738824751166 162.05520570595192 276
1738824751203 176.7184643580036 277
1738824751240 190.28315885849045 278
1738824751277 175.03272505069575 279
1738824751314 182.16138586200628 280
1738824751352 169.44718539820158 281
1738824751390 142.82867034421915 282
1738824751426 146.53566955626613 283
1738824751463 275.70416100301475 284
1738824751501 190.12800504952887 285
1738824751538 231.14722860283956 286
1738824751576 180.9400635576923 287
1738824751614 129.21622220397836 288
1738824751652 144.05496389366533 289
1738824751689 163.74535102095814 290
1738824751727 143.99984327828912 291
1738824751765 151.34734029763206 292
1738824751802 228.7604447789733 293
1738824751841 176.47176939318382 294
1738824751879 166.97826597765328 295
1738824751916 190.87937648328452 296
1738824751954 169.70640397460852 297
1738824751991 168.03984645915776 298
1738824752029 90.64272014614104 299
1738824752066 171.53546226629865 300
1738824752104 206.39646773367718 301
1738824752141 180.85235495986174 302
1738824752179 330.5015162213458 303
1738824752216 195.17365676490763 304
1738824752254 79.7451433973547 305
1738824752291 344.8243998157479 306
1738824752329 120.55479110391752 307
1738824752366 122.66492336792436 308
1738824752404 209.21695589088873 309
1738824752442 119.62923242526185 310
1738824752480 177.59173848220175 311
1738824752517 155.21005384205958 312
1738824752555 180.6390481285451 313
1738824752592 182.70426308353603 314
1738824752630 62.25871676040639 315
1738824752668 167.04690809894947 316
1738824752705 144.4978272443128 317
1738824752743 170.61247275679926 318
1738824752781 194.35557415065873 319
1738824752819 184.43603368186402 320
1738824752857 162.93882466240234 321
1738824752894 141.99069233283907 322
1738824752931 187.70547393015687 323
1738824752970 154.49921437807262 324
1738824753009 88.0904825577226 325
1738824753047 165.7084219463698 326
1738824753085 210.26070080028381 327
1738824753122 206.79835017835111 328
1738824753160 148.3537813740646 329
1738824753197 111.25423632013572 330
1738824753235 186.60756171413445 331
1738824753272 177.11322637188192 332
1738824753309 139.25589720809262 333
1738824753347 178.62276688958582 334
1738824753385 77.45291312908788 335
1738824753422 133.6477834602084 336
1738824753462 176.83548482291198 337
1738824753501 207.93691896111508 338
1738824753539 161.74185493482778 339
1738824753577 203.72768168731508 340
1738824753616 166.98057912915684 341
1738824753696 178.74652266445665 342
1738824753736 328.27544841598814 343
1738824753776 233.8349904222579 344
1738824753815 160.54945454201868 345
1738824753853 145.97712543558472 346
1738824753892 177.23371347488103 347
1738824753930 202.16567380339546 348
1738824753968 116.8375944277223 349
1738824754006 192.64662973282768 350
1738824754045 235.1447520437111 351
1738824754083 156.2066876491773 352
1738824754121 191.51765304215826 353
1738824754159 115.44143393274722 354
1738824754197 171.85295932588517 355
1738824754236 147.71024818712422 356
1738824754274 167.91107983297985 357
1738824754313 130.21184652174188 358
1738824754351 289.33553674373314 359
1738824754390 128.45563488202674 360
1738824754427 163.51821493932263 361
1738824754466 105.37550859734769 362
1738824754504 143.10652819662096 363
1738824754542 174.7948959971796 364
1738824754580 155.0275561427507 365
1738824754618 153.84814080721847 366
1738824754657 195.60525781804242 367
1738824754700 154.64712492361912 368
1738824754741 220.55655477117847 369
1738824754784 196.02140965475218 370
1738824754868 151.40092496582602 371
1738824754911 228.38611358931854 372
1738824754953 240.89326008169527 373
1738824754994 153.1441818936504 374
1738824755034 173.10031164125834 375
1738824755072 184.22378300311235 376
1738824755111 195.51981322978907 377
1738824755149 264.6627463373727 378
1738824755188 120.6377214189719 379
1738824755226 83.98819666191066 380
1738824755263 175.17544024514223 381
1738824755301 150.61077253167687 382
1738824755339 194.0133637008921 383
1738824755377 154.02680151973595 384
1738824755415 169.88035347875393 385
1738824755453 168.13728788789777 386
1738824755491 166.078532212645 387
1738824755528 245.12140970917432 388
1738824755566 197.4338035404886 389
1738824755604 251.38544691397138 390
1738824755642 179.24697825379278 391
1738824755679 148.78483288969448 392
1738824755717 146.5159434929139 393
1738824755755 197.89447731314195 394
1738824755793 242.24321448278928 395
1738824755830 192.0783912087862 396
1738824755868 164.4940841722515 397
1738824755906 196.53791023160804 398
1738824755944 144.65907842951685 399
1738824755981 181.86946384735094 400
1738824756018 200.8949528687073 401
1738824756056 353.1057158035966 402
1738824756093 62.97620637199816 403
1738824756130 134.84804110346002 404
1738824756168 215.02879081494189 405
1738824756205 170.10128273637912 406
1738824756243 190.85981968943935 407
1738824756279 167.68207282883048 408
1738824756317 179.76051625372233 409
1738824756393 151.12964876397749 410
1738824756433 131.4394543965318 411
1738824756472 151.21877297561932 412
1738824756512 174.62358066148562 413
1738824756550 133.00031866468146 414
1738824756588 166.96189229868483 415
1738824756625 361.3628878344024 416
1738824756663 151.66692209766077 417
1738824756700 181.46426423972363 418
1738824756737 222.05534916486167 419
1738824756774 143.84186432259702 420
1738824756812 194.18983708176043 421
1738824756850 148.80860569270536 422
1738824756887 198.1744219957337 423
1738824756925 211.16239767648958 424
1738824756962 184.91751807786935 425
1738824757000 280.1004238993151 426
1738824757039 184.8258449421717 427
1738824757076 95.1504424191998 428
1738824757113 178.77357402787746 429
1738824757152 160.50806666220225 430
1738824757190 239.85889440613107 431
1738824757229 163.87103336602007 432
1738824757269 187.00586376591303 433
1738824757307 177.74812416155194 434
1738824757345 353.95401711820585 435
1738824757383 186.57479876701615 436
1738824757421 136.65797314506213 437
1738824757458 108.33320081172495 438
1738824757496 184.1678915245894 439
1738824757535 129.6795409043548 440
1738824757572 170.3889342109516 441
1738824757610 184.23782047699342 442
1738824757648 173.93639663942065 443
1738824757686 180.10485623426067 444
1738824757725 147.71715643445643 445
1738824757762 140.41274318353715 446
1738824757800 194.53370710726668 447
1738824757838 162.85528175751628 448
1738824757876 429.3022452785443 449
1738824757913 165.16596335040836 450
1738824757950 151.77220032568604 451
1738824757988 208.6946745554303 452
1738824758025 177.35104889219065 453
1738824758063 165.7981627066377 454
1738824758100 177.24150456512405 455
1738824758138 484.70018125756593 456
1738824758175 141.09173594427946 457
1738824758213 156.05507472597586 458
1738824758250 234.95076825401387 459
1738824758287 172.71178465331607 460
1738824758325 210.34062508614082 461
1738824758362 167.77056364841602 462
1738824758400 173.95132821143753 463
1738824758437 169.55714837543874 464
1738824758475 180.4754088613896 465
1738824758512 220.58664513382575 466
1738824758549 417.11995235879243 467
1738824758586 185.8730786114838 468
1738824758624 165.58707121438562 469
1738824758661 190.146523570277 470
1738824758698 184.28143223102796 471
1738824758735 116.98613543206122 472
1738824758772 299.9913762788131 473
1738824758810 163.38352044379772 474
1738824758848 171.8906169824329 475
1738824758885 152.91637142797305 476
1738824758924 107.49844065801207 477
1738824758965 189.07508181731313 478
1738824759003 231.19076237681313 479
1738824759040 193.41518530810754 480
1738824759077 122.04374809689511 481
1738824759114 105.72654547481683 482
1738824759153 145.01957259996462 483
1738824759190 116.17467793554417 484
1738824759227 140.77556229118616 485
1738824759264 247.76115912908725 486
1738824759302 54.90606326056516 487
1738824759339 170.08017325501484 488
1738824759376 175.43673263765342 489
1738824759413 120.37488404905169 490
1738824759450 174.60614201893776 491
1738824759489 181.43510464059705 492
1738824759527 150.6803299252326 493
1738824759564 195.5726540703415 494
1738824759602 165.92225919623831 495
1738824759638 162.3597266996663 496
1738824759676 177.25562051675678 497
1738824759715 204.9445813052406 498
1738824759764 109.55075653505013 499
