1738679978018 140.40013277146574 0
1738679978060 150.08390900462612 1
1738679978102 48.768228526769164 2
1738679978144 168.98498100568378 3
1738679978185 189.4113183908181 4
1738679978228 232.70653674933814 5
1738679978288 100.95766487665644 6
1738679978332 126.91909774453502 7
1738679978374 212.57422088865698 8
1738679978416 164.28280488512604 9
1738679978458 241.48802328536578 10
1738679978499 213.31224964175846 11
1738679978540 197.4725623917119 12
1738679978582 175.6930432612513 13
1738679978624 171.82563847068448 14
1738679978666 174.87067418328954 15
1738679978709 159.34558849461558 16
1738679978751 120.05714524808707 17
1738679978791 181.3651346587378 18
1738679978832 230.74820366924774 19
1738679978873 225.08867940663768 20
1738679978913 188.9393636571066 21
1738679978953 176.26844332998184 22
1738679978994 120.34032993167034 23
1738679979035 208.77233382333958 24
1738679979075 241.0688597628906 25
1738679979116 243.33104481137755 26
1738679979156 224.39108568307097 27
1738679979197 187.0670454251176 28
1738679979237 159.34182341278645 29
1738679979278 93.1369858808932 30
1738679979321 207.47853612802564 31
1738679979362 210.44910008622378 32
1738679979403 170.61507358633165 33
1738679979444 64.75780687167975 34
1738679979484 163.3111210394342 35
1738679979526 203.76728642953097 36
1738679979566 163.07784794508018 37
1738679979607 156.97787702891225 38
1738679979648 186.3119453432113 39
1738679979689 166.67552829429232 40
1738679979729 40.97233205271099 41
1738679979770 92.16254123131898 42
1738679979810 176.76497232317666 43
1738679979851 252.57334610426625 44
1738679979892 152.76219067438663 45
1738679979933 182.5946337002891 46
1738679979974 174.64393335147454 47
1738679980015 158.42775058814811 48
1738679980056 107.9918875107291 49
1738679980096 153.70820640961705 50
1738679980137 161.48663016951934 51
1738679980177 133.77117597340813 52
1738679980218 208.20139021271555 53
1738679980259 228.40853034923572 54
1738679980299 132.80869258125955 55
1738679980339 212.12577374911032 56
1738679980380 120.62074727813551 57
1738679980423 163.31345819119773 58
1738679980465 67.94106498388845 59
1738679980507 218.0500196305553 60
1738679980552 186.12856814227226 61
1738679980593 133.9727835896852 62
1738679980633 173.0608055664734 63
1738679980675 115.57788423172943 64
1738679980716 173.0411980471275 65
1738679980757 199.14145343085798 66
1738679980797 145.98840622040407 67
1738679980837 201.3468856845459 68
1738679980878 186.89769275223804 69
1738679980918 125.81404799297428 70
1738679980959 203.24457145590884 71
1738679981000 99.54491036783205 72
1738679981040 135.65490941079887 73
1738679981081 162.01010444955094 74
1738679981121 237.9783326837239 75
1738679981162 83.61858458941923 76
1738679981203 153.5032281683649 77
1738679981244 173.75264393720738 78
1738679981284 186.65987347345137 79
1738679981324 85.71126674965036 80
1738679981364 201.3478587081422 81
1738679981405 176.83964265461572 82
1738679981446 227.47524384345792 83
1738679981487 157.61525221125308 84
1738679981527 211.4552913282147 85
1738679981568 119.66271253906362 86
1738679981609 221.5390679607669 87
1738679981649 67.13360304967794 88
1738679981690 230.82388006593226 89
1738679981731 217.6102197400183 90
1738679981772 194.26419618971764 91
1738679981812 85.04882228225638 92
1738679981853 224.0126923081382 93
1738679981893 215.70299927973574 94
1738679981934 184.37173698011497 95
1738679981974 121.43635902083602 96
1738679982015 176.11804707886276 97
1738679982056 226.99224611087095 98
1738679982096 126.09393740149433 99
1738679982137 98.92252609772314 100
1738679982178 138.79684687004476 101
1738679982218 283.2709244427052 102
1738679982259 235.1374085956534 103
1738679982300 163.69584290754898 104
1738679982343 125.33148423460698 105
1738679982383 195.24037287046463 106
1738679982424 302.13154603923647 107
1738679982464 225.03060962645074 108
1738679982505 158.2745555381237 109
1738679982545 192.01263245119088 110
1738679982586 142.5342397307161 111
1738679982626 161.68022540218237 112
1738679982666 200.37150902687495 113
1738679982707 183.34285713967637 114
1738679982747 140.53410761798665 115
1738679982788 212.80730793922876 116
1738679982829 106.94328388662667 117
1738679982869 175.51297839477056 118
1738679982910 123.66555837859987 119
1738679982950 157.1090098813744 120
1738679982991 184.28751912359104 121
1738679983032 182.48633174438132 122
1738679983073 163.7759422848955 123
1738679983113 159.2223162316515 124
1738679983153 178.5344853395338 125
1738679983194 124.8364714084501 126
1738679983235 121.3071801843011 127
1738679983275 210.21217382293807 128
1738679983315 72.62680698888411 129
1738679983356 141.5396492452236 130
1738679983396 150.8339303063825 131
1738679983437 151.40405169644802 132
1738679983478 209.2739986534759 133
1738679983519 151.54157276182474 134
1738679983560 113.45171621152755 135
1738679983600 197.42535463265517 136
1738679983641 164.45509832383374 137
1738679983682 184.93291995329284 138
1738679983723 112.97770272706362 139
1738679983764 141.94491214340744 140
1738679983804 207.871450986082 141
1738679983845 183.58129520114278 142
1738679983886 164.08369082565784 143
1738679983927 220.1823194494702 144
1738679983967 170.5159092720847 145
1738679984008 173.7901341615073 146
1738679984048 101.06659298825227 147
1738679984088 246.0725519429344 148
1738679984129 173.6420753599438 149
1738679984169 162.3599449820588 150
1738679984209 170.53222280353114 151
1738679984250 211.87324426940086 152
1738679984290 159.36096025662073 153
1738679984331 219.1666975304668 154
1738679984371 164.85014240455772 155
1738679984412 177.76821201472495 156
1738679984453 170.51504584393865 157
1738679984493 98.86860094266164 158
1738679984534 156.02824519069628 159
1738679984575 181.51304793732618 160
1738679984615 82.24118760006341 161
1738679984655 200.835412660908 162
1738679984695 68.82873668906268 163
1738679984736 116.6818692135881 164
1738679984776 170.85323721383756 165
1738679984818 104.03681590673146 166
1738679984859 145.38861016709464 167
1738679984900 204.0756607839777 168
1738679984940 171.28457389694975 169
1738679984980 186.04151973489334 170
1738679985021 195.19680005234227 171
1738679985061 204.33372925799839 172
1738679985102 265.631643762057 173
1738679985142 190.6615851509418 174
1738679985182 180.21518971539763 175
1738679985223 176.24005078320937 176
1738679985264 133.16122366275926 177
1738679985304 143.23627765701113 178
1738679985346 186.55321821119082 179
1738679985387 223.80425516159536 180
1738679985428 168.1528273094002 181
1738679985469 173.39563504440025 182
1738679985509 185.74005808208202 183
1738679985550 89.53789192894062 184
1738679985590 149.94526526676773 185
1738679985631 228.06720164638855 186
1738679985671 175.52974958025192 187
1738679985712 171.4469603092499 188
1738679985752 59.65094236699564 189
1738679985792 156.6234397872699 190
1738679985833 187.01030800086488 191
1738679985873 205.405603744053 192
1738679985913 224.20934167711454 193
1738679985954 162.00012490234135 194
1738679985994 187.80463327089035 195
1738679986035 160.16319298684368 196
1738679986076 260.54752828162617 197
1738679986117 138.86251658440855 198
1738679986157 240.95843119378887 199
1738679986197 136.9891657206368 200
1738679986238 204.04400296549093 201
1738679986278 160.667482378183 202
1738679986321 184.4956121399269 203
1738679986362 184.68100768596273 204
1738679986402 185.79863268251404 205
1738679986443 180.80731007178213 206
1738679986483 175.33731007742531 207
1738679986524 182.23366768244324 208
1738679986565 138.7743452203376 209
1738679986606 142.88877400732272 210
1738679986647 207.07441909330043 211
1738679986687 139.24826450118246 212
1738679986727 152.76592121001354 213
1738679986768 164.40160147403486 214
1738679986808 154.7198753112692 215
1738679986850 132.96280611890612 216
1738679986892 99.39894365776917 217
1738679986933 162.0888638544072 218
1738679986974 126.2518716670405 219
1738679987014 173.86553823045648 220
1738679987056 81.24016179379369 221
1738679987096 169.95365360238623 222
1738679987137 150.0527200273421 223
1738679987178 203.777526014186 224
1738679987219 162.44315116840815 225
1738679987260 114.73286375971695 226
1738679987301 36.17605067709598 227
1738679987341 170.01222680217944 228
1738679987382 181.45232674796839 229
1738679987422 216.54168134024883 230
1738679987463 147.7885956744721 231
1738679987503 179.300636749251 232
1738679987544 189.70514069623326 233
1738679987585 133.73800915785904 234
1738679987626 195.7729694985575 235
1738679987667 201.70017704170212 236
1738679987707 162.11077263134467 237
1738679987749 186.06208405204916 238
1738679987789 180.69482635813407 239
1738679987830 162.82161746563 240
1738679987870 195.590565821262 241
1738679987910 166.23640502115694 242
1738679987951 171.02207341287868 243
1738679987991 174.74772359777523 244
1738679988032 160.58045441175474 245
1738679988072 147.4162120553577 246
1738679988113 211.33607612295745 247
1738679988155 206.08144969457206 248
1738679988196 182.66790428183072 249
1738679988236 328.4738213956052 250
1738679988277 157.3532563987684 251
1738679988318 131.84099042646383 252
1738679988358 105.79214779476644 253
1738679988399 162.69826648509303 254
1738679988439 203.87108189971468 255
1738679988479 213.91295351363814 256
1738679988520 170.9014487663088 257
1738679988560 179.32422940308862 258
1738679988600 147.88422418278148 259
1738679988641 176.87478885474047 260
1738679988682 59.04989724911779 261
1738679988723 163.09854880839183 262
1738679988764 182.70920777842645 263
1738679988804 194.36291795165195 264
1738679988844 201.24080521416246 265
1738679988885 199.07396251547013 266
1738679988925 124.04895230010897 267
1738679988966 105.96067522562647 268
1738679989007 150.48226688479966 269
1738679989048 214.0844792377568 270
1738679989089 220.0398634684428 271
1738679989129 212.48246716616796 272
1738679989170 170.55825700221013 273
1738679989210 142.11271004127144 274
1738679989251 172.63927673286958 275
1738679989292 135.46404791487328 276
1738679989332 180.6772596203717 277
1738679989372 132.33975913554897 278
1738679989413 142.42641654996862 279
1738679989453 178.74627007546013 280
1738679989494 185.3117554922935 281
1738679989534 294.4809728114697 282
1738679989575 196.4905651570205 283
1738679989616 194.6298173445575 284
1738679989656 163.1697142844302 285
1738679989697 245.19108143592277 286
1738679989738 158.84560456715883 287
1738679989779 125.17338112725336 288
1738679989819 177.72575426092845 289
1738679989859 154.0417187300934 290
1738679989900 171.00507505852985 291
1738679989940 183.97645785814962 292
1738679989980 132.18773636705518 293
1738679990021 132.59218627437406 294
1738679990062 165.36725911958197 295
1738679990103 204.40368481406716 296
1738679990143 164.7707301267539 297
1738679990184 196.4291639050922 298
1738679990224 224.63068853754464 299
1738679990264 179.84770795026677 300
1738679990305 184.84882019513643 301
1738679990345 186.11839783248726 302
1738679990387 185.32547783853772 303
1738679990428 144.4625340706592 304
1738679990469 162.72078805150974 305
1738679990509 191.3617472999072 306
1738679990551 128.0810015165425 307
1738679990591 172.7468255634977 308
1738679990632 179.27230734557537 309
1738679990673 195.46210387619175 310
1738679990714 321.69424733236605 311
1738679990754 159.6425281298633 312
1738679990795 157.16232914852318 313
1738679990835 204.37929718678836 314
1738679990876 221.49659522765398 315
1738679990917 135.38684911937216 316
1738679990957 198.19796341092174 317
1738679990998 202.258009396899 318
1738679991038 198.57862706875235 319
1738679991079 217.5331976971308 320
1738679991120 179.00599502303442 321
1738679991160 300.96305115298213 322
1738679991201 196.32125340964467 323
1738679991241 178.71856265610583 324
1738679991282 182.16021097663136 325
1738679991322 182.22663344670136 326
1738679991363 170.9935177602219 327
1738679991403 172.3774864635543 328
1738679991444 107.46372819092389 329
1738679991484 165.7564263157504 330
1738679991525 154.409178054146 331
1738679991565 174.54221811222126 332
1738679991605 171.65960605851689 333
1738679991645 355.50525338085515 334
1738679991686 156.87911233688604 335
1738679991727 170.40177659996814 336
1738679991767 196.2484226316207 337
1738679991807 86.42969292144666 338
1738679991848 186.6009273017035 339
1738679991889 177.23740585631725 340
1738679991930 204.938787510223 341
1738679991971 161.27732706090137 342
1738679992013 163.8521095192047 343
1738679992053 320.76237020735124 344
1738679992094 198.81844503989345 345
1738679992141 98.69356636114155 346
1738679992185 166.9970736024004 347
1738679992231 180.3991151246269 348
1738679992274 109.71300284907485 349
1738679992319 163.46451921381987 350
1738679992364 184.11572476654837 351
1738679992410 217.93293588322013 352
1738679992453 160.96485166037283 353
1738679992497 152.080306326387 354
1738679992542 100.89850153037955 355
1738679992591 157.45207517791337 356
1738679992636 285.92375750849556 357
1738679992681 172.02915040781667 358
1738679992727 214.2864683000176 359
1738679992771 155.402822073334 360
1738679992815 157.27599266506985 361
1738679992860 295.0397318778044 362
1738679992904 175.53332956205412 363
1738679992949 159.69180748169921 364
1738679992993 123.07791759081039 365
1738679993038 250.99694943445215 366
1738679993082 181.8546960671734 367
1738679993126 206.07318110888215 368
1738679993167 188.15136391701992 369
1738679993207 176.50277755189188 370
1738679993248 176.37539334998334 371
1738679993290 148.07833986848732 372
1738679993331 180.09153260383695 373
1738679993373 162.67766571213153 374
1738679993413 186.54760328846865 375
1738679993454 200.46084955541795 376
1738679993495 220.40906297540286 377
1738679993536 160.41725983590587 378
1738679993576 206.6622073154242 379
1738679993617 163.46144593976538 380
1738679993657 124.29009725767797 381
1738679993698 156.24182893171988 382
1738679993738 263.90416403703114 383
1738679993779 227.91454023910325 384
1738679993821 194.89232263152314 385
1738679993861 108.05645292429072 386
1738679993902 147.0419328157905 387
1738679993943 187.1348316493733 388
1738679993983 84.61402356592525 389
1738679994024 133.05493738048074 390
1738679994065 133.44228217660992 391
1738679994106 249.43582957867514 392
1738679994147 138.34630855478594 393
1738679994187 268.34073394533374 394
1738679994229 297.8956310329213 395
1738679994269 228.6913915573841 396
1738679994310 74.96788656973541 397
1738679994351 178.37877317999968 398
1738679994391 148.32403929838011 399
1738679994432 165.88366552933974 400
1738679994473 231.82698974403783 401
1738679994513 171.31505881967306 402
1738679994554 204.28365837114055 403
1738679994595 149.30710450424394 404
1738679994635 161.85221698402935 405
1738679994676 199.37662344975277 406
1738679994717 248.07515178864534 407
1738679994757 168.89388470543796 408
1738679994799 133.49883908912085 409
1738679994839 122.93998945503309 410
1738679994880 290.43276791266027 411
1738679994921 150.02830467649247 412
1738679994962 123.29197220970332 413
1738679995003 117.15673745415617 414
1738679995043 194.96568264923187 415
1738679995083 111.24323012839358 416
1738679995124 144.04745344296063 417
1738679995165 290.9747274802476 418
1738679995205 174.72240848874142 419
1738679995245 178.60552218945816 420
1738679995286 179.64178471673694 421
1738679995327 163.7458928971652 422
1738679995367 179.01585617772304 423
1738679995409 146.48444594305113 424
1738679995450 155.12885428131068 425
1738679995491 177.46445027752605 426
1738679995532 183.40843754999278 427
1738679995573 207.92530603497167 428
1738679995614 203.11970807058293 429
1738679995655 172.07876819736663 430
1738679995700 165.65438196797487 431
1738679995742 217.4402415653173 432
1738679995784 55.60724557733574 433
1738679995825 163.86604367006365 434
1738679995866 129.04926018663033 435
1738679995908 153.98497542981352 436
1738679995950 163.6949815423342 437
1738679995992 202.89235168671826 438
1738679996033 135.26613776775574 439
1738679996074 160.9556255441715 440
1738679996115 209.0181880129427 441
1738679996157 111.54771306849496 442
1738679996200 141.5764046073365 443
1738679996241 186.65395903625944 444
1738679996281 172.19315463512456 445
1738679996321 201.20448976198213 446
1738679996362 349.81151854944477 447
1738679996402 210.46566001129372 448
1738679996443 190.45393342212506 449
1738679996483 121.23478347161445 450
1738679996524 194.5744198260409 451
1738679996565 185.02728193700165 452
1738679996606 191.88129623451601 453
1738679996646 113.56351716472209 454
1738679996687 232.5260346890007 455
1738679996727 172.57286596718956 456
1738679996768 193.75375443279466 457
1738679996808 243.61641396631887 458
1738679996849 136.1303430900099 459
1738679996890 96.58747831751762 460
1738679996930 130.96875757128416 461
1738679996971 141.23998575711963 462
1738679997012 151.35466800568528 463
1738679997053 179.9904616073562 464
1738679997093 164.8670702959342 465
1738679997135 190.0966205457151 466
1738679997175 133.24587983734594 467
1738679997216 146.49549870607768 468
1738679997256 168.15917172193724 469
1738679997297 183.60712047160953 470
1738679997337 182.2391805483208 471
1738679997378 175.15514999861222 472
1738679997419 121.38250608839252 473
1738679997459 227.0631369518136 474
1738679997500 179.35386365115127 475
1738679997541 175.77739477559516 476
1738679997581 201.1039376507328 477
1738679997622 130.76880976973447 478
1738679997663 181.07948402366512 479
1738679997703 85.37621053623008 480
1738679997743 181.67393940876272 481
1738679997784 207.30525715676842 482
1738679997824 213.1274663205893 483
1738679997864 152.14813589011706 484
1738679997904 195.9572859813809 485
1738679997944 158.89800207322037 486
1738679997985 192.78595253526558 487
1738679998026 150.3326356635872 488
1738679998066 160.70327176106173 489
1738679998106 217.3768751649062 490
1738679998147 200.21820664574602 491
1738679998187 164.03460340332222 492
1738679998228 171.768180444702 493
1738679998269 128.09519894439515 494
1738679998309 168.3060747575014 495
1738679998350 107.49737096568866 496
1738679998390 177.5462060469381 497
1738679998431 145.62296757423388 498
1738679998471 219.46446219133304 499
