1738678477896 67.85382907601341 0
1738678477911 66.53565593747847 1
1738678477929 48.970313245742666 2
1738678477948 38.96703986706817 3
1738678477965 41.822807088195134 4
1738678477980 31.05675632283792 5
1738678477998 34.09115238016916 6
1738678478015 25.260792623450683 7
1738678478032 22.91296015891348 8
1738678478055 22.94143862537502 9
1738678478080 27.122558402770725 10
1738678478112 19.27845071228651 11
1738678478151 14.6411858183734 12
1738678478175 14.216524911659457 13
1738678478210 16.144079934859555 14
1738678478225 8.593158425344056 15
1738678478293 15.611171397985789 16
1738678478339 9.317936040761467 17
1738678478364 9.414697965402627 18
1738678478442 6.954583085288236 19
1738678478542 7.620512179216405 20
1738678478558 5.020627487877598 21
1738678478574 4.283584160834265 22
1738678478583 10.775950011531254 23
1738678478592 3.916731466384372 24
1738678478654 3.5257548081983567 25
1738678478695 3.2502439213548655 26
1738678478728 3.620089311402927 27
1738678478751 2.6697415131317648 28
1738678478770 2.2673627694657315 29
1738678478787 1.9852763359090702 30
1738678478815 2.1116459224870985 31
1738678478836 1.7439629727472234 32
1738678478855 1.4572900971610896 33
1738678478869 2.4048327201151407 34
1738678478885 1.464185876355342 35
1738678478902 1.3557101866891796 36
1738678478916 1.601551156708998 37
1738678478931 1.347399838334864 38
1738678478945 1.4997973855134161 39
1738678478968 0.7537478384432176 40
1738678478988 0.7815073445171082 41
1738678479019 0.8102664855000583 42
1738678479054 0.9681973723275977 43
1738678479086 0.6291554086946535 44
1738678479116 0.6731044344862086 45
1738678479145 0.6070309648352402 46
1738678479163 0.8510874723274419 47
1738678479180 0.623888757292661 48
1738678479195 0.6029612797069384 49
1738678479213 0.44534322682575184 50
1738678479226 0.4412536072564526 51
1738678479240 0.41459057427540164 52
1738678479260 0.5298210747753592 53
1738678479280 0.3044946809896338 54
1738678479302 0.3209979950456799 55
1738678479326 0.30248000739338166 56
1738678479348 0.3907884100530371 57
1738678479369 0.3526227240853624 58
1738678479387 0.3552511481757579 59
1738678479405 0.2662482573216462 60
1738678479419 0.3216854447795205 61
1738678479436 0.3903164885700754 62
1738678479453 0.2779300479722214 63
1738678479471 0.1987506777112142 64
1738678479489 0.1289734681686631 65
1738678479512 0.35425947924911133 66
1738678479535 0.24818072197745336 67
1738678479557 0.1446552390488717 68
1738678479593 0.3141248454486266 69
1738678479613 0.20318501635048755 70
1738678479629 0.24105074846530822 71
1738678479646 0.160830665140251 72
1738678479663 0.15556652018254316 73
1738678479676 0.19073260332130051 74
1738678479699 0.16566088726882064 75
1738678479715 0.1641729291313467 76
1738678479730 0.1181292634349458 77
1738678479754 0.14466505088822695 78
1738678479782 0.23233562243914238 79
1738678479851 0.1438861930687807 80
1738678479889 0.13024813781535624 81
1738678479909 0.15148636724372186 82
1738678479928 0.11120464094075623 83
1738678479952 0.15323604868982002 84
1738678479970 0.1319965801660882 85
1738678480003 0.12088502683829777 86
1738678480098 0.14135036613048915 87
1738678480117 0.13893446556048236 88
1738678480131 0.17215225673037904 89
1738678480147 0.09709875130865901 90
1738678480162 0.09127206332254506 91
1738678480176 0.10350098892919314 92
1738678480191 0.09407550137103066 93
1738678480206 0.13250083521751665 94
1738678480220 0.0606544345794811 95
1738678480235 0.1767378413521079 96
1738678480260 0.09516553846782803 97
1738678480290 0.13030088165900325 98
1738678480316 0.08368470817963604 99
1738678480336 0.11136006939548858 100
1738678480357 0.11103366229664217 101
1738678480379 0.1565374504584582 102
1738678480410 0.09921228601765927 103
1738678480428 0.1105320846937199 104
1738678480453 0.0937745927151681 105
1738678480475 0.12430248940093432 106
1738678480501 0.09552628161466106 107
1738678480523 0.09984215221154456 108
1738678480545 0.1826466335287504 109
1738678480575 0.10685911289727858 110
1738678480597 0.06747693905203415 111
1738678480620 0.10007637707532188 112
1738678480642 0.0825668380355969 113
1738678480671 0.1610748659682897 114
1738678480694 0.12089424810366403 115
1738678480718 0.07839485742808731 116
1738678480734 0.10937747980327824 117
1738678480759 0.08734228895886957 118
1738678480779 0.09177609887125475 119
1738678480840 0.0631838127125639 120
1738678480889 0.09431993630741543 121
1738678480915 0.07802307379822918 122
1738678480940 0.09658185145241883 123
1738678480960 0.08719887406004656 124
1738678480993 0.10918591069537985 125
1738678481020 0.0903332067520133 126
1738678481046 0.06398812369411018 127
1738678481070 0.09789311218037197 128
1738678481096 0.06452877181728564 129
1738678481144 0.08949046971230738 130
1738678481164 0.11279459424311064 131
1738678481186 0.09591869012691909 132
1738678481207 0.07951863918171943 133
1738678481230 0.08969948083297602 134
1738678481258 0.08983738076773416 135
1738678481278 0.08045726052211054 136
1738678481301 0.09771680935473948 137
1738678481323 0.07808996782161257 138
1738678481344 0.1154957560500192 139
1738678481363 0.11864168925552356 140
1738678481389 0.11236846640811725 141
1738678481407 0.0787817340322405 142
1738678481425 0.09897983805685151 143
1738678481444 0.10771985953776293 144
1738678481463 0.14469351277105122 145
1738678481482 0.0691884444437355 146
1738678481531 0.03832080975086334 147
1738678481570 0.10751755728583366 148
1738678481684 0.09247649683781498 149
1738678481740 0.08393196824938898 150
1738678481760 0.08244766472623934 151
1738678481781 0.05810382821056352 152
1738678481809 0.09802785360678598 153
1738678481825 0.08461916635439977 154
1738678481841 0.06671980328957096 155
1738678481874 0.07144876548810287 156
1738678481925 0.10143278756517106 157
1738678481954 0.10315997467483204 158
1738678481979 0.07186788864174726 159
1738678481999 0.08203534175372747 160
1738678482011 0.09377188053507232 161
1738678482030 0.07575729726111259 162
1738678482048 0.0757664070879438 163
1738678482066 0.07819524008055971 164
1738678482086 0.06548050304874954 165
1738678482104 0.10006558563823806 166
1738678482129 0.07688142474333937 167
1738678482146 0.10755007861992016 168
1738678482166 0.09575577622369162 169
1738678482185 0.0607773182851328 170
1738678482210 0.08764037114322484 171
1738678482237 0.11962043731222795 172
1738678482267 0.1198988861253312 173
1738678482295 0.050731897480403854 174
1738678482321 0.06514202134103224 175
1738678482343 0.10410655509996823 176
1738678482378 0.07531664934116558 177
1738678482431 0.12495757223924402 178
1738678482473 0.15576953277691066 179
1738678482500 0.06564440132728376 180
1738678482527 0.06991885378049316 181
1738678482585 0.09863309690186936 182
1738678482618 0.06801195338209276 183
1738678482639 0.067989797537806 184
1738678482657 0.07705233262460912 185
1738678482676 0.11348705424517898 186
1738678482692 0.0729010967725086 187
1738678482719 0.059915489524194745 188
1738678482740 0.08871958264553008 189
1738678482757 0.07009451764942183 190
1738678482778 0.0779215126252281 191
1738678482800 0.12978199098744253 192
1738678482823 0.08842246580585038 193
1738678482844 0.15495702179536705 194
1738678482865 0.07536631578638964 195
1738678482889 0.12295466322175716 196
1738678482913 0.09600906724184802 197
1738678482936 0.08153774561848066 198
1738678482961 0.11952342950536352 199
1738678482982 0.07421059954615312 200
1738678483004 0.12216490454789404 201
1738678483025 0.06847803588173038 202
1738678483044 0.1061391847332395 203
1738678483062 0.06655459281146338 204
1738678483084 0.1050983000588528 205
1738678483106 0.07998733983469561 206
1738678483132 0.05866153800902979 207
1738678483165 0.07174627643606164 208
1738678483205 0.11905948005689161 209
1738678483237 0.11439452545264069 210
1738678483256 0.09442742623328719 211
1738678483277 0.0656196402916208 212
1738678483303 0.10539827795774902 213
1738678483322 0.07440646831114509 214
1738678483340 0.05355846257611748 215
1738678483356 0.06542217755048166 216
1738678483369 0.09162441634915697 217
1738678483382 0.08173725325472539 218
1738678483398 0.12690505779966718 219
1738678483414 0.08384099627631147 220
1738678483432 0.07679179268525559 221
1738678483449 0.10918694350547319 222
1738678483466 0.12346024213260509 223
1738678483492 0.09592726687625718 224
1738678483511 0.07287341374475095 225
1738678483527 0.10167569775515754 226
1738678483544 0.09313002632684093 227
1738678483564 0.09752824965283402 228
1738678483577 0.04532717487796871 229
1738678483593 0.07767913702667055 230
1738678483609 0.10067651674397497 231
1738678483626 0.08385658626463104 232
1738678483648 0.0546180199616812 233
1738678483684 0.10497318937582954 234
1738678483705 0.1226418684376276 235
1738678483739 0.09729825505175657 236
1738678483754 0.0821251487282664 237
1738678483774 0.08946585266297377 238
1738678483798 0.07047361246049934 239
1738678483818 0.05919544944902473 240
1738678483838 0.08690599763283438 241
1738678483864 0.0928981814581472 242
1738678483889 0.0783050282736918 243
1738678483913 0.0627852661576417 244
1738678483934 0.05909503994279636 245
1738678483955 0.08253093232834936 246
1738678483975 0.09528576815100898 247
1738678483994 0.09086317910077794 248
1738678484011 0.07543442603730459 249
1738678484025 0.0494638286995492 250
1738678484046 0.07804125552337438 251
1738678484069 0.06380581023567371 252
1738678484085 0.08775064429164983 253
1738678484113 0.07376235184291048 254
1738678484131 0.13227835269581523 255
1738678484154 0.06721025971146496 256
1738678484173 0.08226011613388852 257
1738678484195 0.11417760978350797 258
1738678484218 0.09589503484342898 259
1738678484242 0.09772673813213462 260
1738678484259 0.07989073330734359 261
1738678484273 0.06635352907016655 262
1738678484288 0.08046010824961897 263
1738678484307 0.10620146901813736 264
1738678484322 0.1013226155327386 265
1738678484339 0.0732295889446399 266
1738678484353 0.06008908522776703 267
1738678484370 0.06283566243811275 268
1738678484387 0.12336148203534675 269
1738678484402 0.08880595799992881 270
1738678484423 0.1012264788508845 271
1738678484439 0.09086730722606638 272
1738678484457 0.08392833096248901 273
1738678484473 0.1098172173414067 274
1738678484489 0.11222824494615294 275
1738678484502 0.09444949393018327 276
1738678484526 0.1545738204032691 277
1738678484550 0.10488208899944412 278
1738678484565 0.08592508269946722 279
1738678484590 0.07705861399909587 280
1738678484616 0.10307051453680839 281
1738678484641 0.08516630331379908 282
1738678484665 0.07217891845377435 283
1738678484685 0.08536627758510919 284
1738678484707 0.09277896666212095 285
1738678484729 0.09148387056691278 286
1738678484756 0.06812143601806651 287
1738678484778 0.10734373742608548 288
1738678484796 0.06921066726250191 289
1738678484817 0.08670946260973801 290
1738678484836 0.08300234098094786 291
1738678484855 0.10932726233101914 292
1738678484872 0.1377364823866131 293
1738678484896 0.08295902630931057 294
1738678484950 0.09919939399947882 295
1738678484974 0.05208928340778034 296
1738678485022 0.07520852884051382 297
1738678485046 0.07012107205471489 298
1738678485066 0.0914942647585812 299
1738678485084 0.11254218262937116 300
1738678485108 0.07913026548372123 301
1738678485127 0.09039737131604023 302
1738678485144 0.07035034721932121 303
1738678485159 0.1475488051006707 304
1738678485174 0.09459765882605224 305
1738678485190 0.0798178183428397 306
1738678485207 0.07510526858504706 307
1738678485227 0.06742014057573145 308
1738678485246 0.09157661915381925 309
1738678485264 0.13264954408891116 310
1738678485283 0.07366886149620797 311
1738678485305 0.08832065464211014 312
1738678485324 0.09192936831995209 313
1738678485344 0.09477507696106445 314
1738678485361 0.05981716370926497 315
1738678485380 0.1375925545794858 316
1738678485402 0.1200752754513511 317
1738678485418 0.07222743413098813 318
1738678485438 0.055378235431972865 319
1738678485457 0.12404032530867806 320
1738678485479 0.06708173219873682 321
1738678485496 0.0855526236073976 322
1738678485514 0.09627290699204306 323
1738678485531 0.08683055326006439 324
1738678485546 0.08478218900434298 325
1738678485561 0.08600502291901316 326
1738678485582 0.07492003852979055 327
1738678485598 0.10071391446942819 328
1738678485618 0.08196490902444742 329
1738678485633 0.06667412183608735 330
1738678485651 0.07645776087859071 331
1738678485668 0.08983849792607114 332
1738678485683 0.09821213989381715 333
1738678485698 0.0676112821485026 334
1738678485713 0.0705101600449279 335
1738678485728 0.07442052402373488 336
1738678485743 0.06671711067658143 337
1738678485760 0.06411362238775657 338
1738678485780 0.052982585710891136 339
1738678485799 0.10087604542100767 340
1738678485816 0.11479376222852253 341
1738678485835 0.06747737625073567 342
1738678485858 0.05329665296395469 343
1738678485876 0.07602270145039262 344
1738678485894 0.08939701961384673 345
1738678485911 0.08596147341884573 346
1738678485933 0.09060909774751583 347
1738678485954 0.06544700838774269 348
1738678485968 0.10698539990264515 349
1738678485984 0.08817211245167762 350
1738678486001 0.06951658625779686 351
1738678486016 0.08708374141479915 352
1738678486034 0.09234886928293326 353
1738678486049 0.05369439945102528 354
1738678486066 0.07955656725568883 355
1738678486079 0.050482267540381216 356
1738678486094 0.07939389609529532 357
1738678486113 0.08636524730717766 358
1738678486133 0.08557282675240586 359
1738678486163 0.07079973905941304 360
1738678486184 0.06974512154146854 361
1738678486206 0.04584753487112638 362
1738678486240 0.07256963246309384 363
1738678486263 0.08516687094282233 364
1738678486285 0.06833314858106096 365
1738678486300 0.06975497764902298 366
1738678486330 0.09825512973739067 367
1738678486354 0.11854629905611092 368
1738678486373 0.0922374644447391 369
1738678486393 0.06009043773430745 370
1738678486503 0.1038954369989798 371
1738678486533 0.0559361383407712 372
1738678486550 0.10228956654175128 373
1738678486565 0.08517371977835088 374
1738678486584 0.05804578832745605 375
1738678486603 0.046054601258625275 376
1738678486656 0.061721474266746894 377
1738678486680 0.10745211294649377 378
1738678486700 0.10609513668927359 379
1738678486722 0.06630108552611166 380
1738678486738 0.09216252777516637 381
1738678486758 0.09593445589888712 382
1738678486778 0.10106231035428373 383
1738678486797 0.08929690434714461 384
1738678486816 0.06412673247038106 385
1738678486833 0.07547110559002916 386
1738678486854 0.1367306466109106 387
1738678486886 0.1017988774011427 388
1738678486909 0.06637148800996401 389
1738678486937 0.09243015392057613 390
1738678486968 0.06404277573763092 391
1738678487025 0.08504057285976836 392
1738678487174 0.05757941506825591 393
1738678487206 0.11000120382077815 394
1738678487225 0.07126316690923787 395
1738678487241 0.13506895843301 396
1738678487268 0.062290316317153864 397
1738678487288 0.05158597725684131 398
1738678487306 0.10954734811874768 399
1738678487337 0.09458644564530978 400
1738678487362 0.0799897315075925 401
1738678487416 0.072795730316716 402
1738678487433 0.11751526755469245 403
1738678487452 0.09191931651042698 404
1738678487476 0.07161022450770327 405
1738678487506 0.09418635090341718 406
1738678487538 0.0715069189057637 407
1738678487605 0.05446074289470814 408
1738678487639 0.08525867522759921 409
1738678487659 0.048724671112050026 410
1738678487684 0.05610640144037911 411
1738678487706 0.08564364133777835 412
1738678487722 0.08707995596643883 413
1738678487818 0.11392851797457096 414
1738678487854 0.07570129867245169 415
1738678487877 0.08318209583842988 416
1738678487895 0.07950280134416549 417
1738678487915 0.09728648186768706 418
1738678487932 0.06863178990582189 419
1738678487950 0.051195729233104136 420
1738678487966 0.10727944674711966 421
1738678487983 0.09045904812143095 422
1738678487998 0.06479019346615886 423
1738678488016 0.0981359113003379 424
1738678488035 0.08819191544928145 425
1738678488053 0.08018902369345814 426
1738678488071 0.05506169943185416 427
1738678488087 0.07461605663176085 428
1738678488104 0.10433298167965913 429
1738678488127 0.1434258618781482 430
1738678488150 0.16706957104984102 431
1738678488174 0.0794268261845951 432
1738678488202 0.07342816220305191 433
1738678488240 0.0674233645519734 434
1738678488256 0.07436640164432128 435
1738678488271 0.05438879998602663 436
1738678488286 0.054994276773570126 437
1738678488306 0.11158089665972287 438
1738678488323 0.12665007497903538 439
1738678488340 0.1061498386983699 440
1738678488360 0.06817606283540634 441
1738678488381 0.11938676201579082 442
1738678488411 0.11411550539157646 443
1738678488436 0.08382528798069319 444
1738678488461 0.0630890469308232 445
1738678488480 0.05562232264523071 446
1738678488506 0.08588641333872082 447
1738678488526 0.09445910614864046 448
1738678488545 0.08659408915242596 449
1738678488565 0.0719957012445704 450
1738678488587 0.08537803385882847 451
1738678488619 0.07438554913100884 452
1738678488635 0.07153899720037456 453
1738678488652 0.09647754225182902 454
1738678488668 0.0842395956144843 455
1738678488685 0.09684087563076717 456
1738678488705 0.08507122249819325 457
1738678488722 0.055639537132904586 458
1738678488736 0.0823772783710276 459
1738678488761 0.06491260472114728 460
1738678488784 0.14482343894500155 461
1738678488811 0.06865935511838538 462
1738678488837 0.10814387576757348 463
1738678488860 0.07923250221955794 464
1738678488883 0.06734570738237262 465
1738678488902 0.1202311222925797 466
1738678488920 0.0965957694640048 467
1738678488938 0.11163281063715046 468
1738678488961 0.06687526041853817 469
1738678488979 0.1050591820034856 470
1738678489002 0.13284783135329434 471
1738678489027 0.06888776275498726 472
1738678489051 0.104310387844738 473
1738678489070 0.07262156775251485 474
1738678489092 0.11376273067460484 475
1738678489120 0.0686903893925883 476
1738678489144 0.13184455888415755 477
1738678489168 0.06881285373890707 478
1738678489188 0.0766578382972449 479
1738678489214 0.0837780560853791 480
1738678489244 0.08900112283796979 481
1738678489270 0.09534888898592038 482
1738678489294 0.13612514851623023 483
1738678489317 0.09963772384490541 484
1738678489342 0.07888399715584471 485
1738678489366 0.08743213709604097 486
1738678489389 0.09060935468879495 487
1738678489418 0.0721416299638106 488
1738678489466 0.08268592169845031 489
1738678489489 0.113696172479946 490
1738678489511 0.07451178977952354 491
1738678489533 0.06946711480479098 492
1738678489551 0.10090888359158061 493
1738678489578 0.06117116259195845 494
1738678489597 0.05754467463725508 495
1738678489628 0.14487550731356696 496
1738678489655 0.060380182864763154 497
1738678489680 0.08683985074444268 498
1738678489705 0.081711953274597 499
