1738822955421 49.23352916004212 0
1738822955485 34.993168940618325 1
1738822955551 30.992804447525003 2
1738822955638 91.89447945290523 3
1738822955705 87.47475240113856 4
1738822955766 13.800140796991448 5
1738822955836 21.473893553564803 6
1738822955894 5.810851224917246 7
1738822955962 34.61813108666082 8
1738822956027 5.446586522527069 9
1738822956086 88.25394706858356 10
1738822956137 55.806946205068186 11
1738822956200 1.150944412388971 12
1738822956256 22.6571163996654 13
1738822956321 34.65351062294881 14
1738822956385 0.14563868667575128 15
1738822956445 43.64116952671421 16
1738822956508 5.988625935494978 17
1738822956568 3.6792046398819935 18
1738822956638 60.58840024938167 19
1738822956698 38.11168327521442 20
1738822956764 19.396159868839568 21
1738822956833 48.45395910160864 22
1738822956891 10.436479890140017 23
1738822956952 25.516219103383996 24
1738822957015 9.893595153246041 25
1738822957083 9.947967974640964 26
1738822957147 3.794913264343085 27
1738822957206 10.322061662391087 28
1738822957266 4.787814696400474 29
1738822957331 0.010315616032590787 30
1738822957392 15.202643970800327 31
1738822957455 13.584093271003647 32
1738822957517 15.188539180464431 33
1738822957584 3.458602157609142 34
1738822957649 13.274241645165597 35
1738822957711 1.6477527839087978 36
1738822957779 25.283054279116936 37
1738822957843 6.45509105370633 38
1738822957904 4.983653240815955 39
1738822957964 5.271521627688215 40
1738822958024 6.086583259439078 41
1738822958086 10.571825680039531 42
1738822958147 7.153547931744094 43
1738822958212 7.451215259116858 44
1738822958273 15.854231293955955 45
1738822958330 8.07076298975184 46
1738822958390 12.291350172558278 47
1738822958448 1.387874992446266 48
1738822958513 0.0025549601752773827 49
1738822958576 2.3614421275056205 50
1738822958642 3.8890009299827732 51
1738822958700 2.0492378179908965 52
1738822958768 0.4895688722337464 53
1738822958835 0.01714172396606151 54
1738822958894 8.851766845057952 55
1738822958957 10.986831147246873 56
1738822959021 3.4317193134020814 57
1738822959083 1.518757050317921 58
1738822959151 8.739008402271706 59
1738822959211 2.3317114786059383 60
1738822959269 2.3317953985077358 61
1738822959332 0.3616787429353602 62
1738822959392 3.060147311033449 63
1738822959458 5.457809327943855 64
1738822959527 0.16573447539369324 65
1738822959588 5.1665363232690025 66
1738822959647 2.8911714561757926 67
1738822959706 2.3635873933005183 68
1738822959767 0.3089575726549365 69
1738822959830 0.7747731455902017 70
1738822959882 0.13928002666930714 71
1738822959941 5.631207842522632 72
1738822960004 0.6652242029040155 73
1738822960066 0.5157988912705488 74
1738822960116 4.297179781022792 75
1738822960172 1.1351142360100424 76
1738822960233 0.25788013249357145 77
1738822960298 2.687937584970038 78
1738822960361 0.6128656013144067 79
1738822960425 2.981744603560559 80
1738822960484 0.8839183049521174 81
1738822960545 0.377585464211748 82
1738822960607 0.08893458312434974 83
1738822960670 0.00017536360690035858 84
1738822960728 0.10204277249323207 85
1738822960787 0.8447470174790322 86
1738822960860 1.5120810920437446 87
1738822960924 1.564824067664352 88
1738822960974 5.381120560799861 89
1738822961039 1.9409510253598676 90
1738822961105 4.169354403754645 91
1738822961166 0.16636990400988966 92
1738822961232 0.9470182485475321 93
1738822961328 0.026976056566831986 94
1738822961392 0.2503312769573352 95
1738822961449 0.04647303708560309 96
1738822961514 0.22559956613185872 97
1738822961579 0.4841710125573921 98
1738822961648 0.4300167941507444 99
1738822961711 0.022351153011285742 100
1738822961780 1.2943421231168486 101
1738822961853 0.006521197818405394 102
1738822961916 0.1335762364233545 103
1738822961984 0.8363046340300121 104
1738822962043 1.069468983288077 105
1738822962116 0.3504911463661834 106
1738822962175 0.06461234607656836 107
1738822962233 0.055346111670379866 108
1738822962297 0.21341551786872037 109
1738822962357 0.03321178604567415 110
1738822962421 0.2826745493395832 111
1738822962481 0.13291314145107927 112
1738822962542 0.03142441043895059 113
1738822962605 0.08623107130399292 114
1738822962665 0.015268973034327333 115
1738822962722 0.03999500393015458 116
1738822962783 0.12118517432156964 117
1738822962835 0.0011625061518156993 118
1738822962895 0.06778509466267459 119
1738822962962 0.007901041380757663 120
1738822963018 0.09224043053441752 121
1738822963078 0.0601998387749773 122
1738822963137 0.007355111541034154 123
1738822963198 0.00015685595009483136 124
1738822963266 5.32129868237176e-05 125
1738822963330 0.2978605353062674 126
1738822963381 0.2122828726374886 127
1738822963445 0.02830824808607103 128
1738822963506 0.530090903245439 129
1738822963568 1.082912786984138 130
1738822963634 0.18416295025031834 131
1738822963709 0.001181876188306034 132
1738822963777 0.2964769272571612 133
1738822963838 0.19776705857075927 134
1738822963898 0.1061545707557651 135
1738822963959 0.05406802148807015 136
1738822964020 0.3433502081255987 137
1738822964079 0.017753981897853002 138
1738822964134 0.005771335915463556 139
1738822964202 0.1533044551810204 140
1738822964255 0.021717417301802593 141
1738822964320 0.09081544545413527 142
1738822964385 0.022981759609434268 143
1738822964451 0.09351155751719785 144
1738822964510 0.0028271847298142437 145
1738822964588 0.004691816284344934 146
1738822964647 0.004934952242414184 147
1738822964745 0.27041499819385095 148
1738822964815 0.11649929564315491 149
1738822964877 0.2998775433503884 150
1738822964936 0.09793536917468776 151
1738822964998 0.24195598648259076 152
1738822965068 0.3819063035563478 153
1738822965138 0.011184552859788501 154
1738822965198 0.03427762443114112 155
1738822965265 0.1876133702612021 156
1738822965415 0.028032243819304404 157
1738822965477 0.008612395130656817 158
1738822965575 0.0009014041699821226 159
1738822965657 0.4413026698042253 160
1738822965721 0.16464958857886983 161
1738822965781 0.4009959559852539 162
1738822965839 0.06402678109145188 163
1738822965912 0.0005723550586042496 164
1738822965980 0.0696995731731185 165
1738822966044 0.09697834333382067 166
1738822966106 0.002568091803625922 167
1738822966171 0.35395463670001565 168
1738822966231 0.1415568637545587 169
1738822966282 0.006357124023715792 170
1738822966340 0.4639377941743234 171
1738822966436 0.011843058959415516 172
1738822966502 0.01949298286112278 173
1738822966571 0.495135285456915 174
1738822966630 0.015319345203557017 175
1738822966695 0.053357835606143544 176
1738822966759 0.6438901673962433 177
1738822966818 0.07673210106641823 178
1738822966893 0.00034623465137367863 179
1738822966951 0.0011533083041755682 180
1738822967012 0.09114447963172626 181
1738822967072 0.00813894868636038 182
1738822967139 0.058861289347752796 183
1738822967200 0.2861905724555481 184
1738822967264 0.006544050719050845 185
1738822967321 0.10933407700992645 186
1738822967385 0.09652504283208105 187
1738822967470 0.3880751599498369 188
1738822967533 0.04263936894226132 189
1738822967586 0.35605462869085425 190
1738822967645 0.09093859906041453 191
1738822967703 8.874766321692667e-06 192
1738822967754 0.011467250425509968 193
1738822967816 0.17389534676909582 194
1738822967868 0.12937965539671625 195
1738822967951 0.00019927694911589798 196
1738822968027 0.04698523165319841 197
1738822968114 0.007189999268382194 198
1738822968180 0.011978546026797812 199
1738822968238 0.0003947432511166447 200
1738822968300 0.0036031206902389055 201
1738822968356 0.010020205620024621 202
1738822968418 0.0398965813572136 203
1738822968477 0.0024932718142832893 204
1738822968550 0.0020215088056810744 205
1738822968614 2.613450072759841e-05 206
1738822968674 0.1276277594786158 207
1738822968735 0.16523223551523267 208
1738822968802 0.008338032266318778 209
1738822968861 0.044206629072542726 210
1738822968922 0.049316790696544995 211
1738822968984 0.2994448239274619 212
1738822969041 0.1925640092685772 213
1738822969104 0.027406011671063258 214
1738822969160 0.1679492753351352 215
1738822969218 0.6521195148812025 216
1738822969287 0.05473809162986035 217
1738822969350 0.2465395564556927 218
1738822969412 0.39696249202575373 219
1738822969471 0.002537662638526073 220
1738822969533 0.04982579173082709 221
1738822969602 0.4298537631745728 222
1738822969665 0.01200054653500846 223
1738822969731 0.018803751996220436 224
1738822969799 3.1638238234885105e-05 225
1738822969860 0.0004273993034659294 226
1738822969921 0.0055777901184016045 227
1738822969984 0.0020202852863558814 228
1738822970045 0.01079568101023802 229
1738822970102 0.0773007508463844 230
1738822970163 0.13250658762509032 231
1738822970222 1.9375540793452672 232
1738822970291 0.03632999956080391 233
1738822970353 0.10152250108416189 234
1738822970412 0.4932384146139518 235
1738822970474 0.17086676631599026 236
1738822970533 0.011291135861818583 237
1738822970610 0.0004024404727464888 238
1738822970684 0.010515265483710104 239
1738822970749 0.004111386523896874 240
1738822970821 0.0005462283108399048 241
1738822970881 0.003161445550497152 242
1738822970943 0.04046630582933103 243
1738822971009 0.16364308684458365 244
1738822971070 0.007174214084308686 245
1738822971133 0.0012593579098001276 246
1738822971194 5.9233624332243985e-05 247
1738822971256 0.062243329340007064 248
1738822971321 9.013589706927182e-05 249
1738822971381 0.0006555987152647508 250
1738822971446 5.579502437280578e-05 251
1738822971506 0.00033649628343647447 252
1738822971570 0.0012479393587550962 253
1738822971639 0.0027929708093948798 254
1738822971709 0.06036841605955358 255
1738822971769 0.01339222915045522 256
1738822971835 0.43862062502951166 257
1738822971894 0.0011971226700639808 258
1738822971952 0.05903755085902703 259
1738822972006 0.14089447149029913 260
1738822972062 0.0016177629712486917 261
1738822972120 0.12274443742901146 262
1738822972182 0.175795731632492 263
1738822972245 0.03624864899808136 264
1738822972309 0.21564145156607786 265
1738822972368 0.013583266607007795 266
1738822972433 0.37007436078775 267
1738822972490 0.02162097869578351 268
1738822972552 0.00010900456462289175 269
1738822972612 0.1739799352192705 270
1738822972677 0.03535833855267075 271
1738822972739 0.005169079552984612 272
1738822972795 0.03403694729876559 273
1738822972868 0.0027145533490182385 274
1738822972924 0.2667002397535918 275
1738822972983 0.010865308497184508 276
1738822973050 0.12568176348814505 277
1738822973110 0.09862722284781657 278
1738822973169 0.02584809353923639 279
1738822973228 0.0036642264437653856 280
1738822973291 0.1240883205001842 281
1738822973339 0.008655255704944086 282
1738822973399 0.023385123028894318 283
1738822973459 0.009661741487246711 284
1738822973554 0.1405855138104006 285
1738822973621 0.004055982875228193 286
1738822973683 7.295544097781791e-05 287
1738822973740 1.3279501264621816 288
1738822973799 0.08003266989659234 289
1738822973860 0.0661123686644501 290
1738822973922 0.0905239492776929 291
1738822973986 0.07393890913301934 292
1738822974045 0.13111126440024218 293
1738822974109 0.013449135270671942 294
1738822974174 0.12548243443322452 295
1738822974234 0.2760323620171161 296
1738822974298 0.003334446188426926 297
1738822974358 0.004334516085489782 298
1738822974412 0.10554461339592286 299
1738822974478 0.001127149527367229 300
1738822974526 0.15204825735072028 301
1738822974581 0.2000132903670438 302
1738822974657 0.09561938115959452 303
1738822974716 0.0031403333172035203 304
1738822974778 0.018585660833907773 305
1738822974846 0.18797414615741223 306
1738822974902 0.06070609982153554 307
1738822974960 0.01948703331490463 308
1738822975020 0.09847231971123269 309
1738822975082 0.02361250429751167 310
1738822975143 0.026545086753563728 311
1738822975201 0.04644640996701661 312
1738822975254 0.0663080213090818 313
1738822975319 0.01561537662237325 314
1738822975383 4.982040664108931e-05 315
1738822975442 0.03910935154223649 316
1738822975499 0.0029002765689800213 317
1738822975559 0.07860655330994139 318
1738822975613 0.03392378559339872 319
