1738822781535 119.65930803990014 0
1738822781560 108.3211227949415 1
1738822781582 133.6013498399442 2
1738822781608 96.3130897692806 3
1738822781631 98.51319100861839 4
1738822781654 79.06913067514375 5
1738822781677 78.09906401233964 6
1738822781697 101.57069412673957 7
1738822781714 84.73288134277988 8
1738822781748 89.62758094767376 9
1738822781787 60.11848635649584 10
1738822781819 69.61523134034064 11
1738822781840 68.70261942314785 12
1738822781857 60.992826289816314 13
1738822781874 73.32944228223509 14
1738822781890 66.62237793522542 15
1738822781909 70.699762106497 16
1738822781926 54.79500954823763 17
1738822781948 90.68632952361608 18
1738822781967 71.3087760805945 19
1738822781989 60.064142554102894 20
1738822782005 63.14979861365102 21
1738822782027 61.0055211276886 22
1738822782045 51.69205228588786 23
1738822782068 54.923960570016355 24
1738822782096 54.32852482789225 25
1738822782116 66.74035920776036 26
1738822782142 46.462416368557314 27
1738822782158 58.52124437782683 28
1738822782178 42.24428647815298 29
1738822782199 47.263940682271034 30
1738822782221 42.86697681238682 31
1738822782238 58.09928488544567 32
1738822782258 45.51170248111226 33
1738822782277 63.369458639194214 34
1738822782298 52.444810638646466 35
1738822782316 50.486674307517795 36
1738822782330 43.74713045443165 37
1738822782356 44.1714606789271 38
1738822782390 53.929329153729775 39
1738822782410 46.50108965134058 40
1738822782425 74.89999565750657 41
1738822782444 40.59241429060439 42
1738822782464 56.29751565148583 43
1738822782483 33.822558869082755 44
1738822782502 45.94825941425289 45
1738822782521 40.226174666208905 46
1738822782540 45.383529189345204 47
1738822782558 42.22508494213708 48
1738822782579 47.17629244081878 49
1738822782610 35.754641192379765 50
1738822782631 41.46955009678279 51
1738822782649 40.25564940981787 52
1738822782670 34.26505709068071 53
1738822782688 38.539090577273285 54
1738822782709 34.46978875408749 55
1738822782727 32.19408647435285 56
1738822782757 39.56866795308658 57
1738822782778 38.3729054588696 58
1738822782796 35.09765983039159 59
1738822782810 29.220000212822328 60
1738822782826 34.845763195763354 61
1738822782843 24.158518796657074 62
1738822782859 39.59734700708698 63
1738822782874 36.039051109936565 64
1738822782898 35.61937394163073 65
1738822782918 30.931060991505234 66
1738822782935 37.49300313926215 67
1738822782956 39.68598268604577 68
1738822782973 26.05299878361335 69
1738822782992 19.57929361936578 70
1738822783013 32.190987857176744 71
1738822783034 23.335517827659324 72
1738822783057 22.30566004401569 73
1738822783080 25.988281737798314 74
1738822783098 27.716800671637657 75
1738822783120 30.34885059547956 76
1738822783140 28.325410066979295 77
1738822783154 30.481792804615655 78
1738822783170 23.154634382589258 79
1738822783187 27.706742918481115 80
1738822783203 24.422420591466192 81
1738822783217 28.929486346044186 82
1738822783233 28.729580054966846 83
1738822783250 27.282595571185666 84
1738822783267 23.029612047692773 85
1738822783283 26.27486404090212 86
1738822783307 28.02267838647948 87
1738822783327 24.83556275730996 88
1738822783349 23.68271988349942 89
1738822783366 19.058541004445086 90
1738822783391 22.210851434188072 91
1738822783414 22.105197837587376 92
1738822783439 20.11385435867249 93
1738822783461 24.982964683405616 94
1738822783485 18.941748003703005 95
1738822783501 19.8595053436307 96
1738822783518 27.087098440400524 97
1738822783534 19.11231900927687 98
1738822783549 26.21660881586553 99
1738822783566 22.572768064610955 100
1738822783582 26.122322113549732 101
1738822783601 19.101387791748135 102
1738822783620 26.781695071260106 103
1738822783641 15.177010976325823 104
1738822783667 21.78257262993849 105
1738822783685 21.782764878854852 106
1738822783701 33.26333474028059 107
1738822783720 21.24684794585228 108
1738822783752 20.90965491736397 109
1738822783771 16.971745622895313 110
1738822783792 18.743799773597694 111
1738822783810 23.706706870739833 112
1738822783825 17.235867562978097 113
1738822783848 23.459723089450446 114
1738822783922 17.48451203969463 115
1738822783947 18.56319221599134 116
1738822783967 17.091114205830177 117
1738822784000 17.659488021804698 118
1738822784020 16.892799454644976 119
1738822784041 17.894544840683345 120
1738822784066 31.548969938635324 121
1738822784081 21.271353096502647 122
1738822784104 19.82760317123458 123
1738822784130 17.44654169345326 124
1738822784156 18.458828561747445 125
1738822784182 17.156132692315797 126
1738822784203 13.965273338103447 127
1738822784222 17.057694421786312 128
1738822784243 15.033684344232976 129
1738822784266 16.891894414572167 130
1738822784291 14.487058880646474 131
1738822784317 13.401428889818177 132
1738822784346 16.370325548187164 133
1738822784370 16.659280953307135 134
1738822784387 18.893527167588836 135
1738822784403 11.304851621972867 136
1738822784427 13.176431690121712 137
1738822784442 15.000126678525634 138
1738822784462 10.668612006156335 139
1738822784479 24.57640393381267 140
1738822784502 20.83007374377009 141
1738822784548 12.159150334270409 142
1738822784560 11.994863322540512 143
1738822784575 10.184355045486665 144
1738822784589 11.257751740237483 145
1738822784605 12.225333707236159 146
1738822784618 12.18065147856218 147
1738822784635 14.714084280771555 148
1738822784660 12.210803160625245 149
1738822784686 13.077071716283665 150
1738822784716 10.412478623673493 151
1738822784740 12.738498546440978 152
1738822784761 16.64400766115137 153
1738822784781 11.954143024697858 154
1738822784797 10.18912986581196 155
1738822784818 11.332510709359036 156
1738822784838 11.951438308924377 157
1738822784856 11.243234276280127 158
1738822784885 15.22614714191598 159
1738822784903 12.597766554444211 160
1738822784928 15.687947436645578 161
1738822784949 11.441713353727897 162
1738822784977 11.153391068828318 163
1738822785006 10.66541130486195 164
1738822785031 10.83066922360137 165
1738822785049 13.344498420221857 166
1738822785071 9.455590661626395 167
1738822785086 11.89577269887261 168
1738822785100 11.94159020915539 169
1738822785120 8.715499035892378 170
1738822785136 8.932325622443663 171
1738822785151 11.199100642992384 172
1738822785169 9.427428215997402 173
1738822785190 9.924258606349962 174
1738822785207 7.994840217534921 175
1738822785226 8.868452286485146 176
1738822785246 8.641844050853079 177
1738822785265 8.646796873407705 178
1738822785288 7.365658990697741 179
1738822785305 11.533877976266284 180
1738822785324 13.99690660806497 181
1738822785342 8.64680345069774 182
1738822785366 8.622994789960835 183
1738822785383 9.254611489458103 184
1738822785404 10.042446099318518 185
1738822785418 9.095690233919175 186
1738822785433 6.967985558446685 187
1738822785448 9.166198445184783 188
1738822785463 9.89242613118966 189
1738822785476 11.531371575341899 190
1738822785490 7.309011918500343 191
1738822785505 9.770305843009226 192
1738822785524 8.512190455124209 193
1738822785545 9.620590565163726 194
1738822785565 7.417197003130679 195
1738822785585 7.983121386966168 196
1738822785607 10.883070096192014 197
1738822785625 8.45092275454155 198
1738822785645 8.516915956940503 199
1738822785672 6.824229055430114 200
1738822785700 8.350479542184873 201
1738822785718 6.31752753158019 202
1738822785743 6.871750623948774 203
1738822785764 6.046381176401746 204
1738822785779 7.3437399845367555 205
1738822785794 5.804747575923147 206
1738822785809 7.515685925186532 207
1738822785824 7.173633014542837 208
1738822785837 6.100595134554495 209
1738822785852 7.561296691739022 210
1738822785869 6.0450321065173345 211
1738822785885 6.551847128258272 212
1738822785903 5.918037514724309 213
1738822785922 5.863625568370039 214
1738822785945 6.050557013120154 215
1738822785972 7.243304192539623 216
1738822785996 5.3493776857849635 217
1738822786015 6.93932154918886 218
1738822786030 4.831663397857218 219
1738822786049 4.5988641619527275 220
1738822786068 5.959673113978167 221
1738822786085 6.116654529156508 222
1738822786114 6.667643655525903 223
1738822786178 6.895548834856422 224
1738822786196 5.571162415533275 225
1738822786212 7.594678490088156 226
1738822786228 4.4554429748642255 227
1738822786246 6.330891013833503 228
1738822786263 4.55761600525447 229
1738822786281 7.835937504424254 230
1738822786295 6.399769048195027 231
1738822786315 6.6581190565667745 232
1738822786331 4.567948488228154 233
1738822786349 5.949552204868481 234
1738822786365 6.743235244019089 235
1738822786382 3.9478503541412224 236
1738822786399 4.897022204211147 237
1738822786420 4.903158938949417 238
1738822786438 3.6506327494288042 239
1738822786456 5.046783437879149 240
1738822786478 5.3597142735176995 241
1738822786498 5.573504829081313 242
1738822786525 4.838550858929301 243
1738822786550 3.849853901698931 244
1738822786597 5.018273913618226 245
1738822786627 4.3255587738257235 246
1738822786692 3.6572440791685894 247
1738822786709 4.034284197754691 248
1738822786729 5.980439259880254 249
1738822786745 4.54854938319459 250
1738822786759 5.875880727557712 251
1738822786776 3.513672381977033 252
1738822786793 3.988864363054462 253
1738822786809 4.301061044200707 254
1738822786827 4.2947691390816445 255
1738822786844 4.064406617480971 256
1738822786861 4.421747028144535 257
1738822786877 3.975608257696452 258
1738822786895 4.0498864390811145 259
1738822786914 4.349004960831797 260
1738822786932 3.325291202721579 261
1738822786950 3.2585001446656925 262
1738822786967 4.207974523805787 263
1738822786987 3.4567151051169653 264
1738822787011 2.787258645350158 265
1738822787048 3.428872954867654 266
1738822787075 3.191753322040867 267
1738822787105 4.89579319658055 268
1738822787133 4.619521227581089 269
1738822787161 3.3359595549008416 270
1738822787181 4.5035726532521005 271
1738822787211 3.0040432154536125 272
1738822787237 3.7259673136377534 273
1738822787259 3.58418985181084 274
1738822787277 4.902552897086449 275
1738822787297 4.479493849537244 276
1738822787323 3.4136223513262407 277
1738822787345 3.1739393952232264 278
1738822787364 4.721107906437924 279
1738822787386 2.9343770287084174 280
1738822787407 4.792332497775914 281
1738822787425 3.2976706833925986 282
1738822787441 3.904963189911436 283
1738822787459 3.2934896921985013 284
1738822787482 5.022514159232317 285
1738822787502 2.9025392981211637 286
1738822787523 3.1413284213889083 287
1738822787542 2.6108203846387226 288
1738822787563 3.3585814474172477 289
1738822787582 3.0742061509539327 290
1738822787605 4.0801901049136 291
1738822787622 3.037999581881148 292
1738822787641 2.847440314188765 293
1738822787662 2.6365524053859026 294
1738822787680 3.588512175782816 295
1738822787699 4.46121103437263 296
1738822787718 2.8977794253439604 297
1738822787740 2.562254394314231 298
1738822787755 2.847423213358513 299
1738822787771 3.0275833228891473 300
1738822787790 1.90202140815481 301
1738822787805 2.4088765079514687 302
1738822787821 2.5656405974394874 303
1738822787837 3.1808869967988445 304
1738822787851 1.9049701420780565 305
1738822787867 2.800792307133964 306
1738822787887 2.5306443229493962 307
1738822787905 2.878809639085656 308
1738822787925 2.0897291615228064 309
1738822787946 2.607962769456931 310
1738822787969 2.3840038645909614 311
1738822787995 1.4865715639147496 312
1738822788015 2.000453558049443 313
1738822788033 2.7617400927820843 314
1738822788055 2.782461982797865 315
1738822788074 2.718934479576955 316
1738822788097 2.011652301776694 317
1738822788122 2.2888931253800497 318
1738822788142 1.7688336548578798 319
1738822788159 2.5650764354421307 320
1738822788186 2.0007948025301148 321
1738822788209 3.4704392114931655 322
1738822788225 2.107172176653764 323
1738822788244 1.9771661723864862 324
1738822788264 2.1802273072575 325
1738822788285 1.4631135441835663 326
1738822788303 2.550877015021434 327
1738822788324 1.608881277565473 328
1738822788347 1.7854562050085279 329
1738822788366 2.4437666341389974 330
1738822788393 1.5564989757356342 331
1738822788415 1.9164359474820274 332
1738822788433 2.127638994124879 333
1738822788457 1.5754567788849216 334
1738822788480 1.841898349292156 335
1738822788510 2.20300398880139 336
1738822788535 1.5785988071707941 337
1738822788557 2.3269949088485298 338
1738822788585 2.194147706240338 339
1738822788612 1.3771821857431104 340
1738822788633 1.8710869710864204 341
1738822788651 1.8918664239973297 342
1738822788671 1.9029882118686563 343
1738822788692 2.1444021209262187 344
1738822788715 1.6734045255671488 345
1738822788739 1.6021473924282825 346
1738822788778 1.7676407119788413 347
1738822788811 1.1379122020235115 348
1738822788831 1.6329252538790637 349
1738822788850 1.5527904850515655 350
1738822788868 2.0495915127500215 351
1738822788885 2.080033621011583 352
1738822788902 1.4549384466726512 353
1738822788923 1.2818465910404755 354
1738822788942 1.7300525547208776 355
1738822788963 1.6660316508688802 356
1738822788979 1.1707983524901988 357
1738822789000 1.6107719387614223 358
1738822789018 1.9910085158198867 359
1738822789043 1.274227600355223 360
1738822789063 1.5998405559123672 361
1738822789083 1.5141855212577149 362
1738822789105 1.7807190228865826 363
1738822789128 2.5684546943907467 364
1738822789147 1.6948888860405282 365
1738822789165 1.2049583911811177 366
1738822789183 1.1724793680123786 367
1738822789198 1.1924498906775156 368
1738822789219 1.7177636717327283 369
1738822789235 1.4703377417015842 370
1738822789256 1.6315360852342606 371
1738822789272 1.4517624326334013 372
1738822789293 1.4561633775616551 373
1738822789314 1.1327614054819946 374
1738822789340 1.1777806838810085 375
1738822789357 1.8645100214274593 376
1738822789378 1.4307782788723258 377
1738822789398 1.2376157736253612 378
1738822789418 1.508466537164793 379
1738822789438 1.5612332408989307 380
1738822789458 1.708957675781127 381
1738822789481 1.1311695230366572 382
1738822789507 1.2562900169620757 383
1738822789527 1.1112794578153318 384
1738822789543 1.2057159994420685 385
1738822789562 1.2946907320432297 386
1738822789583 1.4080686905850768 387
1738822789599 1.5119623181270925 388
1738822789617 1.2037852417518955 389
1738822789632 2.315212500839357 390
1738822789656 1.2149525483653276 391
1738822789680 1.1727616857497536 392
1738822789703 1.2892213869674265 393
1738822789725 0.9651950860479142 394
1738822789745 1.1228246889008746 395
1738822789763 1.1133861721839253 396
1738822789779 0.9493603105333015 397
1738822789794 1.320129619785223 398
1738822789810 1.1254834509380718 399
1738822789826 1.2819699682341017 400
1738822789841 1.3606614708689826 401
1738822789856 1.2510792590350925 402
1738822789871 1.3298220339678892 403
1738822789887 1.125145246522072 404
1738822789905 0.6708961845595087 405
1738822789924 1.6434399256800492 406
1738822789943 1.20572096155618 407
1738822789962 1.1397658450199 408
1738822789979 1.2666694713768034 409
1738822789999 1.3348194470963834 410
1738822790018 1.3752961205504868 411
1738822790036 1.0253458211043867 412
1738822790055 1.070910856923916 413
1738822790070 1.343396315974291 414
1738822790094 0.9522314872710204 415
1738822790115 0.6834585791307672 416
1738822790135 0.6656396118852 417
1738822790154 1.0334688712085518 418
1738822790168 0.6684667261613784 419
1738822790184 1.001884565162736 420
1738822790199 0.9815717214624856 421
1738822790216 0.7315922283343445 422
1738822790233 1.099919688640687 423
1738822790249 0.9597235870890964 424
1738822790267 1.0762405598191669 425
1738822790289 1.0751543247353745 426
1738822790308 1.2453818943487465 427
1738822790336 1.1123605950939899 428
1738822790354 0.8990343650705834 429
1738822790370 1.1441096210963495 430
1738822790392 0.876779585801103 431
1738822790413 1.0421845745275833 432
1738822790430 0.9169994352836673 433
1738822790456 0.8316793097002452 434
1738822790473 1.0991770876052394 435
1738822790490 0.824811076026778 436
1738822790509 0.8893272059088058 437
1738822790528 0.873595441162241 438
1738822790542 0.7428662381229778 439
1738822790558 0.58304058663774 440
1738822790578 0.69976455783695 441
1738822790596 0.6808869369355987 442
1738822790614 0.5968885502440324 443
1738822790633 0.70085976418937 444
1738822790649 0.5916605189839462 445
1738822790666 1.2361906451724407 446
1738822790688 0.4862428743527089 447
1738822790709 1.512122593300435 448
1738822790727 0.9397438080374962 449
1738822790742 0.6653565308066457 450
1738822790756 0.6148578652094121 451
1738822790776 0.6726311924593099 452
1738822790798 0.4995954721316506 453
1738822790818 0.6423647557136232 454
1738822790842 0.5409638843077635 455
1738822790862 0.8146248953579223 456
1738822790882 0.5071239276501206 457
1738822790902 0.7118910967088546 458
1738822790918 0.6368189653650979 459
1738822790934 0.7207050917169688 460
1738822790949 0.5430352867114567 461
1738822790968 0.6117715456128594 462
1738822790983 1.0404443886300567 463
1738822790998 0.7799518337985881 464
1738822791016 0.5143421527733056 465
1738822791037 0.7459497340956814 466
1738822791065 0.7036184868272847 467
1738822791085 0.4442136201939938 468
1738822791110 0.6020703732524937 469
1738822791130 0.8024672698156629 470
1738822791148 0.7210983843432359 471
1738822791163 0.4533487078678945 472
1738822791186 0.9981170024550785 473
1738822791203 0.6877168915421054 474
1738822791218 0.564640505355214 475
1738822791233 0.6751158019872099 476
1738822791249 0.5078910006856362 477
1738822791264 0.7019115347463096 478
1738822791283 0.4769458568942474 479
1738822791303 0.48627143488639946 480
1738822791323 0.5568435975502649 481
1738822791345 0.5348672466949901 482
1738822791369 0.3864607593049275 483
1738822791390 0.8521339173604785 484
1738822791407 0.7017282722948385 485
1738822791424 0.35365951376281307 486
1738822791440 0.7966379559088775 487
1738822791456 0.5128436342288202 488
1738822791473 0.5147052528539254 489
1738822791492 0.6127108488470578 490
1738822791508 0.7351547815256635 491
1738822791529 0.7193643115769844 492
1738822791546 0.43881303572265157 493
1738822791562 0.5393189645703335 494
1738822791583 0.6513848782336187 495
1738822791603 0.555937550503907 496
1738822791621 0.6696588123186347 497
1738822791636 0.6332147813823968 498
1738822791654 0.5299458242611955 499
