1738824345129 154.73781456763382 0
1738824345175 185.78258689764772 1
1738824345218 199.8495086051526 2
1738824345261 178.57020654351268 3
1738824345304 151.38257416811587 4
1738824345347 234.34391082680213 5
1738824345390 177.49911590789557 6
1738824345433 142.55539155055482 7
1738824345476 156.80440663509728 8
1738824345518 199.1272527368797 9
1738824345562 153.93323435039738 10
1738824345606 175.32170014781843 11
1738824345649 198.67719993912647 12
1738824345692 112.60019708056502 13
1738824345734 162.02345430353895 14
1738824345777 156.22662375486107 15
1738824345819 153.26028972786918 16
1738824345862 128.46387265704004 17
1738824345906 220.58848988904205 18
1738824345948 151.0722348646692 19
1738824345991 95.80018559698232 20
1738824346033 154.13817317575325 21
1738824346077 146.8499554349377 22
1738824346121 93.44891735856633 23
1738824346178 244.80337475558812 24
1738824346225 173.86911396370422 25
1738824346268 157.40241373523713 26
1738824346311 164.29437611923694 27
1738824346353 166.34583974527135 28
1738824346395 127.86546067696338 29
1738824346437 176.35448090594812 30
1738824346479 193.75401614708875 31
1738824346521 78.14546549668535 32
1738824346565 104.1850450666519 33
1738824346609 172.6552090227786 34
1738824346653 170.4553950388504 35
1738824346697 127.34164970286933 36
1738824346741 140.1278308674316 37
1738824346784 103.04983002438298 38
1738824346827 238.77725893422826 39
1738824346870 140.23662819578342 40
1738824346913 143.8874360261749 41
1738824346956 161.38433864360096 42
1738824346998 205.5650760128948 43
1738824347042 200.42899010603463 44
1738824347084 98.42197245358265 45
1738824347128 221.3861637027244 46
1738824347171 168.17876110180086 47
1738824347215 286.6114096066945 48
1738824347258 165.7557312277144 49
1738824347301 136.90858657532326 50
1738824347343 215.76128581829235 51
1738824347385 145.6356010487873 52
1738824347427 146.3980945073313 53
1738824347469 158.04039339963992 54
1738824347512 204.04876914828267 55
1738824347553 248.0171142135802 56
1738824347596 166.97581116888622 57
1738824347639 156.73759091776708 58
1738824347681 188.31052309760022 59
1738824347723 123.89691405437398 60
1738824347766 227.4271517097048 61
1738824347808 191.40177063565196 62
1738824347851 190.9934622092127 63
1738824347894 151.53596895865746 64
1738824347936 130.28937088810244 65
1738824347978 143.0335860487092 66
1738824348020 135.87323538867005 67
1738824348061 198.80852606189612 68
1738824348103 191.37067292348587 69
1738824348145 176.8667490818442 70
1738824348188 170.45840877820385 71
1738824348232 185.8101563035045 72
1738824348274 172.46684714719365 73
1738824348316 143.33126101859864 74
1738824348357 284.6991620628031 75
1738824348398 195.45787191635162 76
1738824348440 217.375623175353 77
1738824348482 209.20396268034773 78
1738824348523 185.49029935368497 79
1738824348564 122.53190196697679 80
1738824348606 170.20043035092715 81
1738824348649 118.29273672570278 82
1738824348692 93.72642900291707 83
1738824348735 91.49971181644068 84
1738824348779 200.52519675256832 85
1738824348823 162.2631523815637 86
1738824348867 202.19941453913702 87
1738824348910 193.775612521263 88
1738824348952 163.93901575726667 89
1738824348995 146.96107127286993 90
1738824349036 182.11483315002516 91
1738824349079 185.55144053811506 92
1738824349123 110.49578645987462 93
1738824349169 149.6999837185733 94
1738824349213 181.96681983418276 95
1738824349258 107.12660830534034 96
1738824349302 114.02695631998938 97
1738824349344 130.3522528087231 98
1738824349386 131.6272239041463 99
1738824349428 229.70358318427697 100
1738824349471 137.40571750563876 101
1738824349512 163.7098510328292 102
1738824349553 158.16687154938327 103
1738824349595 295.7683395504325 104
1738824349636 210.56901914841043 105
1738824349677 84.23273888618728 106
1738824349718 118.00391960143686 107
1738824349760 141.55621018832682 108
1738824349803 184.9205947569715 109
1738824349845 181.4217829335222 110
1738824349887 175.62664939896825 111
1738824349928 145.42209617491838 112
1738824349970 210.97041815446318 113
1738824350011 147.8330158437742 114
1738824350052 158.0934236712956 115
1738824350093 181.95180051958658 116
1738824350134 144.55951266352875 117
1738824350176 254.95178891343724 118
1738824350217 180.8896182153454 119
1738824350259 177.11969782786997 120
1738824350301 203.78530499350526 121
1738824350342 46.861612106851005 122
1738824350383 203.36206272829608 123
1738824350424 156.72858068116642 124
1738824350466 152.35835730783862 125
1738824350507 195.98105228270586 126
1738824350548 126.81472253366827 127
1738824350589 128.09953055017579 128
1738824350630 168.63355878711144 129
1738824350670 192.30323770501596 130
1738824350712 179.60201318548425 131
1738824350753 199.32002752133153 132
1738824350795 152.9351021521564 133
1738824350837 171.1692688506079 134
1738824350881 215.59647147092264 135
1738824350927 170.81097519759695 136
1738824350972 177.19500664642868 137
1738824351018 228.71874160851664 138
1738824351060 148.3254242047294 139
1738824351103 198.59784381401562 140
1738824351145 165.3515853330456 141
1738824351188 178.05525616759323 142
1738824351231 163.52918957132158 143
1738824351277 182.22184484264656 144
1738824351323 195.72552028720926 145
1738824351368 147.41568277996748 146
1738824351411 149.9790652230674 147
1738824351456 231.09891632303956 148
1738824351501 200.4292245732962 149
1738824351542 160.0551849722794 150
1738824351584 187.39050266508485 151
1738824351627 203.6104828967286 152
1738824351668 165.8687395217009 153
1738824351710 185.18189099065415 154
1738824351752 74.15982665572707 155
1738824351794 212.1698715735494 156
1738824351836 268.9267792103585 157
1738824351878 93.43741975367642 158
1738824351921 172.87514942838754 159
1738824351964 166.11279206973566 160
1738824352006 205.93252500778294 161
1738824352048 167.61935300992457 162
1738824352090 173.1833039361483 163
1738824352133 343.0025198994794 164
1738824352175 286.53638459531527 165
1738824352217 202.49215546763713 166
1738824352258 147.5106566414302 167
1738824352300 177.2203405560973 168
1738824352342 164.27467209355808 169
1738824352384 181.08329930348538 170
1738824352426 163.77628217252777 171
1738824352469 156.61728378278482 172
1738824352511 208.21666544848915 173
1738824352553 165.36770965871494 174
1738824352595 201.93469200445497 175
1738824352638 177.47962421542138 176
1738824352679 151.866043393429 177
1738824352722 185.9478617664882 178
1738824352764 169.71155904990098 179
1738824352807 171.3789725769158 180
1738824352849 165.23555355755965 181
1738824352892 139.51183456610065 182
1738824352934 321.4681893994966 183
1738824352976 191.16439379691798 184
1738824353018 183.4535206736239 185
1738824353059 134.43545719308744 186
1738824353102 157.73069875817532 187
1738824353144 143.01079970076682 188
1738824353186 147.56352273003796 189
1738824353228 172.17369790377674 190
1738824353271 162.01896993906902 191
1738824353313 169.26865587930615 192
1738824353356 161.07411020065666 193
1738824353399 147.5985987245153 194
1738824353441 186.07932466208024 195
1738824353484 207.54420580098628 196
1738824353526 160.85221428681908 197
1738824353568 164.95346694098797 198
1738824353610 205.29446745481076 199
1738824353652 151.97968857999484 200
1738824353694 172.40156676526192 201
1738824353736 100.08741616487382 202
1738824353778 191.2465027987689 203
1738824353821 172.3428443057552 204
1738824353863 163.2051228859262 205
1738824353905 152.8346150364258 206
1738824353947 149.60936749331867 207
1738824353988 188.82530551681035 208
1738824354031 138.76851314779606 209
1738824354073 148.32040507247405 210
1738824354115 161.50061615470054 211
1738824354158 194.0689651345789 212
1738824354200 173.95607976728456 213
1738824354242 143.40496342788848 214
1738824354285 151.01680489067223 215
1738824354327 171.19953290143775 216
1738824354368 166.71132139463208 217
1738824354410 147.21409274555106 218
1738824354451 233.37433687527007 219
1738824354493 131.32320495015634 220
1738824354534 117.7674695292109 221
1738824354576 162.42955225045745 222
1738824354618 147.08372360801323 223
1738824354659 160.94363637552615 224
1738824354701 147.71602766159504 225
1738824354743 170.96102973486768 226
1738824354785 138.01323945373184 227
1738824354828 162.29720889249825 228
1738824354870 191.91645180246303 229
1738824354912 179.9752030148566 230
1738824354954 125.80264534517052 231
1738824354995 134.4510707749746 232
1738824355036 137.9015379237226 233
1738824355078 114.7955005403843 234
1738824355120 153.67577975621973 235
1738824355163 228.41598660571356 236
1738824355206 154.90555328932152 237
1738824355247 206.73651485899327 238
1738824355290 225.30775780582812 239
1738824355332 168.90939114330817 240
1738824355373 176.7152985972506 241
1738824355416 218.70672509302173 242
1738824355458 197.85377959812064 243
1738824355500 139.60841685448324 244
1738824355542 156.83497615144879 245
1738824355584 117.48894099667912 246
1738824355626 195.3598807219078 247
1738824355667 228.8038121868259 248
1738824355709 201.4423769938558 249
1738824355777 227.71779930699338 250
1738824355821 154.69200526400758 251
1738824355864 175.76712734711796 252
1738824355906 223.99633045569314 253
1738824355948 156.48235169194095 254
1738824355991 197.24268506477705 255
1738824356033 132.69497780838677 256
1738824356075 160.24996130336194 257
1738824356116 142.84654754248672 258
1738824356159 178.30919398692936 259
1738824356202 267.30892161157726 260
1738824356244 153.05517000986006 261
1738824356286 160.19438980597405 262
1738824356328 173.70837034498695 263
1738824356370 184.49161524011754 264
1738824356412 164.5708624229384 265
1738824356454 172.95383705349644 266
1738824356496 152.13692802278175 267
1738824356537 102.79446748097034 268
1738824356580 162.67056613917526 269
1738824356622 96.7202997959852 270
1738824356664 221.67931000368895 271
1738824356706 204.14715415069207 272
1738824356749 92.59690591939236 273
1738824356791 146.2829712109645 274
1738824356834 163.96036539880157 275
1738824356876 179.48888244360708 276
1738824356918 171.70889221693403 277
1738824356960 193.42251451209071 278
1738824357003 270.22909405741797 279
1738824357045 122.28743147972793 280
1738824357088 125.02112236659929 281
1738824357130 196.2609120383636 282
1738824357172 166.1400572771704 283
1738824357214 154.41361737940548 284
1738824357256 99.98977415477351 285
1738824357298 176.3738720335081 286
1738824357340 135.1226617162926 287
1738824357382 196.59373853284336 288
1738824357424 190.1242769010427 289
1738824357467 135.0496360457979 290
1738824357509 159.95485792837184 291
1738824357551 164.31824802690434 292
1738824357593 204.00326926099814 293
1738824357635 222.13002390366455 294
1738824357677 132.5164239787921 295
1738824357720 145.142313440756 296
1738824357762 351.4726439858867 297
1738824357804 178.18801501112804 298
1738824357846 187.58670819137552 299
1738824357888 161.77835756493428 300
1738824357930 303.3743966572965 301
1738824357973 191.2181268240218 302
1738824358015 211.56954043027855 303
1738824358058 133.4061913931031 304
1738824358100 203.13325181731415 305
1738824358142 119.51396258295172 306
1738824358185 174.2619257851701 307
1738824358227 213.0656776864639 308
1738824358269 111.68144297842998 309
1738824358312 275.7538638016337 310
1738824358354 149.1925422343371 311
1738824358396 151.70217492346885 312
1738824358438 168.7997672592909 313
1738824358481 208.66884469812922 314
1738824358522 160.6104113979402 315
1738824358564 248.52558920816512 316
1738824358606 173.76647501514316 317
1738824358648 183.48410878658592 318
1738824358690 190.4028856455048 319
1738824358732 174.30740762870994 320
1738824358774 153.82486472364857 321
1738824358817 198.70185380346868 322
1738824358859 154.33853082074032 323
1738824358901 158.10562277977877 324
1738824358943 138.8337186722652 325
1738824358985 223.28496224989448 326
1738824359027 163.39920619895057 327
1738824359069 122.78851534289299 328
1738824359111 178.87441438603148 329
1738824359153 194.64830606735 330
1738824359195 96.82628776364088 331
1738824359237 138.33315342712774 332
1738824359279 152.25732456774193 333
1738824359321 168.57994290277273 334
1738824359364 175.04225357726284 335
1738824359405 92.31656669628188 336
1738824359447 119.76344234922614 337
1738824359489 206.82948968279257 338
1738824359534 124.19452385520631 339
1738824359576 169.29945844114013 340
1738824359618 208.39878898310496 341
1738824359660 125.9268110461749 342
1738824359702 50.71432258251292 343
1738824359744 153.81818461340526 344
1738824359786 170.7170915577363 345
1738824359829 192.21643564278918 346
1738824359872 217.25717060418174 347
1738824359913 156.73215460308373 348
1738824359956 190.17984118092417 349
1738824359998 148.50891941329508 350
1738824360041 164.73693123686803 351
1738824360087 180.20243811925178 352
1738824360133 216.215849928654 353
1738824360180 179.63125057211727 354
1738824360224 106.45918679075366 355
1738824360268 163.03556753385215 356
1738824360312 123.9214971062427 357
1738824360356 142.72174831656633 358
1738824360398 137.46064174400678 359
1738824360440 186.70130663885126 360
1738824360483 100.09985837459654 361
1738824360525 165.784969455575 362
1738824360568 174.32588556135178 363
1738824360609 132.30382838462066 364
1738824360652 111.47678411559049 365
1738824360694 153.51881229598914 366
1738824360735 232.68243041135594 367
1738824360777 158.22368515247683 368
1738824360819 150.80380788197718 369
1738824360863 131.94753044668343 370
1738824360905 186.84701094682745 371
1738824360947 120.9157709144385 372
1738824360989 161.18531404792623 373
1738824361032 271.44302731007355 374
1738824361074 56.25714191895394 375
1738824361116 158.70214001345278 376
1738824361160 117.0286223731058 377
1738824361204 271.8372177319082 378
1738824361246 104.3512503242688 379
1738824361288 146.45052224117669 380
1738824361330 116.34723640879905 381
1738824361371 180.03064963729076 382
1738824361414 212.15338655483788 383
1738824361455 212.57806618393454 384
1738824361496 166.8241046186556 385
1738824361537 246.98793831566186 386
1738824361578 160.64161038183067 387
1738824361619 181.32421636055085 388
1738824361662 124.90685534159368 389
1738824361705 203.4444306278333 390
1738824361747 213.88079427368336 391
1738824361790 248.74422048729141 392
1738824361832 161.71849081323458 393
1738824361875 199.89962814166796 394
1738824361916 257.2887846418999 395
1738824361957 148.2252979016548 396
1738824361999 402.6680191962331 397
1738824362041 96.66847057206533 398
1738824362084 244.57041235085882 399
1738824362128 141.8553188262982 400
1738824362172 160.72066812068536 401
1738824362219 192.28124539987297 402
1738824362262 225.36063997965164 403
1738824362305 229.2483864836386 404
1738824362349 138.6556474673859 405
1738824362394 138.44125476555467 406
1738824362438 278.64020223646787 407
1738824362482 241.34188846162832 408
1738824362527 158.74642268583247 409
1738824362572 142.49539892963566 410
1738824362616 176.65197487295896 411
1738824362662 188.92002024484452 412
1738824362713 146.67370194741662 413
1738824362763 133.0619717948065 414
1738824362806 146.06616942190018 415
1738824362860 163.4080271023125 416
1738824362913 261.16562638383135 417
1738824362957 147.3279360219078 418
1738824363009 232.0687176221991 419
1738824363063 177.28627144082515 420
1738824363114 169.82034192832026 421
1738824363173 137.5219661512072 422
1738824363241 187.55040740076367 423
1738824363288 207.879725699714 424
1738824363331 150.1193553718776 425
1738824363374 221.4760754488057 426
1738824363416 128.41089251722687 427
1738824363459 140.7279312444906 428
1738824363500 162.78695838987431 429
1738824363541 185.24743008820647 430
1738824363583 227.51298445170502 431
1738824363630 121.27770102480252 432
1738824363678 128.39567198236736 433
1738824363726 156.68814091884337 434
1738824363816 127.72525994310382 435
1738824363893 141.37039722505574 436
1738824363973 182.41054462066737 437
1738824364045 123.85212931497067 438
1738824364097 175.43067464349116 439
1738824364154 138.8592696497872 440
1738824364205 185.19543574655702 441
1738824364252 185.1852506342827 442
1738824364308 126.42586814747322 443
1738824364364 144.29215989209598 444
1738824364410 136.34352925992425 445
1738824364486 216.3589966586835 446
1738824364559 288.5797401469963 447
1738824364635 163.60966047252643 448
1738824364728 174.30105410728322 449
1738824364779 204.086434017094 450
1738824364826 208.31292748105025 451
1738824364872 81.63751560749624 452
1738824364919 116.4535304915466 453
1738824364964 146.40798000059482 454
1738824365010 169.25993481175348 455
1738824365056 173.9676835264785 456
1738824365103 398.3036008523917 457
1738824365150 61.38559094215239 458
1738824365202 207.90374933164645 459
1738824365257 158.7413826625607 460
1738824365306 112.8903320018702 461
1738824365351 185.29016562298227 462
1738824365396 217.24005279289642 463
1738824365440 158.57670058022737 464
1738824365492 165.60594526981876 465
1738824365538 151.88087939107564 466
1738824365584 138.77793799526847 467
1738824365629 166.93166842945726 468
1738824365673 143.572840685187 469
1738824365717 151.13624944647935 470
1738824365760 168.25597267649104 471
1738824365803 97.98298632987812 472
1738824365847 160.76476838970075 473
1738824365890 143.84608750085164 474
1738824365934 94.5751319656162 475
1738824365978 115.03743367769715 476
1738824366022 234.21252934654643 477
1738824366067 142.42085566168456 478
1738824366111 198.08993123004674 479
1738824366163 108.28272809732142 480
1738824366208 168.35404819357873 481
1738824366252 479.91023441726503 482
1738824366296 185.6466744758075 483
1738824366340 160.009572478184 484
1738824366385 200.83816681123773 485
1738824366429 166.51611099182298 486
1738824366473 201.11908117559886 487
1738824366517 145.52045359146973 488
1738824366561 190.03257908925826 489
1738824366604 215.32822828492587 490
1738824366646 201.66911834567725 491
1738824366690 174.94392560724017 492
1738824366734 97.18924318559817 493
1738824366778 204.64706772680285 494
1738824366823 249.72293277910578 495
1738824366868 152.0362073363633 496
1738824366912 171.1449623530787 497
1738824366957 139.99678435894734 498
1738824366999 58.005818999260065 499
