1738679415704 171.37074256826315 0
1738679415748 172.97346091416358 1
1738679415793 188.58866182130024 2
1738679415837 162.3666220834098 3
1738679415882 163.3811736787658 4
1738679415942 163.81106078833992 5
1738679415991 176.50010962995057 6
1738679416035 173.58076365129446 7
1738679416079 161.02992217149978 8
1738679416123 180.68546558946306 9
1738679416168 160.57699175398125 10
1738679416212 156.64499432628955 11
1738679416256 159.56078921135386 12
1738679416300 168.8210926051386 13
1738679416343 174.02388103727398 14
1738679416386 184.0147313330738 15
1738679416429 161.4168728654019 16
1738679416471 171.04375095628907 17
