1738825796671 167.8874984637152 0
1738825796680 165.49846704453805 1
1738825796688 174.07295745797714 2
1738825796697 176.9482151545937 3
1738825796704 170.88241453552428 4
1738825796712 169.8257404447179 5
1738825796720 167.99665359587914 6
1738825796726 175.5862646272594 7
1738825796734 174.49359730319597 8
1738825796741 168.30430417851807 9
1738825796749 171.58173968584006 10
1738825796757 169.08690188178235 11
1738825796765 167.11372688368635 12
1738825796773 168.17600534665308 13
1738825796782 167.23979234491154 14
1738825796790 164.34714422413856 15
1738825796798 168.61471951052405 16
1738825796805 166.6964997444915 17
1738825796812 172.30328299941763 18
1738825796820 172.96109359316094 19
1738825796827 170.58528733729426 20
1738825796834 167.3886639308361 21
1738825796842 168.11375902363872 22
1738825796848 174.62604876832847 23
1738825796855 172.4588992317161 24
1738825796862 171.46616675228722 25
1738825796868 171.87833457815952 26
1738825796875 169.5080037699732 27
1738825796882 170.54027189874708 28
1738825796889 170.9880081976479 29
1738825796897 173.06170464113467 30
1738825796904 167.03663222730827 31
1738825796911 168.30492984083054 32
1738825796918 169.38213024949553 33
1738825796924 170.95486502549622 34
1738825796931 172.69189040306028 35
1738825796937 169.4529755126286 36
1738825796944 169.46144171558126 37
1738825796951 170.29715816288237 38
1738825796958 170.15611442656711 39
1738825796964 165.8680437953357 40
1738825796970 168.60823849128587 41
1738825796976 169.82803583333893 42
1738825796983 167.64387861339273 43
1738825796989 165.36303415696025 44
1738825796996 169.87292539553758 45
1738825797002 170.70680664913223 46
1738825797009 168.81541385998125 47
1738825797015 172.58616580595205 48
1738825797021 172.76737871689565 49
1738825797028 171.0418393046344 50
1738825797034 164.66861746732 51
1738825797040 170.95952324866616 52
1738825797046 167.26448801711135 53
1738825797053 167.35687993966428 54
1738825797061 169.0086504385659 55
1738825797069 173.074421819033 56
1738825797077 169.1604528849141 57
1738825797084 169.30311062937326 58
1738825797092 173.3881285732582 59
1738825797099 168.64320468229442 60
1738825797106 171.26231784347567 61
1738825797114 166.4826482708741 62
1738825797121 170.3974108282037 63
1738825797129 169.8805058436207 64
1738825797136 169.2434429308252 65
1738825797143 169.85375908459255 66
1738825797150 169.67052395648597 67
1738825797157 170.97599692630783 68
1738825797165 168.8871025393315 69
1738825797172 167.3924923570491 70
1738825797180 166.535899973007 71
1738825797187 171.8938869996794 72
1738825797195 167.71063529747948 73
1738825797203 170.01116174724982 74
1738825797210 168.70344895966534 75
1738825797217 170.1173029608146 76
1738825797223 168.79929321798136 77
1738825797229 169.68824930575337 78
1738825797236 171.75802280984496 79
1738825797242 172.63995347287602 80
1738825797249 170.68893214297788 81
1738825797257 168.10949312269852 82
1738825797264 168.16126706420542 83
1738825797271 167.5365569045251 84
1738825797278 170.0797767425204 85
1738825797284 169.80458332922382 86
1738825797292 167.06945227539995 87
1738825797298 166.66319391444574 88
1738825797304 167.75888446971481 89
