1738822581378 159.59035670189365 0
1738822581401 148.11974423757525 1
1738822581427 139.66854353551366 2
1738822581445 133.27274492916743 3
1738822581465 128.28917936855802 4
1738822581479 124.28765025619336 5
1738822581497 120.97942527359558 6
1738822581513 118.16982367737185 7
1738822581528 115.72677222003306 8
1738822581541 113.55994453255668 9
1738822581554 111.60691548838444 10
1738822581568 109.82396583754107 11
1738822581581 108.17997004526937 12
1738822581595 106.65232881309726 13
1738822581608 105.22425799299683 14
1738822581621 103.88297768649485 15
1738822581635 102.61849911236267 16
1738822581683 101.4228087419085 17
1738822581700 100.28931674152844 18
1738822581722 99.2124815248429 19
1738822581735 98.1875518856733 20
1738822581755 97.21038785000344 21
1738822581776 96.2773344237987 22
1738822581797 95.38513105974792 23
1738822581818 94.53084540105145 24
1738822581834 93.71182366594624 25
1738822581850 92.92565256323446 26
1738822581872 92.17012930773039 27
1738822581893 91.4432374209367 28
1738822581909 90.7431267457283 29
1738822581932 90.06809659984363 30
1738822581948 89.4165813247371 31
1738822581969 88.787137708974 32
1738822581985 88.17843391541213 33
1738822582000 87.58923964316672 34
1738822582015 87.0184173248823 35
1738822582036 86.46491420782064 36
1738822582053 85.92775520081021 37
1738822582067 85.40603639290772 38
1738822582082 84.89891916683408 39
1738822582102 84.40562484296264 40
1738822582122 83.92542979925035 41
1738822582142 83.45766101995692 42
1738822582159 83.00169203191845 43
1738822582181 82.55693919196224 44
1738822582197 82.12285829305618 45
1738822582214 81.69894146018223 46
1738822582232 81.28471430984725 47
1738822582247 80.8797333496934 48
1738822582261 80.483583596918 49
1738822582280 80.09587639620841 50
1738822582293 79.71624741968039 51
1738822582305 79.34435483291145 52
1738822582318 78.97987761260258 53
1738822582332 78.62251400270691 54
1738822582345 78.27198009704277 55
1738822582358 77.92800853748044 56
1738822582375 77.59034731776089 57
1738822582392 77.25875868388891 58
1738822582411 76.93301812284321 59
1738822582427 76.61291343207598 60
1738822582447 76.2982438629371 61
1738822582466 75.98881933176162 62
1738822582487 75.68445969290893 63
1738822582510 75.38499406854113 64
1738822582523 75.09026023038433 65
1738822582547 74.80010402913041 66
1738822582560 74.51437886751528 67
1738822582577 74.23294521345282 68
1738822582590 73.95567014991818 69
1738822582602 73.68242695855851 70
1738822582616 73.41309473427093 71
1738822582628 73.14755802822364 72
1738822582646 72.88570651701316 73
1738822582664 72.62743469584754 74
1738822582681 72.37264159382552 75
1738822582708 72.12123050954558 76
1738822582729 71.87310876542836 77
1738822582745 71.6281874792726 78
1738822582760 71.38638135168956 79
1738822582773 71.14760846817421 80
1738822582787 70.9117901146755 81
1738822582801 70.67885060562303 82
1738822582817 70.44871712345356 83
1738822582835 70.22131956876046 84
1738822582854 69.99659042026079 85
1738822582868 69.7744646038414 86
1738822582882 69.55487937000518 87
1738822582900 69.33777417909462 88
1738822582913 69.12309059371893 89
1738822582936 68.91077217785876 90
1738822582953 68.70076440216368 91
1738822582969 68.49301455499659 92
1738822582984 68.28747165881455 93
1738822582997 68.08408639150821 94
1738822583011 67.88281101235143 95
1738822583026 67.68359929223976 96
1738822583045 67.48640644792195 97
1738822583061 67.2911890799508 98
1738822583081 67.09790511410145 99
1738822583096 66.90651374602362 100
1738822583111 66.71697538891252 101
1738822583124 66.52925162399943 102
1738822583139 66.34330515367728 103
1738822583155 66.159099757091 104
1738822583170 65.9766002480344 105
1738822583185 65.79577243500722 106
1738822583203 65.61658308329653 107
1738822583219 65.43899987895662 108
1738822583235 65.26299139457032 109
1738822583251 65.08852705668312 110
1738822583272 64.91557711480922 111
1738822583285 64.74411261191555 112
1738822583299 64.57410535629641 113
1738822583314 64.40552789475733 114
1738822583331 64.23835348703247 115
1738822583347 64.07255608136484 116
1738822583366 63.90811029118338 117
1738822583385 63.74499137281546 118
1738822583403 63.58317520417732 119
1738822583421 63.42263826438875 120
1738822583436 63.26335761426184 121
1738822583454 63.10531087761669 122
1738822583482 62.948476223380254 123
1738822583510 62.792832348427154 124
1738822583525 62.63835846112341 125
1738822583542 62.485034265537514 126
1738822583558 62.33283994628425 127
1738822583573 62.181756153969715 128
1738822583589 62.03176399120725 129
1738822583611 61.88284499917629 130
1738822583627 61.73498114469746 131
1738822583640 61.58815480779894 132
1738822583655 61.4423487697506 133
1738822583672 61.29754620154371 134
1738822583684 61.15373065279526 135
1738822583704 61.01088604105721 136
1738822583720 60.86899664151207 137
1738822583736 60.728047077037054 138
1738822583752 60.588022308620445 139
1738822583773 60.44890762611414 140
1738822583792 60.31068863930775 141
1738822583813 60.17335126930998 142
1738822583834 60.0368817402242 143
1738822583852 59.90126657110521 144
1738822583867 59.76649256818559 145
1738822583882 59.63254681736002 146
1738822583901 59.499416676916944 147
1738822583916 59.36708977050726 148
1738822583932 59.23555398034026 149
1738822583947 59.104797440597764 150
1738822583965 58.97480853105752 151
1738822583982 58.84557587091751 152
1738822583998 58.717088312813324 153
1738822584015 58.58933493702096 154
1738822584032 58.46230504583783 155
1738822584055 58.33598815813514 156
1738822584075 58.21037400407511 157
1738822584091 58.085452519986795 158
1738822584106 57.96121384339448 159
1738822584122 57.837648308193145 160
1738822584138 57.714746439965296 161
1738822584158 57.59249895143433 162
1738822584171 57.470896738049156 163
1738822584184 57.349930873695605 164
1738822584196 57.22959260652997 165
1738822584212 57.1098733549303 166
1738822584226 56.99076470356151 167
1738822584240 56.87225839955022 168
1738822584255 56.754346348765395 169
1738822584267 56.63702061220146 170
1738822584284 56.52027340246029 171
1738822584300 56.40409708032842 172
1738822584317 56.28848415144692 173
1738822584334 56.17342726307024 174
1738822584351 56.05891920091157 175
1738822584368 55.9449528860714 176
1738822584388 55.831521372047185 177
1738822584401 55.71861784182085 178
1738822584413 55.6062356050222 179
1738822584425 55.49436809516549 180
1738822584440 55.38300886695693 181
1738822584452 55.272151593670955 182
1738822584464 55.16179006459315 183
1738822584478 55.05191818252764 184
1738822584491 54.94252996136707 185
1738822584504 54.833619523723264 186
1738822584521 54.7251810986168 187
1738822584538 54.617209019223495 188
1738822584555 54.509697720676456 189
1738822584571 54.40264173792169 190
1738822584586 54.296035703626046 191
1738822584604 54.189874346135696 192
1738822584621 54.084152487483756 193
1738822584634 53.978865041445836 194
1738822584649 53.87400701164178 195
1738822584666 53.769573489682635 196
1738822584682 53.66555965336134 197
1738822584699 53.561960764886 198
1738822584717 53.45877216915462 199
1738822584736 53.35598929206998 200
1738822584748 53.25360763889374 201
1738822584766 53.151622792638506 202
1738822584789 53.05003041249701 203
1738822584807 52.948826232307354 204
1738822584823 52.84800605905314 205
1738822584842 52.74756577139794 206
1738822584858 52.64750131825282 207
1738822584875 52.54780871737625 208
1738822584893 52.44848405400562 209
1738822584912 52.34952347951918 210
1738822584930 52.25092321012812 211
1738822584953 52.15267952559754 212
1738822584972 52.0547887679959 213
1738822584997 51.95724734047202 214
1738822585014 51.86005170605907 215
1738822585028 51.76319838650473 216
1738822585046 51.666683961126985 217
1738822585064 51.570505065694896 218
1738822585085 51.47465839133352 219
1738822585104 51.3791406834528 220
1738822585125 51.28394874069936 221
1738822585142 51.18907941393099 222
1738822585157 51.09452960521311 223
1738822585173 51.0002962668367 224
1738822585191 50.90637640035718 225
1738822585208 50.81276705565374 226
1738822585225 50.71946533000864 227
1738822585242 50.626468367206 228
1738822585258 50.533773356649576 229
1738822585274 50.44137753249908 230
1738822585289 50.349278172824725 231
1738822585303 50.25747259877929 232
1738822585317 50.16595817378775 233
1738822585330 50.07473230275345 234
1738822585342 49.983792431281046 235
1738822585357 49.893136044915366 236
1738822585370 49.802760668396125 237
1738822585385 49.71266386492799 238
1738822585399 49.62284323546556 239
1738822585413 49.533296418013194 240
1738822585434 49.44402108693904 241
1738822585451 49.35501495230316 242
1738822585465 49.266275759199324 243
1738822585482 49.177801287110206 244
1738822585497 49.08958934927566 245
1738822585515 49.001637792073836 246
1738822585530 48.91394449441475 247
1738822585545 48.82650736714611 248
1738822585564 48.739324352471144 249
1738822585579 48.652393423378065 250
1738822585596 48.56571258308105 251
1738822585612 48.47927986447229 252
1738822585641 48.393093329585156 253
1738822585658 48.30715106906786 254
1738822585676 48.22145120166784 255
1738822585694 48.13599187372614 256
1738822585714 48.05077125868193 257
1738822585732 47.96578755658692 258
1738822585749 47.881038993629154 259
1738822585766 47.796523821666376 260
1738822585782 47.71224031776853 261
1738822585806 47.62818678376913 262
1738822585831 47.54436154582569 263
1738822585848 47.46076295398844 264
1738822585870 47.3773893817778 265
1738822585886 47.294239225769765 266
1738822585902 47.21131090518968 267
1738822585919 47.12860286151368 268
1738822585937 47.04611355807798 269
1738822585952 46.96384147969575 270
1738822585972 46.88178513228135 271
1738822585992 46.79994304248183 272
1738822586009 46.71831375731557 273
1738822586027 46.63689584381787 274
1738822586047 46.55568788869334 275
1738822586065 46.47468849797499 276
1738822586085 46.39389629668979 277
1738822586098 46.313309928530764 278
1738822586114 46.23292805553517 279
1738822586130 46.15274935776896 280
1738822586152 46.07277253301723 281
1738822586168 45.992996296480484 282
1738822586186 45.91341938047676 283
1738822586202 45.83404053414932 284
1738822586219 45.75485852317994 285
1738822586237 45.67587212950762 286
1738822586252 45.597080151052545 287
1738822586268 45.51848140144531 288
1738822586280 45.440074709761205 289
1738822586292 45.36185892025953 290
1738822586305 45.283832892127776 291
1738822586318 45.20599549923059 292
1738822586333 45.12834562986345 293
1738822586346 45.05088218651103 294
1738822586360 44.97360408560986 295
1738822586375 44.896510257315654 296
1738822586387 44.81959964527478 297
1738822586401 44.74287120640013 298
1738822586414 44.66632391065095 299
1738822586428 44.58995674081702 300
1738822586447 44.51376869230652 301
1738822586463 44.43775877293808 302
1738822586477 44.361926002736524 303
1738822586492 44.28626941373238 304
1738822586507 44.210788049765156 305
1738822586528 44.13548096629013 306
1738822586545 44.06034723018879 307
1738822586564 43.98538591958263 308
1738822586579 43.910596123650464 309
1738822586597 43.835976942449 310
1738822586619 43.76152748673672 311
1738822586634 43.687246877800945 312
1738822586650 43.61313424728809 313
1738822586669 43.53918873703694 314
1738822586685 43.46540949891499 315
1738822586703 43.39179569465779 316
1738822586722 43.318346495711026 317
1738822586740 43.24506108307573 318
1738822586755 43.17193864715598 319
1738822586773 43.09897838760959 320
1738822586786 43.02617951320133 321
1738822586798 42.95354124165882 322
1738822586816 42.881062799531065 323
1738822586830 42.80874342204947 324
1738822586843 42.736582352991306 325
1738822586857 42.66457884454571 326
1738822586871 42.592732157182006 327
1738822586892 42.52104155952031 328
1738822586909 42.44950632820467 329
1738822586927 42.37812574777811 330
1738822586944 42.30689911056021 331
1738822586964 42.23582571652666 332
1738822586978 42.16490487319103 333
1738822587000 42.094135895488556 334
1738822587016 42.023518105662056 335
1738822587032 41.953050833149774 336
1738822587047 41.88273341447528 337
1738822587067 41.81256519313923 338
1738822587088 41.74254551951303 339
1738822587109 41.67267375073438 340
1738822587124 41.602949250604674 341
1738822587142 41.53337138948813 342
1738822587164 41.46393954421269 343
1738822587180 41.39465309797265 344
1738822587200 41.325511440233036 345
1738822587221 41.256513966635545 346
1738822587237 41.18766007890612 347
1738822587254 41.11894918476421 348
1738822587269 41.05038069783359 349
1738822587291 40.98195403755452 350
1738822587309 40.913668629097735 351
1738822587328 40.84552390327963 352
1738822587358 40.77751929647905 353
1738822587378 40.70965425055547 354
1738822587391 40.6419282127686 355
1738822587406 40.57434063569927 356
1738822587421 40.506890977171786 357
1738822587438 40.439578700177556 358
1738822587454 40.372403272799914 359
1738822587471 40.30536416814047 360
1738822587486 40.238460864246406 361
1738822587502 40.171692844039235 362
1738822587520 40.10505959524461 363
1738822587536 40.03856061032348 364
1738822587551 39.97219538640419 365
1738822587573 39.90596342521591 366
1738822587590 39.839864233023114 367
1738822587605 39.77389732056112 368
1738822587627 39.70806220297275 369
1738822587644 39.64235839974603 370
1738822587662 39.57678543465297 371
1738822587676 39.511342835689305 372
1738822587692 39.446030135015256 373
1738822587713 39.380846868897294 374
1738822587727 39.31579257765085 375
1738822587745 39.250866805584 376
1738822587775 39.18606910094199 377
1738822587788 39.12139901585284 378
1738822587801 39.056856106273656 379
1738822587814 38.992439931937966 380
1738822587828 38.92815005630385 381
1738822587841 38.86398604650294 382
1738822587853 38.79994747329023 383
1738822587866 38.73603391099478 384
1738822587882 38.67224493747109 385
1738822587897 38.60858013405142 386
1738822587914 38.545039085498736 387
1738822587934 38.48162137996055 388
1738822587954 38.41832660892341 389
1738822587972 38.35515436716817 390
1738822587987 38.29210425272598 391
1738822588004 38.229175866834964 392
1738822588019 38.16636881389763 393
1738822588036 38.1036827014389 394
1738822588053 38.0411171400649 395
1738822588070 37.97867174342232 396
1738822588086 37.9163461281585 397
1738822588102 37.85413991388211 398
1738822588122 37.7920527231244 399
1738822588138 37.73008418130123 400
1738822588153 37.6682339166755 401
1738822588168 37.60650156032035 402
1738822588183 37.544886746082796 403
1738822588195 37.48338911054807 404
1738822588208 37.42200829300439 405
1738822588221 37.36074393540842 406
1738822588242 37.29959568235113 407
1738822588255 37.23856318102434 408
1738822588273 37.17764608118763 409
1738822588287 37.11684403513595 410
1738822588304 37.05615669766745 411
1738822588322 36.99558372605221 412
1738822588338 36.93512478000104 413
1738822588354 36.87477952163512 414
1738822588373 36.814547615455815 415
1738822588394 36.75442872831514 416
1738822588411 36.69442252938666 417
1738822588425 36.634528690136705 418
1738822588443 36.57474688429626 419
1738822588460 36.515076787833024 420
1738822588482 36.455518078924094 421
1738822588499 36.396070437928955 422
1738822588515 36.33673354736298 423
1738822588533 36.27750709187118 424
1738822588550 36.218390758202545 425
1738822588565 36.15938423518456 426
1738822588579 36.100487213698365 427
1738822588597 36.04169938665399 428
1738822588613 35.983020448966215 429
1738822588627 35.92445009753067 430
1738822588642 35.8659880312003 431
1738822588658 35.80763395076224 432
1738822588670 35.749387558914925 433
1738822588683 35.6912485602457 434
1738822588700 35.63321666120859 435
1738822588714 35.57529157010256 436
1738822588726 35.517472997049964 437
1738822588739 35.459760653975415 438
1738822588753 35.40215425458487 439
1738822588765 35.34465351434513 440
1738822588781 35.28725815046358 441
1738822588795 35.22996788186817 442
1738822588810 35.172782429187855 443
1738822588825 35.115701514733146 444
1738822588838 35.05872486247704 445
1738822588856 35.00185219803622 446
1738822588871 34.945083248652494 447
1738822588892 34.88841774317451 448
1738822588908 34.83185541203982 449
1738822588932 34.77539598725705 450
1738822588950 34.71903920238845 451
1738822588970 34.66278479253265 452
1738822588988 34.606632494307675 453
1738822589010 34.5505820458342 454
1738822589026 34.494633186719014 455
1738822589042 34.43878565803878 456
1738822589057 34.383039202324 457
1738822589073 34.32739356354315 458
1738822589092 34.27184848708716 459
1738822589108 34.21640371975401 460
1738822589127 34.16105900973359 461
1738822589145 34.10581410659275 462
1738822589159 34.05066876126061 463
1738822589178 33.99562272601399 464
1738822589195 33.940675754463165 465
1738822589215 33.88582760153768 466
1738822589228 33.831078023472465 467
1738822589245 33.77642677779412 468
1738822589259 33.721873623307374 469
1738822589274 33.66741832008175 470
1738822589292 33.61306062943837 471
1738822589306 33.55880031393703 472
1738822589321 33.50463713736335 473
1738822589333 33.45057086471622 474
1738822589348 33.396601262195254 475
1738822589371 33.34272809718861 476
1738822589385 33.28895113826082 477
1738822589401 33.235270155140846 478
1738822589417 33.18168491871036 479
1738822589435 33.128195200992025 480
1738822589450 33.07480077513813 481
1738822589471 33.0215014154192 482
1738822589483 32.968296897212895 483
1738822589501 32.91518699699297 484
1738822589513 32.86217149231847 485
1738822589532 32.80925016182292 486
1738822589549 32.756422785203895 487
1738822589576 32.70368914321244 488
1738822589594 32.65104901764293 489
1738822589617 32.598502191322794 490
1738822589632 32.5460484481026 491
1738822589647 32.49368757284613 492
1738822589667 32.441419351420585 493
1738822589682 32.38924357068704 494
1738822589700 32.33716001849092 495
1738822589722 32.285168483652605 496
1738822589745 32.2332687559582 497
1738822589762 32.181460626150425 498
1738822589777 32.12974388591957 499
