1738678523820 112.45306682264415 0
1738678523850 110.1015570730531 1
1738678523870 81.87527448169722 2
1738678523899 95.77263383273737 3
1738678523924 97.07234513248709 4
1738678523942 97.4225739938772 5
1738678523959 66.77455087863643 6
1738678523979 103.29654728007063 7
1738678523999 85.22460077694862 8
1738678524017 79.44439832288232 9
1738678524034 64.69336240755905 10
1738678524056 69.79978789601249 11
1738678524090 84.19376748743733 12
1738678524115 68.89826826303415 13
1738678524133 73.79317735989896 14
1738678524152 56.227916399236214 15
1738678524169 68.89232400686585 16
1738678524190 61.18185503891393 17
1738678524208 77.71188930518011 18
1738678524226 65.06805393632096 19
1738678524252 62.2035203170728 20
1738678524269 53.97319892649373 21
1738678524283 55.474368568386396 22
1738678524301 51.040557292308456 23
1738678524321 53.794526702610376 24
1738678524358 55.3798604704038 25
1738678524375 51.92291406109343 26
1738678524400 36.84487664324634 27
1738678524419 51.594159202640256 28
1738678524443 52.48055349158355 29
1738678524460 50.449211608518574 30
1738678524479 42.984480001770955 31
1738678524495 44.4172080855518 32
1738678524511 46.034296501565315 33
1738678524527 58.41542196040087 34
1738678524542 64.19225624914255 35
1738678524561 43.46973794408857 36
1738678524586 79.39354271156884 37
1738678524604 49.68243639491018 38
1738678524621 43.039445918050085 39
1738678524635 44.37431312417287 40
1738678524648 65.9019199880086 41
1738678524665 50.94063015377907 42
1738678524682 38.64734995601039 43
1738678524700 54.88458502110345 44
1738678524716 38.51268248971555 45
1738678524735 31.16137277922255 46
1738678524759 52.69197536378703 47
1738678524774 45.054537661933814 48
1738678524791 38.92450776747084 49
1738678524806 32.6001733347551 50
1738678524828 42.301288305769496 51
1738678524853 34.616607260138885 52
1738678524870 37.78164250399119 53
1738678524885 33.6008560802033 54
1738678524901 39.08440019468448 55
1738678524915 33.078097207192144 56
1738678524936 33.6858517619979 57
1738678524955 30.63084928914404 58
1738678524975 36.339523593098534 59
1738678525001 33.406679428382226 60
1738678525022 31.711549568187454 61
1738678525041 30.014625035618813 62
1738678525064 41.38642249271933 63
1738678525103 34.387479026125 64
1738678525121 26.77783400718296 65
1738678525139 24.932771937831966 66
1738678525160 31.774021059507035 67
1738678525181 34.56835751851532 68
1738678525203 33.64588133007019 69
1738678525226 32.76249692338895 70
1738678525243 25.14229272432885 71
1738678525262 28.9037699186332 72
1738678525283 32.81282056261317 73
1738678525302 30.096485143355657 74
1738678525319 26.927701357089546 75
1738678525350 32.108796046680084 76
1738678525367 30.810207846219733 77
1738678525391 33.4552220679062 78
1738678525420 23.693543776826594 79
1738678525436 30.59057758267287 80
1738678525453 28.595118156368077 81
1738678525471 27.751633935312565 82
1738678525496 23.972242007742565 83
1738678525512 40.77769599497981 84
1738678525530 22.524030362438246 85
1738678525547 34.311457850704485 86
1738678525570 25.855729446218156 87
1738678525608 27.08095042350955 88
1738678525622 28.471602993679 89
1738678525649 29.113270252127894 90
1738678525676 24.300429249891522 91
1738678525694 22.888933427188565 92
1738678525717 25.381780708560918 93
1738678525737 30.14893618186865 94
1738678525764 19.71775911174404 95
1738678525793 25.21139066807234 96
1738678525810 21.86245057538536 97
1738678525826 24.05575220415204 98
1738678525846 14.23881255025141 99
1738678525859 23.257436250876808 100
1738678525875 21.159439010289898 101
1738678525892 19.567318576277618 102
1738678525906 22.931594067893226 103
1738678525922 23.341215912853773 104
1738678525939 22.53342671831418 105
1738678525954 26.713491895369494 106
1738678525971 23.20427918801829 107
1738678525989 23.503684363380152 108
1738678526008 17.96659783810552 109
1738678526030 17.661963590028243 110
1738678526050 18.901180852918834 111
1738678526072 18.738902406557155 112
1738678526100 19.81079830470809 113
1738678526124 15.828343258322176 114
1738678526155 20.07006896897399 115
1738678526204 17.58578457293758 116
1738678526301 20.127965528949986 117
1738678526320 20.093120387297372 118
1738678526349 13.954623242502507 119
1738678526366 13.579005271755378 120
1738678526381 18.616488429843713 121
1738678526401 15.245087050207115 122
1738678526420 19.364764178711926 123
1738678526437 16.12257786820498 124
1738678526452 25.84722661391835 125
1738678526472 16.27842507959002 126
1738678526488 17.37479001521825 127
1738678526503 17.838045899325262 128
1738678526518 14.132237807043564 129
1738678526534 13.034250583874773 130
1738678526550 15.073595910466459 131
1738678526576 11.517352141200389 132
1738678526613 15.681019207433371 133
1738678526630 15.052439831456583 134
1738678526658 19.464846430930887 135
1738678526690 14.711206433696898 136
1738678526714 14.778684711913552 137
1738678526737 14.48328312850324 138
1738678526762 16.323695807486082 139
1738678526791 11.66133636663338 140
1738678526813 10.692856702539377 141
1738678526830 10.642507314849324 142
1738678526864 13.269027185680567 143
1738678526880 10.636166345082303 144
1738678526896 11.847491993642773 145
1738678526915 12.573739464345223 146
1738678526935 12.094435683826962 147
1738678526955 12.827862567193916 148
1738678526988 11.793947211196965 149
1738678527016 11.124057040859329 150
1738678527032 9.770543593525744 151
1738678527048 14.805131282007919 152
1738678527071 14.967377910100746 153
1738678527098 10.972798082029541 154
1738678527116 14.349954773840793 155
1738678527132 12.812343625590758 156
1738678527147 13.204390171989601 157
1738678527167 11.92299398414297 158
1738678527217 10.920833641821043 159
1738678527258 10.92115667896902 160
1738678527277 12.367184957988306 161
1738678527295 8.772366398300509 162
1738678527310 12.786130388868724 163
1738678527323 9.23859814867166 164
1738678527343 11.978470634891334 165
1738678527358 10.137706692226137 166
1738678527373 9.188916312937012 167
1738678527387 10.99750677374661 168
1738678527401 12.157231646698637 169
1738678527415 8.656955652184083 170
1738678527437 7.708894314900344 171
1738678527454 8.66586503643411 172
1738678527469 10.318734949910251 173
1738678527484 9.64399178350454 174
1738678527499 10.16197736761722 175
1738678527519 8.003749090751914 176
1738678527535 8.462304049568347 177
1738678527554 9.22719737240166 178
1738678527573 7.518551598935789 179
1738678527606 7.614316607871957 180
1738678527622 9.585477207094536 181
1738678527639 8.198391986064015 182
1738678527661 7.911715525246628 183
1738678527687 7.130638800674885 184
1738678527703 7.404171889879299 185
1738678527725 8.136145362179688 186
1738678527744 12.330764319463256 187
1738678527763 9.318886315924084 188
1738678527779 9.784005416223941 189
1738678527819 10.263388348313589 190
1738678527846 8.256273008982294 191
1738678527862 7.874985231411975 192
1738678527877 9.389178459765025 193
1738678527892 7.914740134926691 194
1738678527910 9.419965102719026 195
1738678527935 7.699128675663743 196
1738678527952 7.8854738609356785 197
1738678527969 7.006745896111524 198
1738678527985 10.914073697979012 199
1738678528001 8.153439410229272 200
1738678528017 7.085579098188094 201
1738678528033 6.278733438070209 202
1738678528050 6.915122218599106 203
1738678528064 6.585493700235419 204
1738678528085 7.201818562114953 205
1738678528114 7.146913365465839 206
1738678528139 5.706207705775279 207
1738678528157 6.810056085138583 208
1738678528171 5.953444700781416 209
1738678528193 6.7128315381017885 210
1738678528224 8.269200904706649 211
1738678528247 5.240697660529612 212
1738678528269 6.218714640605463 213
1738678528295 4.106500250855955 214
1738678528317 5.874692431869499 215
1738678528353 5.2710307738168 216
1738678528375 5.9627885950098625 217
1738678528395 8.080216555383155 218
1738678528422 6.844938819237591 219
1738678528443 5.387283513424865 220
1738678528462 4.107156843924996 221
1738678528487 5.019835772157385 222
1738678528508 4.587673011354091 223
1738678528538 6.4356417568456745 224
1738678528571 4.800117286681169 225
1738678528614 5.651300044599844 226
1738678528639 6.981995262123509 227
1738678528674 5.434141905641933 228
1738678528692 5.36527099868444 229
1738678528711 6.370780650161268 230
1738678528730 4.875032143629485 231
1738678528752 3.732892455233116 232
1738678528777 5.994111387699981 233
1738678528799 5.354393024181233 234
1738678528816 5.018047922747349 235
1738678528835 4.843310366568236 236
1738678528877 4.797903455443636 237
1738678528894 5.225985829806079 238
1738678528912 3.997559321942005 239
1738678528933 4.097369851348959 240
1738678528962 4.69962477101289 241
1738678528980 4.33572896909227 242
1738678528995 4.784773085324297 243
1738678529013 5.169333766312778 244
1738678529037 3.9576389171673947 245
1738678529063 4.247016253451483 246
1738678529124 4.304276688454442 247
1738678529149 4.174594004421085 248
1738678529172 3.790992793316414 249
1738678529194 3.064536520721529 250
1738678529214 3.980326091924972 251
1738678529239 3.6541983102157616 252
1738678529259 5.964254891738316 253
1738678529279 5.189031765139363 254
1738678529295 3.6029100044644604 255
1738678529314 5.080587266312991 256
1738678529329 3.4927257212767686 257
1738678529356 3.3081729148241847 258
1738678529379 4.554981345491629 259
1738678529395 3.185164962270496 260
1738678529415 5.058633135550582 261
1738678529443 3.4791037803049676 262
1738678529475 4.710283465146011 263
1738678529495 4.99702074086731 264
1738678529517 3.9051642885914446 265
1738678529538 2.7085479277025843 266
1738678529638 4.002154315312972 267
1738678529657 3.693485527187548 268
1738678529682 3.5389260370957105 269
1738678529702 3.5341792730105572 270
1738678529720 4.052884499665616 271
1738678529736 3.0912906450289026 272
1738678529753 3.9485477044674586 273
1738678529770 2.5486678158190736 274
1738678529793 3.7690759543139625 275
1738678529811 3.403703353993019 276
1738678529829 3.6443362177648253 277
1738678529857 2.9540384769916637 278
1738678529876 3.232757440266351 279
1738678529892 4.174991642005863 280
1738678529918 3.6355351027521103 281
1738678529937 3.8001694299659716 282
1738678529961 2.5808142706691806 283
1738678529987 3.0331423924930982 284
1738678530007 2.68676496281088 285
1738678530035 4.451506580724663 286
1738678530056 2.716539492063603 287
1738678530072 3.4858758197828275 288
1738678530090 2.63158090597933 289
1738678530133 2.9771032867773672 290
1738678530151 3.081595996057186 291
1738678530173 2.656761893036527 292
1738678530190 2.92272690587008 293
1738678530204 2.812603205463999 294
1738678530220 2.8427841079322174 295
1738678530235 2.7523502364191272 296
1738678530252 3.7363251238693223 297
1738678530268 2.742797730444581 298
1738678530286 3.341174357860816 299
1738678530301 2.831563019711238 300
1738678530325 2.6510772658912702 301
1738678530346 2.2565138452660745 302
1738678530381 4.688699515707002 303
1738678530402 3.923860406896746 304
1738678530422 2.406350434217782 305
1738678530452 2.8870879240190264 306
1738678530470 2.575464722833038 307
1738678530489 3.4899946010268774 308
1738678530504 2.6629552090618454 309
1738678530522 2.2498163454196463 310
1738678530535 2.5291602644154727 311
1738678530556 1.5066433163339539 312
1738678530574 2.418168877527512 313
1738678530597 2.719536330012224 314
1738678530630 2.2093298723370567 315
1738678530649 2.2764796476536064 316
1738678530674 1.8394583734766166 317
1738678530693 1.864135853371361 318
1738678530709 1.8679329745841051 319
1738678530723 1.818282971457478 320
1738678530739 2.593522798023939 321
1738678530754 1.8335614006519474 322
1738678530769 2.292893492384459 323
1738678530784 2.249619812389543 324
1738678530804 1.7776509559954798 325
1738678530827 1.4912163339767464 326
1738678530862 2.321404886925904 327
1738678530899 1.7978282562254673 328
1738678530924 1.8359940556655578 329
1738678530944 2.7175368279590186 330
1738678530957 2.371758724455914 331
1738678530973 2.1695340135449372 332
1738678530990 1.6467418323273442 333
1738678531005 1.753362932774131 334
1738678531027 1.6984810795644787 335
1738678531042 1.5572162226507928 336
1738678531063 1.8586124130140578 337
1738678531106 1.7374703119582722 338
1738678531135 2.135400206345739 339
1738678531152 2.10735796810594 340
1738678531184 1.8581172660568435 341
1738678531199 2.541317766007272 342
1738678531213 2.0308212756254456 343
1738678531230 1.342126805048714 344
1738678531252 2.3259923614315388 345
1738678531267 2.0915246183217255 346
1738678531282 1.6587966772068368 347
1738678531298 2.0401227512122397 348
1738678531315 1.3808182343707316 349
1738678531331 1.3747691495828895 350
1738678531347 1.5664288907199824 351
1738678531373 1.724341486837404 352
1738678531387 1.2672566387809112 353
1738678531404 1.4411712384692243 354
1738678531420 2.2542062477859726 355
1738678531437 1.0975704913404722 356
1738678531456 1.3565615312108192 357
1738678531476 1.2855007188112222 358
1738678531499 1.5580349481961533 359
1738678531517 1.1576695424931387 360
1738678531538 1.1575539987835166 361
1738678531558 2.0901546631118424 362
1738678531587 1.4582653735991626 363
1738678531622 2.009117319840879 364
1738678531645 1.7393089450091748 365
1738678531664 1.488143043460748 366
1738678531684 1.8815420046866933 367
1738678531703 1.483348283050725 368
1738678531723 1.2970062046825497 369
1738678531735 1.4823678277053065 370
1738678531752 1.5948909538877007 371
1738678531769 1.3478930267057043 372
1738678531792 1.3317274502167264 373
1738678531817 1.872516661539284 374
1738678531836 1.0557890761879565 375
1738678531855 1.0315611587082052 376
1738678531879 1.3895279591090368 377
1738678531901 1.2796978470856946 378
1738678531918 1.3107244632627029 379
1738678531943 1.533752544177892 380
1738678531960 1.337024945914342 381
1738678531977 1.444784177016603 382
1738678531994 1.0864774874589067 383
1738678532010 1.0808762534644933 384
1738678532025 1.03519593108695 385
1738678532040 1.5568525480539872 386
1738678532056 1.5825088760273294 387
1738678532094 1.1187733300482388 388
1738678532119 0.9696783896359816 389
1738678532144 0.9525596317239903 390
1738678532167 1.4916227506197222 391
1738678532189 0.6800473508977922 392
1738678532205 0.874737429405748 393
1738678532220 0.8774380077523235 394
1738678532235 0.891286714261863 395
1738678532252 0.8364256306409344 396
1738678532269 0.9375799464087372 397
1738678532284 0.7248064705537915 398
1738678532298 1.5188249449016566 399
1738678532315 1.1627607114648852 400
1738678532334 1.2915335890831379 401
1738678532353 0.9677719606538042 402
1738678532376 0.9435971831745805 403
1738678532393 0.8713861855774224 404
1738678532412 0.7667689800848367 405
1738678532433 1.8957654943685522 406
1738678532460 0.5994137192043268 407
1738678532483 1.291495074222152 408
1738678532511 0.6840477110366886 409
1738678532533 0.9590299738527482 410
1738678532556 0.728878041632124 411
1738678532588 1.121166313871533 412
1738678532610 0.7285479739580035 413
1738678532632 0.8162072157542851 414
1738678532656 1.081539520100824 415
1738678532678 0.971453772202973 416
1738678532699 0.9875133626421764 417
1738678532721 0.8376463341905882 418
1738678532742 0.5691131102342618 419
1738678532767 0.590790606435643 420
1738678532787 1.113343240942556 421
1738678532809 1.0808631554376396 422
1738678532829 0.6289684782459638 423
1738678532855 0.9325431620797527 424
1738678532875 0.8184574878842171 425
1738678532897 1.3352031037814072 426
1738678532941 0.576433718772237 427
1738678532965 1.512050183648671 428
1738678532993 0.8096449069465642 429
1738678533011 1.1688304393343896 430
1738678533031 1.6903391399301977 431
1738678533055 0.6290506395829661 432
1738678533080 0.7541177629650022 433
1738678533103 0.9021788964339058 434
1738678533131 1.0709591037573394 435
1738678533168 0.8856502946359395 436
1738678533188 0.8734217415443565 437
1738678533211 0.6564803706677705 438
1738678533236 0.4978724433882869 439
1738678533261 0.8109286717353016 440
1738678533287 0.6490308146991479 441
1738678533309 0.6954024564634195 442
1738678533331 0.6299557368744434 443
1738678533350 0.5293811646892158 444
1738678533364 0.8680226726580493 445
1738678533382 0.9696607008900655 446
1738678533403 0.4996702829051916 447
1738678533419 0.6273143826022608 448
1738678533438 0.5525199591956748 449
1738678533459 0.535459034218371 450
1738678533476 0.8654393032442063 451
1738678533495 0.5380256744777036 452
1738678533510 0.7062506204718553 453
1738678533526 0.5556486297322859 454
1738678533543 1.0145979229700695 455
1738678533558 0.6429565357503914 456
1738678533575 0.6603800671619695 457
1738678533591 0.7358594109643942 458
1738678533611 0.5789065121828593 459
1738678533626 0.6027704672024682 460
1738678533650 0.6045796116230671 461
1738678533667 0.44985318393191515 462
1738678533683 0.6711835242506161 463
1738678533706 0.6471975085489108 464
1738678533728 0.5161463230302287 465
1738678533749 0.6493814006241739 466
1738678533778 0.7344932504192062 467
1738678533804 0.6012295518051648 468
1738678533828 0.5974827915581608 469
1738678533847 0.4833748314451712 470
1738678533866 0.9016436810134373 471
1738678533892 0.7102971587223411 472
1738678533915 0.6946304931558411 473
1738678533936 0.45617904642273727 474
1738678533953 0.715420643872067 475
1738678533970 0.6118618471415311 476
1738678533985 0.6564199303233501 477
1738678534001 0.25491405127858846 478
1738678534017 0.5479101918624323 479
1738678534034 0.641136466646062 480
1738678534049 0.5051655123534244 481
1738678534066 0.6088427943095966 482
1738678534080 0.49796421711786076 483
1738678534098 0.5717290973892066 484
1738678534115 0.5593704117407239 485
1738678534133 0.41439444968434375 486
1738678534151 0.5156621204297059 487
1738678534170 0.7991396543518186 488
1738678534193 0.545183489416625 489
1738678534216 0.5976642827819436 490
1738678534232 0.5639105552838592 491
1738678534250 0.4708692549948685 492
1738678534272 0.691709991592158 493
1738678534294 0.7311665515636103 494
1738678534310 0.5049566559809723 495
1738678534323 0.5844774414211252 496
1738678534340 1.0160142776551557 497
1738678534357 0.589463468529747 498
1738678534376 0.6435964405550912 499
