1738679607172 169.9884641444085 0
1738679607178 166.9163119370885 1
1738679607184 168.2381302403015 2
1738679607190 168.50629236646796 3
1738679607196 172.77697461236005 4
1738679607202 173.8746753631789 5
1738679607207 177.0617844039657 6
1738679607213 170.70464857442664 7
1738679607219 167.87089395639654 8
1738679607225 170.8584065299588 9
1738679607230 172.02484536241383 10
1738679607237 165.8253566014345 11
1738679607242 167.57692302716717 12
1738679607248 170.56328086784376 13
1738679607255 172.91737323762635 14
1738679607261 169.1752634102516 15
1738679607267 174.91915377428862 16
1738679607274 173.49509641449612 17
1738679607280 169.22526995096456 18
1738679607286 173.75113390501127 19
1738679607292 169.33172705735785 20
1738679607298 176.54145834467923 21
1738679607305 167.4956997175612 22
1738679607311 166.48157180270002 23
1738679607317 168.57030120907453 24
1738679607323 168.45967795979382 25
1738679607328 169.6894369303999 26
1738679607334 164.3209101516333 27
1738679607340 168.68745897267897 28
1738679607346 171.00040695811893 29
1738679607352 169.7660369338025 30
1738679607359 169.5171919591417 31
1738679607366 162.8127307008751 32
1738679607372 167.08006072515587 33
1738679607379 172.17780496428497 34
1738679607387 171.5710097051128 35
1738679607394 169.36894801831767 36
1738679607401 166.55319733879375 37
1738679607407 170.4567151980318 38
1738679607414 166.76656958953168 39
1738679607421 171.64892702901946 40
1738679607428 170.95051984467418 41
1738679607435 170.36310403842776 42
1738679607441 169.14651483094832 43
1738679607448 167.8618726810309 44
1738679607454 164.80443809217542 45
1738679607461 168.0095118185079 46
1738679607467 172.44877100256147 47
1738679607473 166.97557373902927 48
1738679607479 171.87384874051423 49
1738679607485 167.43533309428403 50
1738679607491 170.12389318348917 51
1738679607497 169.70919406388495 52
1738679607503 168.1838018083842 53
1738679607508 172.19875853005124 54
1738679607514 167.7563427049611 55
1738679607520 168.17357781399605 56
1738679607525 170.57173016004043 57
