1738823730426 10.353593185695393 0
1738823730480 6.10063393314857 1
1738823730554 14.843068692390345 2
1738823730638 99.76168684271303 3
1738823730722 50.524576865171824 4
1738823730788 12.758874959932855 5
1738823730859 41.94959791777847 6
1738823730919 6.265892273770623 7
1738823730995 1.8009621252052512 8
1738823731071 41.45812017848031 9
1738823731148 100.72601730570686 10
1738823731226 59.19739355050516 11
1738823731293 1.8493646563187849 12
1738823731372 52.12578208824972 13
1738823731445 25.702558858942474 14
1738823731512 47.50451961727645 15
1738823731592 1.075584455369987 16
1738823731682 33.774090749429824 17
1738823731759 10.059991002605459 18
1738823731850 8.432957578953157 19
1738823731928 11.767419054307902 20
1738823732010 37.04425447287773 21
1738823732080 21.661085382835033 22
1738823732154 43.82280945973159 23
1738823732227 7.818809419297511 24
1738823732293 6.831899174565333 25
1738823732373 8.79300928271417 26
1738823732442 0.5575259098347618 27
1738823732516 27.27526438770787 28
1738823732611 4.714736825959126 29
1738823732667 3.5197709866430094 30
1738823732739 3.58756832191548 31
1738823732834 20.719400873171768 32
1738823732901 0.046071303709607346 33
1738823732970 10.769424221422726 34
1738823733051 0.4748763853095606 35
1738823733129 0.044485965415567055 36
1738823733204 2.1068989438492594 37
1738823733290 1.3970021309468825 38
1738823733360 15.95172731905479 39
1738823733427 0.017621833878510736 40
1738823733489 11.091646613882846 41
1738823733550 5.954451970209777 42
1738823733620 6.536624458333665 43
1738823733684 1.3421311681583485 44
1738823733754 3.0306010676092034 45
1738823733840 0.5201998840705906 46
1738823733909 3.4471764762970483 47
1738823733975 11.641488711637741 48
1738823734046 0.15140483758478193 49
1738823734120 2.440657323855502 50
1738823734190 3.529593946998591 51
1738823734251 1.0851565395910354 52
1738823734316 4.053969777448147 53
1738823734389 0.025309874890125504 54
1738823734464 12.65041382112812 55
1738823734546 1.9139806980665646 56
1738823734617 0.8575024188806047 57
1738823734688 4.863503247138613 58
1738823734761 1.6838030490006535 59
1738823734842 4.347067128246495 60
1738823734915 0.06214795269685839 61
1738823735009 1.3261883339504341 62
1738823735083 1.0577967126448988 63
1738823735157 0.09301326768215235 64
1738823735218 1.4189824604673391 65
1738823735284 1.5341938944646296 66
1738823735351 0.3957839711608046 67
1738823735414 0.9287935089011172 68
1738823735490 1.7091820355032288 69
1738823735561 1.1065520610882322 70
1738823735637 0.0001225683057213153 71
1738823735703 0.46028153879110395 72
1738823735781 0.38056485170244864 73
1738823735863 1.0503593229933388 74
1738823735936 0.20698033879383154 75
1738823736007 0.03089760959895454 76
1738823736081 3.9279557912940137 77
1738823736147 0.11342514023724612 78
1738823736220 0.056261212125734796 79
1738823736297 0.2882076630579143 80
1738823736368 0.8059827814656284 81
1738823736445 1.639137328281382 82
1738823736530 0.36447924618269506 83
1738823736602 0.2063581584176916 84
1738823736683 1.582517833584224 85
1738823736753 0.01156160816129696 86
1738823736835 2.8525392913138186 87
1738823736949 0.040327348196393616 88
1738823737021 0.8839622228353021 89
1738823737108 0.04282559564787097 90
1738823737182 0.2020359910343146 91
1738823737264 0.01577951428990754 92
1738823737358 0.27630823508910585 93
1738823737429 0.19339492438983363 94
1738823737505 0.2917497580038296 95
1738823737567 0.3801103892403032 96
1738823737642 0.025465735395370434 97
1738823737736 0.03447578816591958 98
1738823737817 0.47018908808628657 99
1738823737894 1.156455283406083 100
1738823737968 0.27011211917903555 101
1738823738044 0.12236830396470001 102
1738823738115 0.04377877898697855 103
1738823738165 1.6777747840765531 104
1738823738237 0.00010968352333519914 105
1738823738312 0.13391072700734225 106
1738823738388 0.021825181804932276 107
1738823738467 0.07280200906718265 108
1738823738536 0.38786650913696324 109
1738823738601 0.1282848290226018 110
1738823738657 0.13088327310198108 111
1738823738804 0.05591127145716872 112
1738823738870 6.208139204136498e-05 113
1738823738942 0.06210094096645173 114
1738823739015 0.011075095275534732 115
1738823739074 1.270873423877386e-05 116
1738823739150 0.0022508035792537626 117
1738823739223 0.03492461155906274 118
1738823739297 0.5695213949157812 119
1738823739366 0.4911521455129317 120
1738823739445 0.06640563360703519 121
1738823739510 0.8689832514027817 122
1738823739569 0.25871068925799656 123
1738823739635 2.6220944342167547 124
1738823739719 0.1452276222389765 125
1738823739795 0.1581152997812453 126
1738823739867 7.667495838529514e-07 127
1738823739944 0.5368257859680088 128
1738823740015 0.4845538756686175 129
1738823740094 0.1689478542650768 130
1738823740169 1.1601757032166113 131
1738823740241 0.7413704793259634 132
1738823740315 0.017240129973839394 133
1738823740383 0.01288421942939125 134
1738823740440 0.015592193719406199 135
1738823740496 2.1909522116506495e-06 136
1738823740567 0.05508090065569417 137
1738823740643 0.02574004843607512 138
1738823740716 0.006991992689648026 139
1738823740790 0.13454361594837194 140
1738823740861 0.0025399846927446467 141
1738823740933 0.13977549372610673 142
1738823740999 0.5270065717719229 143
1738823741070 5.7064834522159934e-05 144
1738823741154 0.0022116930075855015 145
1738823741226 0.5929743689131678 146
1738823741297 0.0055159483669731234 147
1738823741381 0.2574550204017031 148
1738823741453 0.009950596810832721 149
1738823741524 0.39018249133703115 150
1738823741616 0.09466008342133214 151
1738823741690 0.014109518433824709 152
1738823741753 0.0006835895911427563 153
1738823741826 0.4818888406394629 154
1738823741904 0.0008690032502089207 155
1738823741979 0.11454337139813169 156
1738823742062 0.042702483250351544 157
1738823742141 0.010012520343712937 158
1738823742222 0.12268695263162943 159
1738823742291 0.1617179206346219 160
1738823742368 0.10432143032132273 161
1738823742440 0.020629447933537413 162
1738823742519 3.1044109870852714e-05 163
1738823742592 0.06614855738947403 164
1738823742683 0.49419372153230695 165
1738823742750 1.046766369731509 166
1738823742832 0.037937710562841793 167
1738823742911 0.5517777267192728 168
1738823742970 0.00412374644514977 169
1738823743020 0.0007776690322803759 170
1738823743089 0.1216431991001956 171
1738823743149 0.3696881305426523 172
1738823743210 0.4586894416536313 173
1738823743284 0.000338408541307326 174
1738823743371 0.007939611098163622 175
1738823743437 0.15255330931382519 176
1738823743510 0.2677090320228643 177
1738823743581 0.006258263707307308 178
1738823743653 0.06828274300503988 179
1738823743714 0.02785406090500606 180
1738823743794 0.04249141941385993 181
1738823743862 0.021274915784275424 182
1738823743945 0.6763288087009564 183
1738823744026 0.02169224526725893 184
1738823744091 1.3590291469864937e-05 185
1738823744156 0.035585351847775115 186
1738823744236 0.0031454447558514746 187
1738823744313 0.04157579941812069 188
1738823744382 0.021298586597469242 189
1738823744464 0.05527201990153421 190
1738823744549 0.014199570090968044 191
1738823744621 0.0315569550277987 192
1738823744690 0.11710814144045795 193
1738823744760 0.002881460579424631 194
1738823744830 0.1182301554618581 195
1738823744900 0.027976916176567005 196
1738823744968 0.0008632960159841601 197
1738823745044 0.18938221659720142 198
1738823745116 0.010832284240054257 199
1738823745186 0.6090729119323375 200
1738823745257 0.029831298348617186 201
1738823745322 0.42638522995541456 202
1738823745400 0.12744543656394253 203
1738823745488 3.984085532852995e-05 204
1738823745574 0.1126424001684925 205
1738823745654 0.03175423156229929 206
1738823745727 0.31297150136071245 207
1738823745808 0.08330002890679022 208
1738823745884 0.10448588745433611 209
1738823745953 0.05114387084159621 210
1738823746028 0.019561134444202353 211
1738823746116 0.0004482966556630223 212
1738823746185 0.04966235613020484 213
1738823746250 0.03068468554565183 214
1738823746322 0.031789868806545 215
1738823746397 0.22790055309489218 216
1738823746475 0.051038782680424416 217
1738823746534 0.2392141774746831 218
1738823746609 0.1605368225200503 219
1738823746682 0.004338053054037648 220
1738823746755 0.24191276461985112 221
1738823746825 0.06836943588421929 222
1738823746901 0.09261588714246016 223
1738823746971 0.16560462180353752 224
1738823747037 0.17986919948960794 225
1738823747108 0.004048507524895378 226
1738823747180 0.11786584428001899 227
1738823747240 0.09136815607204957 228
1738823747301 0.03470256946720302 229
1738823747365 0.32185728144990194 230
1738823747442 0.011221491185760492 231
1738823747525 0.058256613560949015 232
1738823747608 0.00919064753654501 233
1738823747704 0.01904984461585589 234
1738823747774 0.0011262975688354025 235
1738823747870 0.00033896238084234377 236
1738823747949 0.0008689003860342094 237
1738823748028 0.019940515260722155 238
1738823748096 0.18759634054433583 239
1738823748164 0.13059574496649026 240
1738823748241 0.18140544642378745 241
1738823748323 0.01841201960717755 242
1738823748396 0.00013062758896658638 243
1738823748475 0.001455240943888803 244
1738823748547 0.02519570146037869 245
1738823748617 0.08335897919571747 246
1738823748678 0.01368893054833678 247
1738823748742 0.032125963148423226 248
1738823748801 0.05455449312827138 249
1738823748871 0.0005274822613327086 250
1738823748954 0.24236302114984012 251
1738823749054 0.31400664659869604 252
1738823749122 0.01722689676267223 253
1738823749208 0.0006842451249201476 254
1738823749274 0.066545525312911 255
1738823749344 0.12807616624454515 256
1738823749409 0.036821468426731056 257
1738823749481 0.3749440351784462 258
1738823749559 0.000349596207081405 259
1738823749635 0.0033854851658394547 260
1738823749700 0.04467487469964988 261
1738823749754 0.006241046295544748 262
1738823749821 0.016179929300642677 263
1738823749888 0.040783828913915667 264
1738823749965 0.10689561248424348 265
1738823750036 0.05794990287777381 266
1738823750111 0.07027830617197615 267
1738823750188 0.054122239418087754 268
1738823750265 0.14298362923424163 269
1738823750341 0.250329174136879 270
1738823750424 0.025137010844753793 271
1738823750502 0.0006103537664365063 272
1738823750572 0.018758354974017545 273
1738823750657 0.49779829244598756 274
1738823750736 0.20705066353189602 275
1738823750806 0.06492047571478197 276
1738823750866 0.0012991668637106577 277
1738823750921 0.09952178233064192 278
1738823750983 0.2672784318909311 279
1738823751042 0.023301578548395253 280
1738823751116 0.0051637360051623536 281
1738823751191 0.11973051305097342 282
1738823751253 0.0013224567874257455 283
1738823751316 0.0498614557968022 284
1738823751387 0.5287776764359046 285
1738823751467 0.1983938461364463 286
1738823751547 0.10693533880411996 287
1738823751644 0.00683059647584375 288
1738823751716 0.025357323696240282 289
1738823751790 0.1673128974944407 290
1738823751851 0.014199566370948474 291
1738823751927 0.0071363346217408336 292
1738823751993 0.07665667574801989 293
1738823752050 0.06362069707086139 294
1738823752107 0.011903420206132546 295
1738823752177 0.0550452240039429 296
1738823752253 0.4492582979955999 297
1738823752341 0.010087658664887034 298
1738823752414 0.06890877585761296 299
1738823752483 0.017738556778213083 300
1738823752546 0.07471870861880914 301
1738823752620 0.02897343582799473 302
1738823752693 0.0027705554014549657 303
1738823752769 0.02140922542625863 304
1738823752840 0.2292636397366991 305
1738823752908 0.008122218660593872 306
1738823752984 0.024999488491585804 307
1738823753064 0.1441539888316693 308
1738823753128 0.004372882208910702 309
1738823753188 0.09582785315743543 310
1738823753255 0.03752119062607277 311
1738823753313 0.01720773220022487 312
1738823753377 0.010570035235634951 313
1738823753431 0.0009588736379054756 314
1738823753604 0.006436397115626465 315
1738823753673 0.03634385121088291 316
1738823753746 0.09892053592673399 317
1738823753816 3.7518469116660674e-05 318
1738823753882 0.07157999099861788 319
1738823753948 0.009354814322059904 320
1738823754020 0.10112155327468067 321
1738823754096 0.024671685539933718 322
1738823754173 0.09598779308196521 323
1738823754245 0.025501765080560086 324
1738823754318 0.005173555241557655 325
1738823754374 0.3746944670595745 326
1738823754430 0.007615774924509781 327
1738823754499 0.10549252393864977 328
1738823754560 0.00029259415542449844 329
1738823754621 0.21962769417043504 330
1738823754679 0.01375071805326881 331
1738823754749 0.061528619690401354 332
1738823754817 0.059469435533581146 333
1738823754878 0.04477944161386245 334
1738823754935 0.029827748180416135 335
1738823754992 0.07638422595054581 336
1738823755045 0.0002142319081596554 337
1738823755113 0.07614669893582024 338
1738823755183 0.011715842539968649 339
1738823755254 0.3599669314058487 340
1738823755324 0.1625161982255041 341
1738823755381 0.03592802407219053 342
1738823755457 0.2958659904869042 343
1738823755535 0.084641283536904 344
1738823755602 0.13885110204919254 345
1738823755671 0.0025315082916041523 346
1738823755758 0.00014465476898769413 347
1738823755836 0.0391614303150602 348
1738823755907 0.03916847098359266 349
1738823755968 0.04527339537054728 350
1738823756034 0.00932640756932559 351
1738823756101 0.00015060268572134142 352
1738823756165 0.05257915879366394 353
1738823756236 0.09795645274180753 354
1738823756312 0.047658915723641795 355
1738823756379 0.22086791719134627 356
1738823756451 0.0944163472437694 357
1738823756521 0.2168855025038249 358
1738823756587 0.0007519483228507531 359
1738823756655 0.09340446448766049 360
1738823756726 0.07822676713082052 361
1738823756803 0.09746206052616137 362
1738823756872 0.014089966304348141 363
1738823756938 0.060053890434578205 364
1738823757009 0.0118715624663539 365
1738823757073 0.08367729372681744 366
1738823757134 0.01076788595602845 367
1738823757195 0.09606404233796083 368
1738823757256 0.20951224424574474 369
1738823757316 0.09842426435824045 370
1738823757379 0.009116072887292175 371
1738823757449 0.024177916531507335 372
1738823757513 0.005074449386738577 373
1738823757576 0.005481253888920886 374
1738823757647 0.1869135669066789 375
1738823757720 0.007485447865411261 376
1738823757792 0.12524798604449466 377
1738823757866 0.011977270673123439 378
1738823757942 0.00056792117541242 379
1738823758007 0.012742889547786454 380
1738823758060 0.00645753538653294 381
1738823758126 0.07072564753442778 382
1738823758196 0.09776190543984876 383
1738823758253 0.00026233730551309087 384
1738823758305 0.226541190283102 385
1738823758370 0.027626367985165313 386
1738823758435 0.0028552471384571234 387
1738823758506 0.029014621600668238 388
1738823758571 0.008330251654000677 389
1738823758635 0.00674932845614674 390
1738823758687 0.08901805125730623 391
1738823758768 0.13372949587407393 392
1738823758833 0.13045680011267874 393
1738823758898 8.306029657454466e-05 394
1738823758958 0.4527000780948826 395
1738823759019 0.007339453914535259 396
1738823759071 0.11580563407559444 397
1738823759137 0.24686341087501557 398
1738823759207 0.001898213738826557 399
1738823759272 0.16898781046475111 400
1738823759337 0.189998058996423 401
1738823759391 0.09349097647768753 402
1738823759462 0.0007012139209166572 403
1738823759526 0.015570371650540328 404
1738823759594 0.08834770236328532 405
1738823759651 0.02721355108321007 406
1738823759710 0.0002305980098688931 407
1738823759780 0.02920552070081278 408
1738823759844 0.008178048535676113 409
1738823759911 0.03593583546375724 410
1738823759972 0.14705746714297088 411
1738823760047 0.1413577435590939 412
1738823760117 0.09955842378907985 413
1738823760204 0.46761298235521453 414
1738823760271 0.01469806613964758 415
1738823760345 0.012623067983155736 416
1738823760413 0.3134241931010825 417
1738823760483 0.011648883955721357 418
1738823760550 0.04337800042332669 419
1738823760618 0.3010427033483196 420
1738823760700 0.03513528635531249 421
1738823760780 0.13627149125328045 422
1738823760845 0.01655250684774788 423
1738823760910 0.043533293763975064 424
1738823760990 0.04824399218395539 425
1738823761066 0.012667700089823517 426
1738823761143 0.01896238283780614 427
1738823761215 0.002283012541531436 428
1738823761289 0.0694607138394881 429
1738823761362 0.17894151461242516 430
1738823761431 0.14273440995179773 431
1738823761507 0.167473444114309 432
1738823761575 0.20047461684664927 433
1738823761644 0.04180033046786967 434
1738823761702 5.1523435197164765e-05 435
1738823761773 0.1634803236396879 436
1738823761845 0.00021355670644013073 437
1738823761918 0.0019094594743138565 438
1738823761989 0.0020359240541031305 439
1738823762052 0.04953209695861387 440
1738823762121 0.011974374271388068 441
1738823762187 0.5472561360542461 442
1738823762252 0.0017780794678212454 443
1738823762324 0.12313893962759843 444
1738823762392 0.33522527613814224 445
1738823762463 0.004676061813951336 446
1738823762540 0.21520040097824666 447
1738823762617 0.030460756176636426 448
1738823762688 0.0012021648121021073 449
1738823762757 0.002974309954461309 450
1738823762841 0.14538304424098863 451
1738823762912 0.007515900428617376 452
1738823762984 0.038954006187622486 453
1738823763060 0.0027817500384909686 454
1738823763117 0.05639024684598893 455
1738823763172 1.4104468095162568 456
1738823763234 0.06020980576440624 457
1738823763312 0.010858450904892894 458
1738823763386 0.043896520643720544 459
1738823763459 0.026320647831383017 460
1738823763535 0.044277672550841474 461
1738823763601 0.02853434793793645 462
1738823763678 0.0018067806210483946 463
1738823763762 3.026616304035976e-06 464
1738823763824 0.006402943593888954 465
1738823763890 0.005781700649703105 466
1738823763951 0.06498212768183705 467
1738823764010 0.03273296090897297 468
1738823764076 0.012273549797653133 469
1738823764144 0.0006819903173294346 470
1738823764208 0.03792760089730792 471
1738823764285 0.002794692364319432 472
1738823764348 0.0422078487391465 473
1738823764409 0.08126790467104672 474
1738823764472 0.012155738262811706 475
1738823764532 0.0017284051177556513 476
1738823764601 0.004008540523752605 477
1738823764683 0.0550490711683079 478
1738823764752 0.039396271950247336 479
1738823764832 0.012439808973547808 480
1738823764907 7.544988961131719e-05 481
1738823764983 0.03391985760939708 482
1738823765051 0.02093733546653401 483
1738823765124 0.09011071222268453 484
1738823765197 0.009813558187427981 485
1738823765292 0.009520613116304812 486
1738823765351 0.0007053983713495374 487
1738823765429 0.13337478967748348 488
1738823765485 0.044927021499573956 489
1738823765570 0.02082095588089992 490
1738823765650 0.00015981026103358229 491
1738823765724 0.16191558258558442 492
1738823765789 0.01339071544605563 493
1738823765866 0.1301509484140475 494
1738823765933 0.06078494108495247 495
1738823766010 0.003052189877856187 496
1738823766083 0.051159000597413774 497
1738823766150 0.020666408228946307 498
1738823766214 0.008853583182776873 499
