1738678989110 169.46928671508385 0
1738678989125 169.44333499653624 1
1738678989140 169.42253610884023 2
1738678989151 169.40244480053627 3
1738678989169 169.3830341938468 4
1738678989183 169.36427848568852 5
1738678989203 169.3461529037071 6
1738678989220 169.32863366412997 7
1738678989235 169.31169793136013 8
1738678989251 169.29532377923962 9
1738678989264 169.27949015391314 10
1738678989276 169.26417683822498 11
1738678989306 169.2493644175862 12
1738678989324 169.2350342472506 13
1738678989344 169.22116842094138 14
1738678989359 169.2077497407717 15
1738678989375 169.19476168840683 16
1738678989393 169.18218839741465 17
1738678989407 169.17001462675657 18
1738678989421 169.15822573537105 19
1738678989434 169.1468076578042 20
1738678989450 169.13574688084455 21
1738678989464 169.12503042111982 22
1738678989478 169.1146458036162 23
1738678989492 169.10458104108176 24
1738678989506 169.0948246142772 25
1738678989520 169.0853654530393 26
1738678989534 169.0761929181225 27
1738678989555 169.06729678378773 28
1738678989568 169.05866722110602 29
1738678989585 169.05029478194837 30
