1738680048881 169.46928671508385 0
1738680048899 169.4433349965362 1
1738680048917 169.4183663760166 2
1738680048939 169.3943412474682 3
1738680048955 169.37122163642536 4
1738680048971 169.34897113226882 5
1738680048988 169.3275548233017 6
1738680049004 169.30693923452884 7
1738680049023 169.2870922680262 8
1738680049038 169.26798314579355 9
1738680049060 169.24958235498534 10
1738680049097 169.2318615954221 11
1738680049141 169.21479372928653 12
1738680049186 169.1983527329134 13
1738680049203 169.18251365058586 14
1738680049219 169.167252550255 15
1738680049234 169.1525464811021 16
1738680049251 169.13837343286667 17
1738680049266 169.12471229686707 18
1738680049282 169.11154282864328 19
1738680049301 169.0988456121534 20
1738680049316 169.0866020254601 21
1738680049335 169.07479420784458 22
1738680049351 169.0634050282881 23
1738680049365 169.05241805526498 24
1738680049382 169.04181752779175 25
1738680049396 169.03158832768014 26
1738680049409 169.02171595294453 27
1738680049423 169.01218649231438 28
1738680049435 169.002986600807 29
1738680049451 168.99410347631562 30
