1738826064164 166.423024035057 0
1738826064171 168.95561726554246 1
1738826064178 169.13748881140035 2
1738826064185 170.61374200264797 3
1738826064192 165.24465135040026 4
1738826064200 164.90643262098408 5
1738826064207 170.33713626384937 6
1738826064214 168.33645578523186 7
1738826064221 170.25619356409797 8
1738826064228 166.25972706777438 9
1738826064234 173.4498883015459 10
1738826064241 174.85703394684734 11
1738826064248 170.8443535772122 12
1738826064255 172.51486084833198 13
1738826064261 173.05673485003683 14
1738826064268 170.9076150896838 15
1738826064275 167.9321499973823 16
1738826064281 167.5940147390304 17
1738826064288 168.52384912108985 18
1738826064295 167.85853081945314 19
1738826064302 167.8670558037782 20
1738826064308 166.68414791323667 21
1738826064315 167.60396751847608 22
1738826064322 165.59759695110378 23
1738826064329 171.43279595690765 24
1738826064336 167.24678869138737 25
1738826064343 165.2545723845046 26
1738826064350 172.58361395336402 27
1738826064357 174.1834511627759 28
1738826064363 173.29763792799847 29
1738826064371 169.54475642377056 30
1738826064378 166.32729200834987 31
1738826064386 166.95118098868693 32
1738826064394 168.2433393532091 33
1738826064401 164.97566428891335 34
1738826064408 172.60396189413567 35
1738826064415 166.68545872579716 36
1738826064423 171.1844083894383 37
1738826064430 165.8956327731606 38
1738826064439 169.16849609173144 39
1738826064447 171.35453565329524 40
1738826064454 169.89332730336722 41
1738826064462 168.8622589546846 42
1738826064468 168.62191479972591 43
1738826064475 171.0799842864391 44
1738826064482 168.9127093831134 45
1738826064489 169.88419850729244 46
1738826064496 167.44579500890194 47
1738826064503 166.61998542874548 48
1738826064511 170.12400535074434 49
1738826064519 171.7482196146551 50
